150.0000,0.7334,0.6776,0.5496,0.4388,0.3903,0.3814,0.3947
155.0000,0.7107,0.6515,0.5295,0.4302,0.3852,0.3844,0.3965
160.0000,0.6879,0.6252,0.5118,0.4220,0.3815,0.3876,0.4003
165.0000,0.6590,0.6040,0.4934,0.4159,0.3773,0.3937,0.3998
170.0000,0.6371,0.5803,0.4791,0.4088,0.3762,0.3981,0.4018
175.0000,0.6130,0.5598,0.4651,0.4030,0.3754,0.4043,0.4000
180.0000,0.5946,0.5368,0.4555,0.3955,0.3790,0.4062,0.4047
185.0000,0.5723,0.5176,0.4460,0.3891,0.3837,0.4072,0.4096
190.0000,0.5506,0.5017,0.4361,0.3848,0.3874,0.4108,0.4094
195.0000,0.5309,0.4868,0.4273,0.3809,0.3932,0.4111,0.4159
200.0000,0.5165,0.4715,0.4201,0.3779,0.3990,0.4118,0.4210
205.0000,0.4995,0.4594,0.4121,0.3773,0.4035,0.4139,0.4249
210.0000,0.4823,0.4502,0.4035,0.3786,0.4069,0.4167,0.4285
215.0000,0.4680,0.4414,0.3958,0.3812,0.4098,0.4198,0.4328
220.0000,0.4575,0.4321,0.3896,0.3845,0.4121,0.4237,0.4367
225.0000,0.4440,0.4262,0.3829,0.3894,0.4132,0.4288,0.4395
230.0000,0.4313,0.4205,0.3779,0.3942,0.4147,0.4334,0.4438
235.0000,0.4270,0.4112,0.3770,0.3977,0.4174,0.4374,0.4490
240.0000,0.4198,0.4042,0.3766,0.4016,0.4194,0.4429,0.4524
245.0000,0.4148,0.3963,0.3790,0.4042,0.4229,0.4473,0.4575
250.0000,0.4085,0.3901,0.3822,0.4064,0.4271,0.4514,0.4631
255.0000,0.4041,0.3847,0.3865,0.4085,0.4311,0.4567,0.4670
260.0000,0.4000,0.3813,0.3909,0.4102,0.4363,0.4605,0.4742
265.0000,0.3937,0.3814,0.3940,0.4128,0.4407,0.4657,0.4796
270.0000,0.3878,0.3844,0.3957,0.4165,0.4445,0.4719,0.4839
275.0000,0.3850,0.3872,0.3978,0.4198,0.4492,0.4770,0.4908
280.0000,0.3863,0.3887,0.4008,0.4229,0.4545,0.4821,0.4979
285.0000,0.3865,0.3919,0.4029,0.4270,0.4588,0.4889,0.5028
290.0000,0.3882,0.3942,0.4056,0.4307,0.4641,0.4948,0.5097
295.0000,0.3910,0.3960,0.4090,0.4343,0.4699,0.5004,0.5174
300.0000,0.3931,0.3986,0.4118,0.4387,0.4750,0.5077,0.5228
305.0000,0.3945,0.4017,0.4147,0.4429,0.4810,0.5137,0.5319
310.0000,0.3977,0.4040,0.4181,0.4474,0.4868,0.5208,0.5390
315.0000,0.4001,0.4071,0.4211,0.4525,0.4922,0.5290,0.5445
320.0000,0.4024,0.4103,0.4246,0.4572,0.4988,0.5355,0.5545
325.0000,0.4035,0.4142,0.4279,0.4624,0.5054,0.5427,0.5640
330.0000,0.4083,0.4166,0.4320,0.4678,0.5115,0.5518,0.5704
335.0000,0.4113,0.4198,0.4361,0.4732,0.5183,0.5600,0.5791
340.0000,0.4142,0.4231,0.4406,0.4785,0.5260,0.5675,0.5897
345.0000,0.4182,0.4262,0.4452,0.4844,0.5328,0.5775,0.5962
350.0000,0.4209,0.4303,0.4497,0.4903,0.5407,0.5859,0.6063
355.0000,0.4245,0.4340,0.4549,0.4960,0.5494,0.5936,0.6182
360.0000,0.4289,0.4376,0.4603,0.5019,0.5581,0.6019,0.6301
365.0000,0.4316,0.4428,0.4648,0.5090,0.5658,0.6124,0.6405
370.0000,0.4352,0.4477,0.4696,0.5163,0.5737,0.6234,0.6505
375.0000,0.4407,0.4516,0.4755,0.5230,0.5829,0.6332,0.6631
380.0000,0.4452,0.4564,0.4810,0.5306,0.5913,0.6452,0.6737
385.0000,0.4477,0.4625,0.4864,0.5382,0.6008,0.6556,0.6893
390.0000,0.4541,0.4669,0.4927,0.5460,0.6100,0.6685,0.7016
395.0000,0.4590,0.4724,0.4987,0.5543,0.6192,0.6823,0.7132
400.0000,0.4642,0.4776,0.5057,0.5620,0.6303,0.6941,0.7303
405.0000,0.4701,0.4826,0.5131,0.5698,0.6419,0.7065,0.7482
410.0000,0.4747,0.4892,0.5195,0.5789,0.6523,0.7223,0.7633
415.0000,0.4802,0.4954,0.5266,0.5880,0.6635,0.7386,0.7779
420.0000,0.4869,0.5010,0.5346,0.5965,0.6765,0.7537,0.7960
425.0000,0.4929,0.5076,0.5421,0.6062,0.6888,0.7718,0.8103
430.0000,0.4976,0.5153,0.5497,0.6158,0.7031,0.7876,0.8311
435.0000,0.5052,0.5218,0.5579,0.6259,0.7171,0.8063,0.8460
440.0000,0.5120,0.5292,0.5659,0.6367,0.7316,0.8259,0.8582
445.0000,0.5188,0.5365,0.5748,0.6470,0.7490,0.8416,0.8785
450.0000,0.5230,0.5455,0.5831,0.6582,0.7668,0.8574,0.8983
455.0000,0.5328,0.5525,0.5922,0.6705,0.7835,0.8765,0.9112
460.0000,0.5409,0.5604,0.6015,0.6832,0.8016,0.8935,0.9267
465.0000,0.5488,0.5684,0.6113,0.6963,0.8208,0.9086,0.9439
470.0000,0.5574,0.5768,0.6209,0.7111,0.8382,0.9268,0.9538
475.0000,0.5640,0.5868,0.6304,0.7265,0.8568,0.9415,0.9684
480.0000,0.5725,0.5960,0.6412,0.7421,0.8759,0.9546,0.9832
485.0000,0.5826,0.6047,0.6527,0.7586,0.8940,0.9682,0.9947
490.0000,0.5893,0.6165,0.6630,0.7770,0.9102,0.9828,1.0024
495.0000,0.5989,0.6267,0.6753,0.7950,0.9267,0.9954,1.0088
500.0000,0.6108,0.6357,0.6896,0.8125,0.9437,1.0052,1.0148
505.0000,0.6213,0.6462,0.7039,0.8309,0.9586,1.0157,1.0149
510.0000,0.6285,0.6591,0.7184,0.8492,0.9738,1.0223,1.0162
515.0000,0.6419,0.6697,0.7353,0.8665,0.9889,1.0258,1.0151
555.0000,0.7465,0.7921,0.8736,0.9983,1.0388,0.9673,0.9076
560.0000,0.7656,0.8076,0.8922,1.0100,1.0349,0.9456,0.8898
565.0000,0.7828,0.8246,0.9095,1.0215,1.0255,0.9257,0.8652
570.0000,0.7997,0.8416,0.9267,1.0308,1.0133,0.9040,0.8396
575.0000,0.8093,0.8626,0.9414,1.0390,0.9974,0.8813,0.8119
580.0000,0.8318,0.8774,0.9586,1.0433,0.9794,0.8579,0.7800
585.0000,0.8504,0.8928,0.9756,1.0435,0.9620,0.8270,0.7637
590.0000,0.8686,0.9081,0.9909,1.0422,0.9394,0.8011,0.7363
595.0000,0.8857,0.9233,1.0049,1.0378,0.9148,0.7751,0.7084
600.0000,0.8995,0.9406,1.0157,1.0312,0.8880,0.7494,0.6797
605.0000,0.9158,0.9551,1.0265,1.0198,0.8628,0.7188,0.6616
610.0000,0.9326,0.9686,1.0344,1.0067,0.8341,0.6936,0.6370
615.0000,0.9449,0.9836,1.0385,0.9915,0.8042,0.6692,0.6135
620.0000,0.9598,0.9948,1.0416,0.9724,0.7757,0.6435,0.5957
625.0000,0.9744,1.0041,1.0417,0.9516,0.7456,0.6222,0.5739
630.0000,0.9856,1.0128,1.0384,0.9287,0.7160,0.6020,0.5530
635.0000,0.9921,1.0212,1.0313,0.9041,0.6876,0.5824,0.5339
640.0000,1.0039,1.0233,1.0240,0.8759,0.6630,0.5602,0.5212
645.0000,1.0109,1.0248,1.0123,0.8479,0.6374,0.5428,0.5053
650.0000,1.0138,1.0249,0.9972,0.8192,0.6133,0.5263,0.4914
655.0000,1.0177,1.0206,0.9803,0.7897,0.5912,0.5105,0.4787
660.0000,1.0168,1.0153,0.9597,0.7609,0.5696,0.4973,0.4647
665.0000,1.0137,1.0068,0.9374,0.7317,0.5513,0.4821,0.4589
670.0000,1.0100,0.9947,0.9133,0.7035,0.5332,0.4707,0.4493
675.0000,1.0010,0.9821,0.8862,0.6771,0.5157,0.4612,0.4397
680.0000,0.9903,0.9663,0.8582,0.6515,0.5002,0.4520,0.4318
685.0000,0.9795,0.9463,0.8308,0.6261,0.4873,0.4421,0.4277
690.0000,0.9631,0.9269,0.8009,0.6035,0.4740,0.4355,0.4211
695.0000,0.9439,0.9057,0.7711,0.5822,0.4623,0.4289,0.4172
700.0000,0.9265,0.8804,0.7430,0.5615,0.4524,0.4231,0.4138
705.0000,0.9077,0.8531,0.7159,0.5423,0.4432,0.4190,0.4089
710.0000,0.8823,0.8280,0.6880,0.5250,0.4354,0.4141,0.4092
715.0000,0.8555,0.8026,0.6610,0.5094,0.4279,0.4114,0.4074
720.0000,0.8340,0.7737,0.6368,0.4944,0.4219,0.4092,0.4056
725.0000,0.8117,0.7440,0.6145,0.4804,0.4170,0.4077,0.4034
730.0000,0.7804,0.7197,0.5910,0.4688,0.4124,0.4064,0.4024
735.0000,0.7561,0.6928,0.5705,0.4576,0.4093,0.4052,0.4013
740.0000,0.7276,0.6700,0.5493,0.4488,0.4057,0.4055,0.3982
745.0000,0.7051,0.6440,0.5322,0.4394,0.4049,0.4032,0.3988
750.0000,0.6812,0.6195,0.5164,0.4312,0.4044,0.4015,0.3985
755.0000,0.6552,0.5986,0.5004,0.4251,0.4031,0.4011,0.3965
760.0000,0.6350,0.5758,0.4876,0.4189,0.4034,0.3990,0.3974
765.0000,0.6121,0.5561,0.4752,0.4141,0.4033,0.3973,0.3981
770.0000,0.5884,0.5399,0.4624,0.4112,0.4022,0.3969,0.3979
775.0000,0.5665,0.5250,0.4508,0.4092,0.4010,0.3965,0.3988
780.0000,0.5501,0.5089,0.4417,0.4073,0.4000,0.3964,0.3996
785.0000,0.5343,0.4939,0.4338,0.4060,0.3986,0.3972,0.3999
790.0000,0.5155,0.4826,0.4259,0.4055,0.3971,0.3981,0.4013
795.0000,0.5027,0.4697,0.4207,0.4043,0.3963,0.3990,0.4030
800.0000,0.4888,0.4594,0.4157,0.4039,0.3949,0.4014,0.4030
805.0000,0.4786,0.4482,0.4131,0.4024,0.3950,0.4023,0.4060
810.0000,0.4672,0.4391,0.4109,0.4009,0.3954,0.4037,0.4087
815.0000,0.4563,0.4321,0.4087,0.4000,0.3954,0.4065,0.4093
820.0000,0.4466,0.4262,0.4071,0.3988,0.3966,0.4079,0.4139
825.0000,0.4397,0.4205,0.4062,0.3974,0.3983,0.4096,0.4184
830.0000,0.4329,0.4162,0.4050,0.3967,0.3994,0.4131,0.4207
835.0000,0.4258,0.4136,0.4034,0.3962,0.4011,0.4159,0.4257
840.0000,0.4192,0.4120,0.4016,0.3962,0.4030,0.4190,0.4314
845.0000,0.4168,0.4092,0.4006,0.3961,0.4054,0.4227,0.4373
850.0000,0.4134,0.4077,0.3991,0.3967,0.4073,0.4277,0.4425
855.0000,0.4095,0.4067,0.3976,0.3977,0.4096,0.4332,0.4483
860.0000,0.4087,0.4043,0.3972,0.3982,0.4130,0.4382,0.4556
865.0000,0.4063,0.4034,0.3961,0.3997,0.4160,0.4450,0.4616
870.0000,0.4042,0.4022,0.3957,0.4010,0.4201,0.4510,0.4706
875.0000,0.4037,0.4004,0.3959,0.4025,0.4243,0.4586,0.4775
880.0000,0.4022,0.3995,0.3958,0.4045,0.4288,0.4670,0.4838
885.0000,0.4006,0.3987,0.3963,0.4064,0.4348,0.4741,0.4932
890.0000,0.4003,0.3976,0.3973,0.4086,0.4410,0.4823,0.5007
895.0000,0.3990,0.3976,0.3978,0.4116,0.4473,0.4914,0.5064
900.0000,0.3979,0.3976,0.3989,0.4145,0.4552,0.4986,0.5158
905.0000,0.3982,0.3974,0.4005,0.4179,0.4634,0.5061,0.5239
910.0000,0.3978,0.3980,0.4016,0.4224,0.4711,0.5151,0.5293
915.0000,0.3972,0.3991,0.4029,0.4273,0.4794,0.5233,0.5340
920.0000,0.3983,0.3995,0.4051,0.4324,0.4886,0.5301,0.5390
925.0000,0.3986,0.4009,0.4070,0.4386,0.4969,0.5379,0.5399
930.0000,0.3987,0.4026,0.4095,0.4450,0.5064,0.5427,0.5433
935.0000,0.4006,0.4036,0.4129,0.4517,0.5157,0.5468,0.5437
940.0000,0.4017,0.4056,0.4161,0.4595,0.5240,0.5510,0.5396
945.0000,0.4028,0.4079,0.4201,0.4674,0.5327,0.5518,0.5372
950.0000,0.4031,0.4111,0.4244,0.4758,0.5407,0.5509,0.5325
955.0000,0.4069,0.4132,0.4297,0.4846,0.5471,0.5497,0.5221
960.0000,0.4094,0.4163,0.4356,0.4932,0.5537,0.5435,0.5167
965.0000,0.4117,0.4203,0.4415,0.5026,0.5579,0.5372,0.5055
970.0000,0.4157,0.4239,0.4485,0.5117,0.5605,0.5287,0.4923
975.0000,0.4182,0.4295,0.4549,0.5214,0.5606,0.5190,0.4757
980.0000,0.4221,0.4346,0.4629,0.5297,0.5603,0.5041,0.4641
985.0000,0.4277,0.4396,0.4712,0.5380,0.5563,0.4904,0.4464
990.0000,0.4323,0.4460,0.4794,0.5458,0.5499,0.4750,0.4277
995.0000,0.4351,0.4541,0.4873,0.5528,0.5407,0.4586,0.4071
1000.0000,0.4434,0.4596,0.4976,0.5569,0.5314,0.4377,0.3911
1005.0000,0.4503,0.4666,0.5070,0.5603,0.5183,0.4183,0.3723
1010.0000,0.4573,0.4738,0.5164,0.5620,0.5027,0.3992,0.3516
1015.0000,0.4647,0.4811,0.5260,0.5611,0.4862,0.3779,0.3346
1020.0000,0.4712,0.4898,0.5342,0.5587,0.4670,0.3580,0.3174
1025.0000,0.4790,0.4981,0.5417,0.5543,0.4457,0.3403,0.2967
1030.0000,0.4873,0.5059,0.5487,0.5470,0.4241,0.3222,0.2773
1035.0000,0.4940,0.5148,0.5538,0.5376,0.4019,0.3047,0.2577
1040.0000,0.5029,0.5215,0.5589,0.5243,0.3818,0.2837,0.2478
1045.0000,0.5109,0.5282,0.5616,0.5099,0.3599,0.2669,0.2332
1050.0000,0.5185,0.5341,0.5622,0.4934,0.3384,0.2512,0.2197
1055.0000,0.5236,0.5406,0.5599,0.4758,0.3171,0.2370,0.2064
1060.0000,0.5305,0.5442,0.5563,0.4557,0.2979,0.2216,0.1984
1065.0000,0.5360,0.5470,0.5498,0.4353,0.2787,0.2094,0.1894
1070.0000,0.5399,0.5486,0.5406,0.4143,0.2602,0.1990,0.1805
1075.0000,0.5401,0.5497,0.5283,0.3933,0.2426,0.1902,0.1722
1080.0000,0.5435,0.5467,0.5150,0.3715,0.2269,0.1824,0.1641
1085.0000,0.5425,0.5430,0.4993,0.3498,0.2133,0.1740,0.1615
1090.0000,0.5395,0.5372,0.4816,0.3288,0.2006,0.1679,0.1573
1095.0000,0.5377,0.5276,0.4635,0.3079,0.1898,0.1626,0.1537
1100.0000,0.5320,0.5169,0.4437,0.2882,0.1801,0.1586,0.1500
1105.0000,0.5222,0.5054,0.4225,0.2695,0.1721,0.1545,0.1488
1110.0000,0.5146,0.4901,0.4019,0.2516,0.1656,0.1514,0.1472
1115.0000,0.5027,0.4747,0.3800,0.2356,0.1598,0.1494,0.1454
1120.0000,0.4921,0.4559,0.3594,0.2203,0.1557,0.1473,0.1447
1125.0000,0.4769,0.4373,0.3384,0.2068,0.1523,0.1457,0.1441
1130.0000,0.4587,0.4198,0.3166,0.1956,0.1491,0.1451,0.1432
1135.0000,0.4387,0.4024,0.2952,0.1861,0.1464,0.1446,0.1427
1140.0000,0.4233,0.3814,0.2764,0.1770,0.1451,0.1438,0.1427
1145.0000,0.4061,0.3603,0.2589,0.1693,0.1441,0.1435,0.1421
1150.0000,0.3849,0.3414,0.2416,0.1634,0.1432,0.1432,0.1419
1155.0000,0.3671,0.3209,0.2268,0.1580,0.1430,0.1428,0.1418
1160.0000,0.3501,0.3000,0.2141,0.1533,0.1432,0.1424,0.1414
1165.0000,0.3282,0.2831,0.2012,0.1503,0.1429,0.1421,0.1414
1170.0000,0.3102,0.2656,0.1905,0.1477,0.1430,0.1417,0.1412
1175.0000,0.2914,0.2506,0.1803,0.1463,0.1425,0.1418,0.1405
1180.0000,0.2770,0.2340,0.1730,0.1446,0.1428,0.1412,0.1406
1185.0000,0.2602,0.2203,0.1663,0.1437,0.1428,0.1409,0.1405
1190.0000,0.2439,0.2088,0.1601,0.1434,0.1423,0.1409,0.1399
1195.0000,0.2290,0.1985,0.1550,0.1434,0.1419,0.1407,0.1398
1200.0000,0.2189,0.1874,0.1520,0.1429,0.1419,0.1403,0.1397
1205.0000,0.2070,0.1786,0.1493,0.1427,0.1415,0.1403,0.1389
1210.0000,0.1957,0.1717,0.1470,0.1427,0.1412,0.1400,0.1392
1215.0000,0.1852,0.1663,0.1451,0.1429,0.1407,0.1398,0.1390
1220.0000,0.1781,0.1607,0.1441,0.1427,0.1404,0.1395,0.1389
1225.0000,0.1721,0.1559,0.1437,0.1424,0.1401,0.1395,0.1384
1230.0000,0.1656,0.1527,0.1432,0.1423,0.1399,0.1392,0.1385
1235.0000,0.1609,0.1498,0.1430,0.1419,0.1397,0.1389,0.1384
1240.0000,0.1564,0.1481,0.1426,0.1418,0.1393,0.1390,0.1379
1245.0000,0.1533,0.1464,0.1426,0.1415,0.1392,0.1387,0.1380
1250.0000,0.1509,0.1450,0.1426,0.1411,0.1392,0.1384,0.1380
1255.0000,0.1485,0.1443,0.1424,0.1409,0.1388,0.1384,0.1376
1260.0000,0.1465,0.1438,0.1422,0.1406,0.1387,0.1382,0.1377
1265.0000,0.1456,0.1432,0.1421,0.1403,0.1386,0.1380,0.1377
1270.0000,0.1446,0.1430,0.1418,0.1401,0.1383,0.1381,0.1372
1275.0000,0.1436,0.1429,0.1415,0.1398,0.1382,0.1379,0.1375
1280.0000,0.1434,0.1424,0.1414,0.1395,0.1381,0.1377,0.1376
1285.0000,0.1429,0.1423,0.1410,0.1394,0.1379,0.1379,0.1370
1290.0000,0.1423,0.1422,0.1407,0.1392,0.1378,0.1378,0.1373
1295.0000,0.1424,0.1418,0.1406,0.1389,0.1378,0.1376,0.1374
1300.0000,0.1420,0.1416,0.1402,0.1388,0.1375,0.1379,0.1368
1305.0000,0.1416,0.1415,0.1400,0.1386,0.1375,0.1377,0.1371
1310.0000,0.1416,0.1410,0.1399,0.1384,0.1376,0.1375,0.1373
1315.0000,0.1413,0.1409,0.1396,0.1383,0.1374,0.1377,0.1367
1320.0000,0.1410,0.1407,0.1393,0.1382,0.1374,0.1375,0.1370
1325.0000,0.1404,0.1406,0.1390,0.1381,0.1374,0.1374,0.1371
1330.0000,0.1406,0.1402,0.1389,0.1380,0.1373,0.1376,0.1364
1335.0000,0.1402,0.1400,0.1387,0.1379,0.1374,0.1373,0.1370
1340.0000,0.1397,0.1399,0.1384,0.1378,0.1373,0.1373,0.1371
1345.0000,0.1399,0.1395,0.1384,0.1377,0.1373,0.1372,0.1371
1350.0000,0.1396,0.1394,0.1381,0.1378,0.1372,0.1374,0.1368
1355.0000,0.1391,0.1393,0.1380,0.1377,0.1372,0.1373,0.1369
1360.0000,0.1393,0.1389,0.1380,0.1376,0.1372,0.1372,0.1370
1365.0000,0.1390,0.1387,0.1378,0.1376,0.1371,0.1374,0.1366
1370.0000,0.1386,0.1387,0.1377,0.1376,0.1371,0.1372,0.1369
1375.0000,0.1387,0.1383,0.1378,0.1374,0.1372,0.1371,0.1370
1380.0000,0.1385,0.1382,0.1377,0.1374,0.1371,0.1372,0.1367
1385.0000,0.1382,0.1382,0.1376,0.1374,0.1371,0.1371,0.1369
1390.0000,0.1383,0.1379,0.1376,0.1373,0.1371,0.1370,0.1370
1395.0000,0.1380,0.1380,0.1375,0.1374,0.1369,0.1373,0.1366
1400.0000,0.1377,0.1380,0.1374,0.1374,0.1370,0.1372,0.1369
1405.0000,0.1379,0.1377,0.1374,0.1373,0.1370,0.1371,0.1371
1410.0000,0.1378,0.1378,0.1373,0.1373,0.1368,0.1374,0.1366
1415.0000,0.1375,0.1378,0.1372,0.1373,0.1369,0.1372,0.1371
1420.0000,0.1377,0.1375,0.1373,0.1372,0.1370,0.1372,0.1373
1425.0000,0.1376,0.1376,0.1372,0.1372,0.1369,0.1375,0.1370
1430.0000,0.1373,0.1376,0.1372,0.1372,0.1369,0.1374,0.1373
1435.0000,0.1375,0.1374,0.1373,0.1371,0.1370,0.1374,0.1376
1440.0000,0.1374,0.1374,0.1372,0.1372,0.1369,0.1378,0.1373
1445.0000,0.1373,0.1374,0.1371,0.1371,0.1370,0.1378,0.1377
1450.0000,0.1368,0.1376,0.1370,0.1371,0.1370,0.1378,0.1380
1455.0000,0.1373,0.1373,0.1371,0.1371,0.1370,0.1383,0.1374
1460.0000,0.1371,0.1374,0.1370,0.1371,0.1372,0.1382,0.1380
1465.0000,0.1368,0.1375,0.1370,0.1371,0.1373,0.1383,0.1382
1470.0000,0.1372,0.1372,0.1371,0.1370,0.1375,0.1383,0.1384
1475.0000,0.1371,0.1373,0.1370,0.1371,0.1376,0.1386,0.1382
1480.0000,0.1369,0.1373,0.1369,0.1371,0.1378,0.1385,0.1386
1485.0000,0.1372,0.1371,0.1370,0.1371,0.1380,0.1386,0.1388
1490.0000,0.1370,0.1372,0.1369,0.1373,0.1380,0.1389,0.1386
1495.0000,0.1367,0.1373,0.1368,0.1374,0.1382,0.1389,0.1388
1500.0000,0.1370,0.1371,0.1369,0.1374,0.1384,0.1389,0.1390
1505.0000,0.1369,0.1372,0.1369,0.1376,0.1384,0.1392,0.1387
1510.0000,0.1368,0.1373,0.1368,0.1378,0.1385,0.1392,0.1389
1515.0000,0.1370,0.1371,0.1370,0.1378,0.1387,0.1391,0.1390
1520.0000,0.1369,0.1371,0.1370,0.1381,0.1387,0.1394,0.1385
1525.0000,0.1368,0.1372,0.1371,0.1382,0.1389,0.1393,0.1389
1530.0000,0.1370,0.1370,0.1373,0.1382,0.1391,0.1392,0.1390
1535.0000,0.1370,0.1371,0.1373,0.1384,0.1390,0.1394,0.1385
1540.0000,0.1368,0.1372,0.1374,0.1386,0.1391,0.1393,0.1388
1545.0000,0.1371,0.1371,0.1376,0.1386,0.1392,0.1391,0.1389
1550.0000,0.1370,0.1373,0.1377,0.1388,0.1391,0.1393,0.1384
1555.0000,0.1369,0.1375,0.1377,0.1389,0.1391,0.1392,0.1386
1560.0000,0.1372,0.1374,0.1380,0.1390,0.1392,0.1390,0.1388
1565.0000,0.1372,0.1376,0.1380,0.1392,0.1390,0.1392,0.1383
1570.0000,0.1372,0.1378,0.1381,0.1392,0.1390,0.1390,0.1386
1575.0000,0.1368,0.1381,0.1382,0.1393,0.1390,0.1390,0.1386
1580.0000,0.1375,0.1380,0.1384,0.1394,0.1388,0.1392,0.1379
1585.0000,0.1376,0.1381,0.1386,0.1393,0.1389,0.1389,0.1384
1590.0000,0.1375,0.1382,0.1387,0.1393,0.1389,0.1388,0.1386
1595.0000,0.1379,0.1382,0.1389,0.1392,0.1389,0.1387,0.1387
1600.0000,0.1379,0.1384,0.1389,0.1393,0.1387,0.1389,0.1384
1605.0000,0.1377,0.1387,0.1390,0.1393,0.1387,0.1388,0.1387
1610.0000,0.1382,0.1386,0.1391,0.1392,0.1387,0.1387,0.1388
1615.0000,0.1383,0.1388,0.1391,0.1392,0.1386,0.1389,0.1385
1620.0000,0.1381,0.1391,0.1391,0.1392,0.1386,0.1389,0.1388
1625.0000,0.1386,0.1389,0.1392,0.1390,0.1386,0.1389,0.1389
1630.0000,0.1386,0.1391,0.1391,0.1390,0.1385,0.1391,0.1386
1635.0000,0.1386,0.1392,0.1391,0.1390,0.1386,0.1391,0.1389
1640.0000,0.1389,0.1391,0.1392,0.1388,0.1387,0.1391,0.1390
1645.0000,0.1388,0.1392,0.1391,0.1389,0.1385,0.1394,0.1386
1650.0000,0.1387,0.1393,0.1390,0.1388,0.1387,0.1393,0.1390
1655.0000,0.1390,0.1391,0.1391,0.1387,0.1389,0.1392,0.1392
1660.0000,0.1390,0.1392,0.1389,0.1388,0.1388,0.1395,0.1388
1665.0000,0.1388,0.1393,0.1388,0.1388,0.1389,0.1394,0.1391
1670.0000,0.1391,0.1391,0.1389,0.1387,0.1391,0.1393,0.1393
1675.0000,0.1390,0.1391,0.1388,0.1388,0.1390,0.1396,0.1388
1680.0000,0.1389,0.1392,0.1387,0.1388,0.1391,0.1395,0.1391
1685.0000,0.1384,0.1393,0.1385,0.1389,0.1392,0.1395,0.1393
1690.0000,0.1389,0.1390,0.1386,0.1390,0.1392,0.1397,0.1388
1695.0000,0.1388,0.1390,0.1385,0.1390,0.1393,0.1396,0.1391
1700.0000,0.1384,0.1392,0.1385,0.1391,0.1393,0.1395,0.1393
1705.0000,0.1388,0.1389,0.1386,0.1392,0.1392,0.1398,0.1386
1710.0000,0.1387,0.1389,0.1386,0.1392,0.1394,0.1395,0.1392
1715.0000,0.1384,0.1389,0.1386,0.1393,0.1394,0.1395,0.1393
1720.0000,0.1387,0.1387,0.1388,0.1393,0.1395,0.1394,0.1393
1725.0000,0.1386,0.1388,0.1387,0.1394,0.1393,0.1396,0.1390
1730.0000,0.1384,0.1389,0.1388,0.1395,0.1394,0.1395,0.1392
1735.0000,0.1387,0.1387,0.1389,0.1394,0.1394,0.1394,0.1393
1740.0000,0.1386,0.1388,0.1389,0.1395,0.1393,0.1396,0.1390
1745.0000,0.1383,0.1391,0.1389,0.1396,0.1393,0.1395,0.1392
1750.0000,0.1387,0.1389,0.1391,0.1395,0.1394,0.1393,0.1393
1755.0000,0.1387,0.1390,0.1391,0.1396,0.1393,0.1395,0.1390
1760.0000,0.1386,0.1391,0.1392,0.1396,0.1393,0.1394,0.1393
1765.0000,0.1389,0.1390,0.1393,0.1395,0.1393,0.1394,0.1395
1770.0000,0.1388,0.1391,0.1393,0.1396,0.1392,0.1397,0.1391
1775.0000,0.1387,0.1393,0.1393,0.1396,0.1392,0.1396,0.1394
1780.0000,0.1390,0.1392,0.1394,0.1395,0.1393,0.1396,0.1396
1785.0000,0.1390,0.1393,0.1393,0.1396,0.1391,0.1399,0.1391
1790.0000,0.1388,0.1395,0.1393,0.1395,0.1392,0.1399,0.1394
1795.0000,0.1392,0.1393,0.1395,0.1394,0.1393,0.1397,0.1397
1800.0000,0.1392,0.1394,0.1394,0.1394,0.1393,0.1400,0.1393
1805.0000,0.1391,0.1395,0.1394,0.1394,0.1394,0.1399,0.1397
1810.0000,0.1388,0.1397,0.1393,0.1394,0.1395,0.1399,0.1400
1815.0000,0.1393,0.1394,0.1394,0.1394,0.1395,0.1401,0.1396
1820.0000,0.1392,0.1395,0.1394,0.1394,0.1396,0.1401,0.1400
1825.0000,0.1388,0.1398,0.1392,0.1395,0.1396,0.1401,0.1401
1830.0000,0.1393,0.1395,0.1392,0.1395,0.1396,0.1405,0.1396
1835.0000,0.1392,0.1396,0.1392,0.1396,0.1397,0.1404,0.1401
1840.0000,0.1389,0.1397,0.1391,0.1396,0.1398,0.1404,0.1404
1845.0000,0.1393,0.1394,0.1393,0.1396,0.1400,0.1404,0.1405
1850.0000,0.1392,0.1395,0.1392,0.1397,0.1399,0.1407,0.1403
1855.0000,0.1390,0.1396,0.1392,0.1398,0.1400,0.1407,0.1406
1860.0000,0.1393,0.1393,0.1393,0.1397,0.1402,0.1406,0.1407
1865.0000,0.1393,0.1394,0.1393,0.1398,0.1402,0.1409,0.1405
1870.0000,0.1390,0.1395,0.1393,0.1399,0.1403,0.1409,0.1408
1875.0000,0.1393,0.1393,0.1395,0.1399,0.1405,0.1408,0.1411
1880.0000,0.1392,0.1394,0.1395,0.1400,0.1405,0.1411,0.1409
1885.0000,0.1390,0.1395,0.1395,0.1401,0.1406,0.1411,0.1412
1890.0000,0.1393,0.1394,0.1396,0.1402,0.1407,0.1411,0.1415
1895.0000,0.1392,0.1396,0.1395,0.1404,0.1406,0.1415,0.1412
1900.0000,0.1391,0.1397,0.1395,0.1404,0.1407,0.1415,0.1417
1905.0000,0.1394,0.1395,0.1397,0.1404,0.1408,0.1416,0.1420
1910.0000,0.1394,0.1396,0.1397,0.1406,0.1408,0.1421,0.1417
1915.0000,0.1393,0.1398,0.1398,0.1406,0.1409,0.1421,0.1422
1920.0000,0.1395,0.1396,0.1400,0.1406,0.1412,0.1422,0.1426
1925.0000,0.1395,0.1397,0.1400,0.1407,0.1412,0.1426,0.1423
1930.0000,0.1395,0.1399,0.1401,0.1408,0.1414,0.1427,0.1429
1935.0000,0.1391,0.1401,0.1401,0.1409,0.1416,0.1429,0.1433
1940.0000,0.1397,0.1400,0.1403,0.1410,0.1417,0.1434,0.1429
1945.0000,0.1396,0.1401,0.1403,0.1410,0.1419,0.1434,0.1436
1950.0000,0.1393,0.1404,0.1403,0.1411,0.1422,0.1436,0.1441
1955.0000,0.1399,0.1402,0.1404,0.1413,0.1423,0.1442,0.1437
1960.0000,0.1398,0.1404,0.1405,0.1414,0.1426,0.1442,0.1446
1965.0000,0.1397,0.1406,0.1405,0.1415,0.1429,0.1444,0.1451
1970.0000,0.1401,0.1404,0.1407,0.1416,0.1432,0.1446,0.1456
1975.0000,0.1401,0.1406,0.1407,0.1419,0.1433,0.1452,0.1456
1980.0000,0.1400,0.1408,0.1407,0.1421,0.1436,0.1454,0.1462
1985.0000,0.1404,0.1406,0.1410,0.1422,0.1440,0.1457,0.1468
1990.0000,0.1404,0.1407,0.1410,0.1425,0.1441,0.1463,0.1469
1995.0000,0.1402,0.1410,0.1411,0.1427,0.1444,0.1466,0.1475
2000.0000,0.1406,0.1408,0.1414,0.1429,0.1448,0.1470,0.1480
2005.0000,0.1406,0.1410,0.1414,0.1432,0.1451,0.1477,0.1481
2010.0000,0.1405,0.1412,0.1416,0.1434,0.1455,0.1480,0.1489
2015.0000,0.1409,0.1411,0.1419,0.1436,0.1460,0.1483,0.1496
2020.0000,0.1409,0.1414,0.1420,0.1439,0.1463,0.1491,0.1497
2025.0000,0.1409,0.1416,0.1422,0.1442,0.1468,0.1494,0.1505
2030.0000,0.1413,0.1416,0.1425,0.1444,0.1473,0.1499,0.1513
2035.0000,0.1413,0.1418,0.1427,0.1448,0.1476,0.1507,0.1513
2040.0000,0.1412,0.1422,0.1428,0.1452,0.1481,0.1512,0.1522
2045.0000,0.1417,0.1422,0.1432,0.1455,0.1487,0.1516,0.1529
2050.0000,0.1418,0.1424,0.1433,0.1460,0.1490,0.1525,0.1530
2055.0000,0.1419,0.1427,0.1436,0.1463,0.1497,0.1529,0.1539
2060.0000,0.1416,0.1432,0.1438,0.1468,0.1502,0.1535,0.1547
2065.0000,0.1424,0.1431,0.1441,0.1472,0.1507,0.1544,0.1545
2070.0000,0.1425,0.1434,0.1445,0.1476,0.1514,0.1548,0.1554
2075.0000,0.1426,0.1437,0.1448,0.1481,0.1520,0.1553,0.1561
2080.0000,0.1432,0.1438,0.1452,0.1486,0.1525,0.1561,0.1558
2085.0000,0.1433,0.1442,0.1456,0.1491,0.1533,0.1564,0.1567
2090.0000,0.1433,0.1446,0.1460,0.1496,0.1540,0.1567,0.1572
2095.0000,0.1440,0.1447,0.1465,0.1500,0.1547,0.1570,0.1576
2100.0000,0.1441,0.1452,0.1468,0.1507,0.1552,0.1576,0.1575
2105.0000,0.1441,0.1457,0.1471,0.1513,0.1558,0.1578,0.1580
2110.0000,0.1449,0.1458,0.1477,0.1519,0.1564,0.1580,0.1582
2115.0000,0.1452,0.1463,0.1481,0.1526,0.1568,0.1584,0.1579
2120.0000,0.1452,0.1469,0.1485,0.1533,0.1572,0.1585,0.1581
2125.0000,0.1460,0.1471,0.1492,0.1538,0.1577,0.1585,0.1581
2130.0000,0.1464,0.1475,0.1497,0.1545,0.1579,0.1587,0.1576
2135.0000,0.1466,0.1480,0.1503,0.1551,0.1583,0.1586,0.1577
2140.0000,0.1473,0.1483,0.1510,0.1556,0.1586,0.1584,0.1576
2145.0000,0.1476,0.1490,0.1514,0.1563,0.1586,0.1585,0.1567
2150.0000,0.1479,0.1496,0.1521,0.1568,0.1588,0.1580,0.1570
2155.0000,0.1487,0.1499,0.1528,0.1572,0.1589,0.1577,0.1568
2160.0000,0.1492,0.1505,0.1534,0.1577,0.1587,0.1576,0.1559
2165.0000,0.1494,0.1512,0.1540,0.1581,0.1586,0.1572,0.1558
2170.0000,0.1503,0.1516,0.1547,0.1583,0.1585,0.1567,0.1557
2175.0000,0.1508,0.1523,0.1552,0.1587,0.1581,0.1566,0.1548
2180.0000,0.1512,0.1530,0.1558,0.1588,0.1579,0.1561,0.1547
2185.0000,0.1512,0.1539,0.1562,0.1590,0.1575,0.1556,0.1544
2190.0000,0.1524,0.1542,0.1567,0.1591,0.1570,0.1556,0.1533
2195.0000,0.1530,0.1547,0.1573,0.1590,0.1567,0.1549,0.1537
2200.0000,0.1534,0.1553,0.1576,0.1589,0.1563,0.1544,0.1535
2205.0000,0.1543,0.1556,0.1581,0.1587,0.1560,0.1540,0.1533
2210.0000,0.1546,0.1563,0.1583,0.1586,0.1554,0.1540,0.1526
2215.0000,0.1550,0.1568,0.1585,0.1582,0.1550,0.1535,0.1527
2220.0000,0.1558,0.1570,0.1588,0.1578,0.1547,0.1531,0.1525
2225.0000,0.1561,0.1576,0.1588,0.1576,0.1541,0.1531,0.1520
2230.0000,0.1563,0.1580,0.1587,0.1572,0.1538,0.1527,0.1521
2235.0000,0.1571,0.1580,0.1588,0.1567,0.1535,0.1524,0.1520
2240.0000,0.1573,0.1583,0.1586,0.1563,0.1531,0.1525,0.1514
2245.0000,0.1573,0.1587,0.1583,0.1559,0.1528,0.1522,0.1515
2250.0000,0.1579,0.1585,0.1582,0.1553,0.1527,0.1519,0.1516
2255.0000,0.1580,0.1585,0.1579,0.1550,0.1523,0.1520,0.1511
2260.0000,0.1579,0.1586,0.1575,0.1546,0.1522,0.1517,0.1513
2265.0000,0.1582,0.1583,0.1572,0.1541,0.1521,0.1515,0.1514
2270.0000,0.1581,0.1583,0.1567,0.1539,0.1518,0.1517,0.1509
2275.0000,0.1578,0.1582,0.1562,0.1535,0.1517,0.1515,0.1513
2280.0000,0.1580,0.1577,0.1559,0.1532,0.1516,0.1514,0.1514
2285.0000,0.1577,0.1575,0.1554,0.1530,0.1513,0.1517,0.1509
2290.0000,0.1573,0.1573,0.1549,0.1528,0.1513,0.1516,0.1512
2295.0000,0.1574,0.1567,0.1546,0.1524,0.1513,0.1515,0.1515
2300.0000,0.1570,0.1564,0.1542,0.1523,0.1511,0.1518,0.1510
2305.0000,0.1565,0.1560,0.1538,0.1521,0.1512,0.1517,0.1514
2310.0000,0.1558,0.1558,0.1534,0.1520,0.1512,0.1517,0.1516
2315.0000,0.1560,0.1552,0.1532,0.1518,0.1511,0.1521,0.1509
2320.0000,0.1554,0.1548,0.1529,0.1517,0.1512,0.1519,0.1515
2325.0000,0.1548,0.1546,0.1526,0.1516,0.1513,0.1519,0.1517
2330.0000,0.1548,0.1540,0.1525,0.1514,0.1515,0.1518,0.1519
2335.0000,0.1544,0.1538,0.1522,0.1514,0.1514,0.1521,0.1516
2340.0000,0.1537,0.1536,0.1519,0.1514,0.1516,0.1520,0.1519
2345.0000,0.1538,0.1531,0.1519,0.1513,0.1517,0.1519,0.1521
2350.0000,0.1534,0.1530,0.1516,0.1514,0.1516,0.1522,0.1518
2355.0000,0.1528,0.1529,0.1514,0.1515,0.1517,0.1521,0.1522
2360.0000,0.1530,0.1524,0.1514,0.1515,0.1519,0.1521,0.1524
2365.0000,0.1526,0.1523,0.1513,0.1516,0.1518,0.1524,0.1521
2370.0000,0.1521,0.1523,0.1512,0.1517,0.1518,0.1525,0.1524
2375.0000,0.1523,0.1518,0.1513,0.1517,0.1520,0.1524,0.1526
2380.0000,0.1520,0.1518,0.1512,0.1518,0.1519,0.1528,0.1523
2385.0000,0.1517,0.1518,0.1512,0.1518,0.1520,0.1528,0.1526
2390.0000,0.1518,0.1515,0.1514,0.1518,0.1522,0.1527,0.1529
2395.0000,0.1516,0.1515,0.1513,0.1520,0.1521,0.1531,0.1524
2400.0000,0.1513,0.1516,0.1514,0.1520,0.1523,0.1530,0.1530
2405.0000,0.1515,0.1514,0.1515,0.1519,0.1525,0.1530,0.1533
2410.0000,0.1514,0.1514,0.1515,0.1521,0.1524,0.1534,0.1529
2415.0000,0.1512,0.1516,0.1515,0.1522,0.1525,0.1534,0.1533
2420.0000,0.1514,0.1514,0.1517,0.1522,0.1527,0.1534,0.1537
2425.0000,0.1513,0.1516,0.1516,0.1523,0.1527,0.1538,0.1533
2430.0000,0.1512,0.1517,0.1517,0.1524,0.1528,0.1539,0.1537
2435.0000,0.1508,0.1520,0.1516,0.1525,0.1530,0.1539,0.1541
2440.0000,0.1514,0.1517,0.1518,0.1526,0.1530,0.1544,0.1535
2445.0000,0.1514,0.1518,0.1518,0.1526,0.1532,0.1543,0.1543
2450.0000,0.1512,0.1519,0.1519,0.1527,0.1534,0.1544,0.1547
2455.0000,0.1516,0.1518,0.1521,0.1527,0.1536,0.1545,0.1550
2460.0000,0.1515,0.1519,0.1521,0.1529,0.1536,0.1549,0.1548
2465.0000,0.1513,0.1521,0.1521,0.1530,0.1538,0.1550,0.1553
2470.0000,0.1518,0.1519,0.1523,0.1531,0.1541,0.1551,0.1556
2475.0000,0.1517,0.1521,0.1523,0.1533,0.1541,0.1556,0.1554
2480.0000,0.1514,0.1524,0.1523,0.1534,0.1543,0.1556,0.1559
2485.0000,0.1519,0.1522,0.1526,0.1534,0.1546,0.1557,0.1562
2490.0000,0.1519,0.1524,0.1526,0.1537,0.1547,0.1562,0.1560
2495.0000,0.1517,0.1526,0.1526,0.1538,0.1550,0.1563,0.1565
2500.0000,0.1522,0.1524,0.1529,0.1539,0.1553,0.1564,0.1568
2505.0000,0.1522,0.1526,0.1529,0.1541,0.1554,0.1568,0.1566
2510.0000,0.1521,0.1527,0.1530,0.1543,0.1556,0.1569,0.1570
2515.0000,0.1524,0.1527,0.1532,0.1544,0.1560,0.1570,0.1573
2520.0000,0.1524,0.1529,0.1532,0.1547,0.1560,0.1575,0.1570
2525.0000,0.1523,0.1531,0.1533,0.1549,0.1563,0.1575,0.1575
2530.0000,0.1527,0.1530,0.1536,0.1550,0.1566,0.1576,0.1578
2535.0000,0.1528,0.1532,0.1537,0.1553,0.1566,0.1580,0.1573
2540.0000,0.1527,0.1535,0.1538,0.1555,0.1569,0.1580,0.1578
2545.0000,0.1531,0.1534,0.1541,0.1557,0.1572,0.1580,0.1581
2550.0000,0.1531,0.1536,0.1542,0.1560,0.1572,0.1584,0.1577
2555.0000,0.1532,0.1538,0.1544,0.1562,0.1575,0.1584,0.1582
2560.0000,0.1528,0.1541,0.1545,0.1564,0.1577,0.1584,0.1585
2565.0000,0.1535,0.1541,0.1548,0.1567,0.1577,0.1588,0.1578
2570.0000,0.1535,0.1543,0.1550,0.1568,0.1579,0.1587,0.1585
2575.0000,0.1534,0.1546,0.1551,0.1571,0.1581,0.1587,0.1588
2580.0000,0.1540,0.1545,0.1555,0.1572,0.1583,0.1587,0.1591
2585.0000,0.1540,0.1549,0.1556,0.1575,0.1582,0.1591,0.1589
2590.0000,0.1540,0.1552,0.1558,0.1577,0.1583,0.1591,0.1592
2595.0000,0.1546,0.1551,0.1562,0.1577,0.1585,0.1592,0.1595
2600.0000,0.1547,0.1554,0.1563,0.1580,0.1585,0.1596,0.1592
2605.0000,0.1546,0.1558,0.1565,0.1581,0.1586,0.1596,0.1596
2610.0000,0.1552,0.1557,0.1569,0.1581,0.1588,0.1596,0.1599
2615.0000,0.1553,0.1560,0.1570,0.1583,0.1588,0.1600,0.1597
2620.0000,0.1552,0.1564,0.1571,0.1584,0.1590,0.1600,0.1602
2625.0000,0.1558,0.1564,0.1575,0.1584,0.1592,0.1601,0.1605
2630.0000,0.1560,0.1567,0.1576,0.1586,0.1593,0.1605,0.1603
2635.0000,0.1560,0.1569,0.1577,0.1587,0.1595,0.1606,0.1608
2640.0000,0.1565,0.1570,0.1579,0.1587,0.1597,0.1607,0.1611
2645.0000,0.1565,0.1573,0.1579,0.1590,0.1597,0.1612,0.1608
2650.0000,0.1565,0.1576,0.1580,0.1591,0.1599,0.1612,0.1614
2655.0000,0.1570,0.1576,0.1582,0.1591,0.1602,0.1613,0.1618
2660.0000,0.1572,0.1578,0.1582,0.1593,0.1602,0.1618,0.1615
2665.0000,0.1571,0.1581,0.1583,0.1595,0.1605,0.1619,0.1621
2670.0000,0.1576,0.1580,0.1585,0.1595,0.1608,0.1620,0.1626
2675.0000,0.1576,0.1582,0.1585,0.1598,0.1608,0.1626,0.1623
2680.0000,0.1577,0.1583,0.1587,0.1599,0.1611,0.1627,0.1629
2685.0000,0.1573,0.1587,0.1587,0.1601,0.1613,0.1629,0.1634
2690.0000,0.1580,0.1585,0.1589,0.1603,0.1614,0.1635,0.1629
2695.0000,0.1580,0.1587,0.1590,0.1604,0.1618,0.1636,0.1637
2700.0000,0.1579,0.1589,0.1591,0.1606,0.1621,0.1638,0.1642
2705.0000,0.1584,0.1588,0.1594,0.1607,0.1625,0.1639,0.1646
2710.0000,0.1583,0.1591,0.1594,0.1610,0.1626,0.1645,0.1644
2715.0000,0.1583,0.1593,0.1596,0.1612,0.1629,0.1646,0.1650
2720.0000,0.1588,0.1592,0.1599,0.1614,0.1633,0.1648,0.1654
2725.0000,0.1589,0.1594,0.1600,0.1617,0.1635,0.1653,0.1653
2730.0000,0.1586,0.1597,0.1601,0.1619,0.1638,0.1654,0.1658
2735.0000,0.1592,0.1596,0.1604,0.1621,0.1642,0.1656,0.1662
2740.0000,0.1592,0.1599,0.1605,0.1625,0.1644,0.1661,0.1660
2745.0000,0.1592,0.1601,0.1607,0.1627,0.1647,0.1662,0.1666
2750.0000,0.1597,0.1601,0.1610,0.1630,0.1651,0.1664,0.1670
2755.0000,0.1597,0.1604,0.1611,0.1633,0.1652,0.1669,0.1669
2760.0000,0.1597,0.1607,0.1613,0.1636,0.1655,0.1671,0.1674
2765.0000,0.1602,0.1607,0.1617,0.1638,0.1659,0.1672,0.1679
2770.0000,0.1602,0.1610,0.1618,0.1642,0.1659,0.1678,0.1676
2775.0000,0.1603,0.1612,0.1621,0.1645,0.1663,0.1679,0.1683
2780.0000,0.1608,0.1613,0.1625,0.1647,0.1667,0.1681,0.1687
2785.0000,0.1609,0.1616,0.1627,0.1651,0.1667,0.1687,0.1685
2790.0000,0.1609,0.1620,0.1630,0.1653,0.1671,0.1688,0.1692
2795.0000,0.1614,0.1620,0.1634,0.1655,0.1674,0.1690,0.1697
2800.0000,0.1616,0.1623,0.1636,0.1659,0.1676,0.1697,0.1694
2805.0000,0.1617,0.1627,0.1639,0.1661,0.1679,0.1698,0.1701
2810.0000,0.1614,0.1632,0.1640,0.1664,0.1682,0.1701,0.1706
2815.0000,0.1623,0.1632,0.1644,0.1667,0.1684,0.1707,0.1701
2820.0000,0.1625,0.1635,0.1647,0.1669,0.1688,0.1708,0.1711
2825.0000,0.1626,0.1639,0.1649,0.1672,0.1692,0.1710,0.1716
2830.0000,0.1632,0.1639,0.1654,0.1674,0.1696,0.1712,0.1721
2835.0000,0.1633,0.1644,0.1655,0.1678,0.1698,0.1718,0.1721
2840.0000,0.1633,0.1648,0.1657,0.1680,0.1701,0.1721,0.1726
2845.0000,0.1641,0.1648,0.1661,0.1682,0.1706,0.1723,0.1731
2850.0000,0.1642,0.1652,0.1663,0.1686,0.1708,0.1729,0.1730
2855.0000,0.1641,0.1657,0.1665,0.1690,0.1711,0.1731,0.1737
2860.0000,0.1649,0.1656,0.1669,0.1692,0.1716,0.1734,0.1743
2865.0000,0.1651,0.1660,0.1671,0.1696,0.1718,0.1740,0.1743
2870.0000,0.1652,0.1663,0.1674,0.1699,0.1722,0.1742,0.1750
2875.0000,0.1657,0.1664,0.1678,0.1701,0.1726,0.1745,0.1755
2880.0000,0.1659,0.1668,0.1679,0.1706,0.1728,0.1753,0.1754
2885.0000,0.1660,0.1672,0.1682,0.1709,0.1732,0.1755,0.1761
2890.0000,0.1666,0.1672,0.1687,0.1712,0.1737,0.1759,0.1766
2895.0000,0.1667,0.1677,0.1689,0.1716,0.1738,0.1766,0.1763
2900.0000,0.1668,0.1680,0.1692,0.1719,0.1744,0.1768,0.1771
2905.0000,0.1674,0.1681,0.1697,0.1721,0.1749,0.1770,0.1777
2910.0000,0.1676,0.1684,0.1699,0.1725,0.1752,0.1777,0.1775
2915.0000,0.1676,0.1689,0.1702,0.1729,0.1757,0.1778,0.1784
2920.0000,0.1682,0.1690,0.1706,0.1732,0.1762,0.1781,0.1790
2925.0000,0.1685,0.1694,0.1709,0.1737,0.1764,0.1787,0.1788
2930.0000,0.1687,0.1698,0.1712,0.1740,0.1769,0.1790,0.1796
2935.0000,0.1684,0.1704,0.1713,0.1745,0.1772,0.1793,0.1803
2940.0000,0.1694,0.1705,0.1717,0.1750,0.1774,0.1801,0.1799
2945.0000,0.1696,0.1709,0.1721,0.1754,0.1779,0.1804,0.1809
2950.0000,0.1696,0.1713,0.1724,0.1758,0.1783,0.1807,0.1815
2955.0000,0.1704,0.1713,0.1729,0.1761,0.1788,0.1810,0.1821
2960.0000,0.1706,0.1718,0.1732,0.1766,0.1790,0.1818,0.1821
2965.0000,0.1708,0.1722,0.1736,0.1769,0.1795,0.1821,0.1829
2970.0000,0.1715,0.1723,0.1742,0.1771,0.1801,0.1824,0.1835
2975.0000,0.1718,0.1727,0.1746,0.1776,0.1804,0.1831,0.1836
2980.0000,0.1717,0.1732,0.1749,0.1780,0.1809,0.1834,0.1844
2985.0000,0.1725,0.1734,0.1755,0.1783,0.1814,0.1838,0.1850
2990.0000,0.1727,0.1739,0.1757,0.1788,0.1817,0.1846,0.1851
2995.0000,0.1729,0.1745,0.1761,0.1792,0.1822,0.1850,0.1859
3000.0000,0.1736,0.1747,0.1765,0.1795,0.1828,0.1854,0.1866
3005.0000,0.1738,0.1752,0.1767,0.1801,0.1830,0.1863,0.1865
3010.0000,0.1741,0.1757,0.1771,0.1805,0.1836,0.1866,0.1874
3015.0000,0.1748,0.1758,0.1776,0.1808,0.1842,0.1870,0.1881
3020.0000,0.1752,0.1763,0.1780,0.1814,0.1846,0.1879,0.1880
3025.0000,0.1753,0.1767,0.1784,0.1818,0.1852,0.1882,0.1889
3030.0000,0.1760,0.1769,0.1789,0.1821,0.1859,0.1885,0.1896
3035.0000,0.1763,0.1774,0.1792,0.1827,0.1862,0.1894,0.1894
3040.0000,0.1764,0.1779,0.1796,0.1832,0.1869,0.1897,0.1904
3045.0000,0.1771,0.1781,0.1801,0.1836,0.1875,0.1900,0.1910
3050.0000,0.1774,0.1786,0.1805,0.1842,0.1878,0.1909,0.1908
3055.0000,0.1777,0.1791,0.1809,0.1847,0.1884,0.1912,0.1917
3060.0000,0.1775,0.1798,0.1811,0.1853,0.1890,0.1915,0.1923
3065.0000,0.1786,0.1799,0.1817,0.1858,0.1893,0.1924,0.1918
3070.0000,0.1789,0.1804,0.1822,0.1863,0.1899,0.1926,0.1928
3075.0000,0.1791,0.1809,0.1826,0.1869,0.1905,0.1928,0.1934
3080.0000,0.1800,0.1810,0.1833,0.1873,0.1911,0.1931,0.1940
3085.0000,0.1802,0.1817,0.1837,0.1879,0.1913,0.1937,0.1939
3090.0000,0.1804,0.1822,0.1842,0.1884,0.1919,0.1939,0.1946
3095.0000,0.1813,0.1824,0.1849,0.1889,0.1924,0.1942,0.1951
3100.0000,0.1817,0.1830,0.1853,0.1895,0.1927,0.1948,0.1951
3105.0000,0.1816,0.1837,0.1857,0.1900,0.1931,0.1951,0.1958
3110.0000,0.1826,0.1839,0.1864,0.1904,0.1935,0.1954,0.1963
3115.0000,0.1830,0.1845,0.1869,0.1910,0.1937,0.1961,0.1962
3120.0000,0.1833,0.1851,0.1874,0.1915,0.1941,0.1963,0.1969
3125.0000,0.1842,0.1854,0.1881,0.1918,0.1946,0.1966,0.1976
3130.0000,0.1845,0.1861,0.1884,0.1924,0.1947,0.1974,0.1974
3135.0000,0.1849,0.1867,0.1890,0.1927,0.1952,0.1976,0.1983
3140.0000,0.1857,0.1870,0.1897,0.1930,0.1957,0.1978,0.1991
3145.0000,0.1862,0.1875,0.1901,0.1935,0.1959,0.1987,0.1991
3150.0000,0.1864,0.1882,0.1905,0.1939,0.1964,0.1990,0.2001
3155.0000,0.1873,0.1885,0.1911,0.1941,0.1969,0.1994,0.2009
3160.0000,0.1877,0.1891,0.1915,0.1946,0.1971,0.2003,0.2010
3165.0000,0.1878,0.1899,0.1918,0.1950,0.1975,0.2008,0.2020
3170.0000,0.1888,0.1901,0.1923,0.1953,0.1981,0.2014,0.2028
3175.0000,0.1892,0.1907,0.1926,0.1958,0.1984,0.2025,0.2027
3180.0000,0.1896,0.1912,0.1930,0.1961,0.1990,0.2029,0.2039
3185.0000,0.1894,0.1919,0.1933,0.1965,0.1997,0.2034,0.2049
3190.0000,0.1906,0.1920,0.1938,0.1969,0.2001,0.2046,0.2046
3195.0000,0.1910,0.1924,0.1942,0.1972,0.2009,0.2049,0.2061
3200.0000,0.1912,0.1929,0.1946,0.1976,0.2017,0.2055,0.2071
3205.0000,0.1921,0.1931,0.1951,0.1979,0.2025,0.2061,0.2081
3210.0000,0.1922,0.1937,0.1953,0.1986,0.2030,0.2071,0.2085
3215.0000,0.1923,0.1943,0.1955,0.1991,0.2038,0.2078,0.2095
3220.0000,0.1932,0.1944,0.1961,0.1996,0.2046,0.2085,0.2105
3225.0000,0.1935,0.1949,0.1963,0.2003,0.2051,0.2096,0.2108
3230.0000,0.1934,0.1955,0.1966,0.2010,0.2059,0.2103,0.2120
3235.0000,0.1944,0.1955,0.1972,0.2016,0.2068,0.2110,0.2130
3240.0000,0.1947,0.1960,0.1975,0.2023,0.2073,0.2122,0.2132
3245.0000,0.1950,0.1964,0.1981,0.2030,0.2083,0.2128,0.2146
3250.0000,0.1957,0.1965,0.1988,0.2035,0.2092,0.2135,0.2158
3255.0000,0.1959,0.1971,0.1992,0.2044,0.2098,0.2148,0.2160
3260.0000,0.1961,0.1976,0.1998,0.2051,0.2108,0.2155,0.2174
3265.0000,0.1969,0.1978,0.2006,0.2057,0.2118,0.2162,0.2187
3270.0000,0.1972,0.1984,0.2011,0.2066,0.2124,0.2175,0.2190
3275.0000,0.1973,0.1992,0.2017,0.2074,0.2133,0.2183,0.2208
3280.0000,0.1982,0.1996,0.2025,0.2081,0.2142,0.2192,0.2220
3285.0000,0.1986,0.2002,0.2030,0.2091,0.2149,0.2208,0.2224
3290.0000,0.1988,0.2011,0.2036,0.2099,0.2158,0.2217,0.2243
3295.0000,0.1999,0.2014,0.2045,0.2106,0.2169,0.2227,0.2258
3300.0000,0.2004,0.2021,0.2052,0.2115,0.2176,0.2244,0.2263
3305.0000,0.2009,0.2027,0.2060,0.2123,0.2188,0.2253,0.2286
3310.0000,0.2009,0.2037,0.2067,0.2131,0.2199,0.2265,0.2306
3315.0000,0.2022,0.2041,0.2076,0.2140,0.2208,0.2284,0.2314
3320.0000,0.2028,0.2049,0.2084,0.2149,0.2221,0.2297,0.2338
3325.0000,0.2033,0.2057,0.2092,0.2157,0.2234,0.2312,0.2363
3330.0000,0.2044,0.2062,0.2102,0.2166,0.2248,0.2328,0.2388
3335.0000,0.2048,0.2073,0.2108,0.2177,0.2258,0.2351,0.2408
3340.0000,0.2053,0.2082,0.2115,0.2187,0.2272,0.2372,0.2435
3345.0000,0.2066,0.2087,0.2125,0.2196,0.2288,0.2393,0.2466
3350.0000,0.2073,0.2096,0.2133,0.2208,0.2301,0.2421,0.2490
3355.0000,0.2075,0.2107,0.2140,0.2219,0.2319,0.2447,0.2527
3360.0000,0.2090,0.2112,0.2151,0.2230,0.2337,0.2478,0.2557
3365.0000,0.2097,0.2120,0.2160,0.2243,0.2356,0.2513,0.2581
3370.0000,0.2104,0.2128,0.2171,0.2254,0.2381,0.2540,0.2627
3375.0000,0.2116,0.2134,0.2183,0.2265,0.2409,0.2570,0.2674
3380.0000,0.2122,0.2146,0.2191,0.2281,0.2433,0.2610,0.2709
3385.0000,0.2129,0.2156,0.2201,0.2296,0.2461,0.2649,0.2752
3390.0000,0.2142,0.2163,0.2214,0.2311,0.2494,0.2684,0.2806
3395.0000,0.2150,0.2174,0.2223,0.2331,0.2523,0.2732,0.2847
3400.0000,0.2154,0.2188,0.2233,0.2352,0.2559,0.2773,0.2914
3405.0000,0.2169,0.2196,0.2245,0.2374,0.2592,0.2825,0.2964
3410.0000,0.2178,0.2208,0.2256,0.2400,0.2626,0.2883,0.3010
3415.0000,0.2188,0.2219,0.2270,0.2424,0.2668,0.2933,0.3084
3420.0000,0.2189,0.2235,0.2283,0.2453,0.2709,0.2993,0.3144
3425.0000,0.2210,0.2243,0.2301,0.2482,0.2752,0.3059,0.3193
3430.0000,0.2222,0.2254,0.2321,0.2510,0.2805,0.3113,0.3279
3435.0000,0.2227,0.2271,0.2341,0.2541,0.2859,0.3173,0.3361
3440.0000,0.2248,0.2282,0.2363,0.2576,0.2910,0.3247,0.3426
3445.0000,0.2261,0.2298,0.2386,0.2614,0.2964,0.3324,0.3488
3450.0000,0.2274,0.2315,0.2411,0.2651,0.3028,0.3392,0.3567
3455.0000,0.2294,0.2331,0.2440,0.2690,0.3095,0.3461,0.3647
3460.0000,0.2305,0.2356,0.2465,0.2737,0.3158,0.3541,0.3713
3465.0000,0.2320,0.2380,0.2492,0.2785,0.3225,0.3620,0.3775
3470.0000,0.2347,0.2400,0.2526,0.2832,0.3301,0.3690,0.3844
3475.0000,0.2367,0.2426,0.2558,0.2886,0.3373,0.3769,0.3893
3480.0000,0.2383,0.2456,0.2593,0.2941,0.3454,0.3832,0.3964
3485.0000,0.2416,0.2480,0.2633,0.2998,0.3533,0.3899,0.4015
3490.0000,0.2443,0.2510,0.2673,0.3062,0.3610,0.3967,0.4049
3495.0000,0.2470,0.2542,0.2716,0.3126,0.3691,0.4020,0.4093
3500.0000,0.2502,0.2574,0.2764,0.3193,0.3771,0.4067,0.4130
3505.0000,0.2527,0.2617,0.2806,0.3269,0.3841,0.4119,0.4137
3510.0000,0.2562,0.2655,0.2858,0.3342,0.3917,0.4149,0.4163
3515.0000,0.2602,0.2693,0.2914,0.3418,0.3987,0.4175,0.4171
3520.0000,0.2640,0.2738,0.2969,0.3499,0.4045,0.4202,0.4152
3525.0000,0.2666,0.2794,0.3025,0.3580,0.4100,0.4210,0.4142
3530.0000,0.2720,0.2836,0.3093,0.3656,0.4154,0.4202,0.4131
3535.0000,0.2769,0.2886,0.3160,0.3736,0.4192,0.4199,0.4088
3540.0000,0.2820,0.2937,0.3234,0.3811,0.4227,0.4176,0.4057
3545.0000,0.2852,0.3003,0.3303,0.3888,0.4246,0.4151,0.4003
3550.0000,0.2918,0.3058,0.3380,0.3960,0.4255,0.4122,0.3923
3555.0000,0.2977,0.3119,0.3461,0.4021,0.4265,0.4061,0.3889
3560.0000,0.3012,0.3197,0.3533,0.4084,0.4254,0.4007,0.3821
3565.0000,0.3092,0.3258,0.3614,0.4137,0.4231,0.3951,0.3730
3570.0000,0.3162,0.3325,0.3696,0.4179,0.4207,0.3872,0.3677
3575.0000,0.3230,0.3396,0.3774,0.4217,0.4164,0.3802,0.3589
3580.0000,0.3302,0.3466,0.3851,0.4244,0.4113,0.3727,0.3497
3585.0000,0.3358,0.3550,0.3916,0.4266,0.4050,0.3651,0.3392
3590.0000,0.3435,0.3620,0.3988,0.4267,0.3992,0.3548,0.3329
3595.0000,0.3514,0.3689,0.4053,0.4263,0.3919,0.3460,0.3239
3600.0000,0.3589,0.3757,0.4110,0.4248,0.3838,0.3372,0.3145
3605.0000,0.3640,0.3838,0.4152,0.4227,0.3749,0.3285,0.3051
3610.0000,0.3723,0.3897,0.4197,0.4188,0.3666,0.3183,0.2979
3615.0000,0.3793,0.3958,0.4228,0.4144,0.3571,0.3096,0.2894
3620.0000,0.3859,0.4013,0.4250,0.4090,0.3475,0.3009,0.2812
3625.0000,0.3923,0.4061,0.4262,0.4028,0.3376,0.2926,0.2728
3630.0000,0.3971,0.4111,0.4258,0.3961,0.3274,0.2850,0.2638
3635.0000,0.4018,0.4149,0.4248,0.3883,0.3182,0.2760,0.2587
3640.0000,0.4070,0.4172,0.4230,0.3799,0.3087,0.2686,0.2516
3645.0000,0.4106,0.4191,0.4198,0.3713,0.2991,0.2618,0.2440
