150.0000,0.6985,0.5960,0.4393,0.3566,0.3703,0.3721,0.3751
155.0000,0.6585,0.5610,0.4207,0.3545,0.3735,0.3715,0.3770
160.0000,0.6243,0.5262,0.4065,0.3533,0.3766,0.3705,0.3801
165.0000,0.5817,0.5024,0.3900,0.3562,0.3763,0.3725,0.3801
170.0000,0.5508,0.4776,0.3781,0.3591,0.3761,0.3742,0.3809
175.0000,0.5196,0.4578,0.3672,0.3634,0.3746,0.3768,0.3818
180.0000,0.4946,0.4380,0.3603,0.3669,0.3736,0.3793,0.3826
185.0000,0.4728,0.4197,0.3568,0.3695,0.3733,0.3812,0.3842
190.0000,0.4497,0.4068,0.3535,0.3728,0.3720,0.3848,0.3830
195.0000,0.4330,0.3930,0.3543,0.3738,0.3731,0.3859,0.3863
200.0000,0.4250,0.3774,0.3591,0.3729,0.3757,0.3863,0.3897
205.0000,0.4082,0.3693,0.3620,0.3730,0.3770,0.3888,0.3897
210.0000,0.3963,0.3630,0.3656,0.3724,0.3796,0.3894,0.3937
215.0000,0.3839,0.3611,0.3676,0.3726,0.3817,0.3907,0.3971
220.0000,0.3760,0.3606,0.3691,0.3733,0.3831,0.3934,0.3985
225.0000,0.3678,0.3634,0.3689,0.3747,0.3845,0.3957,0.4019
230.0000,0.3628,0.3661,0.3687,0.3762,0.3860,0.3981,0.4054
235.0000,0.3645,0.3662,0.3699,0.3770,0.3882,0.4002,0.4097
240.0000,0.3646,0.3674,0.3704,0.3785,0.3897,0.4037,0.4128
245.0000,0.3650,0.3683,0.3711,0.3798,0.3916,0.4071,0.4167
250.0000,0.3666,0.3685,0.3724,0.3810,0.3940,0.4105,0.4210
255.0000,0.3672,0.3694,0.3732,0.3826,0.3961,0.4150,0.4242
260.0000,0.3670,0.3707,0.3740,0.3841,0.3989,0.4186,0.4299
265.0000,0.3688,0.3710,0.3754,0.3855,0.4020,0.4229,0.4346
270.0000,0.3694,0.3721,0.3763,0.3874,0.4048,0.4281,0.4383
275.0000,0.3700,0.3731,0.3775,0.3891,0.4086,0.4324,0.4444
280.0000,0.3715,0.3736,0.3791,0.3907,0.4128,0.4367,0.4509
285.0000,0.3721,0.3750,0.3801,0.3932,0.4163,0.4427,0.4554
290.0000,0.3727,0.3762,0.3814,0.3955,0.4208,0.4477,0.4623
295.0000,0.3744,0.3769,0.3832,0.3978,0.4257,0.4528,0.4697
300.0000,0.3754,0.3783,0.3845,0.4010,0.4300,0.4596,0.4754
305.0000,0.3759,0.3800,0.3859,0.4041,0.4350,0.4654,0.4841
310.0000,0.3777,0.3810,0.3878,0.4075,0.4401,0.4723,0.4916
315.0000,0.3788,0.3827,0.3893,0.4115,0.4449,0.4805,0.4978
320.0000,0.3797,0.3845,0.3914,0.4153,0.4508,0.4872,0.5085
325.0000,0.3797,0.3868,0.3934,0.4196,0.4568,0.4949,0.5186
330.0000,0.3830,0.3878,0.3962,0.4240,0.4625,0.5045,0.5262
335.0000,0.3846,0.3896,0.3990,0.4285,0.4690,0.5136,0.5356
340.0000,0.3861,0.3914,0.4024,0.4329,0.4768,0.5218,0.5479
345.0000,0.3887,0.3931,0.4059,0.4379,0.4837,0.5327,0.5564
350.0000,0.3902,0.3958,0.4094,0.4431,0.4918,0.5427,0.5677
355.0000,0.3923,0.3982,0.4135,0.4481,0.5009,0.5520,0.5813
360.0000,0.3953,0.4006,0.4180,0.4534,0.5105,0.5616,0.5958
365.0000,0.3969,0.4045,0.4216,0.4600,0.5192,0.5738,0.6089
370.0000,0.3989,0.4086,0.4253,0.4671,0.5279,0.5873,0.6207
375.0000,0.4032,0.4115,0.4302,0.4738,0.5382,0.5996,0.6354
380.0000,0.4066,0.4154,0.4348,0.4815,0.5480,0.6140,0.6483
385.0000,0.4084,0.4202,0.4395,0.4892,0.5594,0.6269,0.6662
390.0000,0.4135,0.4238,0.4451,0.4974,0.5705,0.6425,0.6804
395.0000,0.4173,0.4284,0.4506,0.5062,0.5819,0.6588,0.6936
400.0000,0.4216,0.4327,0.4571,0.5145,0.5956,0.6729,0.7126
405.0000,0.4266,0.4369,0.4643,0.5231,0.6100,0.6873,0.7324
410.0000,0.4305,0.4426,0.4707,0.5333,0.6232,0.7049,0.7490
415.0000,0.4352,0.4483,0.4777,0.5437,0.6374,0.7227,0.7658
420.0000,0.4410,0.4535,0.4858,0.5539,0.6534,0.7387,0.7868
425.0000,0.4464,0.4598,0.4934,0.5656,0.6682,0.7581,0.8040
430.0000,0.4509,0.4671,0.5014,0.5773,0.6851,0.7747,0.8300
435.0000,0.4579,0.4738,0.5099,0.5903,0.7007,0.7955,0.8500
440.0000,0.4642,0.4814,0.5184,0.6040,0.7165,0.8177,0.8692
445.0000,0.4705,0.4893,0.5279,0.6174,0.7347,0.8369,0.8982
450.0000,0.4747,0.4987,0.5373,0.6318,0.7530,0.8578,0.9282
455.0000,0.4850,0.5061,0.5480,0.6470,0.7703,0.8833,0.9541
460.0000,0.4934,0.5147,0.5590,0.6627,0.7881,0.9108,0.9782
465.0000,0.5017,0.5234,0.5713,0.6780,0.8084,0.9371,1.0074
470.0000,0.5112,0.5323,0.5839,0.6943,0.8281,0.9676,1.0303
475.0000,0.5189,0.5433,0.5967,0.7107,0.8501,0.9974,1.0540
480.0000,0.5298,0.5525,0.6120,0.7257,0.8766,1.0225,1.0848
485.0000,0.5401,0.5630,0.6272,0.7418,0.9036,1.0494,1.1120
490.0000,0.5487,0.5762,0.6410,0.7600,0.9299,1.0789,1.1338
495.0000,0.5603,0.5886,0.6559,0.7787,0.9579,1.1074,1.1523
500.0000,0.5728,0.6008,0.6719,0.7974,0.9888,1.1313,1.1729
505.0000,0.5858,0.6140,0.6874,0.8185,1.0185,1.1568,1.1851
510.0000,0.5944,0.6305,0.7018,0.8412,1.0490,1.1780,1.1971
515.0000,0.6097,0.6447,0.7179,0.8650,1.0794,1.1973,1.2010
555.0000,0.7322,0.7795,0.8781,1.0960,1.2582,1.1441,1.0228
560.0000,0.7524,0.7979,0.9053,1.1249,1.2632,1.1008,0.9885
565.0000,0.7718,0.8189,0.9318,1.1550,1.2565,1.0584,0.9433
570.0000,0.7909,0.8418,0.9587,1.1839,1.2408,1.0129,0.8940
575.0000,0.7998,0.8720,0.9832,1.2122,1.2147,0.9659,0.8416
580.0000,0.8300,0.8936,1.0139,1.2339,1.1827,0.9151,0.7899
585.0000,0.8538,0.9182,1.0455,1.2497,1.1461,0.8563,0.7592
590.0000,0.8797,0.9427,1.0770,1.2615,1.0978,0.8080,0.7126
595.0000,0.9067,0.9671,1.1092,1.2661,1.0435,0.7625,0.6670
600.0000,0.9300,0.9949,1.1400,1.2629,0.9864,0.7168,0.6277
605.0000,0.9587,1.0196,1.1721,1.2492,0.9295,0.6702,0.6002
610.0000,0.9857,1.0459,1.2004,1.2287,0.8685,0.6333,0.5679
615.0000,1.0099,1.0747,1.2240,1.2000,0.8087,0.5994,0.5411
620.0000,1.0422,1.0980,1.2459,1.1617,0.7527,0.5683,0.5197
625.0000,1.0670,1.1240,1.2596,1.1180,0.6978,0.5449,0.4959
630.0000,1.0935,1.1473,1.2670,1.0679,0.6482,0.5246,0.4737
635.0000,1.1128,1.1722,1.2648,1.0137,0.6046,0.5055,0.4567
640.0000,1.1376,1.1899,1.2569,0.9542,0.5700,0.4842,0.4479
645.0000,1.1600,1.2036,1.2395,0.8949,0.5380,0.4706,0.4326
650.0000,1.1755,1.2145,1.2125,0.8359,0.5125,0.4557,0.4251
655.0000,1.1898,1.2184,1.1781,0.7783,0.4923,0.4415,0.4201
660.0000,1.1958,1.2192,1.1337,0.7258,0.4735,0.4324,0.4117
665.0000,1.1993,1.2109,1.0849,0.6761,0.4601,0.4210,0.4133
670.0000,1.2004,1.1935,1.0319,0.6315,0.4478,0.4143,0.4105
675.0000,1.1897,1.1733,0.9731,0.5935,0.4364,0.4097,0.4092
680.0000,1.1728,1.1458,0.9129,0.5610,0.4258,0.4083,0.4047
685.0000,1.1576,1.1068,0.8562,0.5313,0.4185,0.4064,0.4019
690.0000,1.1289,1.0671,0.7984,0.5074,0.4114,0.4062,0.3979
695.0000,1.0941,1.0227,0.7441,0.4867,0.4065,0.4052,0.3956
700.0000,1.0636,0.9693,0.6972,0.4674,0.4048,0.4026,0.3944
705.0000,1.0247,0.9151,0.6542,0.4515,0.4032,0.4015,0.3897
710.0000,0.9766,0.8645,0.6137,0.4387,0.4030,0.3978,0.3915
715.0000,0.9264,0.8152,0.5774,0.4287,0.4025,0.3950,0.3915
720.0000,0.8820,0.7646,0.5469,0.4202,0.4024,0.3924,0.3910
725.0000,0.8424,0.7124,0.5230,0.4124,0.4031,0.3895,0.3912
730.0000,0.7876,0.6732,0.4972,0.4092,0.4009,0.3886,0.3902
735.0000,0.7427,0.6346,0.4762,0.4068,0.3988,0.3880,0.3896
740.0000,0.6953,0.6038,0.4557,0.4068,0.3951,0.3885,0.3889
745.0000,0.6594,0.5708,0.4417,0.4057,0.3928,0.3885,0.3888
750.0000,0.6253,0.5407,0.4312,0.4044,0.3908,0.3886,0.3888
755.0000,0.5904,0.5166,0.4217,0.4040,0.3880,0.3900,0.3873
760.0000,0.5654,0.4913,0.4173,0.4016,0.3875,0.3895,0.3885
765.0000,0.5377,0.4717,0.4137,0.3994,0.3871,0.3893,0.3896
770.0000,0.5124,0.4564,0.4103,0.3978,0.3862,0.3904,0.3888
775.0000,0.4914,0.4435,0.4083,0.3955,0.3865,0.3901,0.3905
780.0000,0.4738,0.4331,0.4067,0.3934,0.3869,0.3902,0.3920
785.0000,0.4601,0.4240,0.4057,0.3914,0.3873,0.3911,0.3920
790.0000,0.4440,0.4201,0.4027,0.3905,0.3875,0.3917,0.3940
795.0000,0.4352,0.4151,0.4011,0.3892,0.3881,0.3923,0.3958
800.0000,0.4264,0.4126,0.3982,0.3890,0.3880,0.3942,0.3959
805.0000,0.4205,0.4094,0.3964,0.3883,0.3888,0.3950,0.3987
810.0000,0.4165,0.4061,0.3950,0.3877,0.3897,0.3962,0.4009
815.0000,0.4119,0.4041,0.3931,0.3879,0.3901,0.3986,0.4016
820.0000,0.4079,0.4022,0.3915,0.3878,0.3912,0.3999,0.4051
825.0000,0.4046,0.4002,0.3903,0.3879,0.3924,0.4016,0.4085
830.0000,0.4033,0.3976,0.3896,0.3882,0.3933,0.4047,0.4099
835.0000,0.4005,0.3961,0.3887,0.3886,0.3948,0.4069,0.4138
840.0000,0.3975,0.3950,0.3879,0.3891,0.3964,0.4093,0.4181
845.0000,0.3969,0.3930,0.3879,0.3894,0.3985,0.4119,0.4228
850.0000,0.3951,0.3920,0.3874,0.3904,0.4000,0.4159,0.4265
855.0000,0.3930,0.3913,0.3871,0.3914,0.4021,0.4196,0.4314
860.0000,0.3927,0.3898,0.3877,0.3920,0.4049,0.4231,0.4377
865.0000,0.3913,0.3895,0.3875,0.3935,0.4071,0.4283,0.4430
870.0000,0.3897,0.3894,0.3878,0.3947,0.4103,0.4326,0.4519
875.0000,0.3899,0.3886,0.3884,0.3961,0.4132,0.4387,0.4595
880.0000,0.3892,0.3887,0.3887,0.3981,0.4162,0.4459,0.4672
885.0000,0.3880,0.3890,0.3894,0.3998,0.4204,0.4523,0.4795
890.0000,0.3888,0.3887,0.3904,0.4018,0.4244,0.4611,0.4901
895.0000,0.3884,0.3893,0.3910,0.4044,0.4285,0.4713,0.5010
900.0000,0.3880,0.3899,0.3922,0.4066,0.4343,0.4809,0.5164
905.0000,0.3891,0.3899,0.3939,0.4090,0.4406,0.4922,0.5324
910.0000,0.3891,0.3909,0.3950,0.4122,0.4468,0.5061,0.5475
915.0000,0.3892,0.3922,0.3962,0.4159,0.4535,0.5226,0.5593
920.0000,0.3907,0.3925,0.3985,0.4190,0.4628,0.5379,0.5742
925.0000,0.3913,0.3937,0.4005,0.4230,0.4726,0.5554,0.5857
930.0000,0.3918,0.3951,0.4030,0.4268,0.4851,0.5712,0.5998
935.0000,0.3935,0.3961,0.4058,0.4313,0.4983,0.5886,0.6071
940.0000,0.3948,0.3978,0.4085,0.4367,0.5131,0.6054,0.6097
945.0000,0.3962,0.3994,0.4118,0.4421,0.5308,0.6177,0.6139
950.0000,0.3970,0.4017,0.4152,0.4486,0.5501,0.6268,0.6144
955.0000,0.3996,0.4038,0.4184,0.4571,0.5686,0.6355,0.6038
960.0000,0.4018,0.4063,0.4222,0.4663,0.5891,0.6363,0.5969
965.0000,0.4035,0.4096,0.4256,0.4778,0.6081,0.6339,0.5811
970.0000,0.4064,0.4127,0.4298,0.4909,0.6262,0.6252,0.5612
975.0000,0.4079,0.4177,0.4331,0.5070,0.6402,0.6134,0.5319
980.0000,0.4105,0.4218,0.4386,0.5230,0.6542,0.5890,0.5127
985.0000,0.4152,0.4259,0.4444,0.5419,0.6608,0.5647,0.4821
990.0000,0.4182,0.4316,0.4507,0.5624,0.6614,0.5360,0.4486
995.0000,0.4186,0.4393,0.4576,0.5839,0.6553,0.5038,0.4133
1000.0000,0.4270,0.4431,0.4694,0.6028,0.6457,0.4638,0.3860
1005.0000,0.4321,0.4498,0.4817,0.6219,0.6269,0.4253,0.3574
1010.0000,0.4375,0.4572,0.4957,0.6393,0.5998,0.3898,0.3243
1015.0000,0.4459,0.4639,0.5130,0.6524,0.5676,0.3534,0.2975
1020.0000,0.4520,0.4737,0.5312,0.6613,0.5303,0.3182,0.2776
1025.0000,0.4608,0.4838,0.5509,0.6657,0.4862,0.2923,0.2476
1030.0000,0.4713,0.4942,0.5725,0.6627,0.4413,0.2678,0.2227
1035.0000,0.4811,0.5070,0.5941,0.6524,0.3970,0.2448,0.2026
1040.0000,0.4955,0.5183,0.6168,0.6333,0.3560,0.2216,0.1922
1045.0000,0.5069,0.5331,0.6357,0.6089,0.3153,0.2054,0.1789
1050.0000,0.5221,0.5467,0.6524,0.5777,0.2785,0.1921,0.1671
1055.0000,0.5359,0.5626,0.6634,0.5417,0.2461,0.1811,0.1582
1060.0000,0.5486,0.5794,0.6684,0.5017,0.2194,0.1702,0.1553
1065.0000,0.5646,0.5934,0.6673,0.4597,0.1962,0.1643,0.1487
1070.0000,0.5791,0.6066,0.6586,0.4168,0.1783,0.1585,0.1470
1075.0000,0.5863,0.6209,0.6406,0.3757,0.1640,0.1547,0.1454
1080.0000,0.5990,0.6286,0.6169,0.3360,0.1532,0.1532,0.1409
1085.0000,0.6064,0.6331,0.5867,0.2991,0.1468,0.1501,0.1430
1090.0000,0.6105,0.6322,0.5514,0.2660,0.1427,0.1484,0.1434
1095.0000,0.6162,0.6226,0.5141,0.2361,0.1414,0.1466,0.1438
1100.0000,0.6116,0.6108,0.4725,0.2116,0.1405,0.1463,0.1427
1105.0000,0.6006,0.5941,0.4295,0.1916,0.1409,0.1453,0.1433
1110.0000,0.5946,0.5670,0.3898,0.1744,0.1427,0.1440,0.1435
1115.0000,0.5775,0.5390,0.3497,0.1621,0.1440,0.1433,0.1436
1120.0000,0.5612,0.5039,0.3142,0.1522,0.1460,0.1422,0.1438
1125.0000,0.5362,0.4686,0.2809,0.1458,0.1470,0.1418,0.1434
1130.0000,0.5049,0.4350,0.2494,0.1428,0.1472,0.1412,0.1440
1135.0000,0.4703,0.4022,0.2212,0.1422,0.1462,0.1418,0.1431
1140.0000,0.4418,0.3656,0.1995,0.1418,0.1457,0.1420,0.1426
1145.0000,0.4124,0.3295,0.1829,0.1417,0.1455,0.1417,0.1427
1150.0000,0.3771,0.2990,0.1683,0.1430,0.1443,0.1422,0.1420
1155.0000,0.3464,0.2695,0.1581,0.1438,0.1435,0.1424,0.1417
1160.0000,0.3203,0.2401,0.1529,0.1436,0.1434,0.1422,0.1411
1165.0000,0.2883,0.2194,0.1473,0.1446,0.1426,0.1423,0.1409
1170.0000,0.2622,0.2009,0.1443,0.1450,0.1421,0.1421,0.1407
1175.0000,0.2384,0.1864,0.1422,0.1455,0.1413,0.1426,0.1393
1180.0000,0.2224,0.1716,0.1431,0.1445,0.1418,0.1416,0.1398
1185.0000,0.2036,0.1625,0.1432,0.1442,0.1419,0.1410,0.1400
1190.0000,0.1881,0.1563,0.1431,0.1441,0.1415,0.1410,0.1391
1195.0000,0.1752,0.1524,0.1429,0.1439,0.1413,0.1406,0.1392
1200.0000,0.1675,0.1484,0.1436,0.1434,0.1413,0.1401,0.1392
1205.0000,0.1606,0.1460,0.1440,0.1430,0.1410,0.1400,0.1384
1210.0000,0.1546,0.1452,0.1439,0.1428,0.1408,0.1395,0.1386
1215.0000,0.1498,0.1451,0.1435,0.1427,0.1404,0.1392,0.1385
1220.0000,0.1482,0.1443,0.1437,0.1424,0.1402,0.1389,0.1384
1225.0000,0.1464,0.1442,0.1434,0.1422,0.1398,0.1389,0.1378
1230.0000,0.1450,0.1442,0.1432,0.1420,0.1395,0.1386,0.1379
1235.0000,0.1448,0.1438,0.1432,0.1416,0.1393,0.1383,0.1378
1240.0000,0.1442,0.1438,0.1430,0.1414,0.1389,0.1383,0.1373
1245.0000,0.1437,0.1437,0.1428,0.1411,0.1388,0.1380,0.1373
1250.0000,0.1439,0.1433,0.1427,0.1407,0.1387,0.1377,0.1374
1255.0000,0.1435,0.1433,0.1424,0.1404,0.1383,0.1377,0.1370
1260.0000,0.1432,0.1432,0.1422,0.1402,0.1381,0.1375,0.1372
1265.0000,0.1433,0.1429,0.1420,0.1398,0.1380,0.1373,0.1372
1270.0000,0.1430,0.1429,0.1416,0.1397,0.1376,0.1375,0.1368
1275.0000,0.1426,0.1428,0.1412,0.1394,0.1375,0.1373,0.1371
1280.0000,0.1427,0.1424,0.1411,0.1391,0.1374,0.1373,0.1372
1285.0000,0.1425,0.1422,0.1407,0.1389,0.1371,0.1375,0.1366
1290.0000,0.1421,0.1421,0.1404,0.1386,0.1371,0.1374,0.1370
1295.0000,0.1421,0.1416,0.1402,0.1383,0.1371,0.1373,0.1372
1300.0000,0.1418,0.1414,0.1399,0.1382,0.1369,0.1376,0.1367
1305.0000,0.1415,0.1412,0.1396,0.1380,0.1370,0.1375,0.1369
1310.0000,0.1414,0.1407,0.1394,0.1377,0.1371,0.1373,0.1371
1315.0000,0.1411,0.1405,0.1391,0.1376,0.1370,0.1376,0.1365
1320.0000,0.1406,0.1403,0.1388,0.1374,0.1371,0.1374,0.1368
1325.0000,0.1400,0.1402,0.1385,0.1374,0.1372,0.1373,0.1369
1330.0000,0.1402,0.1397,0.1383,0.1373,0.1371,0.1375,0.1362
1335.0000,0.1399,0.1395,0.1381,0.1372,0.1372,0.1372,0.1366
1340.0000,0.1393,0.1394,0.1378,0.1372,0.1373,0.1371,0.1366
1345.0000,0.1395,0.1390,0.1377,0.1372,0.1373,0.1369,0.1366
1350.0000,0.1391,0.1389,0.1374,0.1373,0.1372,0.1370,0.1361
1355.0000,0.1386,0.1387,0.1372,0.1373,0.1372,0.1367,0.1364
1360.0000,0.1388,0.1383,0.1373,0.1373,0.1372,0.1366,0.1364
1365.0000,0.1385,0.1381,0.1371,0.1374,0.1370,0.1367,0.1360
1370.0000,0.1380,0.1380,0.1370,0.1375,0.1369,0.1365,0.1360
1375.0000,0.1381,0.1377,0.1371,0.1374,0.1369,0.1363,0.1361
1380.0000,0.1378,0.1376,0.1371,0.1375,0.1366,0.1364,0.1357
1385.0000,0.1375,0.1376,0.1371,0.1374,0.1365,0.1362,0.1359
1390.0000,0.1376,0.1373,0.1372,0.1373,0.1365,0.1361,0.1360
1395.0000,0.1374,0.1373,0.1372,0.1373,0.1362,0.1363,0.1355
1400.0000,0.1372,0.1373,0.1372,0.1372,0.1362,0.1361,0.1359
1405.0000,0.1374,0.1372,0.1373,0.1371,0.1361,0.1360,0.1360
1410.0000,0.1372,0.1372,0.1373,0.1371,0.1359,0.1363,0.1356
1415.0000,0.1370,0.1374,0.1372,0.1369,0.1359,0.1361,0.1360
1420.0000,0.1372,0.1372,0.1373,0.1367,0.1359,0.1360,0.1363
1425.0000,0.1371,0.1373,0.1372,0.1367,0.1357,0.1363,0.1361
1430.0000,0.1369,0.1374,0.1371,0.1366,0.1357,0.1363,0.1366
1435.0000,0.1372,0.1372,0.1371,0.1364,0.1358,0.1364,0.1370
1440.0000,0.1372,0.1373,0.1370,0.1364,0.1356,0.1368,0.1368
1445.0000,0.1370,0.1373,0.1369,0.1362,0.1357,0.1370,0.1373
1450.0000,0.1366,0.1375,0.1367,0.1362,0.1358,0.1372,0.1378
1455.0000,0.1371,0.1372,0.1366,0.1361,0.1358,0.1378,0.1374
1460.0000,0.1370,0.1372,0.1365,0.1360,0.1360,0.1380,0.1380
1465.0000,0.1367,0.1372,0.1364,0.1359,0.1363,0.1382,0.1384
1470.0000,0.1370,0.1369,0.1364,0.1358,0.1366,0.1383,0.1388
1475.0000,0.1368,0.1369,0.1362,0.1359,0.1368,0.1388,0.1386
1480.0000,0.1365,0.1369,0.1361,0.1358,0.1372,0.1389,0.1391
1485.0000,0.1368,0.1366,0.1361,0.1358,0.1377,0.1390,0.1395
1490.0000,0.1366,0.1366,0.1359,0.1360,0.1379,0.1394,0.1394
1495.0000,0.1363,0.1366,0.1358,0.1362,0.1383,0.1395,0.1398
1500.0000,0.1365,0.1363,0.1358,0.1363,0.1386,0.1397,0.1400
1505.0000,0.1363,0.1364,0.1356,0.1367,0.1388,0.1400,0.1398
1510.0000,0.1360,0.1364,0.1355,0.1370,0.1390,0.1402,0.1400
1515.0000,0.1362,0.1362,0.1357,0.1373,0.1393,0.1402,0.1401
1520.0000,0.1360,0.1362,0.1356,0.1377,0.1394,0.1407,0.1395
1525.0000,0.1358,0.1362,0.1357,0.1380,0.1397,0.1405,0.1399
1530.0000,0.1361,0.1359,0.1360,0.1382,0.1400,0.1404,0.1399
1535.0000,0.1360,0.1359,0.1362,0.1385,0.1401,0.1406,0.1393
1540.0000,0.1358,0.1360,0.1365,0.1388,0.1403,0.1403,0.1395
1545.0000,0.1360,0.1359,0.1368,0.1390,0.1405,0.1400,0.1396
1550.0000,0.1360,0.1361,0.1371,0.1393,0.1405,0.1401,0.1390
1555.0000,0.1358,0.1364,0.1373,0.1396,0.1405,0.1399,0.1390
1560.0000,0.1361,0.1364,0.1377,0.1398,0.1405,0.1396,0.1390
1565.0000,0.1362,0.1367,0.1379,0.1401,0.1403,0.1396,0.1383
1570.0000,0.1362,0.1371,0.1381,0.1403,0.1402,0.1393,0.1384
1575.0000,0.1359,0.1376,0.1383,0.1405,0.1400,0.1390,0.1384
1580.0000,0.1367,0.1376,0.1387,0.1407,0.1397,0.1390,0.1377
1585.0000,0.1369,0.1378,0.1390,0.1407,0.1396,0.1386,0.1381
1590.0000,0.1371,0.1381,0.1393,0.1407,0.1394,0.1384,0.1383
1595.0000,0.1376,0.1382,0.1397,0.1406,0.1392,0.1382,0.1384
1600.0000,0.1377,0.1386,0.1398,0.1406,0.1388,0.1383,0.1382
1605.0000,0.1377,0.1389,0.1400,0.1405,0.1385,0.1382,0.1385
1610.0000,0.1383,0.1390,0.1403,0.1403,0.1383,0.1383,0.1387
1615.0000,0.1385,0.1394,0.1403,0.1402,0.1380,0.1386,0.1386
1620.0000,0.1384,0.1398,0.1403,0.1400,0.1378,0.1388,0.1389
1625.0000,0.1391,0.1397,0.1406,0.1396,0.1378,0.1389,0.1392
1630.0000,0.1392,0.1400,0.1405,0.1394,0.1377,0.1394,0.1389
1635.0000,0.1393,0.1402,0.1405,0.1391,0.1378,0.1394,0.1393
1640.0000,0.1397,0.1401,0.1405,0.1387,0.1381,0.1395,0.1396
1645.0000,0.1398,0.1403,0.1403,0.1385,0.1382,0.1400,0.1391
1650.0000,0.1398,0.1404,0.1401,0.1382,0.1385,0.1399,0.1396
1655.0000,0.1401,0.1402,0.1400,0.1380,0.1389,0.1399,0.1398
1660.0000,0.1400,0.1403,0.1396,0.1380,0.1391,0.1402,0.1393
1665.0000,0.1398,0.1404,0.1392,0.1380,0.1394,0.1401,0.1396
1670.0000,0.1401,0.1402,0.1390,0.1380,0.1397,0.1399,0.1399
1675.0000,0.1400,0.1401,0.1386,0.1382,0.1398,0.1402,0.1394
1680.0000,0.1398,0.1400,0.1383,0.1384,0.1400,0.1400,0.1397
1685.0000,0.1393,0.1400,0.1379,0.1387,0.1401,0.1400,0.1398
1690.0000,0.1397,0.1395,0.1379,0.1390,0.1400,0.1401,0.1393
1695.0000,0.1393,0.1393,0.1378,0.1392,0.1401,0.1400,0.1395
1700.0000,0.1388,0.1392,0.1377,0.1395,0.1401,0.1399,0.1395
1705.0000,0.1391,0.1387,0.1379,0.1398,0.1399,0.1401,0.1388
1710.0000,0.1389,0.1386,0.1380,0.1399,0.1400,0.1399,0.1393
1715.0000,0.1385,0.1385,0.1382,0.1400,0.1399,0.1397,0.1393
1720.0000,0.1386,0.1382,0.1386,0.1401,0.1399,0.1396,0.1393
1725.0000,0.1384,0.1383,0.1387,0.1402,0.1397,0.1397,0.1388
1730.0000,0.1381,0.1384,0.1389,0.1402,0.1397,0.1395,0.1390
1735.0000,0.1383,0.1383,0.1393,0.1402,0.1397,0.1393,0.1390
1740.0000,0.1383,0.1385,0.1395,0.1402,0.1395,0.1394,0.1386
1745.0000,0.1380,0.1388,0.1396,0.1402,0.1395,0.1392,0.1388
1750.0000,0.1385,0.1388,0.1399,0.1401,0.1395,0.1390,0.1389
1755.0000,0.1385,0.1391,0.1399,0.1401,0.1393,0.1391,0.1386
1760.0000,0.1385,0.1394,0.1399,0.1400,0.1393,0.1389,0.1390
1765.0000,0.1389,0.1394,0.1401,0.1399,0.1392,0.1389,0.1391
1770.0000,0.1389,0.1397,0.1400,0.1400,0.1389,0.1392,0.1388
1775.0000,0.1390,0.1399,0.1399,0.1399,0.1388,0.1391,0.1391
1780.0000,0.1394,0.1398,0.1401,0.1397,0.1388,0.1391,0.1393
1785.0000,0.1395,0.1399,0.1400,0.1397,0.1386,0.1395,0.1389
1790.0000,0.1394,0.1401,0.1399,0.1396,0.1386,0.1395,0.1394
1795.0000,0.1397,0.1399,0.1400,0.1394,0.1388,0.1395,0.1397
1800.0000,0.1398,0.1400,0.1399,0.1393,0.1387,0.1399,0.1393
1805.0000,0.1397,0.1401,0.1398,0.1392,0.1388,0.1400,0.1396
1810.0000,0.1394,0.1402,0.1397,0.1391,0.1390,0.1399,0.1399
1815.0000,0.1399,0.1399,0.1397,0.1390,0.1391,0.1403,0.1394
1820.0000,0.1398,0.1400,0.1396,0.1389,0.1393,0.1402,0.1398
1825.0000,0.1393,0.1402,0.1393,0.1389,0.1395,0.1402,0.1400
1830.0000,0.1398,0.1399,0.1393,0.1389,0.1395,0.1405,0.1394
1835.0000,0.1396,0.1399,0.1391,0.1389,0.1398,0.1403,0.1399
1840.0000,0.1393,0.1400,0.1389,0.1390,0.1400,0.1403,0.1400
1845.0000,0.1397,0.1396,0.1389,0.1391,0.1402,0.1402,0.1401
1850.0000,0.1394,0.1397,0.1387,0.1393,0.1401,0.1404,0.1398
1855.0000,0.1392,0.1397,0.1386,0.1395,0.1402,0.1402,0.1401
1860.0000,0.1395,0.1393,0.1387,0.1396,0.1403,0.1401,0.1403
1865.0000,0.1393,0.1393,0.1387,0.1398,0.1402,0.1403,0.1401
1870.0000,0.1389,0.1393,0.1387,0.1400,0.1402,0.1403,0.1403
1875.0000,0.1392,0.1390,0.1389,0.1400,0.1402,0.1402,0.1405
1880.0000,0.1390,0.1391,0.1389,0.1402,0.1400,0.1405,0.1403
1885.0000,0.1388,0.1391,0.1390,0.1403,0.1400,0.1405,0.1406
1890.0000,0.1390,0.1389,0.1393,0.1403,0.1401,0.1406,0.1409
1895.0000,0.1389,0.1391,0.1394,0.1404,0.1399,0.1410,0.1406
1900.0000,0.1388,0.1391,0.1396,0.1404,0.1400,0.1410,0.1412
1905.0000,0.1390,0.1390,0.1399,0.1403,0.1401,0.1411,0.1415
1910.0000,0.1390,0.1392,0.1399,0.1403,0.1401,0.1416,0.1412
1915.0000,0.1388,0.1395,0.1400,0.1403,0.1402,0.1416,0.1417
1920.0000,0.1392,0.1394,0.1402,0.1402,0.1405,0.1417,0.1422
1925.0000,0.1392,0.1396,0.1402,0.1402,0.1405,0.1422,0.1419
1930.0000,0.1393,0.1398,0.1402,0.1402,0.1408,0.1423,0.1425
1935.0000,0.1389,0.1402,0.1401,0.1402,0.1410,0.1425,0.1430
1940.0000,0.1395,0.1400,0.1401,0.1403,0.1412,0.1430,0.1427
1945.0000,0.1395,0.1402,0.1401,0.1404,0.1415,0.1431,0.1434
1950.0000,0.1392,0.1405,0.1399,0.1405,0.1417,0.1434,0.1439
1955.0000,0.1398,0.1403,0.1400,0.1406,0.1418,0.1440,0.1435
1960.0000,0.1398,0.1403,0.1400,0.1407,0.1422,0.1440,0.1444
1965.0000,0.1397,0.1404,0.1400,0.1409,0.1426,0.1442,0.1449
1970.0000,0.1401,0.1402,0.1401,0.1410,0.1429,0.1444,0.1454
1975.0000,0.1399,0.1403,0.1401,0.1413,0.1431,0.1450,0.1454
1980.0000,0.1397,0.1404,0.1401,0.1416,0.1434,0.1452,0.1460
1985.0000,0.1401,0.1402,0.1403,0.1417,0.1438,0.1455,0.1465
1990.0000,0.1400,0.1403,0.1403,0.1421,0.1440,0.1461,0.1466
1995.0000,0.1398,0.1405,0.1404,0.1424,0.1443,0.1464,0.1472
2000.0000,0.1402,0.1403,0.1407,0.1425,0.1447,0.1468,0.1477
2005.0000,0.1401,0.1404,0.1409,0.1429,0.1449,0.1474,0.1477
2010.0000,0.1400,0.1406,0.1410,0.1432,0.1454,0.1477,0.1484
2015.0000,0.1403,0.1405,0.1414,0.1434,0.1459,0.1480,0.1490
2020.0000,0.1403,0.1408,0.1415,0.1438,0.1461,0.1487,0.1489
2025.0000,0.1403,0.1410,0.1418,0.1440,0.1466,0.1489,0.1498
2030.0000,0.1407,0.1410,0.1421,0.1442,0.1471,0.1492,0.1507
2035.0000,0.1408,0.1413,0.1423,0.1447,0.1474,0.1499,0.1509
2040.0000,0.1407,0.1416,0.1425,0.1450,0.1478,0.1503,0.1520
2045.0000,0.1412,0.1417,0.1429,0.1454,0.1482,0.1509,0.1527
2050.0000,0.1413,0.1420,0.1430,0.1459,0.1484,0.1518,0.1529
2055.0000,0.1414,0.1424,0.1433,0.1463,0.1489,0.1525,0.1541
2060.0000,0.1411,0.1429,0.1435,0.1467,0.1494,0.1531,0.1551
2065.0000,0.1420,0.1428,0.1439,0.1471,0.1497,0.1543,0.1552
2070.0000,0.1422,0.1431,0.1443,0.1474,0.1504,0.1550,0.1565
2075.0000,0.1423,0.1434,0.1447,0.1477,0.1511,0.1557,0.1575
2080.0000,0.1429,0.1435,0.1452,0.1481,0.1517,0.1570,0.1576
2085.0000,0.1430,0.1439,0.1456,0.1485,0.1526,0.1576,0.1587
2090.0000,0.1431,0.1443,0.1460,0.1489,0.1535,0.1584,0.1595
2095.0000,0.1437,0.1444,0.1465,0.1492,0.1545,0.1591,0.1602
2100.0000,0.1439,0.1450,0.1467,0.1498,0.1553,0.1600,0.1602
2105.0000,0.1440,0.1455,0.1470,0.1503,0.1564,0.1605,0.1607
2110.0000,0.1447,0.1457,0.1475,0.1509,0.1575,0.1609,0.1610
2115.0000,0.1449,0.1462,0.1477,0.1517,0.1583,0.1616,0.1606
2120.0000,0.1449,0.1468,0.1479,0.1525,0.1592,0.1617,0.1606
2125.0000,0.1458,0.1469,0.1485,0.1532,0.1602,0.1616,0.1605
2130.0000,0.1461,0.1474,0.1488,0.1542,0.1608,0.1618,0.1597
2135.0000,0.1464,0.1478,0.1493,0.1551,0.1616,0.1614,0.1595
2140.0000,0.1470,0.1480,0.1500,0.1560,0.1622,0.1608,0.1590
2145.0000,0.1473,0.1485,0.1505,0.1571,0.1623,0.1606,0.1577
2150.0000,0.1475,0.1490,0.1511,0.1581,0.1626,0.1596,0.1577
2155.0000,0.1482,0.1493,0.1520,0.1590,0.1626,0.1588,0.1571
2160.0000,0.1486,0.1500,0.1527,0.1600,0.1621,0.1582,0.1560
2165.0000,0.1487,0.1507,0.1534,0.1609,0.1617,0.1574,0.1557
2170.0000,0.1496,0.1511,0.1545,0.1615,0.1611,0.1565,0.1553
2175.0000,0.1502,0.1517,0.1554,0.1622,0.1602,0.1560,0.1545
2180.0000,0.1507,0.1525,0.1564,0.1626,0.1593,0.1554,0.1540
2185.0000,0.1507,0.1535,0.1573,0.1628,0.1583,0.1549,0.1535
2190.0000,0.1521,0.1540,0.1584,0.1628,0.1572,0.1548,0.1521
2195.0000,0.1528,0.1548,0.1595,0.1625,0.1564,0.1539,0.1525
2200.0000,0.1535,0.1556,0.1604,0.1620,0.1556,0.1534,0.1523
2205.0000,0.1545,0.1563,0.1613,0.1613,0.1550,0.1530,0.1520
2210.0000,0.1552,0.1573,0.1619,0.1607,0.1542,0.1529,0.1512
2215.0000,0.1560,0.1581,0.1624,0.1597,0.1537,0.1523,0.1515
2220.0000,0.1570,0.1588,0.1627,0.1588,0.1533,0.1519,0.1514
2225.0000,0.1575,0.1598,0.1625,0.1580,0.1527,0.1519,0.1509
2230.0000,0.1580,0.1606,0.1622,0.1572,0.1524,0.1516,0.1510
2235.0000,0.1591,0.1609,0.1619,0.1563,0.1521,0.1513,0.1510
2240.0000,0.1596,0.1615,0.1613,0.1556,0.1517,0.1514,0.1505
2245.0000,0.1596,0.1620,0.1604,0.1550,0.1515,0.1512,0.1506
2250.0000,0.1606,0.1617,0.1598,0.1542,0.1514,0.1510,0.1507
2255.0000,0.1607,0.1617,0.1589,0.1537,0.1511,0.1511,0.1503
2260.0000,0.1607,0.1615,0.1581,0.1532,0.1510,0.1509,0.1505
2265.0000,0.1610,0.1608,0.1574,0.1527,0.1510,0.1507,0.1507
2270.0000,0.1607,0.1603,0.1565,0.1524,0.1508,0.1509,0.1503
2275.0000,0.1603,0.1597,0.1558,0.1521,0.1508,0.1507,0.1507
2280.0000,0.1601,0.1589,0.1552,0.1518,0.1508,0.1507,0.1508
2285.0000,0.1594,0.1583,0.1544,0.1517,0.1505,0.1510,0.1504
2290.0000,0.1587,0.1577,0.1537,0.1515,0.1505,0.1509,0.1507
2295.0000,0.1583,0.1568,0.1534,0.1512,0.1506,0.1509,0.1511
2300.0000,0.1576,0.1562,0.1528,0.1512,0.1504,0.1512,0.1507
2305.0000,0.1568,0.1556,0.1524,0.1511,0.1505,0.1512,0.1511
2310.0000,0.1559,0.1550,0.1520,0.1510,0.1505,0.1513,0.1514
2315.0000,0.1557,0.1542,0.1518,0.1509,0.1504,0.1518,0.1507
2320.0000,0.1549,0.1537,0.1516,0.1508,0.1506,0.1517,0.1512
2325.0000,0.1541,0.1534,0.1513,0.1508,0.1508,0.1517,0.1515
2330.0000,0.1539,0.1528,0.1513,0.1506,0.1510,0.1517,0.1517
2335.0000,0.1534,0.1524,0.1511,0.1506,0.1511,0.1519,0.1513
2340.0000,0.1527,0.1523,0.1509,0.1506,0.1513,0.1518,0.1518
2345.0000,0.1526,0.1518,0.1509,0.1506,0.1515,0.1517,0.1520
2350.0000,0.1521,0.1518,0.1507,0.1508,0.1515,0.1520,0.1518
2355.0000,0.1516,0.1517,0.1505,0.1509,0.1516,0.1519,0.1521
2360.0000,0.1518,0.1513,0.1506,0.1509,0.1518,0.1519,0.1523
2365.0000,0.1514,0.1513,0.1504,0.1512,0.1517,0.1523,0.1521
2370.0000,0.1509,0.1513,0.1503,0.1513,0.1517,0.1523,0.1524
2375.0000,0.1512,0.1509,0.1505,0.1514,0.1518,0.1524,0.1526
2380.0000,0.1510,0.1509,0.1504,0.1516,0.1517,0.1528,0.1524
2385.0000,0.1507,0.1509,0.1505,0.1517,0.1518,0.1528,0.1527
2390.0000,0.1509,0.1507,0.1507,0.1517,0.1520,0.1528,0.1530
2395.0000,0.1507,0.1507,0.1508,0.1518,0.1520,0.1533,0.1526
2400.0000,0.1505,0.1508,0.1510,0.1518,0.1522,0.1532,0.1531
2405.0000,0.1507,0.1506,0.1512,0.1518,0.1524,0.1532,0.1534
2410.0000,0.1507,0.1507,0.1513,0.1519,0.1524,0.1536,0.1530
2415.0000,0.1505,0.1509,0.1513,0.1519,0.1527,0.1536,0.1535
2420.0000,0.1508,0.1509,0.1515,0.1519,0.1529,0.1536,0.1538
2425.0000,0.1507,0.1511,0.1514,0.1522,0.1529,0.1540,0.1533
2430.0000,0.1506,0.1513,0.1515,0.1523,0.1531,0.1540,0.1538
2435.0000,0.1503,0.1517,0.1514,0.1524,0.1532,0.1540,0.1542
2440.0000,0.1510,0.1515,0.1515,0.1526,0.1532,0.1544,0.1536
2445.0000,0.1510,0.1516,0.1516,0.1527,0.1535,0.1543,0.1544
2450.0000,0.1509,0.1517,0.1517,0.1528,0.1536,0.1544,0.1548
2455.0000,0.1514,0.1516,0.1519,0.1529,0.1538,0.1545,0.1551
2460.0000,0.1512,0.1518,0.1519,0.1531,0.1537,0.1549,0.1550
2465.0000,0.1511,0.1520,0.1519,0.1533,0.1539,0.1551,0.1555
2470.0000,0.1515,0.1518,0.1522,0.1533,0.1541,0.1552,0.1559
2475.0000,0.1515,0.1520,0.1523,0.1535,0.1541,0.1558,0.1558
2480.0000,0.1513,0.1522,0.1524,0.1537,0.1543,0.1559,0.1563
2485.0000,0.1518,0.1520,0.1527,0.1537,0.1546,0.1561,0.1567
2490.0000,0.1518,0.1522,0.1528,0.1538,0.1547,0.1566,0.1565
2495.0000,0.1516,0.1525,0.1528,0.1539,0.1550,0.1568,0.1570
2500.0000,0.1521,0.1524,0.1531,0.1539,0.1554,0.1569,0.1574
2505.0000,0.1521,0.1526,0.1532,0.1541,0.1555,0.1574,0.1572
2510.0000,0.1521,0.1528,0.1533,0.1543,0.1559,0.1575,0.1576
2515.0000,0.1524,0.1528,0.1535,0.1544,0.1563,0.1577,0.1579
2520.0000,0.1524,0.1531,0.1534,0.1547,0.1565,0.1582,0.1575
2525.0000,0.1524,0.1533,0.1535,0.1549,0.1569,0.1582,0.1580
2530.0000,0.1528,0.1532,0.1537,0.1550,0.1573,0.1582,0.1583
2535.0000,0.1529,0.1534,0.1537,0.1554,0.1574,0.1586,0.1579
2540.0000,0.1528,0.1537,0.1538,0.1557,0.1577,0.1586,0.1583
2545.0000,0.1532,0.1536,0.1541,0.1559,0.1580,0.1585,0.1585
2550.0000,0.1533,0.1538,0.1541,0.1563,0.1580,0.1589,0.1580
2555.0000,0.1533,0.1539,0.1543,0.1566,0.1582,0.1588,0.1583
2560.0000,0.1529,0.1543,0.1544,0.1570,0.1584,0.1587,0.1585
2565.0000,0.1536,0.1541,0.1548,0.1573,0.1583,0.1591,0.1578
2570.0000,0.1537,0.1543,0.1551,0.1575,0.1586,0.1588,0.1585
2575.0000,0.1536,0.1546,0.1553,0.1578,0.1586,0.1587,0.1587
2580.0000,0.1541,0.1546,0.1557,0.1579,0.1587,0.1587,0.1589
2585.0000,0.1541,0.1549,0.1559,0.1583,0.1585,0.1589,0.1586
2590.0000,0.1541,0.1552,0.1562,0.1584,0.1586,0.1589,0.1589
2595.0000,0.1547,0.1552,0.1567,0.1585,0.1586,0.1589,0.1591
2600.0000,0.1548,0.1556,0.1569,0.1587,0.1585,0.1592,0.1588
2605.0000,0.1547,0.1560,0.1571,0.1588,0.1585,0.1592,0.1592
2610.0000,0.1554,0.1561,0.1576,0.1587,0.1587,0.1592,0.1595
2615.0000,0.1556,0.1564,0.1577,0.1588,0.1586,0.1596,0.1593
2620.0000,0.1555,0.1569,0.1579,0.1588,0.1586,0.1596,0.1597
2625.0000,0.1562,0.1569,0.1582,0.1587,0.1588,0.1597,0.1601
2630.0000,0.1564,0.1572,0.1583,0.1588,0.1588,0.1601,0.1599
2635.0000,0.1565,0.1575,0.1584,0.1587,0.1590,0.1601,0.1604
2640.0000,0.1570,0.1576,0.1586,0.1587,0.1592,0.1603,0.1607
2645.0000,0.1571,0.1580,0.1585,0.1588,0.1592,0.1608,0.1603
2650.0000,0.1572,0.1582,0.1585,0.1588,0.1594,0.1608,0.1609
2655.0000,0.1577,0.1582,0.1587,0.1588,0.1597,0.1609,0.1613
2660.0000,0.1577,0.1584,0.1585,0.1590,0.1598,0.1614,0.1610
2665.0000,0.1577,0.1587,0.1585,0.1590,0.1601,0.1615,0.1616
2670.0000,0.1581,0.1585,0.1586,0.1591,0.1604,0.1615,0.1621
2675.0000,0.1582,0.1586,0.1586,0.1593,0.1605,0.1620,0.1619
2680.0000,0.1582,0.1587,0.1586,0.1594,0.1607,0.1622,0.1625
2685.0000,0.1578,0.1590,0.1585,0.1596,0.1610,0.1624,0.1630
2690.0000,0.1584,0.1587,0.1586,0.1598,0.1610,0.1630,0.1625
2695.0000,0.1583,0.1588,0.1586,0.1600,0.1613,0.1631,0.1633
2700.0000,0.1581,0.1590,0.1587,0.1602,0.1616,0.1633,0.1638
2705.0000,0.1586,0.1588,0.1589,0.1603,0.1620,0.1635,0.1643
2710.0000,0.1585,0.1589,0.1590,0.1606,0.1621,0.1641,0.1643
2715.0000,0.1583,0.1590,0.1591,0.1608,0.1624,0.1643,0.1648
2720.0000,0.1587,0.1588,0.1594,0.1610,0.1628,0.1645,0.1652
2725.0000,0.1587,0.1590,0.1595,0.1613,0.1630,0.1651,0.1651
2730.0000,0.1584,0.1593,0.1597,0.1615,0.1633,0.1653,0.1657
2735.0000,0.1589,0.1592,0.1600,0.1616,0.1638,0.1655,0.1661
2740.0000,0.1589,0.1594,0.1601,0.1620,0.1640,0.1660,0.1660
2745.0000,0.1589,0.1597,0.1603,0.1622,0.1644,0.1662,0.1666
2750.0000,0.1593,0.1596,0.1606,0.1624,0.1649,0.1663,0.1671
2755.0000,0.1593,0.1600,0.1607,0.1628,0.1650,0.1669,0.1670
2760.0000,0.1593,0.1603,0.1609,0.1631,0.1654,0.1671,0.1676
2765.0000,0.1598,0.1603,0.1612,0.1634,0.1657,0.1673,0.1680
2770.0000,0.1598,0.1606,0.1613,0.1639,0.1659,0.1680,0.1676
2775.0000,0.1599,0.1608,0.1616,0.1641,0.1663,0.1681,0.1683
2780.0000,0.1604,0.1608,0.1620,0.1644,0.1667,0.1682,0.1687
2785.0000,0.1605,0.1611,0.1622,0.1648,0.1668,0.1688,0.1684
2790.0000,0.1604,0.1615,0.1625,0.1651,0.1672,0.1689,0.1691
2795.0000,0.1610,0.1615,0.1629,0.1653,0.1676,0.1690,0.1697
2800.0000,0.1611,0.1619,0.1631,0.1657,0.1678,0.1696,0.1694
2805.0000,0.1613,0.1622,0.1634,0.1661,0.1681,0.1697,0.1701
2810.0000,0.1611,0.1627,0.1636,0.1664,0.1684,0.1700,0.1706
2815.0000,0.1619,0.1627,0.1641,0.1668,0.1685,0.1706,0.1701
2820.0000,0.1621,0.1631,0.1644,0.1670,0.1689,0.1707,0.1710
2825.0000,0.1621,0.1635,0.1647,0.1673,0.1692,0.1709,0.1715
2830.0000,0.1628,0.1636,0.1651,0.1675,0.1696,0.1712,0.1720
2835.0000,0.1628,0.1641,0.1653,0.1680,0.1697,0.1718,0.1720
2840.0000,0.1629,0.1645,0.1656,0.1682,0.1700,0.1720,0.1725
2845.0000,0.1637,0.1645,0.1661,0.1684,0.1704,0.1723,0.1729
2850.0000,0.1640,0.1649,0.1664,0.1687,0.1706,0.1729,0.1728
2855.0000,0.1639,0.1653,0.1667,0.1690,0.1710,0.1730,0.1735
2860.0000,0.1647,0.1654,0.1671,0.1691,0.1715,0.1731,0.1741
2865.0000,0.1649,0.1658,0.1673,0.1695,0.1717,0.1737,0.1742
2870.0000,0.1650,0.1663,0.1676,0.1698,0.1721,0.1739,0.1750
2875.0000,0.1656,0.1664,0.1679,0.1701,0.1725,0.1743,0.1756
2880.0000,0.1657,0.1670,0.1680,0.1705,0.1726,0.1751,0.1756
2885.0000,0.1659,0.1673,0.1682,0.1709,0.1729,0.1755,0.1763
2890.0000,0.1666,0.1674,0.1686,0.1711,0.1733,0.1759,0.1768
2895.0000,0.1667,0.1678,0.1688,0.1716,0.1735,0.1768,0.1765
2900.0000,0.1669,0.1681,0.1691,0.1718,0.1741,0.1771,0.1773
2905.0000,0.1675,0.1681,0.1697,0.1720,0.1747,0.1774,0.1779
2910.0000,0.1677,0.1685,0.1699,0.1724,0.1750,0.1781,0.1775
2915.0000,0.1677,0.1689,0.1702,0.1726,0.1757,0.1782,0.1785
2920.0000,0.1683,0.1690,0.1707,0.1729,0.1764,0.1783,0.1791
2925.0000,0.1685,0.1693,0.1709,0.1733,0.1767,0.1790,0.1788
2930.0000,0.1687,0.1697,0.1711,0.1737,0.1773,0.1791,0.1796
2935.0000,0.1684,0.1703,0.1713,0.1742,0.1777,0.1794,0.1801
2940.0000,0.1694,0.1704,0.1716,0.1748,0.1779,0.1800,0.1797
2945.0000,0.1695,0.1709,0.1718,0.1753,0.1784,0.1801,0.1806
2950.0000,0.1695,0.1714,0.1720,0.1758,0.1787,0.1804,0.1812
2955.0000,0.1703,0.1714,0.1726,0.1762,0.1791,0.1807,0.1817
2960.0000,0.1704,0.1719,0.1728,0.1769,0.1792,0.1814,0.1817
2965.0000,0.1707,0.1722,0.1732,0.1773,0.1795,0.1816,0.1825
2970.0000,0.1714,0.1721,0.1739,0.1776,0.1800,0.1819,0.1831
2975.0000,0.1717,0.1724,0.1744,0.1780,0.1801,0.1826,0.1832
2980.0000,0.1717,0.1729,0.1749,0.1784,0.1805,0.1829,0.1841
2985.0000,0.1724,0.1731,0.1755,0.1786,0.1810,0.1833,0.1847
2990.0000,0.1726,0.1736,0.1759,0.1790,0.1812,0.1841,0.1848
2995.0000,0.1727,0.1742,0.1763,0.1794,0.1816,0.1846,0.1857
3000.0000,0.1734,0.1745,0.1769,0.1796,0.1821,0.1851,0.1865
3005.0000,0.1736,0.1752,0.1771,0.1800,0.1824,0.1861,0.1864
3010.0000,0.1740,0.1757,0.1775,0.1803,0.1830,0.1865,0.1873
3015.0000,0.1748,0.1759,0.1781,0.1805,0.1836,0.1870,0.1880
3020.0000,0.1752,0.1764,0.1784,0.1809,0.1841,0.1880,0.1878
3025.0000,0.1754,0.1769,0.1787,0.1812,0.1848,0.1882,0.1889
3030.0000,0.1761,0.1771,0.1792,0.1815,0.1856,0.1885,0.1897
3035.0000,0.1765,0.1776,0.1794,0.1820,0.1861,0.1894,0.1896
3040.0000,0.1765,0.1783,0.1795,0.1825,0.1868,0.1897,0.1906
3045.0000,0.1773,0.1784,0.1799,0.1830,0.1875,0.1901,0.1912
3050.0000,0.1776,0.1789,0.1801,0.1837,0.1879,0.1910,0.1911
3055.0000,0.1779,0.1793,0.1804,0.1842,0.1885,0.1913,0.1919
3060.0000,0.1776,0.1799,0.1806,0.1849,0.1890,0.1917,0.1926
3065.0000,0.1787,0.1799,0.1811,0.1856,0.1894,0.1926,0.1921
3070.0000,0.1790,0.1803,0.1815,0.1861,0.1900,0.1928,0.1930
3075.0000,0.1791,0.1807,0.1820,0.1867,0.1906,0.1931,0.1935
3080.0000,0.1799,0.1807,0.1827,0.1872,0.1913,0.1934,0.1940
3085.0000,0.1800,0.1812,0.1832,0.1879,0.1916,0.1940,0.1938
3090.0000,0.1802,0.1817,0.1838,0.1884,0.1922,0.1941,0.1944
3095.0000,0.1810,0.1819,0.1845,0.1889,0.1927,0.1943,0.1948
3100.0000,0.1813,0.1824,0.1851,0.1895,0.1930,0.1948,0.1946
3105.0000,0.1813,0.1832,0.1855,0.1901,0.1934,0.1949,0.1952
3110.0000,0.1822,0.1834,0.1863,0.1906,0.1939,0.1950,0.1956
3115.0000,0.1826,0.1841,0.1867,0.1912,0.1940,0.1955,0.1953
3120.0000,0.1829,0.1848,0.1873,0.1917,0.1944,0.1956,0.1959
3125.0000,0.1838,0.1852,0.1880,0.1921,0.1947,0.1957,0.1965
3130.0000,0.1841,0.1859,0.1884,0.1928,0.1947,0.1963,0.1962
3135.0000,0.1846,0.1866,0.1890,0.1931,0.1950,0.1964,0.1971
3140.0000,0.1855,0.1869,0.1897,0.1934,0.1953,0.1965,0.1978
3145.0000,0.1860,0.1874,0.1902,0.1939,0.1953,0.1972,0.1978
3150.0000,0.1863,0.1882,0.1907,0.1942,0.1955,0.1975,0.1988
3155.0000,0.1871,0.1885,0.1914,0.1944,0.1958,0.1979,0.1997
3160.0000,0.1876,0.1892,0.1918,0.1948,0.1958,0.1989,0.1999
3165.0000,0.1878,0.1899,0.1922,0.1950,0.1961,0.1994,0.2011
3170.0000,0.1888,0.1902,0.1927,0.1951,0.1965,0.2001,0.2020
3175.0000,0.1893,0.1908,0.1931,0.1954,0.1967,0.2013,0.2020
3180.0000,0.1897,0.1913,0.1935,0.1955,0.1973,0.2020,0.2033
3185.0000,0.1896,0.1921,0.1937,0.1957,0.1979,0.2027,0.2045
3190.0000,0.1908,0.1922,0.1941,0.1958,0.1984,0.2041,0.2043
3195.0000,0.1912,0.1927,0.1944,0.1960,0.1994,0.2047,0.2058
3200.0000,0.1915,0.1932,0.1947,0.1961,0.2004,0.2053,0.2070
3205.0000,0.1923,0.1933,0.1950,0.1963,0.2014,0.2060,0.2081
3210.0000,0.1924,0.1939,0.1950,0.1969,0.2022,0.2072,0.2085
3215.0000,0.1925,0.1944,0.1950,0.1974,0.2032,0.2079,0.2095
3220.0000,0.1934,0.1944,0.1953,0.1979,0.2042,0.2086,0.2103
3225.0000,0.1936,0.1948,0.1953,0.1987,0.2050,0.2097,0.2105
3230.0000,0.1934,0.1954,0.1954,0.1995,0.2060,0.2104,0.2116
3235.0000,0.1943,0.1952,0.1958,0.2002,0.2070,0.2110,0.2123
3240.0000,0.1945,0.1955,0.1960,0.2012,0.2077,0.2120,0.2124
3245.0000,0.1946,0.1958,0.1964,0.2020,0.2087,0.2123,0.2135
3250.0000,0.1952,0.1957,0.1971,0.2028,0.2097,0.2127,0.2145
3255.0000,0.1952,0.1961,0.1975,0.2039,0.2102,0.2137,0.2146
3260.0000,0.1953,0.1965,0.1981,0.2049,0.2110,0.2142,0.2158
3265.0000,0.1959,0.1966,0.1990,0.2057,0.2118,0.2147,0.2169
3270.0000,0.1962,0.1971,0.1997,0.2068,0.2122,0.2158,0.2171
3275.0000,0.1962,0.1978,0.2004,0.2077,0.2128,0.2164,0.2186
3280.0000,0.1970,0.1981,0.2014,0.2086,0.2134,0.2172,0.2198
3285.0000,0.1973,0.1988,0.2022,0.2095,0.2137,0.2185,0.2201
3290.0000,0.1975,0.1997,0.2031,0.2103,0.2144,0.2194,0.2218
3295.0000,0.1985,0.2001,0.2042,0.2109,0.2151,0.2204,0.2232
3300.0000,0.1992,0.2009,0.2052,0.2117,0.2156,0.2220,0.2236
3305.0000,0.1998,0.2017,0.2062,0.2121,0.2166,0.2229,0.2257
3310.0000,0.1999,0.2028,0.2071,0.2127,0.2175,0.2240,0.2275
3315.0000,0.2013,0.2034,0.2081,0.2133,0.2183,0.2259,0.2281
3320.0000,0.2021,0.2043,0.2089,0.2138,0.2195,0.2270,0.2302
3325.0000,0.2026,0.2054,0.2097,0.2144,0.2208,0.2284,0.2322
3330.0000,0.2039,0.2061,0.2105,0.2149,0.2222,0.2298,0.2341
3335.0000,0.2044,0.2073,0.2109,0.2158,0.2232,0.2318,0.2354
3340.0000,0.2050,0.2083,0.2114,0.2166,0.2246,0.2334,0.2373
3345.0000,0.2065,0.2088,0.2122,0.2173,0.2263,0.2349,0.2395
3350.0000,0.2073,0.2097,0.2127,0.2183,0.2276,0.2370,0.2409
3355.0000,0.2075,0.2107,0.2131,0.2194,0.2294,0.2385,0.2437
3360.0000,0.2089,0.2111,0.2139,0.2204,0.2311,0.2404,0.2460
3365.0000,0.2096,0.2118,0.2144,0.2217,0.2325,0.2428,0.2477
3370.0000,0.2102,0.2125,0.2152,0.2229,0.2345,0.2444,0.2513
3375.0000,0.2112,0.2129,0.2161,0.2241,0.2364,0.2463,0.2550
3380.0000,0.2116,0.2138,0.2167,0.2258,0.2379,0.2493,0.2581
3385.0000,0.2121,0.2146,0.2175,0.2274,0.2396,0.2522,0.2618
3390.0000,0.2133,0.2150,0.2187,0.2288,0.2417,0.2548,0.2673
3395.0000,0.2139,0.2158,0.2196,0.2306,0.2434,0.2588,0.2719
3400.0000,0.2141,0.2169,0.2207,0.2323,0.2455,0.2626,0.2790
3405.0000,0.2154,0.2176,0.2219,0.2342,0.2472,0.2681,0.2842
3410.0000,0.2161,0.2186,0.2232,0.2360,0.2493,0.2742,0.2897
3415.0000,0.2169,0.2195,0.2248,0.2375,0.2524,0.2798,0.2979
3420.0000,0.2172,0.2208,0.2262,0.2392,0.2557,0.2864,0.3056
3425.0000,0.2190,0.2215,0.2281,0.2408,0.2594,0.2941,0.3123
3430.0000,0.2201,0.2225,0.2301,0.2421,0.2647,0.3004,0.3242
3435.0000,0.2206,0.2240,0.2318,0.2439,0.2702,0.3079,0.3362
3440.0000,0.2223,0.2253,0.2335,0.2461,0.2755,0.3175,0.3470
3445.0000,0.2235,0.2270,0.2348,0.2488,0.2812,0.3283,0.3573
3450.0000,0.2245,0.2287,0.2363,0.2516,0.2883,0.3385,0.3709
3455.0000,0.2264,0.2301,0.2381,0.2546,0.2961,0.3496,0.3850
3460.0000,0.2274,0.2323,0.2392,0.2587,0.3039,0.3626,0.3986
3465.0000,0.2284,0.2345,0.2404,0.2633,0.3120,0.3773,0.4099
3470.0000,0.2310,0.2356,0.2427,0.2677,0.3223,0.3906,0.4238
3475.0000,0.2325,0.2374,0.2447,0.2730,0.3327,0.4057,0.4354
3480.0000,0.2336,0.2393,0.2473,0.2785,0.3451,0.4191,0.4498
3485.0000,0.2361,0.2407,0.2504,0.2847,0.3578,0.4340,0.4603
3490.0000,0.2382,0.2424,0.2537,0.2917,0.3713,0.4487,0.4687
3495.0000,0.2403,0.2443,0.2576,0.2991,0.3863,0.4615,0.4773
3500.0000,0.2423,0.2465,0.2619,0.3073,0.4021,0.4727,0.4844
3505.0000,0.2441,0.2495,0.2660,0.3170,0.4174,0.4841,0.4861
3510.0000,0.2466,0.2525,0.2711,0.3271,0.4341,0.4911,0.4899
3515.0000,0.2494,0.2561,0.2764,0.3385,0.4501,0.4967,0.4897
3520.0000,0.2521,0.2605,0.2817,0.3515,0.4645,0.5014,0.4841
3525.0000,0.2536,0.2662,0.2873,0.3656,0.4784,0.5021,0.4783
3530.0000,0.2589,0.2703,0.2950,0.3795,0.4921,0.4978,0.4732
3535.0000,0.2636,0.2755,0.3029,0.3951,0.5021,0.4935,0.4617
3540.0000,0.2686,0.2809,0.3120,0.4109,0.5104,0.4851,0.4508
3545.0000,0.2712,0.2886,0.3211,0.4277,0.5149,0.4754,0.4360
3550.0000,0.2786,0.2949,0.3322,0.4440,0.5166,0.4637,0.4184
3555.0000,0.2848,0.3024,0.3447,0.4591,0.5165,0.4465,0.4084
3560.0000,0.2887,0.3125,0.3568,0.4746,0.5110,0.4314,0.3913
3565.0000,0.2990,0.3205,0.3715,0.4878,0.5029,0.4147,0.3747
3570.0000,0.3079,0.3300,0.3870,0.4989,0.4920,0.3963,0.3617
3575.0000,0.3171,0.3405,0.4028,0.5084,0.4770,0.3805,0.3439
3580.0000,0.3275,0.3514,0.4194,0.5148,0.4599,0.3648,0.3264
3585.0000,0.3365,0.3646,0.4354,0.5182,0.4413,0.3489,0.3098
3590.0000,0.3496,0.3762,0.4528,0.5170,0.4233,0.3309,0.2986
3595.0000,0.3616,0.3893,0.4686,0.5132,0.4034,0.3158,0.2850
3600.0000,0.3750,0.4023,0.4833,0.5059,0.3834,0.3016,0.2724
3605.0000,0.3855,0.4178,0.4949,0.4963,0.3632,0.2890,0.2595
3610.0000,0.3996,0.4315,0.5052,0.4829,0.3449,0.2754,0.2502
3615.0000,0.4141,0.4445,0.5127,0.4676,0.3268,0.2642,0.2398
3620.0000,0.4282,0.4568,0.5172,0.4503,0.3101,0.2533,0.2316
3625.0000,0.4402,0.4689,0.5178,0.4319,0.2946,0.2435,0.2238
3630.0000,0.4509,0.4804,0.5143,0.4132,0.2797,0.2355,0.2152
3635.0000,0.4610,0.4894,0.5080,0.3936,0.2671,0.2264,0.2116
3640.0000,0.4718,0.4950,0.4990,0.3741,0.2554,0.2193,0.2066
3645.0000,0.4794,0.4990,0.4866,0.3554,0.2444,0.2136,0.2012
