150.0000,2.0620,1.9874,1.8616,1.8210,1.9209,2.0134,2.0609
155.0000,2.0336,1.9590,1.8480,1.8271,1.9401,2.0309,2.0824
160.0000,2.0039,1.9355,1.8349,1.8377,1.9567,2.0530,2.0976
165.0000,1.9699,1.9183,1.8228,1.8513,1.9734,2.0748,2.1121
170.0000,1.9504,1.8963,1.8178,1.8643,1.9926,2.0943,2.1263
175.0000,1.9261,1.8819,1.8125,1.8814,2.0087,2.1183,2.1290
180.0000,1.9065,1.8670,1.8133,1.8968,2.0296,2.1342,2.1399
185.0000,1.8926,1.8517,1.8193,1.9116,2.0526,2.1468,2.1464
190.0000,1.8761,1.8434,1.8248,1.9297,2.0717,2.1632,2.1360
195.0000,1.8628,1.8367,1.8347,1.9461,2.0953,2.1680,2.1368
200.0000,1.8516,1.8331,1.8463,1.9636,2.1177,2.1701,2.1274
205.0000,1.8481,1.8302,1.8598,1.9827,2.1363,2.1733,2.0984
210.0000,1.8433,1.8317,1.8752,2.0004,2.1586,2.1589,2.0915
250.0000,1.8938,1.9263,2.0105,2.1693,2.1409,1.8978,1.7479
255.0000,1.9075,1.9417,2.0332,2.1824,2.1107,1.8440,1.6840
260.0000,1.9147,1.9626,2.0540,2.1925,2.0733,1.7865,1.6172
265.0000,1.9367,1.9763,2.0805,2.1935,2.0360,1.7160,1.5654
270.0000,1.9537,1.9950,2.1029,2.1927,1.9868,1.6520,1.5045
275.0000,1.9697,2.0155,2.1234,2.1871,1.9304,1.5896,1.4385
280.0000,1.9902,2.0342,2.1433,2.1747,1.8693,1.5272,1.3719
285.0000,2.0052,2.0577,2.1580,2.1571,1.8030,1.4658,1.3044
290.0000,2.0249,2.0765,2.1736,2.1291,1.7397,1.3945,1.2627
295.0000,2.0474,2.0932,2.1851,2.0962,1.6692,1.3349,1.2063
300.0000,2.0664,2.1103,2.1915,2.0568,1.5974,1.2775,1.1528
305.0000,2.0798,2.1287,2.1911,2.0119,1.5247,1.2239,1.1000
310.0000,2.1006,2.1388,2.1897,1.9574,1.4578,1.1653,1.0647
315.0000,2.1160,2.1487,2.1796,1.9002,1.3882,1.1174,1.0235
320.0000,2.1279,2.1558,2.1628,1.8386,1.3208,1.0738,0.9840
325.0000,2.1334,2.1606,2.1386,1.7732,1.2571,1.0330,0.9490
330.0000,2.1451,2.1565,2.1096,1.7045,1.1967,0.9977,0.9115
335.0000,2.1463,2.1508,2.0728,1.6334,1.1436,0.9583,0.8972
340.0000,2.1367,2.1441,2.0259,1.5645,1.0902,0.9302,0.8714
345.0000,2.1382,2.1237,1.9772,1.4938,1.0427,0.9056,0.8448
350.0000,2.1264,2.1011,1.9219,1.4237,1.0022,0.8782,0.8361
355.0000,2.1072,2.0733,1.8607,1.3570,0.9634,0.8590,0.8192
360.0000,2.0913,2.0348,1.7983,1.2916,0.9302,0.8416,0.8037
365.0000,2.0634,1.9941,1.7309,1.2306,0.9002,0.8280,0.7863
370.0000,2.0219,1.9519,1.6602,1.1730,0.8762,0.8113,0.7795
375.0000,1.9913,1.8967,1.5926,1.1177,0.8565,0.7969,0.7711
380.0000,1.9455,1.8436,1.5205,1.0695,0.8372,0.7869,0.7596
385.0000,1.9036,1.7808,1.4533,1.0233,0.8237,0.7734,0.7574
390.0000,1.8528,1.7165,1.3870,0.9820,0.8119,0.7613,0.7577
395.0000,1.7905,1.6572,1.3183,0.9484,0.7984,0.7544,0.7569
400.0000,1.7254,1.5970,1.2521,0.9198,0.7852,0.7504,0.7568
405.0000,1.6719,1.5289,1.1932,0.8937,0.7732,0.7500,0.7539
410.0000,1.6161,1.4590,1.1402,0.8699,0.7637,0.7496,0.7536
415.0000,1.5436,1.4000,1.0863,0.8518,0.7532,0.7533,0.7483
420.0000,1.4854,1.3348,1.0421,0.8331,0.7473,0.7546,0.7456
425.0000,1.4201,1.2776,0.9991,0.8184,0.7412,0.7589,0.7363
430.0000,1.3682,1.2140,0.9671,0.8010,0.7424,0.7556,0.7374
435.0000,1.3079,1.1583,0.9375,0.7858,0.7452,0.7506,0.7397
440.0000,1.2483,1.1097,0.9089,0.7746,0.7459,0.7499,0.7335
445.0000,1.1925,1.0651,0.8838,0.7645,0.7490,0.7446,0.7361
450.0000,1.1516,1.0187,0.8643,0.7552,0.7526,0.7393,0.7369
455.0000,1.1011,0.9822,0.8436,0.7500,0.7534,0.7363,0.7355
460.0000,1.0516,0.9534,0.8225,0.7482,0.7525,0.7336,0.7358
465.0000,1.0052,0.9295,0.8021,0.7490,0.7494,0.7330,0.7340
470.0000,0.9756,0.9019,0.7872,0.7495,0.7462,0.7327,0.7318
475.0000,0.9436,0.8794,0.7736,0.7512,0.7423,0.7325,0.7309
480.0000,0.9077,0.8621,0.7610,0.7537,0.7375,0.7332,0.7294
485.0000,0.8903,0.8388,0.7557,0.7533,0.7350,0.7325,0.7286
490.0000,0.8717,0.8180,0.7527,0.7526,0.7321,0.7335,0.7248
495.0000,0.8516,0.8005,0.7518,0.7503,0.7314,0.7314,0.7262
500.0000,0.8333,0.7857,0.7523,0.7476,0.7309,0.7299,0.7261
505.0000,0.8172,0.7740,0.7529,0.7450,0.7299,0.7300,0.7231
510.0000,0.8046,0.7642,0.7544,0.7415,0.7305,0.7277,0.7241
515.0000,0.7904,0.7589,0.7543,0.7388,0.7305,0.7260,0.7242
520.0000,0.7772,0.7577,0.7520,0.7376,0.7291,0.7262,0.7219
525.0000,0.7656,0.7583,0.7489,0.7367,0.7280,0.7253,0.7219
530.0000,0.7633,0.7556,0.7476,0.7349,0.7277,0.7241,0.7216
535.0000,0.7590,0.7550,0.7448,0.7344,0.7260,0.7249,0.7181
540.0000,0.7557,0.7537,0.7429,0.7331,0.7257,0.7231,0.7193
545.0000,0.7553,0.7509,0.7417,0.7317,0.7255,0.7218,0.7190
550.0000,0.7530,0.7495,0.7396,0.7312,0.7240,0.7224,0.7155
555.0000,0.7504,0.7481,0.7378,0.7302,0.7236,0.7208,0.7159
560.0000,0.7498,0.7453,0.7370,0.7289,0.7235,0.7190,0.7162
565.0000,0.7476,0.7440,0.7352,0.7286,0.7220,0.7193,0.7130
570.0000,0.7451,0.7427,0.7337,0.7278,0.7214,0.7178,0.7133
575.0000,0.7418,0.7418,0.7322,0.7273,0.7206,0.7165,0.7129
580.0000,0.7426,0.7390,0.7315,0.7266,0.7191,0.7170,0.7086
585.0000,0.7402,0.7379,0.7305,0.7257,0.7188,0.7147,0.7106
590.0000,0.7371,0.7373,0.7292,0.7252,0.7178,0.7135,0.7103
595.0000,0.7378,0.7348,0.7290,0.7241,0.7171,0.7123,0.7097
600.0000,0.7358,0.7341,0.7277,0.7238,0.7154,0.7125,0.7069
605.0000,0.7332,0.7335,0.7268,0.7230,0.7147,0.7109,0.7074
610.0000,0.7339,0.7313,0.7268,0.7217,0.7141,0.7095,0.7069
615.0000,0.7322,0.7307,0.7258,0.7212,0.7124,0.7097,0.7042
620.0000,0.7298,0.7303,0.7250,0.7202,0.7118,0.7080,0.7048
625.0000,0.7306,0.7284,0.7250,0.7188,0.7113,0.7067,0.7043
630.0000,0.7292,0.7280,0.7239,0.7182,0.7097,0.7069,0.7017
635.0000,0.7269,0.7280,0.7228,0.7173,0.7088,0.7056,0.7018
640.0000,0.7279,0.7261,0.7227,0.7158,0.7085,0.7040,0.7018
645.0000,0.7265,0.7259,0.7214,0.7152,0.7070,0.7042,0.6993
650.0000,0.7250,0.7255,0.7204,0.7143,0.7062,0.7030,0.6995
655.0000,0.7256,0.7239,0.7200,0.7130,0.7057,0.7017,0.6992
660.0000,0.7243,0.7237,0.7185,0.7125,0.7040,0.7023,0.6958
665.0000,0.7227,0.7233,0.7175,0.7114,0.7036,0.7005,0.6971
670.0000,0.7233,0.7215,0.7171,0.7101,0.7032,0.6992,0.6969
675.0000,0.7221,0.7210,0.7157,0.7096,0.7015,0.6998,0.6938
680.0000,0.7204,0.7206,0.7145,0.7087,0.7009,0.6984,0.6946
685.0000,0.7209,0.7187,0.7142,0.7073,0.7007,0.6969,0.6951
690.0000,0.7196,0.7182,0.7128,0.7068,0.6992,0.6974,0.6923
695.0000,0.7181,0.7175,0.7117,0.7059,0.6986,0.6962,0.6932
700.0000,0.7154,0.7175,0.7104,0.7052,0.6978,0.6954,0.6934
705.0000,0.7169,0.7153,0.7098,0.7044,0.6964,0.6964,0.6898
710.0000,0.7152,0.7147,0.7088,0.7034,0.6961,0.6948,0.6922
715.0000,0.7130,0.7144,0.7076,0.7026,0.6955,0.6941,0.6926
720.0000,0.7141,0.7123,0.7074,0.7014,0.6952,0.6935,0.6927
725.0000,0.7127,0.7117,0.7061,0.7009,0.6939,0.6944,0.6908
730.0000,0.7106,0.7112,0.7052,0.7000,0.6938,0.6934,0.6920
735.0000,0.7114,0.7092,0.7050,0.6987,0.6937,0.6928,0.6925
740.0000,0.7099,0.7088,0.7037,0.6983,0.6927,0.6937,0.6908
745.0000,0.7077,0.7086,0.7026,0.6975,0.6927,0.6930,0.6922
750.0000,0.7086,0.7066,0.7024,0.6964,0.6928,0.6926,0.6927
755.0000,0.7072,0.7061,0.7011,0.6961,0.6920,0.6937,0.6911
760.0000,0.7050,0.7059,0.6999,0.6956,0.6920,0.6934,0.6922
765.0000,0.7059,0.7040,0.6998,0.6946,0.6924,0.6928,0.6932
770.0000,0.7045,0.7036,0.6985,0.6945,0.6917,0.6940,0.6917
775.0000,0.7028,0.7032,0.6975,0.6941,0.6919,0.6937,0.6931
780.0000,0.7033,0.7015,0.6972,0.6935,0.6923,0.6935,0.6941
785.0000,0.7021,0.7011,0.6961,0.6936,0.6916,0.6952,0.6921
790.0000,0.7004,0.7006,0.6953,0.6933,0.6921,0.6947,0.6942
795.0000,0.7009,0.6989,0.6953,0.6928,0.6927,0.6946,0.6951
800.0000,0.6997,0.6985,0.6943,0.6931,0.6921,0.6964,0.6931
805.0000,0.6980,0.6983,0.6936,0.6930,0.6926,0.6962,0.6949
810.0000,0.6985,0.6967,0.6938,0.6925,0.6935,0.6959,0.6962
815.0000,0.6974,0.6964,0.6931,0.6929,0.6932,0.6976,0.6942
820.0000,0.6961,0.6961,0.6927,0.6929,0.6938,0.6973,0.6960
825.0000,0.6937,0.6964,0.6920,0.6931,0.6943,0.6974,0.6971
830.0000,0.6955,0.6948,0.6922,0.6934,0.6942,0.6992,0.6942
835.0000,0.6944,0.6946,0.6921,0.6934,0.6952,0.6984,0.6970
840.0000,0.6927,0.6948,0.6917,0.6937,0.6958,0.6984,0.6982
845.0000,0.6941,0.6934,0.6923,0.6936,0.6966,0.6983,0.6989
850.0000,0.6931,0.6937,0.6918,0.6944,0.6963,0.6997,0.6976
855.0000,0.6916,0.6940,0.6917,0.6948,0.6970,0.6994,0.6990
860.0000,0.6931,0.6928,0.6924,0.6948,0.6977,0.6994,0.6996
865.0000,0.6924,0.6932,0.6921,0.6957,0.6974,0.7008,0.6980
870.0000,0.6908,0.6938,0.6920,0.6962,0.6979,0.7006,0.6992
875.0000,0.6926,0.6926,0.6930,0.6961,0.6989,0.7001,0.7001
880.0000,0.6922,0.6929,0.6930,0.6969,0.6986,0.7013,0.6985
885.0000,0.6908,0.6937,0.6931,0.6973,0.6991,0.7009,0.6998
890.0000,0.6926,0.6927,0.6941,0.6973,0.6999,0.7004,0.7007
895.0000,0.6921,0.6933,0.6941,0.6981,0.6995,0.7016,0.6992
900.0000,0.6914,0.6940,0.6944,0.6985,0.6999,0.7012,0.7005
905.0000,0.6929,0.6935,0.6953,0.6986,0.7004,0.7010,0.7013
910.0000,0.6925,0.6944,0.6952,0.6995,0.6997,0.7025,0.6992
915.0000,0.6921,0.6950,0.6955,0.6997,0.7001,0.7019,0.7012
920.0000,0.6937,0.6945,0.6965,0.6997,0.7006,0.7018,0.7022
925.0000,0.6936,0.6952,0.6965,0.7004,0.6999,0.7034,0.7001
930.0000,0.6930,0.6962,0.6968,0.7006,0.7003,0.7031,0.7019
935.0000,0.6947,0.6956,0.6978,0.7003,0.7010,0.7027,0.7034
940.0000,0.6948,0.6963,0.6979,0.7009,0.7005,0.7044,0.7016
945.0000,0.6946,0.6969,0.6983,0.7009,0.7010,0.7042,0.7038
950.0000,0.6930,0.6983,0.6982,0.7012,0.7013,0.7043,0.7053
955.0000,0.6959,0.6976,0.6989,0.7013,0.7010,0.7064,0.7029
960.0000,0.6958,0.6982,0.6992,0.7013,0.7018,0.7059,0.7064
965.0000,0.6950,0.6991,0.6992,0.7014,0.7023,0.7063,0.7084
970.0000,0.6972,0.6985,0.7000,0.7012,0.7031,0.7068,0.7101
975.0000,0.6967,0.6996,0.6995,0.7019,0.7028,0.7090,0.7098
980.0000,0.6960,0.7004,0.6995,0.7021,0.7035,0.7097,0.7121
985.0000,0.6983,0.6995,0.7003,0.7019,0.7046,0.7106,0.7140
990.0000,0.6982,0.7000,0.7001,0.7025,0.7047,0.7131,0.7137
995.0000,0.6971,0.7009,0.7000,0.7028,0.7057,0.7140,0.7165
1000.0000,0.6992,0.7000,0.7009,0.7026,0.7072,0.7151,0.7185
1005.0000,0.6990,0.7005,0.7007,0.7033,0.7078,0.7178,0.7182
1010.0000,0.6985,0.7010,0.7008,0.7036,0.7094,0.7188,0.7210
1015.0000,0.6999,0.7004,0.7015,0.7037,0.7114,0.7198,0.7232
1020.0000,0.6996,0.7010,0.7013,0.7047,0.7123,0.7225,0.7228
1025.0000,0.6990,0.7016,0.7014,0.7054,0.7142,0.7234,0.7258
1030.0000,0.7004,0.7010,0.7021,0.7059,0.7163,0.7244,0.7281
1035.0000,0.7000,0.7018,0.7018,0.7075,0.7171,0.7273,0.7273
1040.0000,0.6995,0.7025,0.7019,0.7086,0.7191,0.7282,0.7303
1045.0000,0.7010,0.7018,0.7028,0.7095,0.7212,0.7293,0.7326
1050.0000,0.7009,0.7025,0.7028,0.7114,0.7221,0.7322,0.7315
1055.0000,0.7001,0.7033,0.7032,0.7129,0.7240,0.7330,0.7348
1060.0000,0.7018,0.7027,0.7045,0.7141,0.7261,0.7340,0.7371
1065.0000,0.7018,0.7034,0.7050,0.7161,0.7269,0.7368,0.7360
1070.0000,0.7016,0.7041,0.7059,0.7177,0.7288,0.7377,0.7391
1075.0000,0.7000,0.7055,0.7067,0.7194,0.7304,0.7387,0.7415
1080.0000,0.7030,0.7049,0.7084,0.7212,0.7313,0.7418,0.7397
1085.0000,0.7031,0.7058,0.7098,0.7226,0.7334,0.7422,0.7436
1090.0000,0.7026,0.7071,0.7111,0.7242,0.7351,0.7432,0.7461
1095.0000,0.7051,0.7071,0.7132,0.7255,0.7370,0.7442,0.7482
1100.0000,0.7050,0.7089,0.7142,0.7276,0.7377,0.7469,0.7481
1105.0000,0.7050,0.7105,0.7157,0.7292,0.7394,0.7479,0.7508
1110.0000,0.7079,0.7107,0.7180,0.7303,0.7414,0.7490,0.7531
1115.0000,0.7086,0.7125,0.7193,0.7323,0.7421,0.7518,0.7531
1120.0000,0.7080,0.7149,0.7205,0.7339,0.7437,0.7530,0.7561
1125.0000,0.7114,0.7152,0.7228,0.7350,0.7457,0.7543,0.7583
1130.0000,0.7125,0.7170,0.7241,0.7369,0.7465,0.7572,0.7581
1135.0000,0.7133,0.7188,0.7258,0.7382,0.7484,0.7584,0.7612
1140.0000,0.7160,0.7195,0.7280,0.7393,0.7505,0.7596,0.7636
1145.0000,0.7168,0.7218,0.7290,0.7412,0.7515,0.7626,0.7633
1150.0000,0.7177,0.7237,0.7306,0.7425,0.7536,0.7636,0.7667
1155.0000,0.7206,0.7244,0.7327,0.7436,0.7559,0.7648,0.7696
1160.0000,0.7215,0.7268,0.7336,0.7457,0.7568,0.7681,0.7691
1165.0000,0.7225,0.7286,0.7350,0.7471,0.7589,0.7693,0.7726
1170.0000,0.7254,0.7293,0.7370,0.7484,0.7611,0.7707,0.7754
1175.0000,0.7267,0.7312,0.7380,0.7505,0.7621,0.7742,0.7749
1180.0000,0.7268,0.7336,0.7391,0.7522,0.7641,0.7755,0.7788
1185.0000,0.7299,0.7341,0.7412,0.7535,0.7664,0.7770,0.7818
1190.0000,0.7313,0.7360,0.7423,0.7557,0.7675,0.7806,0.7812
1195.0000,0.7324,0.7376,0.7439,0.7573,0.7699,0.7819,0.7854
1200.0000,0.7315,0.7402,0.7449,0.7592,0.7719,0.7837,0.7890
1205.0000,0.7358,0.7404,0.7470,0.7610,0.7733,0.7876,0.7881
1210.0000,0.7369,0.7421,0.7487,0.7626,0.7759,0.7890,0.7930
1215.0000,0.7374,0.7440,0.7502,0.7644,0.7782,0.7909,0.7967
1220.0000,0.7407,0.7444,0.7526,0.7658,0.7808,0.7930,0.8001
1225.0000,0.7412,0.7468,0.7536,0.7683,0.7822,0.7969,0.8010
1230.0000,0.7418,0.7489,0.7552,0.7702,0.7847,0.7992,0.8048
1235.0000,0.7453,0.7494,0.7577,0.7716,0.7876,0.8014,0.8083
1240.0000,0.7464,0.7515,0.7590,0.7740,0.7894,0.8055,0.8092
1245.0000,0.7461,0.7542,0.7604,0.7761,0.7922,0.8077,0.8137
1250.0000,0.7500,0.7546,0.7629,0.7778,0.7952,0.8103,0.8171
1255.0000,0.7514,0.7566,0.7644,0.7803,0.7973,0.8144,0.8180
1260.0000,0.7525,0.7585,0.7663,0.7823,0.8005,0.8167,0.8225
1265.0000,0.7554,0.7594,0.7688,0.7842,0.8040,0.8190,0.8267
1270.0000,0.7564,0.7619,0.7701,0.7871,0.8060,0.8236,0.8272
1275.0000,0.7574,0.7641,0.7720,0.7895,0.8093,0.8260,0.8319
1280.0000,0.7606,0.7651,0.7746,0.7916,0.8128,0.8284,0.8361
1285.0000,0.7615,0.7678,0.7758,0.7949,0.8148,0.8333,0.8365
1290.0000,0.7628,0.7700,0.7779,0.7975,0.8183,0.8356,0.8415
1295.0000,0.7662,0.7709,0.7808,0.7998,0.8220,0.8380,0.8458
1300.0000,0.7678,0.7732,0.7827,0.8031,0.8243,0.8427,0.8464
1305.0000,0.7684,0.7760,0.7847,0.8060,0.8277,0.8451,0.8521
1310.0000,0.7719,0.7771,0.7877,0.8086,0.8312,0.8481,0.8562
1315.0000,0.7738,0.7795,0.7899,0.8121,0.8335,0.8531,0.8567
1320.0000,0.7753,0.7818,0.7925,0.8150,0.8372,0.8557,0.8627
1325.0000,0.7746,0.7855,0.7946,0.8182,0.8404,0.8588,0.8678
1330.0000,0.7799,0.7866,0.7978,0.8214,0.8429,0.8643,0.8679
1335.0000,0.7817,0.7892,0.8006,0.8244,0.8467,0.8672,0.8740
1340.0000,0.7831,0.7920,0.8034,0.8274,0.8504,0.8704,0.8792
1345.0000,0.7874,0.7934,0.8071,0.8300,0.8545,0.8737,0.8842
1350.0000,0.7888,0.7970,0.8094,0.8337,0.8571,0.8791,0.8864
1355.0000,0.7905,0.8001,0.8123,0.8368,0.8611,0.8827,0.8917
1360.0000,0.7951,0.8016,0.8162,0.8394,0.8655,0.8861,0.8969
1365.0000,0.7973,0.8048,0.8189,0.8431,0.8686,0.8917,0.8991
1370.0000,0.7979,0.8089,0.8214,0.8465,0.8728,0.8953,0.9054
1375.0000,0.8030,0.8106,0.8252,0.8495,0.8772,0.8994,0.9103
1380.0000,0.8056,0.8139,0.8279,0.8534,0.8806,0.9053,0.9125
1385.0000,0.8078,0.8172,0.8310,0.8568,0.8852,0.9090,0.9191
1390.0000,0.8121,0.8193,0.8348,0.8600,0.8901,0.9128,0.9252
1395.0000,0.8140,0.8234,0.8371,0.8645,0.8933,0.9194,0.9273
1400.0000,0.8165,0.8268,0.8402,0.8683,0.8980,0.9236,0.9338
1405.0000,0.8212,0.8288,0.8443,0.8716,0.9032,0.9277,0.9402
1410.0000,0.8241,0.8321,0.8473,0.8761,0.9068,0.9344,0.9422
1415.0000,0.8256,0.8361,0.8504,0.8802,0.9118,0.9387,0.9491
1420.0000,0.8304,0.8383,0.8548,0.8838,0.9173,0.9429,0.9558
1425.0000,0.8334,0.8418,0.8580,0.8885,0.9213,0.9498,0.9581
1430.0000,0.8350,0.8461,0.8614,0.8928,0.9267,0.9539,0.9668
1435.0000,0.8400,0.8484,0.8657,0.8968,0.9319,0.9591,0.9729
1440.0000,0.8432,0.8522,0.8691,0.9019,0.9359,0.9665,0.9754
1445.0000,0.8461,0.8560,0.8731,0.9063,0.9416,0.9712,0.9841
1450.0000,0.8461,0.8613,0.8763,0.9112,0.9469,0.9765,0.9921
1455.0000,0.8531,0.8635,0.8809,0.9161,0.9513,0.9847,0.9945
1460.0000,0.8565,0.8674,0.8851,0.9208,0.9571,0.9902,1.0031
1465.0000,0.8592,0.8715,0.8895,0.9254,0.9631,0.9958,1.0115
1470.0000,0.8650,0.8741,0.8948,0.9297,0.9696,1.0015,1.0198
1475.0000,0.8674,0.8793,0.8984,0.9354,0.9744,1.0098,1.0249
1480.0000,0.8704,0.8838,0.9029,0.9404,0.9807,1.0164,1.0333
1485.0000,0.8767,0.8865,0.9085,0.9448,0.9878,1.0225,1.0424
1490.0000,0.8804,0.8912,0.9128,0.9506,0.9933,1.0314,1.0481
1495.0000,0.8820,0.8969,0.9169,0.9561,1.0002,1.0381,1.0590
1500.0000,0.8888,0.9000,0.9224,0.9613,1.0071,1.0462,1.0676
1505.0000,0.8929,0.9050,0.9267,0.9675,1.0130,1.0561,1.0737
1510.0000,0.8964,0.9099,0.9317,0.9731,1.0208,1.0635,1.0858
1515.0000,0.9025,0.9136,0.9374,0.9786,1.0288,1.0714,1.0975
1520.0000,0.9057,0.9196,0.9415,0.9856,1.0350,1.0829,1.1048
1525.0000,0.9099,0.9247,0.9466,0.9919,1.0430,1.0923,1.1165
1530.0000,0.9165,0.9282,0.9530,0.9976,1.0523,1.1010,1.1301
1535.0000,0.9212,0.9333,0.9582,1.0047,1.0597,1.1137,1.1386
1540.0000,0.9243,0.9392,0.9636,1.0114,1.0692,1.1230,1.1564
1545.0000,0.9310,0.9434,0.9699,1.0182,1.0783,1.1353,1.1698
1550.0000,0.9359,0.9490,0.9753,1.0261,1.0866,1.1501,1.1802
1555.0000,0.9389,0.9555,0.9811,1.0333,1.0977,1.1607,1.2038
1560.0000,0.9462,0.9599,0.9880,1.0406,1.1084,1.1745,1.2243
1565.0000,0.9515,0.9660,0.9937,1.0495,1.1178,1.1926,1.2416
1570.0000,0.9566,0.9719,1.0004,1.0575,1.1298,1.2081,1.2708
1575.0000,0.9575,0.9805,1.0054,1.0674,1.1400,1.2297,1.2942
1580.0000,0.9678,0.9848,1.0128,1.0768,1.1511,1.2547,1.3149
1585.0000,0.9732,0.9916,1.0193,1.0869,1.1630,1.2826,1.3299
1590.0000,0.9787,0.9976,1.0278,1.0950,1.1803,1.3054,1.3540
1595.0000,0.9875,1.0016,1.0383,1.1020,1.2016,1.3259,1.3809
1600.0000,0.9925,1.0091,1.0463,1.1119,1.2212,1.3524,1.3993
1605.0000,0.9994,1.0154,1.0559,1.1209,1.2454,1.3737,1.4255
1610.0000,1.0074,1.0215,1.0659,1.1306,1.2716,1.3938,1.4533
1615.0000,1.0143,1.0294,1.0740,1.1437,1.2957,1.4185,1.4752
1620.0000,1.0184,1.0395,1.0812,1.1584,1.3215,1.4399,1.5049
1625.0000,1.0278,1.0480,1.0884,1.1761,1.3446,1.4671,1.5243
1630.0000,1.0348,1.0582,1.0952,1.1959,1.3679,1.4936,1.5428
1635.0000,1.0406,1.0689,1.1026,1.2168,1.3923,1.5178,1.5637
1640.0000,1.0522,1.0763,1.1132,1.2381,1.4176,1.5409,1.5825
1645.0000,1.0577,1.0883,1.1219,1.2626,1.4400,1.5672,1.5913
1650.0000,1.0662,1.0977,1.1346,1.2858,1.4656,1.5877,1.6023
1655.0000,1.0795,1.1038,1.1517,1.3080,1.4928,1.6044,1.6098
1660.0000,1.0895,1.1127,1.1688,1.3323,1.5173,1.6227,1.6031
1665.0000,1.0989,1.1224,1.1888,1.3549,1.5455,1.6296,1.6062
1670.0000,1.1102,1.1324,1.2107,1.3774,1.5736,1.6308,1.6057
1675.0000,1.1231,1.1437,1.2328,1.4021,1.5966,1.6335,1.5900
1715.0000,1.2519,1.3027,1.4148,1.6101,1.6385,1.4497,1.3227
1720.0000,1.2742,1.3230,1.4430,1.6286,1.6188,1.4055,1.2686
1725.0000,1.2909,1.3489,1.4688,1.6450,1.5917,1.3586,1.2095
1730.0000,1.3137,1.3714,1.4979,1.6542,1.5636,1.2993,1.1666
1735.0000,1.3390,1.3942,1.5255,1.6609,1.5248,1.2465,1.1088
1740.0000,1.3626,1.4187,1.5518,1.6623,1.4810,1.1908,1.0523
1745.0000,1.3783,1.4487,1.5735,1.6600,1.4301,1.1367,0.9902
1750.0000,1.4086,1.4704,1.5988,1.6472,1.3814,1.0723,0.9446
1755.0000,1.4347,1.4942,1.6192,1.6307,1.3248,1.0147,0.8939
1760.0000,1.4597,1.5176,1.6359,1.6084,1.2641,0.9606,0.8402
1765.0000,1.4845,1.5396,1.6490,1.5798,1.2014,0.9086,0.7869
1770.0000,1.5040,1.5637,1.6556,1.5461,1.1373,0.8584,0.7348
1775.0000,1.5277,1.5812,1.6607,1.5034,1.0779,0.8018,0.7042
1780.0000,1.5500,1.5963,1.6594,1.4573,1.0151,0.7557,0.6638
1785.0000,1.5694,1.6086,1.6523,1.4063,0.9538,0.7124,0.6268
1790.0000,1.5814,1.6208,1.6369,1.3526,0.8934,0.6740,0.5891
1795.0000,1.5969,1.6248,1.6181,1.2933,0.8391,0.6333,0.5642
1800.0000,1.6057,1.6272,1.5907,1.2336,0.7848,0.6007,0.5359
1805.0000,1.6104,1.6245,1.5575,1.1720,0.7347,0.5702,0.5129
1810.0000,1.6108,1.6159,1.5192,1.1089,0.6897,0.5411,0.4962
1815.0000,1.6119,1.5992,1.4765,1.0459,0.6476,0.5177,0.4787
1820.0000,1.5994,1.5827,1.4254,0.9860,0.6073,0.5000,0.4586
1825.0000,1.5854,1.5582,1.3719,0.9265,0.5729,0.4825,0.4434
1830.0000,1.5726,1.5245,1.3169,0.8682,0.5428,0.4683,0.4253
1835.0000,1.5471,1.4894,1.2580,0.8123,0.5189,0.4504,0.4227
1840.0000,1.5122,1.4523,1.1950,0.7615,0.4959,0.4385,0.4132
1845.0000,1.4856,1.4044,1.1343,0.7128,0.4772,0.4276,0.4039
1850.0000,1.4510,1.3534,1.0731,0.6682,0.4611,0.4186,0.3939
1855.0000,1.4018,1.3043,1.0101,0.6282,0.4486,0.4066,0.3940
1860.0000,1.3608,1.2471,0.9512,0.5912,0.4382,0.3967,0.3939
1865.0000,1.3086,1.1935,0.8906,0.5606,0.4269,0.3905,0.3941
1870.0000,1.2639,1.1322,0.8362,0.5324,0.4178,0.3854,0.3970
1875.0000,1.2099,1.0735,0.7828,0.5095,0.4070,0.3863,0.3954
1880.0000,1.1491,1.0196,0.7308,0.4906,0.3974,0.3871,0.3982
1885.0000,1.0870,0.9673,0.6820,0.4751,0.3876,0.3925,0.3947
1890.0000,1.0379,0.9087,0.6421,0.4589,0.3822,0.3961,0.3932
1895.0000,0.9891,0.8498,0.6084,0.4434,0.3793,0.4001,0.3887
1900.0000,0.9294,0.8005,0.5757,0.4302,0.3791,0.4008,0.3903
1905.0000,0.8785,0.7505,0.5491,0.4171,0.3819,0.3997,0.3919
1910.0000,0.8264,0.7072,0.5234,0.4073,0.3838,0.4014,0.3869
1915.0000,0.7881,0.6595,0.5059,0.3957,0.3907,0.3965,0.3920
1920.0000,0.7387,0.6233,0.4862,0.3885,0.3954,0.3935,0.3944
1925.0000,0.6944,0.5915,0.4675,0.3843,0.3986,0.3916,0.3956
1930.0000,0.6512,0.5660,0.4484,0.3833,0.3999,0.3906,0.3969
1935.0000,0.6152,0.5418,0.4318,0.3841,0.3998,0.3909,0.3971
1940.0000,0.5866,0.5178,0.4184,0.3857,0.3994,0.3911,0.3987
1945.0000,0.5548,0.4999,0.4048,0.3894,0.3968,0.3934,0.3976
1950.0000,0.5296,0.4813,0.3952,0.3926,0.3947,0.3952,0.3978
1955.0000,0.5110,0.4620,0.3896,0.3951,0.3927,0.3977,0.3961
1960.0000,0.4879,0.4480,0.3847,0.3975,0.3912,0.3991,0.3977
1965.0000,0.4713,0.4329,0.3839,0.3981,0.3912,0.3998,0.3997
1970.0000,0.4575,0.4189,0.3856,0.3975,0.3920,0.4001,0.4017
1975.0000,0.4491,0.4041,0.3902,0.3956,0.3935,0.4012,0.4020
1980.0000,0.4359,0.3956,0.3933,0.3940,0.3954,0.4012,0.4048
1985.0000,0.4216,0.3920,0.3948,0.3933,0.3967,0.4021,0.4071
1990.0000,0.4094,0.3920,0.3946,0.3936,0.3971,0.4041,0.4083
1995.0000,0.4003,0.3931,0.3940,0.3940,0.3980,0.4056,0.4113
2000.0000,0.3980,0.3925,0.3944,0.3940,0.3991,0.4074,0.4138
2005.0000,0.3943,0.3941,0.3933,0.3949,0.3996,0.4103,0.4154
2010.0000,0.3933,0.3943,0.3932,0.3953,0.4011,0.4121,0.4196
2015.0000,0.3939,0.3938,0.3936,0.3955,0.4028,0.4143,0.4239
2020.0000,0.3935,0.3940,0.3934,0.3964,0.4040,0.4180,0.4267
2025.0000,0.3930,0.3942,0.3934,0.3971,0.4057,0.4212,0.4312
2030.0000,0.3937,0.3937,0.3939,0.3976,0.4081,0.4243,0.4368
2035.0000,0.3935,0.3939,0.3939,0.3988,0.4098,0.4291,0.4407
2040.0000,0.3930,0.3942,0.3941,0.3998,0.4125,0.4330,0.4480
2045.0000,0.3937,0.3939,0.3947,0.4010,0.4151,0.4385,0.4535
2050.0000,0.3936,0.3943,0.3949,0.4026,0.4177,0.4449,0.4580
2055.0000,0.3933,0.3947,0.3955,0.4039,0.4215,0.4503,0.4661
2060.0000,0.3923,0.3955,0.3959,0.4056,0.4256,0.4563,0.4739
2065.0000,0.3940,0.3952,0.3970,0.4074,0.4297,0.4641,0.4790
2070.0000,0.3941,0.3957,0.3979,0.4094,0.4346,0.4712,0.4856
2075.0000,0.3941,0.3962,0.3990,0.4115,0.4406,0.4778,0.4934
2080.0000,0.3953,0.3964,0.4003,0.4141,0.4462,0.4862,0.4971
2085.0000,0.3954,0.3972,0.4016,0.4168,0.4532,0.4928,0.5041
2090.0000,0.3956,0.3982,0.4031,0.4198,0.4609,0.4987,0.5111
2095.0000,0.3970,0.3987,0.4050,0.4233,0.4689,0.5046,0.5170
2100.0000,0.3973,0.4003,0.4062,0.4279,0.4761,0.5115,0.5206
2105.0000,0.3975,0.4021,0.4076,0.4331,0.4835,0.5177,0.5232
2110.0000,0.3997,0.4030,0.4099,0.4384,0.4915,0.5227,0.5249
2115.0000,0.4006,0.4048,0.4119,0.4447,0.4986,0.5279,0.5235
2120.0000,0.4007,0.4072,0.4143,0.4512,0.5063,0.5305,0.5228
2125.0000,0.4037,0.4082,0.4181,0.4576,0.5142,0.5314,0.5205
2130.0000,0.4052,0.4105,0.4215,0.4650,0.5205,0.5322,0.5140
2135.0000,0.4068,0.4128,0.4257,0.4724,0.5269,0.5302,0.5073
2140.0000,0.4096,0.4149,0.4309,0.4797,0.5327,0.5259,0.4988
2145.0000,0.4115,0.4183,0.4357,0.4879,0.5363,0.5210,0.4853
2150.0000,0.4143,0.4213,0.4419,0.4951,0.5405,0.5104,0.4781
2155.0000,0.4176,0.4249,0.4481,0.5031,0.5413,0.5007,0.4642
2160.0000,0.4208,0.4293,0.4543,0.5111,0.5400,0.4895,0.4480
2165.0000,0.4228,0.4353,0.4604,0.5190,0.5365,0.4763,0.4310
2170.0000,0.4282,0.4396,0.4682,0.5251,0.5324,0.4587,0.4182
2175.0000,0.4328,0.4454,0.4754,0.5314,0.5243,0.4425,0.4016
2180.0000,0.4374,0.4516,0.4827,0.5367,0.5136,0.4260,0.3833
2185.0000,0.4393,0.4597,0.4894,0.5410,0.5002,0.4092,0.3642
2190.0000,0.4482,0.4648,0.4980,0.5428,0.4854,0.3917,0.3447
2195.0000,0.4549,0.4707,0.5067,0.5419,0.4704,0.3708,0.3339
2200.0000,0.4617,0.4770,0.5147,0.5398,0.4520,0.3538,0.3171
2205.0000,0.4687,0.4833,0.5224,0.5352,0.4327,0.3372,0.3011
2210.0000,0.4744,0.4906,0.5287,0.5285,0.4125,0.3212,0.2861
2215.0000,0.4815,0.4971,0.5348,0.5187,0.3931,0.3040,0.2762
2220.0000,0.4885,0.5036,0.5390,0.5073,0.3723,0.2904,0.2638
2225.0000,0.4939,0.5108,0.5410,0.4939,0.3520,0.2778,0.2527
2230.0000,0.5008,0.5162,0.5420,0.4780,0.3332,0.2651,0.2454
2235.0000,0.5075,0.5209,0.5407,0.4609,0.3146,0.2553,0.2365
2240.0000,0.5132,0.5247,0.5371,0.4424,0.2972,0.2468,0.2284
2245.0000,0.5160,0.5286,0.5305,0.4232,0.2813,0.2393,0.2210
2250.0000,0.5210,0.5292,0.5228,0.4024,0.2685,0.2308,0.2171
2255.0000,0.5235,0.5291,0.5121,0.3822,0.2560,0.2251,0.2113
2260.0000,0.5245,0.5273,0.4992,0.3620,0.2457,0.2191,0.2081
2265.0000,0.5250,0.5230,0.4846,0.3423,0.2370,0.2140,0.2051
2270.0000,0.5229,0.5175,0.4677,0.3239,0.2290,0.2103,0.2012
2275.0000,0.5177,0.5108,0.4491,0.3066,0.2226,0.2060,0.2006
2280.0000,0.5139,0.5003,0.4303,0.2904,0.2173,0.2028,0.1995
2285.0000,0.5061,0.4894,0.4098,0.2764,0.2122,0.2008,0.1981
2290.0000,0.4981,0.4755,0.3898,0.2634,0.2083,0.1989,0.1975
2295.0000,0.4880,0.4600,0.3700,0.2519,0.2049,0.1976,0.1969
2300.0000,0.4741,0.4451,0.3496,0.2426,0.2016,0.1973,0.1959
2305.0000,0.4589,0.4290,0.3302,0.2344,0.1989,0.1971,0.1953
2310.0000,0.4467,0.4095,0.3135,0.2266,0.1974,0.1967,0.1949
2315.0000,0.4316,0.3902,0.2979,0.2199,0.1962,0.1968,0.1933
2320.0000,0.4131,0.3726,0.2828,0.2145,0.1955,0.1962,0.1934
2325.0000,0.3943,0.3553,0.2691,0.2100,0.1951,0.1958,0.1931
2330.0000,0.3788,0.3370,0.2577,0.2059,0.1954,0.1949,0.1929
2335.0000,0.3643,0.3183,0.2484,0.2021,0.1958,0.1943,0.1919
2340.0000,0.3447,0.3039,0.2386,0.1999,0.1959,0.1933,0.1920
2345.0000,0.3288,0.2895,0.2304,0.1981,0.1960,0.1926,0.1916
2350.0000,0.3121,0.2776,0.2224,0.1974,0.1954,0.1922,0.1908
2355.0000,0.2988,0.2652,0.2164,0.1965,0.1952,0.1914,0.1907
2360.0000,0.2859,0.2540,0.2114,0.1961,0.1948,0.1908,0.1902
2365.0000,0.2722,0.2454,0.2065,0.1963,0.1938,0.1907,0.1894
2370.0000,0.2626,0.2359,0.2035,0.1960,0.1932,0.1902,0.1891
2375.0000,0.2525,0.2280,0.2012,0.1958,0.1926,0.1897,0.1888
2380.0000,0.2425,0.2219,0.1990,0.1959,0.1915,0.1897,0.1879
2385.0000,0.2336,0.2168,0.1974,0.1958,0.1908,0.1894,0.1878
2390.0000,0.2274,0.2117,0.1968,0.1953,0.1903,0.1889,0.1876
2395.0000,0.2221,0.2071,0.1967,0.1947,0.1897,0.1888,0.1865
2400.0000,0.2163,0.2040,0.1964,0.1941,0.1894,0.1881,0.1868
2405.0000,0.2119,0.2015,0.1963,0.1934,0.1891,0.1877,0.1867
2410.0000,0.2079,0.2000,0.1959,0.1929,0.1885,0.1877,0.1858
2415.0000,0.2048,0.1987,0.1957,0.1922,0.1883,0.1872,0.1860
2420.0000,0.2027,0.1976,0.1955,0.1915,0.1881,0.1867,0.1861
2425.0000,0.2005,0.1971,0.1949,0.1911,0.1876,0.1867,0.1853
2430.0000,0.1988,0.1968,0.1943,0.1906,0.1873,0.1864,0.1854
2435.0000,0.1971,0.1966,0.1936,0.1902,0.1869,0.1862,0.1853
2440.0000,0.1971,0.1958,0.1932,0.1897,0.1865,0.1864,0.1842
2445.0000,0.1963,0.1955,0.1927,0.1892,0.1864,0.1859,0.1847
2450.0000,0.1954,0.1951,0.1921,0.1888,0.1862,0.1856,0.1847
2455.0000,0.1954,0.1943,0.1917,0.1883,0.1861,0.1852,0.1847
2460.0000,0.1948,0.1939,0.1911,0.1880,0.1858,0.1853,0.1840
2465.0000,0.1939,0.1936,0.1905,0.1877,0.1857,0.1849,0.1843
2470.0000,0.1939,0.1928,0.1902,0.1873,0.1856,0.1846,0.1843
2475.0000,0.1933,0.1924,0.1896,0.1871,0.1852,0.1847,0.1837
2480.0000,0.1924,0.1921,0.1891,0.1869,0.1851,0.1844,0.1839
2485.0000,0.1924,0.1913,0.1888,0.1865,0.1850,0.1842,0.1839
2490.0000,0.1917,0.1909,0.1883,0.1864,0.1846,0.1844,0.1834
2495.0000,0.1909,0.1906,0.1878,0.1863,0.1845,0.1842,0.1836
2500.0000,0.1910,0.1898,0.1877,0.1859,0.1844,0.1839,0.1837
2505.0000,0.1903,0.1895,0.1873,0.1858,0.1841,0.1841,0.1832
2510.0000,0.1896,0.1892,0.1869,0.1856,0.1840,0.1839,0.1834
2515.0000,0.1895,0.1885,0.1868,0.1853,0.1840,0.1838,0.1835
2520.0000,0.1891,0.1882,0.1865,0.1853,0.1837,0.1841,0.1827
2525.0000,0.1885,0.1880,0.1863,0.1850,0.1837,0.1838,0.1831
2530.0000,0.1884,0.1874,0.1862,0.1847,0.1838,0.1836,0.1832
2535.0000,0.1879,0.1872,0.1859,0.1847,0.1835,0.1839,0.1824
2540.0000,0.1873,0.1871,0.1856,0.1845,0.1835,0.1836,0.1826
2545.0000,0.1874,0.1866,0.1856,0.1842,0.1837,0.1833,0.1828
2550.0000,0.1869,0.1865,0.1853,0.1842,0.1834,0.1835,0.1820
2555.0000,0.1865,0.1864,0.1850,0.1841,0.1834,0.1833,0.1822
2560.0000,0.1858,0.1864,0.1847,0.1841,0.1834,0.1830,0.1821
2565.0000,0.1862,0.1859,0.1846,0.1840,0.1832,0.1832,0.1810
2570.0000,0.1859,0.1857,0.1845,0.1839,0.1833,0.1827,0.1815
2575.0000,0.1853,0.1857,0.1842,0.1839,0.1832,0.1824,0.1813
2580.0000,0.1856,0.1852,0.1842,0.1837,0.1832,0.1820,0.1811
2585.0000,0.1852,0.1852,0.1840,0.1838,0.1828,0.1820,0.1803
2590.0000,0.1847,0.1851,0.1838,0.1838,0.1828,0.1815,0.1804
2595.0000,0.1850,0.1846,0.1839,0.1836,0.1827,0.1811,0.1801
2600.0000,0.1847,0.1846,0.1837,0.1837,0.1823,0.1810,0.1794
2605.0000,0.1842,0.1846,0.1836,0.1836,0.1820,0.1805,0.1792
2610.0000,0.1845,0.1842,0.1838,0.1834,0.1819,0.1800,0.1791
2615.0000,0.1843,0.1842,0.1836,0.1834,0.1814,0.1798,0.1784
2620.0000,0.1838,0.1843,0.1835,0.1833,0.1811,0.1794,0.1783
2625.0000,0.1841,0.1839,0.1836,0.1830,0.1808,0.1790,0.1782
2630.0000,0.1839,0.1839,0.1835,0.1829,0.1803,0.1789,0.1775
2635.0000,0.1836,0.1840,0.1834,0.1827,0.1799,0.1785,0.1774
2640.0000,0.1838,0.1837,0.1835,0.1824,0.1796,0.1781,0.1773
2645.0000,0.1836,0.1838,0.1833,0.1822,0.1790,0.1782,0.1764
2650.0000,0.1834,0.1838,0.1832,0.1818,0.1788,0.1776,0.1768
2655.0000,0.1836,0.1835,0.1832,0.1814,0.1786,0.1773,0.1767
2660.0000,0.1835,0.1835,0.1830,0.1811,0.1781,0.1774,0.1760
2665.0000,0.1832,0.1835,0.1827,0.1808,0.1778,0.1770,0.1762
2670.0000,0.1834,0.1832,0.1827,0.1803,0.1776,0.1767,0.1763
2675.0000,0.1832,0.1832,0.1823,0.1800,0.1772,0.1769,0.1756
2680.0000,0.1830,0.1832,0.1820,0.1796,0.1770,0.1766,0.1758
2685.0000,0.1824,0.1833,0.1816,0.1793,0.1768,0.1764,0.1759
2690.0000,0.1829,0.1828,0.1814,0.1790,0.1764,0.1767,0.1750
2695.0000,0.1826,0.1826,0.1810,0.1786,0.1764,0.1763,0.1756
2700.0000,0.1821,0.1825,0.1806,0.1782,0.1763,0.1761,0.1757
2705.0000,0.1824,0.1820,0.1804,0.1778,0.1762,0.1760,0.1758
2710.0000,0.1820,0.1818,0.1799,0.1777,0.1760,0.1762,0.1753
2715.0000,0.1815,0.1816,0.1795,0.1774,0.1760,0.1760,0.1755
2720.0000,0.1817,0.1810,0.1793,0.1771,0.1760,0.1758,0.1755
2725.0000,0.1812,0.1808,0.1788,0.1769,0.1758,0.1760,0.1750
2730.0000,0.1806,0.1806,0.1784,0.1768,0.1758,0.1758,0.1752
2735.0000,0.1808,0.1800,0.1783,0.1765,0.1759,0.1756,0.1753
2740.0000,0.1803,0.1798,0.1778,0.1764,0.1757,0.1757,0.1748
2745.0000,0.1797,0.1796,0.1775,0.1763,0.1757,0.1755,0.1750
2750.0000,0.1797,0.1790,0.1773,0.1762,0.1758,0.1754,0.1750
2755.0000,0.1793,0.1787,0.1770,0.1762,0.1756,0.1755,0.1745
2760.0000,0.1788,0.1785,0.1767,0.1761,0.1755,0.1753,0.1746
2765.0000,0.1788,0.1780,0.1767,0.1760,0.1756,0.1751,0.1747
2770.0000,0.1783,0.1778,0.1764,0.1761,0.1753,0.1753,0.1739
2775.0000,0.1778,0.1777,0.1762,0.1760,0.1753,0.1750,0.1743
2780.0000,0.1778,0.1772,0.1763,0.1759,0.1753,0.1747,0.1744
2785.0000,0.1775,0.1771,0.1761,0.1759,0.1750,0.1749,0.1738
2790.0000,0.1771,0.1770,0.1759,0.1759,0.1750,0.1747,0.1741
2795.0000,0.1771,0.1766,0.1760,0.1757,0.1750,0.1744,0.1743
2800.0000,0.1769,0.1765,0.1759,0.1758,0.1747,0.1747,0.1737
2805.0000,0.1765,0.1765,0.1758,0.1757,0.1746,0.1745,0.1741
2810.0000,0.1759,0.1766,0.1757,0.1757,0.1744,0.1744,0.1743
2815.0000,0.1764,0.1762,0.1757,0.1756,0.1742,0.1748,0.1735
2820.0000,0.1761,0.1762,0.1757,0.1754,0.1742,0.1746,0.1741
2825.0000,0.1757,0.1763,0.1756,0.1753,0.1741,0.1745,0.1743
2830.0000,0.1761,0.1759,0.1757,0.1751,0.1742,0.1744,0.1745
2835.0000,0.1758,0.1760,0.1755,0.1750,0.1740,0.1748,0.1742
2840.0000,0.1755,0.1761,0.1754,0.1749,0.1741,0.1747,0.1746
2845.0000,0.1759,0.1757,0.1755,0.1746,0.1742,0.1746,0.1747
2850.0000,0.1757,0.1758,0.1754,0.1746,0.1741,0.1750,0.1744
2855.0000,0.1753,0.1759,0.1752,0.1745,0.1742,0.1749,0.1747
2860.0000,0.1757,0.1756,0.1752,0.1743,0.1744,0.1749,0.1749
2865.0000,0.1754,0.1757,0.1750,0.1744,0.1743,0.1752,0.1745
2870.0000,0.1752,0.1757,0.1748,0.1744,0.1745,0.1752,0.1747
2875.0000,0.1755,0.1754,0.1748,0.1743,0.1747,0.1751,0.1749
2880.0000,0.1753,0.1754,0.1745,0.1744,0.1746,0.1754,0.1742
2885.0000,0.1750,0.1754,0.1744,0.1744,0.1748,0.1752,0.1747
2890.0000,0.1752,0.1750,0.1744,0.1743,0.1750,0.1750,0.1748
2895.0000,0.1750,0.1750,0.1742,0.1745,0.1749,0.1753,0.1741
2900.0000,0.1747,0.1750,0.1741,0.1746,0.1750,0.1751,0.1745
2905.0000,0.1749,0.1747,0.1742,0.1746,0.1752,0.1749,0.1745
2910.0000,0.1747,0.1747,0.1741,0.1748,0.1750,0.1751,0.1738
2915.0000,0.1744,0.1747,0.1740,0.1749,0.1750,0.1749,0.1740
2920.0000,0.1746,0.1744,0.1742,0.1749,0.1751,0.1746,0.1742
2925.0000,0.1745,0.1745,0.1742,0.1751,0.1749,0.1748,0.1735
2930.0000,0.1742,0.1745,0.1742,0.1752,0.1749,0.1745,0.1738
2935.0000,0.1737,0.1747,0.1742,0.1753,0.1748,0.1743,0.1739
2940.0000,0.1743,0.1744,0.1744,0.1753,0.1745,0.1746,0.1731
2945.0000,0.1742,0.1745,0.1745,0.1753,0.1745,0.1742,0.1736
2950.0000,0.1739,0.1746,0.1746,0.1753,0.1744,0.1741,0.1737
2955.0000,0.1743,0.1744,0.1748,0.1752,0.1743,0.1739,0.1738
2960.0000,0.1741,0.1746,0.1748,0.1753,0.1740,0.1742,0.1733
2965.0000,0.1739,0.1748,0.1749,0.1752,0.1740,0.1739,0.1736
2970.0000,0.1744,0.1746,0.1751,0.1750,0.1740,0.1738,0.1738
2975.0000,0.1744,0.1748,0.1751,0.1749,0.1738,0.1740,0.1734
2980.0000,0.1741,0.1750,0.1750,0.1748,0.1737,0.1739,0.1737
2985.0000,0.1746,0.1748,0.1752,0.1746,0.1738,0.1738,0.1739
2990.0000,0.1746,0.1750,0.1751,0.1746,0.1736,0.1741,0.1735
2995.0000,0.1745,0.1751,0.1750,0.1744,0.1736,0.1740,0.1738
3000.0000,0.1748,0.1750,0.1750,0.1742,0.1737,0.1740,0.1740
3005.0000,0.1747,0.1752,0.1748,0.1742,0.1735,0.1744,0.1735
3010.0000,0.1746,0.1753,0.1747,0.1741,0.1736,0.1743,0.1740
3015.0000,0.1749,0.1750,0.1747,0.1739,0.1737,0.1742,0.1743
3020.0000,0.1748,0.1751,0.1745,0.1740,0.1736,0.1746,0.1737
3025.0000,0.1746,0.1751,0.1743,0.1739,0.1738,0.1745,0.1742
3030.0000,0.1749,0.1748,0.1744,0.1737,0.1740,0.1744,0.1745
3035.0000,0.1748,0.1748,0.1742,0.1738,0.1739,0.1748,0.1740
3040.0000,0.1745,0.1749,0.1740,0.1738,0.1740,0.1747,0.1744
3045.0000,0.1747,0.1745,0.1740,0.1737,0.1743,0.1746,0.1747
3050.0000,0.1746,0.1745,0.1738,0.1739,0.1742,0.1750,0.1742
3055.0000,0.1743,0.1745,0.1737,0.1739,0.1743,0.1750,0.1747
3060.0000,0.1737,0.1747,0.1735,0.1740,0.1744,0.1750,0.1749
3065.0000,0.1743,0.1743,0.1736,0.1741,0.1743,0.1754,0.1742
3070.0000,0.1741,0.1742,0.1735,0.1742,0.1745,0.1752,0.1749
3075.0000,0.1737,0.1743,0.1735,0.1743,0.1746,0.1752,0.1751
3080.0000,0.1741,0.1739,0.1737,0.1743,0.1748,0.1752,0.1753
3085.0000,0.1738,0.1740,0.1736,0.1744,0.1747,0.1755,0.1749
3090.0000,0.1735,0.1741,0.1736,0.1745,0.1749,0.1754,0.1754
3095.0000,0.1739,0.1738,0.1739,0.1745,0.1751,0.1754,0.1756
3100.0000,0.1737,0.1739,0.1738,0.1747,0.1750,0.1757,0.1752
3105.0000,0.1733,0.1740,0.1738,0.1748,0.1751,0.1757,0.1755
3110.0000,0.1738,0.1738,0.1741,0.1747,0.1753,0.1756,0.1758
3115.0000,0.1737,0.1739,0.1741,0.1749,0.1752,0.1760,0.1754
3120.0000,0.1735,0.1741,0.1741,0.1750,0.1753,0.1759,0.1759
3125.0000,0.1738,0.1739,0.1743,0.1750,0.1755,0.1759,0.1761
3130.0000,0.1737,0.1742,0.1743,0.1752,0.1754,0.1763,0.1757
3135.0000,0.1736,0.1743,0.1743,0.1752,0.1755,0.1762,0.1762
3140.0000,0.1740,0.1742,0.1746,0.1752,0.1757,0.1763,0.1765
3145.0000,0.1740,0.1743,0.1745,0.1754,0.1756,0.1767,0.1761
3150.0000,0.1738,0.1745,0.1746,0.1755,0.1757,0.1767,0.1767
3155.0000,0.1742,0.1744,0.1748,0.1754,0.1759,0.1767,0.1770
3160.0000,0.1742,0.1745,0.1748,0.1756,0.1758,0.1772,0.1765
3165.0000,0.1740,0.1748,0.1748,0.1757,0.1760,0.1772,0.1771
3170.0000,0.1744,0.1746,0.1751,0.1756,0.1763,0.1772,0.1775
3175.0000,0.1744,0.1748,0.1751,0.1758,0.1763,0.1777,0.1770
3180.0000,0.1744,0.1749,0.1751,0.1758,0.1765,0.1777,0.1776
3185.0000,0.1739,0.1753,0.1751,0.1759,0.1767,0.1777,0.1782
3190.0000,0.1747,0.1751,0.1753,0.1761,0.1768,0.1783,0.1777
3195.0000,0.1746,0.1752,0.1753,0.1761,0.1771,0.1782,0.1788
3200.0000,0.1744,0.1754,0.1753,0.1762,0.1773,0.1782,0.1799
3205.0000,0.1749,0.1752,0.1756,0.1763,0.1776,0.1783,0.1812
3210.0000,0.1748,0.1755,0.1755,0.1766,0.1775,0.1790,0.1822
3215.0000,0.1746,0.1757,0.1754,0.1768,0.1776,0.1794,0.1845
3220.0000,0.1752,0.1755,0.1757,0.1768,0.1779,0.1800,0.1876
3225.0000,0.1751,0.1757,0.1757,0.1772,0.1777,0.1816,0.1907
3230.0000,0.1748,0.1759,0.1757,0.1774,0.1778,0.1831,0.1960
3235.0000,0.1754,0.1758,0.1758,0.1776,0.1777,0.1860,0.2014
3240.0000,0.1753,0.1760,0.1758,0.1780,0.1777,0.1898,0.2077
3245.0000,0.1752,0.1761,0.1760,0.1780,0.1782,0.1939,0.2171
3250.0000,0.1756,0.1760,0.1764,0.1780,0.1790,0.1994,0.2277
3255.0000,0.1756,0.1762,0.1765,0.1782,0.1798,0.2069,0.2393
3260.0000,0.1754,0.1765,0.1765,0.1784,0.1810,0.2167,0.2506
3265.0000,0.1760,0.1762,0.1772,0.1779,0.1842,0.2262,0.2672
3270.0000,0.1761,0.1763,0.1775,0.1779,0.1875,0.2388,0.2837
3275.0000,0.1762,0.1762,0.1781,0.1774,0.1933,0.2510,0.3086
3280.0000,0.1764,0.1762,0.1785,0.1773,0.1997,0.2663,0.3357
3285.0000,0.1765,0.1765,0.1784,0.1781,0.2067,0.2857,0.3651
3290.0000,0.1764,0.1770,0.1781,0.1793,0.2152,0.3079,0.4006
3295.0000,0.1766,0.1779,0.1765,0.1829,0.2219,0.3407,0.4251
3300.0000,0.1765,0.1786,0.1759,0.1857,0.2336,0.3727,0.4561
3305.0000,0.1763,0.1788,0.1760,0.1884,0.2493,0.4056,0.4915
3310.0000,0.1762,0.1785,0.1771,0.1909,0.2699,0.4385,0.5319
3315.0000,0.1774,0.1779,0.1781,0.1951,0.2921,0.4772,0.5662
3320.0000,0.1778,0.1776,0.1794,0.2005,0.3183,0.5171,0.5980
3325.0000,0.1792,0.1763,0.1824,0.2058,0.3515,0.5518,0.6403
3330.0000,0.1787,0.1763,0.1850,0.2135,0.3879,0.5863,0.6839
3335.0000,0.1798,0.1765,0.1870,0.2252,0.4245,0.6252,0.7228
3340.0000,0.1800,0.1781,0.1883,0.2409,0.4618,0.6661,0.7569
3345.0000,0.1796,0.1805,0.1903,0.2592,0.5029,0.7026,0.7976
3350.0000,0.1797,0.1839,0.1921,0.2824,0.5428,0.7420,0.8342
3355.0000,0.1781,0.1889,0.1948,0.3089,0.5842,0.7784,0.8770
3360.0000,0.1819,0.1923,0.1994,0.3398,0.6230,0.8198,0.9101
3365.0000,0.1828,0.1978,0.2058,0.3736,0.6622,0.8597,0.9430
3370.0000,0.1850,0.2026,0.2166,0.4085,0.7035,0.8948,0.9844
3375.0000,0.1920,0.2055,0.2323,0.4447,0.7446,0.9297,1.0252
3380.0000,0.1963,0.2118,0.2500,0.4838,0.7827,0.9682,1.0611
3385.0000,0.2046,0.2172,0.2729,0.5232,0.8206,1.0071,1.0930
3390.0000,0.2111,0.2256,0.2997,0.5622,0.8605,1.0410,1.1330
3395.0000,0.2205,0.2362,0.3294,0.6023,0.8976,1.0788,1.1668
3400.0000,0.2288,0.2519,0.3609,0.6425,0.9357,1.1128,1.2103
3405.0000,0.2401,0.2714,0.3936,0.6842,0.9699,1.1535,1.2409
3410.0000,0.2538,0.2942,0.4282,0.7253,1.0044,1.1933,1.2703
3415.0000,0.2704,0.3194,0.4655,0.7645,1.0416,1.2277,1.3109
3420.0000,0.2914,0.3464,0.5041,0.8037,1.0774,1.2651,1.3424
3425.0000,0.3158,0.3753,0.5438,0.8423,1.1126,1.3040,1.3670
3430.0000,0.3450,0.4037,0.5869,0.8774,1.1532,1.3330,1.4099
3435.0000,0.3656,0.4407,0.6262,0.9147,1.1907,1.3650,1.4464
3440.0000,0.3979,0.4761,0.6661,0.9523,1.2259,1.4013,1.4737
3445.0000,0.4320,0.5123,0.7061,0.9893,1.2615,1.4360,1.4987
3450.0000,0.4690,0.5482,0.7471,1.0246,1.2996,1.4648,1.5309
3455.0000,0.5027,0.5871,0.7862,1.0608,1.3364,1.4934,1.5602
3460.0000,0.5323,0.6316,0.8210,1.0998,1.3692,1.5253,1.5825
3465.0000,0.5720,0.6708,0.8584,1.1369,1.4030,1.5542,1.6035
3470.0000,0.6128,0.7083,0.8970,1.1727,1.4382,1.5777,1.6281
3475.0000,0.6530,0.7460,0.9346,1.2096,1.4699,1.6041,1.6438
3480.0000,0.6831,0.7891,0.9696,1.2466,1.5019,1.6240,1.6688
3485.0000,0.7267,0.8254,1.0074,1.2825,1.5322,1.6446,1.6875
3490.0000,0.7678,0.8619,1.0447,1.3187,1.5595,1.6661,1.7008
3495.0000,0.8080,0.8976,1.0830,1.3531,1.5877,1.6811,1.7242
3500.0000,0.8454,0.9345,1.1203,1.3878,1.6127,1.6972,1.7447
3505.0000,0.8781,0.9760,1.1540,1.4243,1.6323,1.7175,1.7590
3510.0000,0.9178,1.0125,1.1905,1.4581,1.6514,1.7369,1.7704
3515.0000,0.9570,1.0480,1.2282,1.4893,1.6713,1.7521,1.7867
3520.0000,0.9943,1.0846,1.2645,1.5204,1.6872,1.7716,1.7937
3525.0000,1.0232,1.1260,1.2987,1.5494,1.7050,1.7839,1.8160
3530.0000,1.0656,1.1596,1.3367,1.5747,1.7228,1.7966,1.8351
3535.0000,1.1053,1.1935,1.3732,1.5995,1.7373,1.8142,1.8458
3540.0000,1.1450,1.2259,1.4109,1.6203,1.7554,1.8243,1.8758
3545.0000,1.1730,1.2653,1.4428,1.6426,1.7694,1.8395,1.9021
3550.0000,1.2120,1.3002,1.4744,1.6639,1.7807,1.8611,1.9221
3555.0000,1.2487,1.3353,1.5045,1.6837,1.7924,1.8837,1.9431
3560.0000,1.2713,1.3767,1.5297,1.7031,1.8050,1.9052,1.9726
3565.0000,1.3148,1.4078,1.5572,1.7206,1.8165,1.9345,1.9907
3570.0000,1.3517,1.4390,1.5836,1.7355,1.8324,1.9599,2.0200
3575.0000,1.3852,1.4692,1.6090,1.7486,1.8514,1.9844,2.0528
3580.0000,1.4204,1.4964,1.6341,1.7602,1.8728,2.0101,2.0859
3585.0000,1.4461,1.5287,1.6531,1.7748,1.8917,2.0433,2.1113
3590.0000,1.4803,1.5533,1.6745,1.7869,1.9156,2.0743,2.1384
3595.0000,1.5112,1.5766,1.6950,1.7984,1.9431,2.1034,2.1669
3600.0000,1.5397,1.5996,1.7126,1.8123,1.9701,2.1369,2.1860
3605.0000,1.5575,1.6270,1.7263,1.8277,2.0005,2.1652,2.2111
3610.0000,1.5865,1.6471,1.7421,1.8429,2.0344,2.1901,2.2347
3615.0000,1.6099,1.6689,1.7540,1.8626,2.0653,2.2191,2.2458
3620.0000,1.6296,1.6898,1.7664,1.8824,2.1015,2.2361,2.2751
3625.0000,1.6542,1.7062,1.7798,1.9044,2.1365,2.2531,2.2995
3630.0000,1.6694,1.7283,1.7883,1.9331,2.1646,2.2762,2.3124
3635.0000,1.6897,1.7443,1.8005,1.9622,2.1927,2.2961,2.3236
3640.0000,1.7119,1.7564,1.8161,1.9920,2.2198,2.3135,2.3318
