150.0000,0.9925,1.1567,1.6930,2.0590,1.6177,1.2318,1.1032
155.0000,1.0659,1.2533,1.7868,2.0404,1.5278,1.1733,1.0452
160.0000,1.1420,1.3567,1.8662,2.0079,1.4375,1.1207,0.9873
165.0000,1.2414,1.4463,1.9415,1.9545,1.3587,1.0595,0.9593
170.0000,1.3281,1.5417,1.9957,1.8938,1.2772,1.0142,0.9165
175.0000,1.4220,1.6271,2.0367,1.8213,1.2026,0.9733,0.8744
180.0000,1.4917,1.7212,2.0515,1.7456,1.1319,0.9366,0.8357
185.0000,1.5832,1.7922,2.0572,1.6597,1.0745,0.8947,0.8121
190.0000,1.6670,1.8517,2.0450,1.5731,1.0195,0.8637,0.7767
195.0000,1.7404,1.8987,2.0179,1.4850,0.9739,0.8298,0.7539
200.0000,1.7771,1.9473,1.9680,1.4024,0.9321,0.7977,0.7366
205.0000,1.8399,1.9655,1.9125,1.3211,0.8950,0.7716,0.7128
210.0000,1.8793,1.9728,1.8455,1.2439,0.8653,0.7384,0.7206
215.0000,1.9027,1.9671,1.7679,1.1760,0.8321,0.7205,0.7113
220.0000,1.9216,1.9421,1.6880,1.1123,0.8032,0.7040,0.7109
225.0000,1.9100,1.9158,1.5977,1.0597,0.7704,0.7007,0.6941
230.0000,1.8873,1.8757,1.5085,1.0115,0.7416,0.6991,0.6798
235.0000,1.8758,1.8126,1.4290,0.9633,0.7212,0.6947,0.6697
240.0000,1.8454,1.7432,1.3525,0.9193,0.7044,0.6922,0.6551
245.0000,1.7895,1.6753,1.2779,0.8788,0.6941,0.6832,0.6527
250.0000,1.7412,1.5961,1.2126,0.8398,0.6887,0.6736,0.6482
255.0000,1.6766,1.5226,1.1473,0.8079,0.6821,0.6683,0.6364
260.0000,1.6278,1.4362,1.0949,0.7748,0.6831,0.6549,0.6364
265.0000,1.5521,1.3630,1.0407,0.7494,0.6817,0.6442,0.6342
270.0000,1.4759,1.2957,0.9883,0.7299,0.6783,0.6355,0.6317
275.0000,1.3981,1.2351,0.9371,0.7164,0.6723,0.6296,0.6270
280.0000,1.3330,1.1731,0.8923,0.7057,0.6653,0.6253,0.6217
285.0000,1.2717,1.1122,0.8535,0.6970,0.6584,0.6203,0.6195
290.0000,1.1941,1.0677,0.8120,0.6944,0.6474,0.6193,0.6140
295.0000,1.1432,1.0138,0.7827,0.6891,0.6391,0.6171,0.6099
300.0000,1.0847,0.9703,0.7544,0.6865,0.6289,0.6178,0.6027
305.0000,1.0433,0.9194,0.7383,0.6793,0.6237,0.6143,0.6008
310.0000,0.9956,0.8757,0.7256,0.6716,0.6199,0.6100,0.6004
315.0000,0.9511,0.8372,0.7158,0.6641,0.6155,0.6085,0.5946
320.0000,0.9114,0.8031,0.7092,0.6553,0.6137,0.6041,0.5946
325.0000,0.8805,0.7721,0.7048,0.6462,0.6126,0.5998,0.5936
330.0000,0.8403,0.7527,0.6969,0.6398,0.6096,0.5981,0.5892
335.0000,0.8028,0.7408,0.6869,0.6348,0.6067,0.5950,0.5895
340.0000,0.7693,0.7333,0.6756,0.6314,0.6029,0.5934,0.5878
345.0000,0.7557,0.7198,0.6683,0.6269,0.5999,0.5927,0.5833
350.0000,0.7415,0.7082,0.6616,0.6222,0.5982,0.5896,0.5843
355.0000,0.7253,0.6993,0.6542,0.6186,0.5958,0.5878,0.5832
360.0000,0.7156,0.6887,0.6487,0.6146,0.5940,0.5858,0.5822
365.0000,0.7050,0.6799,0.6429,0.6114,0.5916,0.5851,0.5795
370.0000,0.6926,0.6729,0.6371,0.6083,0.5899,0.5830,0.5798
375.0000,0.6854,0.6644,0.6327,0.6051,0.5884,0.5814,0.5793
380.0000,0.6761,0.6582,0.6274,0.6029,0.5861,0.5812,0.5772
385.0000,0.6682,0.6518,0.6231,0.6003,0.5847,0.5798,0.5774
390.0000,0.6623,0.6448,0.6197,0.5975,0.5835,0.5785,0.5775
395.0000,0.6544,0.6401,0.6154,0.5958,0.5815,0.5787,0.5758
400.0000,0.6473,0.6354,0.6117,0.5937,0.5802,0.5780,0.5762
405.0000,0.6430,0.6297,0.6091,0.5914,0.5794,0.5772,0.5765
410.0000,0.6378,0.6252,0.6061,0.5897,0.5779,0.5780,0.5744
415.0000,0.6313,0.6217,0.6031,0.5879,0.5774,0.5771,0.5760
420.0000,0.6279,0.6171,0.6010,0.5859,0.5771,0.5767,0.5767
425.0000,0.6231,0.6140,0.5981,0.5847,0.5759,0.5778,0.5748
430.0000,0.6190,0.6107,0.5959,0.5831,0.5758,0.5774,0.5763
435.0000,0.6161,0.6069,0.5943,0.5814,0.5760,0.5770,0.5774
440.0000,0.6120,0.6045,0.5918,0.5806,0.5752,0.5783,0.5757
445.0000,0.6080,0.6024,0.5896,0.5796,0.5754,0.5783,0.5771
450.0000,0.6041,0.6003,0.5875,0.5787,0.5756,0.5783,0.5779
455.0000,0.6032,0.5970,0.5861,0.5780,0.5753,0.5799,0.5753
460.0000,0.5999,0.5951,0.5844,0.5773,0.5761,0.5793,0.5776
465.0000,0.5961,0.5938,0.5826,0.5769,0.5765,0.5792,0.5784
470.0000,0.5956,0.5910,0.5815,0.5767,0.5764,0.5807,0.5757
475.0000,0.5932,0.5892,0.5803,0.5763,0.5774,0.5799,0.5778
480.0000,0.5900,0.5880,0.5790,0.5763,0.5780,0.5797,0.5783
485.0000,0.5897,0.5855,0.5786,0.5761,0.5787,0.5793,0.5785
490.0000,0.5875,0.5844,0.5774,0.5766,0.5786,0.5801,0.5768
495.0000,0.5847,0.5836,0.5766,0.5768,0.5792,0.5793,0.5776
500.0000,0.5847,0.5814,0.5766,0.5769,0.5797,0.5788,0.5775
505.0000,0.5828,0.5808,0.5758,0.5777,0.5793,0.5794,0.5757
510.0000,0.5805,0.5804,0.5753,0.5782,0.5794,0.5787,0.5758
515.0000,0.5810,0.5786,0.5758,0.5783,0.5798,0.5777,0.5758
520.0000,0.5796,0.5783,0.5755,0.5790,0.5792,0.5780,0.5737
525.0000,0.5781,0.5780,0.5756,0.5794,0.5790,0.5771,0.5735
530.0000,0.5785,0.5769,0.5763,0.5795,0.5790,0.5761,0.5729
535.0000,0.5775,0.5769,0.5763,0.5801,0.5780,0.5764,0.5697
540.0000,0.5764,0.5770,0.5767,0.5801,0.5780,0.5746,0.5702
545.0000,0.5770,0.5763,0.5776,0.5799,0.5777,0.5732,0.5694
550.0000,0.5765,0.5767,0.5777,0.5803,0.5765,0.5732,0.5660
555.0000,0.5756,0.5773,0.5779,0.5802,0.5760,0.5714,0.5656
560.0000,0.5767,0.5768,0.5788,0.5796,0.5757,0.5694,0.5651
565.0000,0.5765,0.5774,0.5788,0.5798,0.5742,0.5689,0.5617
570.0000,0.5762,0.5780,0.5790,0.5794,0.5733,0.5670,0.5609
575.0000,0.5747,0.5791,0.5788,0.5792,0.5722,0.5652,0.5595
580.0000,0.5771,0.5785,0.5792,0.5788,0.5705,0.5647,0.5549
585.0000,0.5769,0.5789,0.5793,0.5780,0.5697,0.5617,0.5557
590.0000,0.5762,0.5797,0.5791,0.5774,0.5682,0.5597,0.5542
595.0000,0.5780,0.5790,0.5795,0.5764,0.5669,0.5577,0.5524
600.0000,0.5777,0.5797,0.5789,0.5759,0.5646,0.5567,0.5489
605.0000,0.5771,0.5800,0.5786,0.5748,0.5632,0.5541,0.5481
610.0000,0.5787,0.5792,0.5787,0.5734,0.5617,0.5518,0.5462
615.0000,0.5782,0.5796,0.5779,0.5725,0.5593,0.5506,0.5426
620.0000,0.5773,0.5798,0.5773,0.5711,0.5578,0.5478,0.5420
625.0000,0.5788,0.5788,0.5772,0.5694,0.5561,0.5454,0.5401
630.0000,0.5783,0.5788,0.5762,0.5682,0.5535,0.5441,0.5368
635.0000,0.5770,0.5791,0.5751,0.5667,0.5515,0.5419,0.5351
640.0000,0.5782,0.5777,0.5747,0.5646,0.5499,0.5391,0.5337
645.0000,0.5775,0.5775,0.5733,0.5631,0.5473,0.5378,0.5303
650.0000,0.5764,0.5772,0.5720,0.5613,0.5452,0.5354,0.5287
655.0000,0.5770,0.5758,0.5712,0.5592,0.5434,0.5330,0.5269
660.0000,0.5760,0.5753,0.5695,0.5576,0.5407,0.5319,0.5227
665.0000,0.5746,0.5746,0.5680,0.5554,0.5390,0.5288,0.5223
670.0000,0.5749,0.5728,0.5669,0.5531,0.5371,0.5264,0.5204
675.0000,0.5736,0.5720,0.5649,0.5514,0.5344,0.5252,0.5164
680.0000,0.5720,0.5711,0.5630,0.5493,0.5324,0.5226,0.5150
685.0000,0.5719,0.5690,0.5617,0.5468,0.5308,0.5195,0.5139
690.0000,0.5704,0.5679,0.5595,0.5450,0.5281,0.5182,0.5102
695.0000,0.5686,0.5666,0.5575,0.5429,0.5260,0.5156,0.5091
700.0000,0.5658,0.5658,0.5552,0.5409,0.5237,0.5133,0.5073
705.0000,0.5663,0.5631,0.5535,0.5388,0.5211,0.5122,0.5028
710.0000,0.5640,0.5617,0.5513,0.5366,0.5192,0.5092,0.5030
715.0000,0.5613,0.5604,0.5490,0.5346,0.5169,0.5071,0.5014
720.0000,0.5613,0.5576,0.5474,0.5321,0.5149,0.5048,0.4996
725.0000,0.5593,0.5558,0.5451,0.5301,0.5123,0.5036,0.4963
730.0000,0.5566,0.5542,0.5430,0.5278,0.5105,0.5009,0.4958
735.0000,0.5560,0.5513,0.5414,0.5253,0.5086,0.4989,0.4943
740.0000,0.5536,0.5497,0.5390,0.5233,0.5060,0.4978,0.4913
745.0000,0.5507,0.5481,0.5367,0.5210,0.5042,0.4954,0.4907
750.0000,0.5500,0.5452,0.5350,0.5185,0.5024,0.4935,0.4893
755.0000,0.5475,0.5436,0.5324,0.5166,0.4999,0.4926,0.4864
760.0000,0.5447,0.5418,0.5301,0.5145,0.4981,0.4907,0.4853
765.0000,0.5440,0.5388,0.5284,0.5119,0.4967,0.4885,0.4845
770.0000,0.5414,0.5371,0.5259,0.5100,0.4945,0.4876,0.4818
775.0000,0.5385,0.5354,0.5234,0.5080,0.4928,0.4858,0.4808
780.0000,0.5375,0.5326,0.5216,0.5056,0.4914,0.4840,0.4795
785.0000,0.5351,0.5306,0.5191,0.5039,0.4892,0.4834,0.4761
790.0000,0.5322,0.5288,0.5168,0.5018,0.4880,0.4810,0.4763
795.0000,0.5311,0.5259,0.5150,0.4996,0.4867,0.4792,0.4751
800.0000,0.5286,0.5240,0.5125,0.4981,0.4847,0.4786,0.4720
805.0000,0.5260,0.5219,0.5102,0.4962,0.4833,0.4767,0.4712
810.0000,0.5247,0.5191,0.5085,0.4942,0.4822,0.4746,0.4704
815.0000,0.5220,0.5173,0.5061,0.4928,0.4801,0.4739,0.4672
820.0000,0.5192,0.5155,0.5038,0.4912,0.4787,0.4721,0.4661
825.0000,0.5160,0.5139,0.5016,0.4896,0.4773,0.4704,0.4646
830.0000,0.5157,0.5108,0.5000,0.4880,0.4754,0.4697,0.4603
835.0000,0.5130,0.5089,0.4982,0.4863,0.4745,0.4669,0.4607
840.0000,0.5100,0.5072,0.4962,0.4848,0.4731,0.4648,0.4593
845.0000,0.5093,0.5044,0.4949,0.4830,0.4718,0.4626,0.4576
850.0000,0.5070,0.5027,0.4929,0.4817,0.4698,0.4614,0.4546
855.0000,0.5039,0.5012,0.4911,0.4802,0.4684,0.4588,0.4539
860.0000,0.5032,0.4986,0.4898,0.4786,0.4668,0.4567,0.4524
865.0000,0.5008,0.4972,0.4878,0.4775,0.4644,0.4555,0.4496
870.0000,0.4981,0.4959,0.4859,0.4762,0.4625,0.4536,0.4482
875.0000,0.4976,0.4933,0.4849,0.4743,0.4609,0.4513,0.4470
880.0000,0.4953,0.4920,0.4831,0.4731,0.4584,0.4502,0.4442
885.0000,0.4928,0.4906,0.4815,0.4715,0.4565,0.4483,0.4429
890.0000,0.4923,0.4881,0.4806,0.4694,0.4550,0.4461,0.4420
895.0000,0.4903,0.4868,0.4790,0.4679,0.4527,0.4450,0.4394
900.0000,0.4880,0.4855,0.4775,0.4660,0.4509,0.4432,0.4383
905.0000,0.4873,0.4833,0.4764,0.4639,0.4493,0.4413,0.4370
910.0000,0.4856,0.4820,0.4747,0.4622,0.4470,0.4406,0.4339
915.0000,0.4833,0.4808,0.4731,0.4601,0.4457,0.4383,0.4340
920.0000,0.4825,0.4788,0.4718,0.4580,0.4442,0.4366,0.4329
925.0000,0.4807,0.4777,0.4697,0.4564,0.4420,0.4360,0.4300
930.0000,0.4787,0.4766,0.4678,0.4545,0.4405,0.4343,0.4291
935.0000,0.4780,0.4744,0.4664,0.4523,0.4393,0.4323,0.4286
940.0000,0.4762,0.4732,0.4642,0.4507,0.4373,0.4317,0.4257
945.0000,0.4742,0.4718,0.4622,0.4489,0.4360,0.4301,0.4250
950.0000,0.4717,0.4705,0.4601,0.4472,0.4346,0.4285,0.4238
955.0000,0.4717,0.4680,0.4585,0.4455,0.4329,0.4280,0.4201
960.0000,0.4695,0.4663,0.4566,0.4436,0.4320,0.4256,0.4207
965.0000,0.4669,0.4649,0.4545,0.4420,0.4306,0.4240,0.4196
970.0000,0.4664,0.4624,0.4530,0.4402,0.4295,0.4223,0.4181
975.0000,0.4643,0.4608,0.4508,0.4390,0.4277,0.4215,0.4155
980.0000,0.4615,0.4594,0.4488,0.4375,0.4266,0.4193,0.4150
985.0000,0.4610,0.4568,0.4474,0.4358,0.4254,0.4176,0.4138
990.0000,0.4587,0.4553,0.4454,0.4347,0.4235,0.4167,0.4113
995.0000,0.4563,0.4538,0.4435,0.4334,0.4220,0.4150,0.4102
1000.0000,0.4556,0.4512,0.4424,0.4317,0.4209,0.4130,0.4092
1005.0000,0.4535,0.4496,0.4405,0.4305,0.4190,0.4120,0.4068
1010.0000,0.4510,0.4482,0.4388,0.4292,0.4174,0.4104,0.4057
1015.0000,0.4501,0.4459,0.4378,0.4276,0.4162,0.4085,0.4047
1020.0000,0.4481,0.4443,0.4361,0.4263,0.4143,0.4076,0.4022
1025.0000,0.4457,0.4431,0.4346,0.4250,0.4127,0.4060,0.4009
1030.0000,0.4449,0.4409,0.4335,0.4233,0.4114,0.4043,0.3993
1035.0000,0.4431,0.4395,0.4320,0.4220,0.4095,0.4036,0.3959
1040.0000,0.4408,0.4382,0.4306,0.4203,0.4084,0.4011,0.3957
1045.0000,0.4400,0.4362,0.4296,0.4185,0.4072,0.3992,0.3941
1050.0000,0.4382,0.4351,0.4279,0.4172,0.4052,0.3981,0.3908
1055.0000,0.4364,0.4339,0.4264,0.4157,0.4039,0.3960,0.3895
1060.0000,0.4356,0.4319,0.4253,0.4138,0.4028,0.3934,0.3886
1065.0000,0.4339,0.4308,0.4235,0.4126,0.4008,0.3921,0.3855
1070.0000,0.4319,0.4297,0.4218,0.4112,0.3992,0.3899,0.3843
1075.0000,0.4296,0.4288,0.4200,0.4099,0.3973,0.3879,0.3826
1080.0000,0.4297,0.4267,0.4187,0.4085,0.3952,0.3868,0.3789
1085.0000,0.4277,0.4255,0.4171,0.4069,0.3936,0.3841,0.3790
1090.0000,0.4254,0.4244,0.4154,0.4055,0.3916,0.3821,0.3777
1095.0000,0.4253,0.4222,0.4143,0.4038,0.3897,0.3802,0.3762
1100.0000,0.4237,0.4208,0.4127,0.4023,0.3873,0.3791,0.3737
1105.0000,0.4214,0.4196,0.4112,0.4006,0.3855,0.3770,0.3732
1110.0000,0.4210,0.4174,0.4101,0.3986,0.3836,0.3753,0.3719
1115.0000,0.4191,0.4161,0.4085,0.3970,0.3813,0.3745,0.3697
1120.0000,0.4172,0.4148,0.4070,0.3951,0.3795,0.3729,0.3688
1125.0000,0.4166,0.4127,0.4059,0.3928,0.3781,0.3712,0.3681
1130.0000,0.4147,0.4115,0.4042,0.3910,0.3761,0.3705,0.3661
1135.0000,0.4126,0.4104,0.4024,0.3890,0.3745,0.3691,0.3655
1140.0000,0.4119,0.4084,0.4011,0.3867,0.3734,0.3675,0.3650
1145.0000,0.4102,0.4071,0.3991,0.3849,0.3716,0.3670,0.3632
1150.0000,0.4081,0.4059,0.3971,0.3830,0.3704,0.3658,0.3626
1155.0000,0.4074,0.4038,0.3955,0.3809,0.3693,0.3647,0.3618
1160.0000,0.4057,0.4024,0.3933,0.3793,0.3678,0.3645,0.3595
1165.0000,0.4035,0.4010,0.3912,0.3775,0.3670,0.3628,0.3599
1170.0000,0.4026,0.3988,0.3895,0.3757,0.3662,0.3617,0.3594
1175.0000,0.4006,0.3973,0.3872,0.3744,0.3648,0.3615,0.3574
1180.0000,0.3987,0.3956,0.3851,0.3730,0.3639,0.3604,0.3571
1185.0000,0.3976,0.3932,0.3835,0.3714,0.3634,0.3591,0.3570
1190.0000,0.3955,0.3915,0.3814,0.3704,0.3621,0.3589,0.3551
1195.0000,0.3932,0.3899,0.3794,0.3692,0.3613,0.3579,0.3550
1200.0000,0.3907,0.3882,0.3775,0.3681,0.3604,0.3570,0.3545
1205.0000,0.3901,0.3857,0.3761,0.3671,0.3593,0.3570,0.3521
1210.0000,0.3877,0.3840,0.3745,0.3660,0.3587,0.3556,0.3526
1215.0000,0.3850,0.3826,0.3729,0.3651,0.3579,0.3548,0.3520
1220.0000,0.3843,0.3802,0.3719,0.3639,0.3574,0.3539,0.3513
1225.0000,0.3823,0.3786,0.3704,0.3632,0.3563,0.3536,0.3494
1230.0000,0.3799,0.3773,0.3691,0.3622,0.3558,0.3523,0.3493
1235.0000,0.3791,0.3751,0.3683,0.3611,0.3553,0.3512,0.3487
1240.0000,0.3772,0.3739,0.3670,0.3605,0.3543,0.3508,0.3469
1245.0000,0.3752,0.3727,0.3659,0.3596,0.3536,0.3496,0.3463
1250.0000,0.3745,0.3708,0.3652,0.3586,0.3532,0.3483,0.3457
1255.0000,0.3727,0.3699,0.3640,0.3581,0.3520,0.3478,0.3440
1260.0000,0.3707,0.3691,0.3628,0.3575,0.3511,0.3467,0.3432
1265.0000,0.3703,0.3675,0.3622,0.3566,0.3504,0.3455,0.3423
1270.0000,0.3688,0.3667,0.3610,0.3561,0.3491,0.3451,0.3398
1275.0000,0.3672,0.3658,0.3602,0.3553,0.3484,0.3434,0.3399
1280.0000,0.3668,0.3643,0.3597,0.3544,0.3476,0.3421,0.3390
1285.0000,0.3657,0.3635,0.3588,0.3538,0.3462,0.3416,0.3367
1290.0000,0.3641,0.3627,0.3580,0.3529,0.3454,0.3399,0.3368
1295.0000,0.3638,0.3614,0.3575,0.3519,0.3444,0.3386,0.3359
1300.0000,0.3626,0.3608,0.3566,0.3513,0.3429,0.3382,0.3338
1305.0000,0.3614,0.3601,0.3558,0.3504,0.3418,0.3369,0.3333
1310.0000,0.3611,0.3589,0.3554,0.3492,0.3410,0.3354,0.3330
1315.0000,0.3600,0.3583,0.3544,0.3484,0.3394,0.3350,0.3310
1320.0000,0.3587,0.3578,0.3535,0.3474,0.3383,0.3338,0.3308
1325.0000,0.3570,0.3575,0.3525,0.3464,0.3372,0.3328,0.3303
1330.0000,0.3576,0.3561,0.3519,0.3453,0.3358,0.3326,0.3279
1335.0000,0.3565,0.3554,0.3511,0.3441,0.3350,0.3312,0.3286
1340.0000,0.3552,0.3549,0.3501,0.3430,0.3340,0.3303,0.3283
1345.0000,0.3553,0.3535,0.3495,0.3416,0.3331,0.3294,0.3279
1350.0000,0.3543,0.3529,0.3484,0.3406,0.3319,0.3293,0.3266
1355.0000,0.3528,0.3524,0.3473,0.3394,0.3311,0.3284,0.3267
1360.0000,0.3529,0.3510,0.3465,0.3381,0.3305,0.3277,0.3265
1365.0000,0.3517,0.3504,0.3452,0.3372,0.3294,0.3277,0.3252
1370.0000,0.3503,0.3498,0.3439,0.3361,0.3287,0.3271,0.3252
1375.0000,0.3503,0.3483,0.3432,0.3348,0.3284,0.3263,0.3252
1380.0000,0.3492,0.3475,0.3418,0.3339,0.3275,0.3264,0.3241
1385.0000,0.3478,0.3466,0.3406,0.3329,0.3271,0.3258,0.3243
1390.0000,0.3475,0.3452,0.3397,0.3319,0.3268,0.3253,0.3242
1395.0000,0.3464,0.3442,0.3384,0.3312,0.3261,0.3256,0.3227
1400.0000,0.3448,0.3434,0.3371,0.3304,0.3259,0.3249,0.3231
1405.0000,0.3444,0.3419,0.3362,0.3295,0.3257,0.3243,0.3229
1410.0000,0.3431,0.3410,0.3349,0.3290,0.3250,0.3246,0.3213
1415.0000,0.3417,0.3401,0.3338,0.3283,0.3250,0.3237,0.3220
1420.0000,0.3412,0.3385,0.3331,0.3276,0.3249,0.3231,0.3219
1425.0000,0.3399,0.3376,0.3320,0.3274,0.3242,0.3233,0.3204
1430.0000,0.3385,0.3367,0.3310,0.3269,0.3240,0.3226,0.3205
1435.0000,0.3380,0.3352,0.3305,0.3263,0.3239,0.3218,0.3206
1440.0000,0.3367,0.3344,0.3295,0.3262,0.3232,0.3219,0.3191
1445.0000,0.3352,0.3337,0.3287,0.3259,0.3229,0.3213,0.3193
1450.0000,0.3335,0.3331,0.3279,0.3257,0.3225,0.3207,0.3191
1455.0000,0.3337,0.3317,0.3276,0.3254,0.3219,0.3210,0.3171
1460.0000,0.3325,0.3310,0.3271,0.3250,0.3217,0.3200,0.3177
1465.0000,0.3310,0.3306,0.3265,0.3247,0.3213,0.3194,0.3174
1470.0000,0.3311,0.3293,0.3264,0.3242,0.3210,0.3187,0.3171
1475.0000,0.3301,0.3289,0.3259,0.3240,0.3203,0.3187,0.3157
1480.0000,0.3289,0.3285,0.3256,0.3235,0.3201,0.3177,0.3160
1485.0000,0.3290,0.3275,0.3255,0.3230,0.3197,0.3170,0.3157
1490.0000,0.3282,0.3272,0.3250,0.3228,0.3190,0.3169,0.3144
1495.0000,0.3270,0.3271,0.3245,0.3224,0.3184,0.3163,0.3141
1500.0000,0.3273,0.3262,0.3245,0.3218,0.3182,0.3155,0.3138
1505.0000,0.3266,0.3261,0.3240,0.3216,0.3174,0.3154,0.3124
1510.0000,0.3256,0.3260,0.3235,0.3212,0.3169,0.3146,0.3123
1515.0000,0.3259,0.3252,0.3234,0.3205,0.3166,0.3138,0.3120
1520.0000,0.3254,0.3250,0.3228,0.3203,0.3157,0.3138,0.3103
1525.0000,0.3248,0.3247,0.3225,0.3197,0.3154,0.3127,0.3107
1530.0000,0.3249,0.3240,0.3224,0.3190,0.3150,0.3119,0.3104
1535.0000,0.3244,0.3238,0.3218,0.3187,0.3140,0.3119,0.3089
1540.0000,0.3236,0.3237,0.3212,0.3182,0.3135,0.3111,0.3088
1545.0000,0.3238,0.3229,0.3211,0.3175,0.3131,0.3102,0.3089
1550.0000,0.3232,0.3228,0.3204,0.3172,0.3122,0.3102,0.3075
1555.0000,0.3225,0.3226,0.3198,0.3167,0.3116,0.3095,0.3077
1560.0000,0.3227,0.3218,0.3196,0.3159,0.3112,0.3088,0.3076
1565.0000,0.3221,0.3215,0.3190,0.3156,0.3103,0.3090,0.3061
1570.0000,0.3214,0.3213,0.3184,0.3150,0.3098,0.3084,0.3062
1575.0000,0.3202,0.3212,0.3177,0.3144,0.3093,0.3079,0.3060
1580.0000,0.3209,0.3201,0.3175,0.3138,0.3085,0.3081,0.3039
1585.0000,0.3203,0.3197,0.3171,0.3129,0.3085,0.3070,0.3050
1590.0000,0.3194,0.3194,0.3165,0.3123,0.3081,0.3063,0.3050
1595.0000,0.3196,0.3184,0.3162,0.3115,0.3079,0.3058,0.3048
1600.0000,0.3188,0.3183,0.3153,0.3112,0.3072,0.3058,0.3038
1605.0000,0.3176,0.3181,0.3146,0.3106,0.3069,0.3051,0.3040
1610.0000,0.3180,0.3171,0.3142,0.3100,0.3066,0.3047,0.3039
1615.0000,0.3173,0.3168,0.3133,0.3097,0.3059,0.3048,0.3028
1620.0000,0.3164,0.3165,0.3126,0.3093,0.3055,0.3043,0.3030
1625.0000,0.3166,0.3154,0.3123,0.3086,0.3054,0.3037,0.3031
1630.0000,0.3158,0.3150,0.3116,0.3083,0.3047,0.3039,0.3022
1635.0000,0.3148,0.3146,0.3109,0.3079,0.3044,0.3035,0.3023
1640.0000,0.3149,0.3136,0.3106,0.3073,0.3042,0.3031,0.3024
1645.0000,0.3142,0.3132,0.3099,0.3071,0.3035,0.3034,0.3012
1650.0000,0.3132,0.3127,0.3094,0.3066,0.3034,0.3028,0.3019
1655.0000,0.3132,0.3117,0.3092,0.3060,0.3033,0.3025,0.3020
1660.0000,0.3125,0.3113,0.3086,0.3058,0.3027,0.3030,0.3008
1665.0000,0.3116,0.3110,0.3081,0.3054,0.3027,0.3025,0.3015
1670.0000,0.3115,0.3101,0.3079,0.3048,0.3027,0.3021,0.3019
1675.0000,0.3107,0.3098,0.3072,0.3047,0.3022,0.3026,0.3009
1680.0000,0.3098,0.3096,0.3067,0.3044,0.3020,0.3024,0.3013
1685.0000,0.3086,0.3095,0.3061,0.3041,0.3020,0.3022,0.3017
1690.0000,0.3093,0.3085,0.3059,0.3038,0.3017,0.3026,0.3006
1695.0000,0.3086,0.3081,0.3055,0.3035,0.3018,0.3023,0.3011
1700.0000,0.3074,0.3080,0.3050,0.3032,0.3018,0.3021,0.3014
1705.0000,0.3079,0.3070,0.3048,0.3030,0.3015,0.3027,0.2998
1710.0000,0.3072,0.3068,0.3044,0.3028,0.3017,0.3021,0.3009
1715.0000,0.3061,0.3066,0.3040,0.3026,0.3018,0.3019,0.3011
1720.0000,0.3066,0.3058,0.3039,0.3023,0.3020,0.3016,0.3012
1725.0000,0.3059,0.3056,0.3034,0.3024,0.3017,0.3019,0.3004
1730.0000,0.3050,0.3055,0.3030,0.3023,0.3018,0.3015,0.3009
1735.0000,0.3055,0.3047,0.3030,0.3021,0.3019,0.3012,0.3010
1740.0000,0.3049,0.3045,0.3026,0.3023,0.3015,0.3016,0.3003
1745.0000,0.3039,0.3045,0.3023,0.3023,0.3014,0.3013,0.3006
1750.0000,0.3044,0.3037,0.3024,0.3021,0.3015,0.3010,0.3009
1755.0000,0.3039,0.3037,0.3021,0.3023,0.3011,0.3014,0.3001
1760.0000,0.3032,0.3036,0.3019,0.3022,0.3011,0.3012,0.3006
1765.0000,0.3035,0.3030,0.3021,0.3020,0.3011,0.3010,0.3009
1770.0000,0.3031,0.3029,0.3019,0.3022,0.3007,0.3016,0.2999
1775.0000,0.3025,0.3029,0.3018,0.3020,0.3008,0.3012,0.3008
1780.0000,0.3029,0.3023,0.3021,0.3018,0.3009,0.3010,0.3012
1785.0000,0.3026,0.3023,0.3019,0.3018,0.3005,0.3017,0.3004
1790.0000,0.3020,0.3025,0.3018,0.3017,0.3006,0.3015,0.3013
1795.0000,0.3024,0.3020,0.3021,0.3014,0.3009,0.3012,0.3024
1800.0000,0.3021,0.3022,0.3018,0.3015,0.3005,0.3020,0.3020
1805.0000,0.3018,0.3022,0.3017,0.3013,0.3007,0.3018,0.3042
1810.0000,0.3009,0.3026,0.3015,0.3012,0.3009,0.3019,0.3067
1815.0000,0.3019,0.3021,0.3015,0.3012,0.3006,0.3030,0.3083
1820.0000,0.3016,0.3022,0.3014,0.3011,0.3010,0.3031,0.3146
1825.0000,0.3007,0.3025,0.3011,0.3011,0.3011,0.3041,0.3224
1830.0000,0.3017,0.3020,0.3011,0.3013,0.3006,0.3074,0.3302
1835.0000,0.3013,0.3023,0.3005,0.3018,0.2998,0.3121,0.3397
1840.0000,0.3007,0.3024,0.3004,0.3017,0.3002,0.3166,0.3559
1845.0000,0.3016,0.3018,0.3006,0.3017,0.3004,0.3241,0.3747
1850.0000,0.3010,0.3021,0.3002,0.3020,0.3003,0.3352,0.3968
1855.0000,0.2999,0.3028,0.2993,0.3031,0.2993,0.3529,0.4151
1860.0000,0.3012,0.3017,0.3000,0.3024,0.3020,0.3700,0.4428
1865.0000,0.3010,0.3017,0.3003,0.3020,0.3056,0.3920,0.4722
1870.0000,0.3006,0.3013,0.3010,0.3009,0.3123,0.4161,0.5088
1875.0000,0.3012,0.3010,0.3011,0.3010,0.3189,0.4498,0.5372
1880.0000,0.3011,0.3006,0.3018,0.3001,0.3308,0.4838,0.5700
1885.0000,0.3013,0.2999,0.3031,0.2987,0.3481,0.5181,0.6084
1890.0000,0.3012,0.2995,0.3040,0.2979,0.3697,0.5548,0.6464
1895.0000,0.3015,0.2993,0.3043,0.2989,0.3944,0.5954,0.6796
1900.0000,0.3015,0.2995,0.3038,0.3018,0.4230,0.6384,0.7037
1905.0000,0.3012,0.2996,0.3039,0.3053,0.4592,0.6745,0.7340
1910.0000,0.3012,0.3002,0.3025,0.3131,0.4967,0.7134,0.7513
1915.0000,0.3013,0.3005,0.3018,0.3229,0.5403,0.7435,0.7748
1920.0000,0.3012,0.3012,0.3005,0.3375,0.5850,0.7714,0.7874
1925.0000,0.3009,0.3025,0.2987,0.3573,0.6292,0.7969,0.7877
1930.0000,0.3006,0.3035,0.2986,0.3805,0.6762,0.8096,0.7968
1935.0000,0.2990,0.3055,0.2991,0.4092,0.7207,0.8168,0.7996
1940.0000,0.3011,0.3065,0.3015,0.4435,0.7593,0.8219,0.7901
1945.0000,0.3006,0.3090,0.3063,0.4815,0.7947,0.8173,0.7867
1950.0000,0.2977,0.3136,0.3134,0.5241,0.8225,0.8095,0.7768
1955.0000,0.3036,0.3153,0.3263,0.5688,0.8430,0.7984,0.7634
1960.0000,0.3052,0.3207,0.3427,0.6150,0.8559,0.7825,0.7541
1965.0000,0.3072,0.3278,0.3638,0.6618,0.8591,0.7685,0.7369
1970.0000,0.3161,0.3340,0.3921,0.7058,0.8555,0.7534,0.7191
1975.0000,0.3204,0.3465,0.4240,0.7467,0.8458,0.7363,0.7040
1980.0000,0.3327,0.3581,0.4630,0.7815,0.8316,0.7186,0.6906
1985.0000,0.3455,0.3737,0.5057,0.8106,0.8120,0.7039,0.6747
1990.0000,0.3618,0.3923,0.5523,0.8320,0.7907,0.6889,0.6614
1995.0000,0.3763,0.4182,0.5984,0.8470,0.7669,0.6763,0.6471
2000.0000,0.3972,0.4464,0.6456,0.8535,0.7444,0.6623,0.6376
2005.0000,0.4249,0.4759,0.6920,0.8528,0.7218,0.6515,0.6262
2010.0000,0.4557,0.5085,0.7352,0.8456,0.7012,0.6410,0.6172
2015.0000,0.4808,0.5484,0.7709,0.8340,0.6819,0.6315,0.6095
2020.0000,0.5095,0.5907,0.7992,0.8193,0.6631,0.6256,0.5975
2025.0000,0.5470,0.6286,0.8239,0.7991,0.6500,0.6151,0.5965
2030.0000,0.5813,0.6676,0.8395,0.7782,0.6373,0.6080,0.5917
2035.0000,0.6174,0.7031,0.8484,0.7566,0.6259,0.6034,0.5835
2040.0000,0.6437,0.7408,0.8473,0.7361,0.6164,0.5975,0.5803
2045.0000,0.6814,0.7666,0.8441,0.7142,0.6103,0.5905,0.5792
2050.0000,0.7133,0.7883,0.8346,0.6947,0.6037,0.5868,0.5736
2055.0000,0.7394,0.8049,0.8207,0.6766,0.5988,0.5818,0.5717
2060.0000,0.7531,0.8198,0.8013,0.6616,0.5936,0.5781,0.5689
2065.0000,0.7774,0.8222,0.7831,0.6472,0.5895,0.5754,0.5636
2070.0000,0.7906,0.8215,0.7627,0.6348,0.5864,0.5707,0.5636
2075.0000,0.7967,0.8170,0.7415,0.6246,0.5828,0.5677,0.5613
2080.0000,0.8027,0.8059,0.7218,0.6157,0.5793,0.5656,0.5570
2085.0000,0.7994,0.7945,0.7018,0.6086,0.5762,0.5624,0.5564
2090.0000,0.7923,0.7802,0.6833,0.6026,0.5729,0.5600,0.5544
2095.0000,0.7865,0.7619,0.6678,0.5968,0.5702,0.5576,0.5522
2100.0000,0.7767,0.7430,0.6539,0.5920,0.5672,0.5560,0.5489
2105.0000,0.7600,0.7265,0.6406,0.5881,0.5645,0.5534,0.5480
2110.0000,0.7468,0.7081,0.6302,0.5840,0.5621,0.5511,0.5463
2115.0000,0.7302,0.6924,0.6199,0.5811,0.5589,0.5500,0.5431
2120.0000,0.7166,0.6756,0.6125,0.5775,0.5570,0.5476,0.5422
2125.0000,0.7011,0.6607,0.6060,0.5741,0.5552,0.5451,0.5414
2130.0000,0.6846,0.6488,0.5994,0.5717,0.5524,0.5442,0.5387
2135.0000,0.6690,0.6382,0.5936,0.5691,0.5501,0.5424,0.5380
2140.0000,0.6574,0.6274,0.5894,0.5663,0.5483,0.5405,0.5372
2145.0000,0.6465,0.6179,0.5855,0.5637,0.5460,0.5400,0.5343
2150.0000,0.6336,0.6112,0.5814,0.5614,0.5443,0.5380,0.5349
2155.0000,0.6253,0.6037,0.5784,0.5588,0.5427,0.5367,0.5345
2160.0000,0.6163,0.5983,0.5747,0.5569,0.5403,0.5368,0.5319
2165.0000,0.6091,0.5928,0.5720,0.5544,0.5391,0.5355,0.5323
2170.0000,0.6032,0.5874,0.5698,0.5518,0.5381,0.5342,0.5325
2175.0000,0.5964,0.5839,0.5666,0.5501,0.5362,0.5346,0.5301
2180.0000,0.5904,0.5805,0.5639,0.5481,0.5352,0.5337,0.5306
2185.0000,0.5853,0.5772,0.5614,0.5460,0.5345,0.5329,0.5308
2190.0000,0.5828,0.5731,0.5594,0.5441,0.5333,0.5335,0.5278
2195.0000,0.5782,0.5705,0.5570,0.5422,0.5331,0.5320,0.5299
2200.0000,0.5733,0.5684,0.5544,0.5407,0.5325,0.5315,0.5303
2205.0000,0.5718,0.5649,0.5526,0.5390,0.5323,0.5310,0.5304
2210.0000,0.5684,0.5627,0.5501,0.5380,0.5314,0.5316,0.5289
2215.0000,0.5643,0.5609,0.5477,0.5369,0.5312,0.5309,0.5297
2220.0000,0.5634,0.5577,0.5462,0.5356,0.5312,0.5304,0.5300
2225.0000,0.5605,0.5557,0.5440,0.5350,0.5304,0.5311,0.5285
2230.0000,0.5570,0.5540,0.5420,0.5342,0.5304,0.5304,0.5296
2235.0000,0.5562,0.5509,0.5410,0.5332,0.5306,0.5300,0.5300
2240.0000,0.5535,0.5493,0.5391,0.5330,0.5299,0.5307,0.5289
2245.0000,0.5506,0.5477,0.5376,0.5326,0.5299,0.5304,0.5297
2250.0000,0.5499,0.5449,0.5369,0.5318,0.5301,0.5301,0.5303
2255.0000,0.5475,0.5435,0.5356,0.5318,0.5295,0.5309,0.5292
2260.0000,0.5449,0.5423,0.5345,0.5315,0.5295,0.5308,0.5301
2265.0000,0.5442,0.5402,0.5341,0.5310,0.5298,0.5306,0.5307
2270.0000,0.5423,0.5391,0.5331,0.5311,0.5292,0.5318,0.5290
2275.0000,0.5400,0.5382,0.5324,0.5309,0.5295,0.5314,0.5305
2280.0000,0.5396,0.5365,0.5323,0.5304,0.5299,0.5312,0.5312
2285.0000,0.5381,0.5358,0.5316,0.5306,0.5295,0.5324,0.5295
2290.0000,0.5364,0.5352,0.5311,0.5304,0.5299,0.5321,0.5308
2295.0000,0.5363,0.5338,0.5313,0.5300,0.5306,0.5317,0.5318
2300.0000,0.5351,0.5334,0.5307,0.5303,0.5303,0.5328,0.5303
2305.0000,0.5338,0.5330,0.5305,0.5302,0.5308,0.5324,0.5321
2310.0000,0.5317,0.5333,0.5299,0.5303,0.5310,0.5323,0.5333
2315.0000,0.5329,0.5320,0.5300,0.5305,0.5307,0.5337,0.5317
2320.0000,0.5318,0.5320,0.5297,0.5306,0.5313,0.5330,0.5356
2325.0000,0.5303,0.5322,0.5293,0.5308,0.5316,0.5331,0.5388
2330.0000,0.5315,0.5311,0.5296,0.5309,0.5317,0.5340,0.5418
2335.0000,0.5307,0.5313,0.5292,0.5315,0.5311,0.5362,0.5441
2340.0000,0.5296,0.5314,0.5291,0.5318,0.5312,0.5378,0.5495
2345.0000,0.5308,0.5303,0.5297,0.5316,0.5318,0.5398,0.5565
2350.0000,0.5301,0.5305,0.5296,0.5320,0.5314,0.5441,0.5628
2355.0000,0.5287,0.5312,0.5292,0.5325,0.5313,0.5496,0.5698
2360.0000,0.5301,0.5301,0.5301,0.5322,0.5324,0.5552,0.5790
2365.0000,0.5297,0.5304,0.5301,0.5324,0.5332,0.5632,0.5875
2370.0000,0.5288,0.5306,0.5306,0.5319,0.5361,0.5699,0.6028
2375.0000,0.5300,0.5300,0.5311,0.5318,0.5385,0.5807,0.6144
2380.0000,0.5297,0.5303,0.5313,0.5319,0.5419,0.5929,0.6267
2385.0000,0.5293,0.5306,0.5315,0.5318,0.5472,0.6052,0.6424
2390.0000,0.5302,0.5300,0.5325,0.5310,0.5551,0.6167,0.6629
2395.0000,0.5301,0.5305,0.5322,0.5319,0.5623,0.6328,0.6803
2400.0000,0.5297,0.5311,0.5319,0.5332,0.5713,0.6499,0.6998
2405.0000,0.5306,0.5308,0.5322,0.5345,0.5827,0.6668,0.7233
2410.0000,0.5305,0.5315,0.5314,0.5376,0.5939,0.6877,0.7443
2415.0000,0.5299,0.5322,0.5310,0.5410,0.6084,0.7067,0.7754
2420.0000,0.5310,0.5320,0.5307,0.5460,0.6226,0.7307,0.8020
2425.0000,0.5308,0.5328,0.5301,0.5526,0.6379,0.7572,0.8287
2430.0000,0.5305,0.5331,0.5305,0.5596,0.6564,0.7822,0.8653
2435.0000,0.5289,0.5343,0.5309,0.5684,0.6756,0.8107,0.9019
2440.0000,0.5314,0.5336,0.5326,0.5786,0.6953,0.8440,0.9359
2445.0000,0.5311,0.5345,0.5346,0.5902,0.7171,0.8790,0.9713
2450.0000,0.5308,0.5351,0.5385,0.6020,0.7430,0.9121,1.0160
2455.0000,0.5331,0.5350,0.5440,0.6152,0.7705,0.9487,1.0611
2460.0000,0.5337,0.5369,0.5494,0.6309,0.7983,0.9900,1.1050
2465.0000,0.5343,0.5396,0.5556,0.6484,0.8274,1.0357,1.1440
2470.0000,0.5374,0.5414,0.5652,0.6652,0.8630,1.0763,1.1943
2475.0000,0.5392,0.5458,0.5742,0.6855,0.8978,1.1236,1.2390
2480.0000,0.5412,0.5515,0.5844,0.7074,0.9354,1.1717,1.2831
2485.0000,0.5465,0.5564,0.5978,0.7290,0.9793,1.2140,1.3378
2490.0000,0.5518,0.5635,0.6109,0.7548,1.0215,1.2634,1.3855
2495.0000,0.5549,0.5734,0.6251,0.7820,1.0681,1.3075,1.4489
2500.0000,0.5633,0.5836,0.6395,0.8142,1.1105,1.3634,1.4957
2505.0000,0.5710,0.5956,0.6554,0.8482,1.1557,1.4181,1.5447
2510.0000,0.5817,0.6070,0.6750,0.8826,1.2053,1.4681,1.6060
2515.0000,0.5929,0.6199,0.6962,0.9196,1.2551,1.5207,1.6656
2520.0000,0.6020,0.6373,0.7169,0.9608,1.3028,1.5794,1.7188
2525.0000,0.6135,0.6556,0.7399,1.0042,1.3504,1.6426,1.7580
2530.0000,0.6314,0.6710,0.7695,1.0452,1.4060,1.6950,1.8116
2535.0000,0.6489,0.6892,0.8000,1.0895,1.4591,1.7538,1.8492
2540.0000,0.6640,0.7109,0.8334,1.1331,1.5187,1.8010,1.9060
2545.0000,0.6847,0.7331,0.8688,1.1794,1.5758,1.8534,1.9434
2585.0000,0.9003,1.0055,1.1972,1.6144,1.9962,2.1497,2.1894
2590.0000,0.9402,1.0457,1.2466,1.6727,2.0354,2.1757,2.2018
2595.0000,0.9846,1.0839,1.3007,1.7283,2.0731,2.1971,2.2095
2600.0000,1.0271,1.1249,1.3561,1.7831,2.1061,2.2178,2.2057
2605.0000,1.0640,1.1712,1.4123,1.8349,2.1394,2.2274,2.2091
2610.0000,1.1103,1.2153,1.4723,1.8827,2.1714,2.2302,2.2092
2615.0000,1.1592,1.2605,1.5326,1.9292,2.1968,2.2343,2.1947
2620.0000,1.1948,1.3170,1.5876,1.9757,2.2172,2.2335,2.1747
2625.0000,1.2472,1.3677,1.6465,2.0163,2.2378,2.2211,2.1573
2630.0000,1.2998,1.4204,1.7027,2.0564,2.2502,2.2098,2.1248
2635.0000,1.3524,1.4741,1.7581,2.0923,2.2609,2.1871,2.0986
2640.0000,1.4040,1.5298,1.8103,2.1268,2.2638,2.1638,2.0581
2645.0000,1.4477,1.5939,1.8546,2.1617,2.2579,2.1387,2.0055
2650.0000,1.5065,1.6467,1.9043,2.1877,2.2543,2.0957,1.9727
2655.0000,1.5644,1.6981,1.9512,2.2115,2.2412,2.0547,1.9230
2660.0000,1.6202,1.7485,1.9955,2.2319,2.2208,2.0119,1.8640
2665.0000,1.6611,1.8067,2.0323,2.2500,2.1937,1.9639,1.8033
2670.0000,1.7206,1.8513,2.0740,2.2585,2.1669,1.9032,1.7536
2675.0000,1.7752,1.8952,2.1110,2.2644,2.1296,1.8473,1.6898
2680.0000,1.8254,1.9382,2.1446,2.2652,2.0866,1.7887,1.6225
2685.0000,1.8514,1.9912,2.1681,2.2638,2.0361,1.7291,1.5511
2690.0000,1.9092,2.0263,2.1958,2.2530,1.9830,1.6675,1.4713
2695.0000,1.9561,2.0603,2.2207,2.2334,1.9326,1.5893,1.4280
2700.0000,2.0010,2.0913,2.2398,2.2108,1.8715,1.5231,1.3593
2705.0000,2.0387,2.1207,2.2536,2.1829,1.8066,1.4574,1.2889
2710.0000,2.0630,2.1554,2.2574,2.1517,1.7372,1.3926,1.2173
2715.0000,2.0957,2.1784,2.2619,2.1101,1.6728,1.3162,1.1710
2720.0000,2.1296,2.1953,2.2607,2.0651,1.6016,1.2512,1.1115
2725.0000,2.1568,2.2088,2.2537,2.0152,1.5294,1.1878,1.0560
2730.0000,2.1687,2.2250,2.2366,1.9632,1.4540,1.1307,0.9963
2735.0000,2.1913,2.2280,2.2193,1.9029,1.3844,1.0683,0.9523
2740.0000,2.2010,2.2321,2.1919,1.8419,1.3116,1.0148,0.9054
2745.0000,2.2078,2.2293,2.1601,1.7769,1.2413,0.9641,0.8631
2750.0000,2.2152,2.2172,2.1255,1.7071,1.1756,0.9143,0.8290
2755.0000,2.2142,2.2016,2.0841,1.6366,1.1108,0.8715,0.7956
2760.0000,2.1986,2.1869,2.0334,1.5675,1.0456,0.8383,0.7539
2765.0000,2.1919,2.1588,1.9831,1.4940,0.9890,0.8030,0.7208
2770.0000,2.1756,2.1275,1.9271,1.4211,0.9356,0.7728,0.6839
2775.0000,2.1519,2.0908,1.8689,1.3461,0.8925,0.7344,0.6724
2780.0000,2.1256,2.0485,1.8063,1.2743,0.8499,0.7058,0.6499
2785.0000,2.0882,2.0070,1.7367,1.2071,0.8093,0.6816,0.6267
2790.0000,2.0529,1.9563,1.6675,1.1412,0.7742,0.6578,0.6078
2795.0000,2.0120,1.9006,1.5975,1.0776,0.7446,0.6326,0.5976
2800.0000,1.9619,1.8459,1.5229,1.0205,0.7146,0.6140,0.5840
2805.0000,1.9057,1.7895,1.4468,0.9683,0.6864,0.5988,0.5701
2810.0000,1.8553,1.7244,1.3743,0.9190,0.6615,0.5854,0.5562
2815.0000,1.8014,1.6556,1.3043,0.8732,0.6394,0.5735,0.5424
2820.0000,1.7330,1.5925,1.2329,0.8324,0.6201,0.5594,0.5412
2825.0000,1.6621,1.5284,1.1641,0.7959,0.6017,0.5493,0.5373
2830.0000,1.6070,1.4549,1.1033,0.7606,0.5862,0.5408,0.5338
2835.0000,1.5492,1.3801,1.0476,0.7279,0.5729,0.5342,0.5316
2840.0000,1.4726,1.3163,0.9904,0.7007,0.5591,0.5303,0.5308
2845.0000,1.4101,1.2479,0.9406,0.6748,0.5478,0.5284,0.5294
2850.0000,1.3399,1.1875,0.8915,0.6528,0.5370,0.5287,0.5281
2855.0000,1.2868,1.1196,0.8523,0.6299,0.5305,0.5287,0.5267
2860.0000,1.2213,1.0610,0.8139,0.6100,0.5254,0.5293,0.5254
2865.0000,1.1559,1.0091,0.7768,0.5935,0.5209,0.5316,0.5213
2870.0000,1.0899,0.9638,0.7412,0.5791,0.5187,0.5318,0.5209
2875.0000,1.0401,0.9147,0.7127,0.5643,0.5201,0.5296,0.5215
2880.0000,0.9916,0.8693,0.6866,0.5520,0.5213,0.5297,0.5169
2885.0000,0.9421,0.8291,0.6622,0.5415,0.5246,0.5256,0.5201
2890.0000,0.8982,0.7914,0.6402,0.5333,0.5272,0.5227,0.5207
2895.0000,0.8607,0.7540,0.6218,0.5266,0.5297,0.5201,0.5206
2900.0000,0.8129,0.7289,0.5998,0.5248,0.5295,0.5189,0.5206
2905.0000,0.7800,0.7009,0.5826,0.5234,0.5290,0.5180,0.5199
2910.0000,0.7455,0.6786,0.5654,0.5246,0.5269,0.5182,0.5191
2915.0000,0.7191,0.6542,0.5530,0.5253,0.5251,0.5182,0.5181
2920.0000,0.6937,0.6317,0.5434,0.5261,0.5233,0.5182,0.5174
2925.0000,0.6665,0.6147,0.5341,0.5282,0.5201,0.5197,0.5145
2930.0000,0.6433,0.5980,0.5283,0.5291,0.5183,0.5196,0.5145
2935.0000,0.6315,0.5776,0.5280,0.5276,0.5183,0.5183,0.5148
2940.0000,0.6120,0.5634,0.5272,0.5269,0.5171,0.5192,0.5109
2945.0000,0.5948,0.5519,0.5276,0.5252,0.5176,0.5171,0.5131
2950.0000,0.5766,0.5452,0.5269,0.5243,0.5173,0.5160,0.5134
2955.0000,0.5655,0.5386,0.5273,0.5229,0.5174,0.5149,0.5135
2960.0000,0.5566,0.5337,0.5275,0.5217,0.5169,0.5147,0.5122
2965.0000,0.5461,0.5322,0.5266,0.5210,0.5166,0.5137,0.5130
2970.0000,0.5414,0.5298,0.5264,0.5201,0.5163,0.5128,0.5135
2975.0000,0.5352,0.5301,0.5245,0.5201,0.5149,0.5134,0.5127
2980.0000,0.5314,0.5297,0.5233,0.5197,0.5143,0.5130,0.5142
2985.0000,0.5312,0.5277,0.5231,0.5190,0.5138,0.5129,0.5151
2990.0000,0.5293,0.5272,0.5220,0.5187,0.5126,0.5141,0.5149
2995.0000,0.5273,0.5265,0.5213,0.5180,0.5123,0.5140,0.5180
3000.0000,0.5273,0.5249,0.5212,0.5171,0.5122,0.5144,0.5212
3005.0000,0.5260,0.5243,0.5203,0.5167,0.5113,0.5167,0.5227
3010.0000,0.5246,0.5238,0.5197,0.5161,0.5110,0.5186,0.5260
3015.0000,0.5246,0.5224,0.5196,0.5151,0.5114,0.5205,0.5304
3020.0000,0.5234,0.5220,0.5187,0.5147,0.5112,0.5245,0.5329
3025.0000,0.5220,0.5217,0.5181,0.5139,0.5123,0.5271,0.5396
3030.0000,0.5222,0.5205,0.5180,0.5129,0.5138,0.5306,0.5463
3035.0000,0.5212,0.5202,0.5171,0.5127,0.5147,0.5363,0.5513
3040.0000,0.5200,0.5199,0.5163,0.5123,0.5168,0.5416,0.5593
3045.0000,0.5203,0.5187,0.5160,0.5117,0.5197,0.5473,0.5680
3050.0000,0.5194,0.5185,0.5150,0.5120,0.5223,0.5553,0.5748
3055.0000,0.5183,0.5181,0.5142,0.5120,0.5266,0.5620,0.5872
3060.0000,0.5164,0.5182,0.5132,0.5127,0.5310,0.5705,0.5985
3065.0000,0.5176,0.5168,0.5127,0.5137,0.5355,0.5813,0.6077
3070.0000,0.5165,0.5165,0.5120,0.5151,0.5415,0.5916,0.6203
3075.0000,0.5151,0.5161,0.5116,0.5165,0.5490,0.6013,0.6366
3080.0000,0.5159,0.5147,0.5118,0.5184,0.5571,0.6128,0.6526
3085.0000,0.5148,0.5146,0.5112,0.5217,0.5648,0.6268,0.6680
3090.0000,0.5133,0.5148,0.5108,0.5257,0.5732,0.6426,0.6820
3095.0000,0.5143,0.5133,0.5121,0.5290,0.5847,0.6558,0.7024
3100.0000,0.5135,0.5134,0.5125,0.5341,0.5952,0.6729,0.7201
3105.0000,0.5123,0.5138,0.5137,0.5395,0.6079,0.6889,0.7441
3110.0000,0.5133,0.5135,0.5151,0.5463,0.6195,0.7100,0.7618
3115.0000,0.5130,0.5142,0.5168,0.5539,0.6328,0.7313,0.7804
3120.0000,0.5126,0.5149,0.5198,0.5611,0.6493,0.7496,0.8086
3125.0000,0.5140,0.5153,0.5237,0.5693,0.6665,0.7699,0.8368
3130.0000,0.5139,0.5176,0.5269,0.5796,0.6829,0.7944,0.8622
3135.0000,0.5148,0.5198,0.5309,0.5909,0.6999,0.8216,0.8833
3140.0000,0.5173,0.5211,0.5371,0.6016,0.7208,0.8454,0.9124
3145.0000,0.5192,0.5241,0.5429,0.6144,0.7408,0.8736,0.9361
3150.0000,0.5199,0.5285,0.5493,0.6279,0.7632,0.9005,0.9628
3155.0000,0.5240,0.5315,0.5581,0.6411,0.7889,0.9247,0.9947
3160.0000,0.5274,0.5364,0.5663,0.6570,0.8130,0.9538,1.0202
3165.0000,0.5310,0.5421,0.5758,0.6732,0.8401,0.9792,1.0561
3170.0000,0.5362,0.5484,0.5853,0.6922,0.8649,1.0108,1.0809
3175.0000,0.5413,0.5560,0.5955,0.7123,0.8908,1.0424,1.1047
3180.0000,0.5464,0.5644,0.6073,0.7327,0.9196,1.0699,1.1372
3185.0000,0.5512,0.5740,0.6199,0.7544,0.9490,1.0974,1.1697
3190.0000,0.5613,0.5827,0.6339,0.7779,0.9767,1.1293,1.1939
3195.0000,0.5697,0.5932,0.6487,0.8024,1.0054,1.1601,1.2170
3200.0000,0.5776,0.6047,0.6653,0.8270,1.0364,1.1868,1.2448
3205.0000,0.5897,0.6154,0.6844,0.8517,1.0685,1.2119,1.2726
3210.0000,0.5991,0.6299,0.7024,0.8792,1.0978,1.2402,1.2937
3250.0000,0.7264,0.7748,0.8937,1.1144,1.3207,1.4008,1.4208
3255.0000,0.7421,0.8026,0.9184,1.1470,1.3401,1.4167,1.4225
3260.0000,0.7674,0.8246,0.9484,1.1758,1.3620,1.4245,1.4328
3265.0000,0.7918,0.8476,0.9792,1.2039,1.3817,1.4313,1.4391
3270.0000,0.8170,0.8715,1.0102,1.2320,1.3975,1.4398,1.4378
3275.0000,0.8365,0.9008,1.0391,1.2599,1.4115,1.4447,1.4386
3280.0000,0.8638,0.9271,1.0705,1.2851,1.4251,1.4459,1.4398
3285.0000,0.8910,0.9546,1.1010,1.3099,1.4345,1.4492,1.4324
3290.0000,0.9124,0.9866,1.1297,1.3333,1.4433,1.4467,1.4342
3295.0000,0.9435,1.0142,1.1603,1.3543,1.4498,1.4446,1.4295
3300.0000,0.9732,1.0427,1.1896,1.3742,1.4529,1.4438,1.4184
3305.0000,1.0029,1.0709,1.2190,1.3912,1.4560,1.4382,1.4125
3310.0000,1.0216,1.1051,1.2443,1.4076,1.4564,1.4314,1.4056
3315.0000,1.0568,1.1321,1.2714,1.4213,1.4542,1.4272,1.3889
3320.0000,1.0878,1.1593,1.2978,1.4315,1.4538,1.4150,1.3870
3325.0000,1.1181,1.1862,1.3222,1.4404,1.4500,1.4055,1.3769
3330.0000,1.1469,1.2126,1.3448,1.4473,1.4448,1.3952,1.3659
3335.0000,1.1691,1.2433,1.3623,1.4545,1.4360,1.3872,1.3502
3340.0000,1.1970,1.2684,1.3810,1.4572,1.4294,1.3732,1.3437
3345.0000,1.2267,1.2907,1.3983,1.4585,1.4204,1.3618,1.3315
3350.0000,1.2531,1.3126,1.4129,1.4586,1.4096,1.3518,1.3164
3355.0000,1.2713,1.3370,1.4234,1.4576,1.3982,1.3399,1.3041
3360.0000,1.2984,1.3542,1.4353,1.4530,1.3885,1.3252,1.2951
3365.0000,1.3190,1.3730,1.4427,1.4489,1.3755,1.3146,1.2803
3370.0000,1.3389,1.3888,1.4492,1.4424,1.3634,1.3018,1.2693
3375.0000,1.3593,1.4013,1.4545,1.4344,1.3513,1.2894,1.2570
3380.0000,1.3745,1.4145,1.4561,1.4267,1.3371,1.2797,1.2397
3385.0000,1.3876,1.4254,1.4568,1.4165,1.3258,1.2646,1.2337
3390.0000,1.4029,1.4321,1.4567,1.4056,1.3134,1.2523,1.2223
3395.0000,1.4132,1.4394,1.4533,1.3952,1.2993,1.2427,1.2066
3400.0000,1.4206,1.4451,1.4486,1.3837,1.2869,1.2301,1.1968
3405.0000,1.4304,1.4461,1.4443,1.3705,1.2761,1.2159,1.1899
3410.0000,1.4356,1.4476,1.4367,1.3588,1.2625,1.2064,1.1764
3415.0000,1.4361,1.4493,1.4272,1.3469,1.2497,1.1956,1.1670
3420.0000,1.4347,1.4489,1.4173,1.3343,1.2381,1.1834,1.1606
3425.0000,1.4411,1.4423,1.4085,1.3213,1.2255,1.1747,1.1488
3430.0000,1.4406,1.4366,1.3982,1.3084,1.2139,1.1648,1.1414
3435.0000,1.4316,1.4332,1.3853,1.2965,1.2016,1.1562,1.1327
3440.0000,1.4330,1.4232,1.3746,1.2837,1.1896,1.1500,1.1182
3445.0000,1.4259,1.4157,1.3624,1.2705,1.1803,1.1386,1.1176
3450.0000,1.4177,1.4071,1.3498,1.2580,1.1702,1.1301,1.1120
3455.0000,1.4139,1.3948,1.3385,1.2450,1.1609,1.1223,1.1057
3460.0000,1.4050,1.3844,1.3255,1.2332,1.1506,1.1170,1.0965
3465.0000,1.3919,1.3749,1.3121,1.2213,1.1423,1.1089,1.0935
3470.0000,1.3857,1.3611,1.3006,1.2089,1.1346,1.1021,1.0888
3475.0000,1.3740,1.3502,1.2870,1.1984,1.1256,1.0979,1.0811
3480.0000,1.3628,1.3380,1.2744,1.1873,1.1185,1.0919,1.0771
3485.0000,1.3536,1.3238,1.2630,1.1760,1.1125,1.0855,1.0738
3490.0000,1.3395,1.3132,1.2492,1.1669,1.1048,1.0823,1.0666
3495.0000,1.3249,1.3024,1.2360,1.1576,1.0987,1.0772,1.0635
3500.0000,1.3161,1.2881,1.2250,1.1479,1.0936,1.0720,1.0599
3505.0000,1.3046,1.2754,1.2131,1.1397,1.0874,1.0695,1.0518
3510.0000,1.2899,1.2641,1.2014,1.1313,1.0832,1.0634,1.0517
3515.0000,1.2800,1.2502,1.1914,1.1231,1.0791,1.0586,1.0488
3520.0000,1.2668,1.2392,1.1798,1.1168,1.0733,1.0566,1.0416
3525.0000,1.2550,1.2270,1.1699,1.1097,1.0696,1.0517,1.0404
3530.0000,1.2444,1.2141,1.1611,1.1028,1.0663,1.0467,1.0392
3535.0000,1.2311,1.2043,1.1508,1.0978,1.0609,1.0451,1.0332
3540.0000,1.2177,1.1948,1.1411,1.0927,1.0567,1.0415,1.0318
3545.0000,1.2048,1.1853,1.1322,1.0878,1.0527,1.0382,1.0299
3550.0000,1.1982,1.1729,1.1254,1.0828,1.0481,1.0375,1.0223
3555.0000,1.1855,1.1643,1.1177,1.0780,1.0453,1.0329,1.0245
3560.0000,1.1749,1.1551,1.1110,1.0733,1.0420,1.0300,1.0233
3565.0000,1.1683,1.1444,1.1054,1.0689,1.0379,1.0297,1.0166
3570.0000,1.1572,1.1367,1.0994,1.0644,1.0356,1.0259,1.0188
3575.0000,1.1451,1.1305,1.0930,1.0605,1.0326,1.0237,1.0180
3580.0000,1.1402,1.1213,1.0887,1.0560,1.0304,1.0214,1.0168
3585.0000,1.1322,1.1145,1.0833,1.0525,1.0271,1.0213,1.0125
3590.0000,1.1224,1.1088,1.0782,1.0487,1.0253,1.0186,1.0129
3595.0000,1.1179,1.1011,1.0746,1.0445,1.0239,1.0164,1.0122
3600.0000,1.1099,1.0964,1.0692,1.0418,1.0210,1.0165,1.0081
3605.0000,1.1021,1.0917,1.0645,1.0386,1.0196,1.0142,1.0084
3610.0000,1.0988,1.0847,1.0614,1.0349,1.0189,1.0116,1.0085
3615.0000,1.0923,1.0804,1.0567,1.0327,1.0165,1.0117,1.0051
3620.0000,1.0852,1.0765,1.0523,1.0303,1.0152,1.0098,1.0055
3625.0000,1.0823,1.0706,1.0493,1.0275,1.0142,1.0080,1.0053
3630.0000,1.0770,1.0668,1.0450,1.0261,1.0117,1.0088,1.0011
3635.0000,1.0707,1.0633,1.0413,1.0240,1.0109,1.0066,1.0032
3640.0000,1.0682,1.0579,1.0389,1.0217,1.0100,1.0052,1.0033
3645.0000,1.0632,1.0547,1.0352,1.0207,1.0075,1.0064,0.9994
