150.0000,0.6944,0.5668,1.7024,3.4072,1.1674,1.0649,0.8428
155.0000,0.6922,0.6614,2.1439,3.2356,0.9477,1.0513,0.8188
160.0000,0.8494,0.7281,2.6090,2.9638,0.7937,1.0778,0.6837
165.0000,1.0199,0.8685,3.0245,2.6118,0.7581,0.9956,0.7553
170.0000,1.0226,1.2001,3.2693,2.2779,0.7355,0.9477,0.7638
175.0000,1.2087,1.4961,3.4416,1.9331,0.7497,0.9184,0.7051
180.0000,1.3448,1.8774,3.4597,1.6276,0.7908,0.8514,0.7326
185.0000,1.5663,2.2306,3.3703,1.3663,0.8350,0.7921,0.7464
190.0000,1.7851,2.5662,3.1695,1.1688,0.8632,0.7482,0.7509
195.0000,1.9988,2.8390,2.8955,1.0285,0.8751,0.7174,0.7442
200.0000,2.0696,3.0933,2.5426,0.9581,0.8537,0.7113,0.7234
205.0000,2.4211,3.1038,2.2584,0.8835,0.8573,0.6789,0.7440
210.0000,2.5791,3.0839,1.9514,0.8581,0.8290,0.6803,0.7165
215.0000,2.7155,2.9510,1.6935,0.8403,0.8036,0.6790,0.7000
220.0000,2.7772,2.7528,1.4788,0.8282,0.7825,0.6694,0.7071
225.0000,2.7253,2.5444,1.2882,0.8314,0.7486,0.6790,0.6821
230.0000,2.6375,2.3039,1.1466,0.8290,0.7228,0.6824,0.6683
235.0000,2.4974,2.0649,1.0401,0.8241,0.7020,0.6826,0.6584
240.0000,2.3743,1.8028,0.9848,0.8048,0.6932,0.6783,0.6462
245.0000,2.1569,1.6081,0.9287,0.7935,0.6823,0.6721,0.6424
250.0000,1.9479,1.4396,0.8892,0.7800,0.6745,0.6652,0.6370
255.0000,1.7570,1.2975,0.8607,0.7663,0.6666,0.6622,0.6225
260.0000,1.6182,1.1587,0.8538,0.7434,0.6698,0.6474,0.6237
265.0000,1.4473,1.0687,0.8381,0.7277,0.6683,0.6360,0.6224
270.0000,1.3032,1.0027,0.8209,0.7157,0.6638,0.6285,0.6176
275.0000,1.1901,0.9500,0.8054,0.7048,0.6592,0.6207,0.6149
280.0000,1.1007,0.9084,0.7901,0.6958,0.6531,0.6149,0.6117
285.0000,1.0260,0.8781,0.7735,0.6892,0.6456,0.6103,0.6097
290.0000,0.9482,0.8662,0.7499,0.6877,0.6342,0.6092,0.6065
295.0000,0.9166,0.8393,0.7377,0.6814,0.6266,0.6071,0.6044
300.0000,0.8836,0.8185,0.7252,0.6762,0.6181,0.6072,0.6006
305.0000,0.8601,0.7953,0.7174,0.6687,0.6125,0.6057,0.5995
310.0000,0.8356,0.7756,0.7105,0.6607,0.6081,0.6042,0.5989
315.0000,0.8119,0.7601,0.7031,0.6534,0.6034,0.6051,0.5940
320.0000,0.7912,0.7462,0.6968,0.6453,0.6011,0.6039,0.5927
325.0000,0.7778,0.7312,0.6923,0.6363,0.6006,0.6017,0.5910
330.0000,0.7609,0.7203,0.6861,0.6289,0.5995,0.6015,0.5837
335.0000,0.7445,0.7122,0.6790,0.6217,0.6005,0.5971,0.5848
340.0000,0.7280,0.7068,0.6703,0.6162,0.6008,0.5933,0.5836
345.0000,0.7200,0.6988,0.6625,0.6116,0.6005,0.5911,0.5781
350.0000,0.7105,0.6921,0.6542,0.6077,0.6011,0.5855,0.5805
355.0000,0.6990,0.6869,0.6448,0.6057,0.5997,0.5820,0.5800
360.0000,0.6942,0.6786,0.6372,0.6041,0.5978,0.5792,0.5791
365.0000,0.6862,0.6720,0.6291,0.6037,0.5946,0.5773,0.5784
370.0000,0.6765,0.6659,0.6214,0.6039,0.5905,0.5765,0.5774
375.0000,0.6723,0.6568,0.6164,0.6035,0.5866,0.5762,0.5762
380.0000,0.6642,0.6500,0.6113,0.6034,0.5822,0.5769,0.5742
385.0000,0.6571,0.6424,0.6081,0.6024,0.5787,0.5773,0.5729
390.0000,0.6518,0.6338,0.6071,0.5999,0.5767,0.5765,0.5726
395.0000,0.6445,0.6274,0.6057,0.5977,0.5741,0.5776,0.5690
400.0000,0.6382,0.6212,0.6056,0.5942,0.5737,0.5761,0.5698
405.0000,0.6323,0.6158,0.6058,0.5903,0.5741,0.5740,0.5709
410.0000,0.6278,0.6110,0.6057,0.5868,0.5738,0.5738,0.5685
415.0000,0.6215,0.6085,0.6046,0.5833,0.5746,0.5713,0.5718
420.0000,0.6171,0.6066,0.6029,0.5807,0.5746,0.5702,0.5731
425.0000,0.6128,0.6060,0.5998,0.5791,0.5737,0.5706,0.5733
430.0000,0.6083,0.6062,0.5959,0.5781,0.5726,0.5711,0.5747
435.0000,0.6076,0.6043,0.5929,0.5771,0.5716,0.5722,0.5750
440.0000,0.6044,0.6043,0.5886,0.5771,0.5698,0.5745,0.5739
445.0000,0.6018,0.6032,0.5851,0.5768,0.5690,0.5759,0.5746
450.0000,0.5994,0.6010,0.5825,0.5760,0.5690,0.5769,0.5755
455.0000,0.6006,0.5966,0.5813,0.5750,0.5688,0.5794,0.5719
460.0000,0.5988,0.5931,0.5804,0.5734,0.5705,0.5787,0.5748
465.0000,0.5963,0.5899,0.5797,0.5719,0.5723,0.5782,0.5761
470.0000,0.5944,0.5868,0.5789,0.5711,0.5732,0.5796,0.5729
475.0000,0.5920,0.5843,0.5783,0.5700,0.5755,0.5779,0.5760
480.0000,0.5879,0.5832,0.5768,0.5698,0.5769,0.5773,0.5767
485.0000,0.5866,0.5813,0.5756,0.5699,0.5780,0.5769,0.5768
490.0000,0.5834,0.5811,0.5735,0.5711,0.5781,0.5774,0.5755
495.0000,0.5795,0.5814,0.5713,0.5724,0.5783,0.5770,0.5758
500.0000,0.5805,0.5791,0.5707,0.5733,0.5786,0.5766,0.5757
505.0000,0.5786,0.5786,0.5692,0.5750,0.5778,0.5773,0.5738
510.0000,0.5766,0.5777,0.5686,0.5762,0.5776,0.5766,0.5743
515.0000,0.5775,0.5751,0.5694,0.5767,0.5778,0.5756,0.5747
520.0000,0.5764,0.5738,0.5698,0.5776,0.5770,0.5761,0.5730
525.0000,0.5750,0.5726,0.5707,0.5781,0.5768,0.5753,0.5736
530.0000,0.5746,0.5713,0.5721,0.5782,0.5766,0.5746,0.5738
535.0000,0.5735,0.5710,0.5730,0.5786,0.5756,0.5754,0.5717
540.0000,0.5718,0.5714,0.5739,0.5786,0.5754,0.5746,0.5727
545.0000,0.5721,0.5711,0.5752,0.5784,0.5750,0.5743,0.5721
550.0000,0.5714,0.5721,0.5756,0.5786,0.5739,0.5753,0.5691
555.0000,0.5705,0.5734,0.5760,0.5784,0.5736,0.5748,0.5682
560.0000,0.5720,0.5732,0.5772,0.5775,0.5741,0.5733,0.5677
565.0000,0.5723,0.5742,0.5775,0.5773,0.5735,0.5735,0.5633
570.0000,0.5726,0.5749,0.5779,0.5765,0.5740,0.5713,0.5629
575.0000,0.5717,0.5762,0.5779,0.5759,0.5744,0.5688,0.5620
580.0000,0.5741,0.5759,0.5782,0.5755,0.5738,0.5678,0.5573
585.0000,0.5744,0.5766,0.5781,0.5750,0.5741,0.5639,0.5591
590.0000,0.5738,0.5777,0.5773,0.5751,0.5731,0.5616,0.5581
595.0000,0.5757,0.5775,0.5770,0.5751,0.5717,0.5597,0.5564
600.0000,0.5750,0.5787,0.5756,0.5758,0.5692,0.5586,0.5539
605.0000,0.5741,0.5795,0.5746,0.5762,0.5670,0.5568,0.5527
610.0000,0.5765,0.5783,0.5747,0.5759,0.5646,0.5556,0.5502
615.0000,0.5759,0.5786,0.5740,0.5760,0.5616,0.5552,0.5462
620.0000,0.5754,0.5783,0.5741,0.5751,0.5598,0.5528,0.5450
625.0000,0.5770,0.5765,0.5752,0.5733,0.5583,0.5504,0.5430
630.0000,0.5767,0.5760,0.5754,0.5720,0.5561,0.5492,0.5387
635.0000,0.5761,0.5755,0.5759,0.5699,0.5550,0.5460,0.5376
640.0000,0.5765,0.5744,0.5767,0.5674,0.5541,0.5423,0.5368
645.0000,0.5760,0.5743,0.5764,0.5655,0.5521,0.5402,0.5339
650.0000,0.5750,0.5748,0.5756,0.5636,0.5503,0.5374,0.5327
655.0000,0.5753,0.5746,0.5747,0.5619,0.5481,0.5353,0.5305
660.0000,0.5742,0.5756,0.5726,0.5607,0.5450,0.5341,0.5269
665.0000,0.5726,0.5766,0.5704,0.5593,0.5424,0.5319,0.5254
670.0000,0.5742,0.5753,0.5691,0.5574,0.5399,0.5299,0.5228
675.0000,0.5736,0.5752,0.5669,0.5560,0.5367,0.5292,0.5177
680.0000,0.5727,0.5744,0.5651,0.5540,0.5346,0.5266,0.5153
685.0000,0.5736,0.5720,0.5645,0.5510,0.5335,0.5227,0.5142
690.0000,0.5729,0.5703,0.5630,0.5488,0.5311,0.5208,0.5093
695.0000,0.5717,0.5686,0.5617,0.5461,0.5297,0.5168,0.5086
700.0000,0.5697,0.5672,0.5600,0.5436,0.5280,0.5131,0.5075
705.0000,0.5694,0.5651,0.5584,0.5414,0.5253,0.5109,0.5040
710.0000,0.5670,0.5641,0.5560,0.5393,0.5230,0.5073,0.5048
715.0000,0.5636,0.5639,0.5529,0.5378,0.5195,0.5055,0.5032
720.0000,0.5639,0.5616,0.5507,0.5360,0.5161,0.5043,0.5011
725.0000,0.5614,0.5607,0.5476,0.5345,0.5122,0.5038,0.4983
730.0000,0.5585,0.5596,0.5449,0.5326,0.5090,0.5026,0.4967
735.0000,0.5592,0.5562,0.5436,0.5298,0.5066,0.5012,0.4945
740.0000,0.5572,0.5540,0.5416,0.5273,0.5037,0.5010,0.4899
745.0000,0.5557,0.5510,0.5405,0.5237,0.5029,0.4980,0.4895
750.0000,0.5544,0.5477,0.5396,0.5199,0.5021,0.4953,0.4877
755.0000,0.5520,0.5455,0.5377,0.5169,0.5006,0.4937,0.4835
760.0000,0.5496,0.5434,0.5358,0.5135,0.5001,0.4902,0.4825
765.0000,0.5477,0.5410,0.5338,0.5104,0.4996,0.4864,0.4818
770.0000,0.5447,0.5399,0.5305,0.5084,0.4978,0.4841,0.4795
775.0000,0.5411,0.5392,0.5267,0.5068,0.4958,0.4813,0.4789
780.0000,0.5404,0.5369,0.5235,0.5053,0.4936,0.4790,0.4782
785.0000,0.5376,0.5357,0.5194,0.5046,0.4902,0.4780,0.4768
790.0000,0.5344,0.5343,0.5156,0.5038,0.4870,0.4767,0.4771
795.0000,0.5343,0.5306,0.5132,0.5024,0.4838,0.4763,0.4764
800.0000,0.5317,0.5280,0.5104,0.5013,0.4802,0.4771,0.4745
805.0000,0.5294,0.5248,0.5086,0.4994,0.4775,0.4775,0.4734
810.0000,0.5278,0.5207,0.5078,0.4968,0.4758,0.4774,0.4721
815.0000,0.5252,0.5174,0.5067,0.4942,0.4739,0.4785,0.4676
820.0000,0.5222,0.5144,0.5060,0.4908,0.4737,0.4774,0.4658
825.0000,0.5192,0.5117,0.5052,0.4873,0.4745,0.4752,0.4641
830.0000,0.5171,0.5092,0.5040,0.4843,0.4745,0.4744,0.4573
835.0000,0.5140,0.5076,0.5026,0.4809,0.4764,0.4692,0.4594
840.0000,0.5105,0.5067,0.5000,0.4787,0.4773,0.4650,0.4590
845.0000,0.5094,0.5051,0.4974,0.4770,0.4773,0.4612,0.4580
850.0000,0.5070,0.5044,0.4937,0.4766,0.4760,0.4583,0.4567
855.0000,0.5033,0.5043,0.4894,0.4770,0.4737,0.4558,0.4559
860.0000,0.5036,0.5018,0.4861,0.4774,0.4706,0.4544,0.4542
865.0000,0.5009,0.5008,0.4823,0.4783,0.4667,0.4535,0.4531
870.0000,0.4973,0.4996,0.4788,0.4793,0.4622,0.4539,0.4502
875.0000,0.4982,0.4952,0.4780,0.4787,0.4589,0.4534,0.4479
880.0000,0.4958,0.4924,0.4769,0.4780,0.4553,0.4538,0.4437
885.0000,0.4941,0.4887,0.4772,0.4760,0.4533,0.4526,0.4410
890.0000,0.4927,0.4846,0.4786,0.4727,0.4529,0.4495,0.4398
895.0000,0.4906,0.4815,0.4796,0.4697,0.4517,0.4481,0.4346
900.0000,0.4884,0.4790,0.4806,0.4659,0.4520,0.4439,0.4339
905.0000,0.4855,0.4779,0.4807,0.4625,0.4522,0.4395,0.4332
910.0000,0.4837,0.4771,0.4799,0.4599,0.4512,0.4364,0.4305
915.0000,0.4805,0.4779,0.4778,0.4578,0.4502,0.4321,0.4321
920.0000,0.4797,0.4780,0.4751,0.4565,0.4478,0.4297,0.4316
925.0000,0.4778,0.4792,0.4712,0.4561,0.4443,0.4282,0.4319
930.0000,0.4749,0.4807,0.4667,0.4564,0.4397,0.4286,0.4303
935.0000,0.4769,0.4786,0.4642,0.4555,0.4358,0.4290,0.4289
940.0000,0.4758,0.4777,0.4611,0.4549,0.4316,0.4303,0.4266
945.0000,0.4750,0.4754,0.4594,0.4533,0.4285,0.4312,0.4247
950.0000,0.4742,0.4721,0.4587,0.4506,0.4268,0.4312,0.4229
955.0000,0.4741,0.4681,0.4586,0.4475,0.4253,0.4324,0.4165
960.0000,0.4728,0.4644,0.4592,0.4431,0.4265,0.4292,0.4180
965.0000,0.4706,0.4616,0.4591,0.4390,0.4277,0.4262,0.4174
970.0000,0.4678,0.4597,0.4583,0.4353,0.4290,0.4230,0.4162
975.0000,0.4656,0.4583,0.4565,0.4326,0.4294,0.4207,0.4132
980.0000,0.4619,0.4583,0.4535,0.4306,0.4298,0.4170,0.4131
985.0000,0.4607,0.4575,0.4503,0.4293,0.4293,0.4140,0.4119
990.0000,0.4580,0.4578,0.4458,0.4293,0.4275,0.4118,0.4108
995.0000,0.4542,0.4583,0.4409,0.4301,0.4248,0.4102,0.4096
1000.0000,0.4556,0.4555,0.4378,0.4303,0.4220,0.4089,0.4085
1005.0000,0.4534,0.4542,0.4341,0.4310,0.4184,0.4084,0.4073
1010.0000,0.4513,0.4518,0.4315,0.4313,0.4149,0.4080,0.4063
1015.0000,0.4514,0.4475,0.4307,0.4305,0.4121,0.4077,0.4053
1020.0000,0.4498,0.4436,0.4303,0.4293,0.4093,0.4081,0.4029
1025.0000,0.4476,0.4399,0.4307,0.4273,0.4075,0.4077,0.4015
1030.0000,0.4451,0.4367,0.4314,0.4246,0.4064,0.4069,0.3998
1035.0000,0.4431,0.4337,0.4321,0.4219,0.4053,0.4069,0.3951
1040.0000,0.4399,0.4321,0.4324,0.4186,0.4058,0.4042,0.3949
1045.0000,0.4374,0.4310,0.4322,0.4155,0.4062,0.4016,0.3931
1050.0000,0.4351,0.4309,0.4308,0.4133,0.4059,0.4000,0.3886
1055.0000,0.4330,0.4310,0.4291,0.4111,0.4062,0.3963,0.3874
1060.0000,0.4325,0.4304,0.4272,0.4092,0.4063,0.3923,0.3864
1065.0000,0.4309,0.4308,0.4241,0.4085,0.4049,0.3896,0.3836
1070.0000,0.4294,0.4309,0.4208,0.4081,0.4031,0.3865,0.3819
1075.0000,0.4271,0.4309,0.4173,0.4083,0.4003,0.3841,0.3793
1080.0000,0.4287,0.4285,0.4150,0.4081,0.3974,0.3821,0.3760
1085.0000,0.4270,0.4272,0.4124,0.4081,0.3942,0.3795,0.3748
1090.0000,0.4248,0.4256,0.4103,0.4078,0.3907,0.3775,0.3729
1095.0000,0.4252,0.4221,0.4097,0.4067,0.3876,0.3754,0.3713
1100.0000,0.4236,0.4197,0.4088,0.4055,0.3840,0.3743,0.3687
1105.0000,0.4217,0.4170,0.4087,0.4035,0.3813,0.3719,0.3689
1110.0000,0.4204,0.4142,0.4090,0.4010,0.3787,0.3702,0.3683
1115.0000,0.4184,0.4123,0.4089,0.3984,0.3759,0.3695,0.3669
1120.0000,0.4162,0.4108,0.4086,0.3955,0.3736,0.3685,0.3665
1125.0000,0.4146,0.4094,0.4082,0.3924,0.3716,0.3678,0.3657
1130.0000,0.4126,0.4089,0.4070,0.3895,0.3695,0.3679,0.3637
1135.0000,0.4102,0.4089,0.4052,0.3865,0.3680,0.3676,0.3624
1140.0000,0.4099,0.4078,0.4038,0.3831,0.3674,0.3663,0.3616
1145.0000,0.4084,0.4076,0.4012,0.3805,0.3664,0.3662,0.3586
1150.0000,0.4071,0.4069,0.3988,0.3775,0.3664,0.3642,0.3584
1155.0000,0.4071,0.4051,0.3965,0.3746,0.3668,0.3618,0.3584
1160.0000,0.4060,0.4037,0.3935,0.3727,0.3663,0.3608,0.3564
1165.0000,0.4044,0.4021,0.3904,0.3707,0.3664,0.3580,0.3586
1170.0000,0.4035,0.3999,0.3874,0.3694,0.3656,0.3566,0.3593
1175.0000,0.4016,0.3981,0.3838,0.3689,0.3641,0.3561,0.3601
1180.0000,0.3988,0.3965,0.3801,0.3688,0.3620,0.3565,0.3602
1185.0000,0.3978,0.3935,0.3773,0.3685,0.3598,0.3577,0.3595
1190.0000,0.3949,0.3915,0.3743,0.3685,0.3575,0.3593,0.3585
1195.0000,0.3919,0.3892,0.3719,0.3682,0.3557,0.3609,0.3570
1200.0000,0.3893,0.3861,0.3706,0.3671,0.3549,0.3617,0.3557
1205.0000,0.3886,0.3821,0.3703,0.3656,0.3544,0.3633,0.3505
1210.0000,0.3863,0.3786,0.3705,0.3631,0.3560,0.3613,0.3516
1215.0000,0.3840,0.3756,0.3707,0.3608,0.3579,0.3590,0.3514
1220.0000,0.3814,0.3732,0.3707,0.3586,0.3599,0.3561,0.3512
1225.0000,0.3795,0.3712,0.3701,0.3572,0.3610,0.3541,0.3492
1230.0000,0.3762,0.3707,0.3687,0.3564,0.3620,0.3509,0.3502
1235.0000,0.3743,0.3702,0.3668,0.3564,0.3617,0.3489,0.3499
1240.0000,0.3717,0.3707,0.3639,0.3574,0.3603,0.3474,0.3503
1245.0000,0.3681,0.3719,0.3605,0.3592,0.3576,0.3474,0.3489
1250.0000,0.3694,0.3702,0.3587,0.3604,0.3549,0.3478,0.3473
1255.0000,0.3678,0.3699,0.3566,0.3618,0.3520,0.3483,0.3457
1260.0000,0.3664,0.3686,0.3555,0.3625,0.3493,0.3490,0.3434
1265.0000,0.3673,0.3655,0.3563,0.3618,0.3478,0.3486,0.3414
1270.0000,0.3667,0.3630,0.3572,0.3609,0.3462,0.3491,0.3363
1275.0000,0.3662,0.3602,0.3592,0.3586,0.3468,0.3461,0.3370
1280.0000,0.3644,0.3585,0.3608,0.3563,0.3474,0.3433,0.3363
1285.0000,0.3638,0.3568,0.3623,0.3541,0.3474,0.3414,0.3330
1290.0000,0.3622,0.3564,0.3631,0.3517,0.3482,0.3372,0.3352
1295.0000,0.3605,0.3571,0.3626,0.3504,0.3477,0.3346,0.3352
1300.0000,0.3591,0.3585,0.3611,0.3498,0.3461,0.3328,0.3356
1305.0000,0.3571,0.3607,0.3585,0.3500,0.3436,0.3322,0.3352
1310.0000,0.3584,0.3609,0.3567,0.3500,0.3407,0.3325,0.3340
1315.0000,0.3578,0.3622,0.3540,0.3504,0.3375,0.3332,0.3330
1320.0000,0.3573,0.3625,0.3519,0.3504,0.3344,0.3344,0.3311
1325.0000,0.3567,0.3619,0.3507,0.3496,0.3323,0.3350,0.3295
1330.0000,0.3591,0.3592,0.3508,0.3480,0.3306,0.3363,0.3247
1335.0000,0.3593,0.3567,0.3514,0.3453,0.3310,0.3344,0.3256
1340.0000,0.3594,0.3541,0.3523,0.3423,0.3318,0.3323,0.3254
1345.0000,0.3580,0.3524,0.3526,0.3394,0.3329,0.3297,0.3253
1350.0000,0.3573,0.3508,0.3525,0.3370,0.3334,0.3281,0.3234
1355.0000,0.3551,0.3505,0.3515,0.3350,0.3341,0.3251,0.3247
1360.0000,0.3537,0.3505,0.3497,0.3339,0.3338,0.3233,0.3250
1365.0000,0.3517,0.3513,0.3469,0.3336,0.3326,0.3220,0.3258
1370.0000,0.3487,0.3528,0.3432,0.3343,0.3304,0.3222,0.3255
1375.0000,0.3501,0.3516,0.3407,0.3346,0.3280,0.3229,0.3247
1380.0000,0.3486,0.3516,0.3376,0.3353,0.3254,0.3239,0.3242
1385.0000,0.3474,0.3505,0.3355,0.3354,0.3231,0.3250,0.3236
1390.0000,0.3485,0.3474,0.3351,0.3345,0.3220,0.3254,0.3236
1395.0000,0.3479,0.3447,0.3347,0.3335,0.3208,0.3270,0.3211
1400.0000,0.3473,0.3415,0.3355,0.3314,0.3213,0.3261,0.3225
1405.0000,0.3454,0.3391,0.3360,0.3293,0.3220,0.3255,0.3228
1410.0000,0.3439,0.3370,0.3364,0.3274,0.3225,0.3258,0.3208
1415.0000,0.3424,0.3354,0.3367,0.3253,0.3240,0.3242,0.3223
1420.0000,0.3401,0.3350,0.3360,0.3239,0.3249,0.3233,0.3224
1425.0000,0.3380,0.3353,0.3344,0.3233,0.3251,0.3231,0.3214
1430.0000,0.3358,0.3361,0.3323,0.3231,0.3252,0.3225,0.3215
1435.0000,0.3360,0.3355,0.3306,0.3230,0.3253,0.3218,0.3214
1440.0000,0.3347,0.3360,0.3281,0.3237,0.3245,0.3220,0.3202
1445.0000,0.3336,0.3359,0.3260,0.3243,0.3239,0.3217,0.3199
1450.0000,0.3322,0.3353,0.3243,0.3249,0.3232,0.3213,0.3196
1455.0000,0.3336,0.3329,0.3238,0.3251,0.3224,0.3216,0.3175
1460.0000,0.3330,0.3311,0.3235,0.3251,0.3223,0.3205,0.3188
1465.0000,0.3320,0.3293,0.3235,0.3250,0.3219,0.3199,0.3190
1470.0000,0.3313,0.3274,0.3238,0.3247,0.3215,0.3194,0.3190
1475.0000,0.3302,0.3261,0.3240,0.3246,0.3208,0.3195,0.3181
1480.0000,0.3281,0.3256,0.3241,0.3243,0.3203,0.3191,0.3184
1485.0000,0.3275,0.3247,0.3245,0.3239,0.3198,0.3191,0.3178
1490.0000,0.3260,0.3248,0.3243,0.3237,0.3190,0.3195,0.3164
1495.0000,0.3244,0.3252,0.3241,0.3233,0.3186,0.3194,0.3154
1500.0000,0.3250,0.3244,0.3245,0.3224,0.3188,0.3186,0.3148
1505.0000,0.3247,0.3244,0.3244,0.3220,0.3185,0.3185,0.3123
1510.0000,0.3243,0.3244,0.3244,0.3212,0.3188,0.3172,0.3113
1515.0000,0.3246,0.3240,0.3245,0.3203,0.3193,0.3154,0.3103
1520.0000,0.3242,0.3242,0.3240,0.3200,0.3190,0.3144,0.3075
1525.0000,0.3238,0.3243,0.3236,0.3195,0.3194,0.3115,0.3082
1530.0000,0.3242,0.3240,0.3232,0.3192,0.3190,0.3094,0.3077
1535.0000,0.3239,0.3241,0.3222,0.3194,0.3178,0.3080,0.3067
1540.0000,0.3230,0.3246,0.3211,0.3198,0.3163,0.3066,0.3067
1545.0000,0.3237,0.3240,0.3205,0.3200,0.3146,0.3056,0.3066
1550.0000,0.3231,0.3240,0.3195,0.3205,0.3122,0.3054,0.3062
1555.0000,0.3222,0.3241,0.3187,0.3207,0.3098,0.3054,0.3062
1560.0000,0.3230,0.3228,0.3189,0.3202,0.3078,0.3056,0.3061
1565.0000,0.3226,0.3223,0.3189,0.3197,0.3056,0.3067,0.3050
1570.0000,0.3222,0.3214,0.3193,0.3184,0.3042,0.3071,0.3052
1575.0000,0.3218,0.3205,0.3200,0.3167,0.3035,0.3074,0.3052
1580.0000,0.3219,0.3195,0.3206,0.3148,0.3028,0.3086,0.3026
1585.0000,0.3214,0.3189,0.3213,0.3124,0.3035,0.3078,0.3039
1590.0000,0.3206,0.3188,0.3213,0.3101,0.3043,0.3072,0.3042
1595.0000,0.3203,0.3187,0.3211,0.3080,0.3054,0.3062,0.3044
1600.0000,0.3197,0.3191,0.3199,0.3066,0.3059,0.3060,0.3032
1605.0000,0.3185,0.3199,0.3182,0.3055,0.3068,0.3048,0.3041
1610.0000,0.3191,0.3197,0.3165,0.3048,0.3072,0.3040,0.3040
1615.0000,0.3185,0.3202,0.3140,0.3048,0.3070,0.3038,0.3035
1620.0000,0.3172,0.3205,0.3114,0.3052,0.3066,0.3036,0.3033
1625.0000,0.3184,0.3190,0.3097,0.3055,0.3062,0.3033,0.3030
1630.0000,0.3176,0.3183,0.3076,0.3062,0.3053,0.3035,0.3021
1635.0000,0.3166,0.3170,0.3062,0.3066,0.3047,0.3033,0.3020
1640.0000,0.3168,0.3147,0.3057,0.3067,0.3042,0.3030,0.3018
1645.0000,0.3158,0.3129,0.3052,0.3070,0.3034,0.3035,0.3001
1650.0000,0.3143,0.3112,0.3052,0.3068,0.3032,0.3027,0.3008
1655.0000,0.3133,0.3093,0.3056,0.3064,0.3031,0.3021,0.3008
1660.0000,0.3119,0.3080,0.3058,0.3061,0.3025,0.3023,0.2993
1665.0000,0.3107,0.3069,0.3062,0.3055,0.3026,0.3015,0.2999
1670.0000,0.3096,0.3061,0.3067,0.3049,0.3026,0.3007,0.3005
1675.0000,0.3083,0.3060,0.3066,0.3047,0.3020,0.3008,0.2996
1680.0000,0.3071,0.3062,0.3063,0.3044,0.3017,0.3004,0.3005
1685.0000,0.3052,0.3070,0.3057,0.3043,0.3013,0.3002,0.3010
1690.0000,0.3062,0.3065,0.3057,0.3040,0.3006,0.3007,0.3005
1695.0000,0.3056,0.3069,0.3052,0.3038,0.3002,0.3009,0.3011
1700.0000,0.3046,0.3073,0.3046,0.3037,0.2996,0.3014,0.3011
1705.0000,0.3059,0.3065,0.3046,0.3033,0.2991,0.3026,0.2995
1710.0000,0.3059,0.3062,0.3045,0.3027,0.2993,0.3025,0.2999
1715.0000,0.3055,0.3059,0.3044,0.3020,0.2997,0.3024,0.2999
1720.0000,0.3059,0.3051,0.3046,0.3012,0.3004,0.3019,0.2998
1725.0000,0.3055,0.3050,0.3042,0.3008,0.3006,0.3022,0.2981
1730.0000,0.3047,0.3050,0.3039,0.3003,0.3015,0.3009,0.2988
1735.0000,0.3051,0.3044,0.3037,0.2998,0.3022,0.2999,0.2989
1740.0000,0.3046,0.3044,0.3030,0.2999,0.3023,0.2995,0.2981
1745.0000,0.3039,0.3046,0.3022,0.3001,0.3024,0.2986,0.2985
1750.0000,0.3043,0.3040,0.3017,0.3004,0.3021,0.2980,0.2985
1755.0000,0.3036,0.3042,0.3007,0.3011,0.3014,0.2980,0.2981
1760.0000,0.3027,0.3043,0.2998,0.3018,0.3004,0.2980,0.2979
1765.0000,0.3034,0.3034,0.2997,0.3021,0.2997,0.2980,0.2978
1770.0000,0.3027,0.3032,0.2992,0.3027,0.2985,0.2987,0.2964
1775.0000,0.3022,0.3027,0.2993,0.3026,0.2980,0.2983,0.2973
1780.0000,0.3026,0.3015,0.3001,0.3022,0.2978,0.2979,0.2980
1785.0000,0.3022,0.3010,0.3005,0.3020,0.2971,0.2986,0.2971
1790.0000,0.3020,0.3003,0.3013,0.3013,0.2972,0.2981,0.2989
1795.0000,0.3016,0.2999,0.3019,0.3006,0.2972,0.2982,0.2997
1800.0000,0.3013,0.2999,0.3022,0.3001,0.2969,0.2991,0.2995
1805.0000,0.3006,0.3003,0.3022,0.2995,0.2968,0.2996,0.3002
1810.0000,0.2992,0.3012,0.3018,0.2991,0.2968,0.3003,0.3006
1815.0000,0.3003,0.3011,0.3017,0.2987,0.2968,0.3015,0.2996
1820.0000,0.2999,0.3018,0.3012,0.2983,0.2973,0.3018,0.3003
1825.0000,0.2990,0.3025,0.3005,0.2979,0.2980,0.3018,0.3011
1830.0000,0.3007,0.3019,0.3003,0.2976,0.2984,0.3028,0.2995
1835.0000,0.3008,0.3018,0.3000,0.2972,0.2996,0.3022,0.3014
1840.0000,0.3007,0.3016,0.2996,0.2970,0.3006,0.3017,0.3028
1845.0000,0.3013,0.3008,0.2994,0.2967,0.3018,0.3008,0.3054
1850.0000,0.3010,0.3007,0.2987,0.2972,0.3020,0.3013,0.3074
1855.0000,0.3003,0.3005,0.2982,0.2974,0.3029,0.3002,0.3149
1860.0000,0.3007,0.2995,0.2985,0.2970,0.3050,0.2970,0.3312
1865.0000,0.3000,0.2997,0.2975,0.2984,0.3039,0.2993,0.3485
1870.0000,0.2992,0.2994,0.2977,0.2982,0.3058,0.2966,0.3939
1875.0000,0.2993,0.2995,0.2962,0.3009,0.3015,0.3076,0.4401
1880.0000,0.2984,0.3003,0.2945,0.3040,0.2959,0.3262,0.5025
1885.0000,0.2970,0.3011,0.2930,0.3070,0.2898,0.3547,0.5865
1890.0000,0.2983,0.3008,0.2916,0.3108,0.2807,0.4032,0.6801
1895.0000,0.2966,0.3019,0.2906,0.3131,0.2750,0.4651,0.8003
1900.0000,0.2921,0.3070,0.2845,0.3218,0.2570,0.5806,0.8429
1905.0000,0.2970,0.3036,0.2873,0.3205,0.2591,0.6958,0.9025
1910.0000,0.2965,0.3013,0.2936,0.3119,0.2821,0.8115,0.9586
1915.0000,0.2977,0.2973,0.3025,0.2992,0.3221,0.9382,0.9561
1920.0000,0.2992,0.2905,0.3175,0.2766,0.3973,1.0367,0.9438
1925.0000,0.3035,0.2825,0.3318,0.2548,0.4918,1.1256,0.8622
1930.0000,0.3140,0.2687,0.3531,0.2240,0.6318,1.1378,0.8447
1935.0000,0.3400,0.2501,0.3741,0.1972,0.7961,1.0945,0.8355
1940.0000,0.3095,0.2695,0.3595,0.2092,0.9305,1.0621,0.7353
1945.0000,0.3129,0.2740,0.3487,0.2292,1.0814,0.9409,0.7852
1950.0000,0.3048,0.2945,0.3126,0.2918,1.1825,0.8377,0.7821
1955.0000,0.2940,0.3203,0.2647,0.3862,1.2430,0.7274,0.8161
1960.0000,0.2723,0.3577,0.2008,0.5205,1.2344,0.6658,0.7885
1965.0000,0.2365,0.3961,0.1389,0.6772,1.1714,0.6389,0.7499
1970.0000,0.2832,0.3815,0.1194,0.8269,1.0774,0.6368,0.7098
1975.0000,0.2570,0.3929,0.1147,0.9652,0.9745,0.6200,0.7314
1980.0000,0.2503,0.3803,0.1494,1.0840,0.8456,0.6570,0.6742
1985.0000,0.2985,0.3245,0.2471,1.1513,0.7413,0.6799,0.6474
1990.0000,0.3141,0.2821,0.3736,1.1805,0.6517,0.7097,0.6048
1995.0000,0.3654,0.2254,0.5422,1.1555,0.6050,0.7105,0.5956
2000.0000,0.3335,0.2293,0.7008,1.1034,0.5845,0.6933,0.6046
2005.0000,0.3692,0.2248,0.8688,1.0244,0.5770,0.6946,0.5638
2010.0000,0.4072,0.2594,1.0128,0.9285,0.5996,0.6603,0.5805
2015.0000,0.3735,0.3736,1.0935,0.8474,0.6188,0.6311,0.5880
2020.0000,0.4062,0.4862,1.1450,0.7714,0.6386,0.6075,0.5842
2025.0000,0.4351,0.6287,1.1442,0.7163,0.6508,0.5852,0.5909
2030.0000,0.5128,0.7531,1.1154,0.6766,0.6546,0.5722,0.5878
2035.0000,0.5797,0.8764,1.0539,0.6556,0.6506,0.5591,0.5993
2040.0000,0.6178,0.9963,0.9646,0.6561,0.6290,0.5662,0.5843
2045.0000,0.7515,1.0286,0.9034,0.6482,0.6164,0.5677,0.5763
2050.0000,0.8303,1.0508,0.8361,0.6486,0.6005,0.5695,0.5745
2055.0000,0.8969,1.0372,0.7845,0.6464,0.5871,0.5729,0.5678
2060.0000,0.9443,1.0006,0.7469,0.6409,0.5782,0.5735,0.5644
2065.0000,0.9628,0.9546,0.7183,0.6344,0.5706,0.5760,0.5553
2070.0000,0.9694,0.8981,0.7025,0.6229,0.5699,0.5710,0.5593
2075.0000,0.9494,0.8501,0.6881,0.6130,0.5687,0.5681,0.5588
2080.0000,0.9115,0.8117,0.6737,0.6053,0.5663,0.5681,0.5525
2085.0000,0.8818,0.7715,0.6659,0.5950,0.5681,0.5628,0.5550
2090.0000,0.8375,0.7463,0.6534,0.5889,0.5672,0.5605,0.5531
2095.0000,0.8031,0.7230,0.6426,0.5833,0.5667,0.5580,0.5507
2100.0000,0.7719,0.7041,0.6318,0.5793,0.5653,0.5563,0.5465
2105.0000,0.7399,0.6905,0.6202,0.5766,0.5640,0.5531,0.5452
2110.0000,0.7211,0.6742,0.6118,0.5737,0.5630,0.5499,0.5428
2115.0000,0.7000,0.6625,0.6024,0.5725,0.5604,0.5481,0.5386
2120.0000,0.6849,0.6492,0.5958,0.5705,0.5589,0.5442,0.5377
2125.0000,0.6715,0.6365,0.5907,0.5686,0.5574,0.5403,0.5373
2130.0000,0.6570,0.6267,0.5852,0.5677,0.5542,0.5381,0.5356
2135.0000,0.6437,0.6180,0.5806,0.5667,0.5511,0.5356,0.5358
2140.0000,0.6340,0.6089,0.5775,0.5655,0.5477,0.5340,0.5357
2145.0000,0.6246,0.6013,0.5747,0.5643,0.5437,0.5338,0.5352
2150.0000,0.6134,0.5963,0.5716,0.5632,0.5396,0.5340,0.5351
2155.0000,0.6071,0.5900,0.5703,0.5611,0.5363,0.5346,0.5347
2160.0000,0.5998,0.5858,0.5684,0.5592,0.5327,0.5367,0.5322
2165.0000,0.5941,0.5813,0.5677,0.5560,0.5310,0.5372,0.5323
2170.0000,0.5897,0.5768,0.5676,0.5520,0.5307,0.5367,0.5332
2175.0000,0.5848,0.5740,0.5665,0.5486,0.5298,0.5383,0.5296
2180.0000,0.5809,0.5712,0.5658,0.5444,0.5311,0.5369,0.5317
2185.0000,0.5776,0.5689,0.5646,0.5404,0.5327,0.5354,0.5332
2190.0000,0.5750,0.5670,0.5625,0.5375,0.5334,0.5358,0.5308
2195.0000,0.5713,0.5663,0.5595,0.5352,0.5348,0.5343,0.5326
2200.0000,0.5669,0.5665,0.5553,0.5339,0.5353,0.5337,0.5325
2205.0000,0.5669,0.5644,0.5519,0.5329,0.5358,0.5332,0.5319
2210.0000,0.5640,0.5639,0.5472,0.5332,0.5353,0.5336,0.5301
2215.0000,0.5604,0.5629,0.5429,0.5336,0.5352,0.5328,0.5298
2220.0000,0.5614,0.5591,0.5404,0.5336,0.5353,0.5317,0.5294
2225.0000,0.5588,0.5568,0.5372,0.5346,0.5343,0.5319,0.5270
2230.0000,0.5560,0.5538,0.5352,0.5349,0.5342,0.5301,0.5281
2235.0000,0.5554,0.5492,0.5345,0.5349,0.5341,0.5287,0.5286
2240.0000,0.5529,0.5460,0.5337,0.5354,0.5329,0.5285,0.5277
2245.0000,0.5505,0.5427,0.5336,0.5354,0.5323,0.5275,0.5292
2250.0000,0.5480,0.5397,0.5338,0.5354,0.5312,0.5273,0.5298
2255.0000,0.5446,0.5383,0.5336,0.5357,0.5296,0.5281,0.5298
2260.0000,0.5411,0.5375,0.5333,0.5358,0.5281,0.5288,0.5308
2265.0000,0.5401,0.5359,0.5339,0.5353,0.5271,0.5297,0.5317
2270.0000,0.5378,0.5359,0.5337,0.5352,0.5256,0.5320,0.5303
2275.0000,0.5357,0.5358,0.5340,0.5343,0.5254,0.5326,0.5324
2280.0000,0.5362,0.5345,0.5350,0.5327,0.5260,0.5332,0.5339
2285.0000,0.5356,0.5343,0.5353,0.5317,0.5259,0.5355,0.5322
2290.0000,0.5351,0.5339,0.5358,0.5301,0.5273,0.5357,0.5342
2295.0000,0.5352,0.5335,0.5362,0.5285,0.5288,0.5362,0.5344
2300.0000,0.5348,0.5337,0.5357,0.5277,0.5298,0.5378,0.5317
2305.0000,0.5339,0.5343,0.5348,0.5270,0.5316,0.5377,0.5312
2310.0000,0.5315,0.5358,0.5332,0.5267,0.5334,0.5370,0.5301
2315.0000,0.5336,0.5352,0.5322,0.5268,0.5346,0.5374,0.5248
2320.0000,0.5330,0.5356,0.5308,0.5269,0.5370,0.5339,0.5270
2325.0000,0.5322,0.5357,0.5293,0.5276,0.5386,0.5308,0.5279
2330.0000,0.5339,0.5343,0.5286,0.5285,0.5396,0.5278,0.5289
2335.0000,0.5330,0.5342,0.5269,0.5305,0.5388,0.5263,0.5293
2340.0000,0.5318,0.5339,0.5257,0.5326,0.5376,0.5245,0.5321
2345.0000,0.5328,0.5321,0.5253,0.5347,0.5353,0.5246,0.5343
2350.0000,0.5317,0.5316,0.5248,0.5369,0.5322,0.5257,0.5378
2355.0000,0.5292,0.5318,0.5243,0.5392,0.5280,0.5293,0.5385
2360.0000,0.5305,0.5298,0.5257,0.5400,0.5250,0.5331,0.5402
2365.0000,0.5293,0.5294,0.5270,0.5404,0.5222,0.5379,0.5407
2370.0000,0.5279,0.5291,0.5291,0.5395,0.5211,0.5420,0.5419
2375.0000,0.5291,0.5273,0.5326,0.5369,0.5222,0.5448,0.5434
2380.0000,0.5292,0.5268,0.5354,0.5344,0.5235,0.5492,0.5403
2385.0000,0.5299,0.5261,0.5387,0.5305,0.5279,0.5496,0.5426
2390.0000,0.5294,0.5267,0.5409,0.5267,0.5335,0.5484,0.5454
2395.0000,0.5301,0.5276,0.5418,0.5243,0.5379,0.5493,0.5433
2400.0000,0.5301,0.5295,0.5416,0.5222,0.5437,0.5460,0.5499
2405.0000,0.5304,0.5319,0.5397,0.5220,0.5479,0.5442,0.5552
2410.0000,0.5303,0.5351,0.5360,0.5239,0.5500,0.5443,0.5605
2415.0000,0.5282,0.5393,0.5309,0.5273,0.5507,0.5449,0.5702
2420.0000,0.5321,0.5392,0.5277,0.5308,0.5508,0.5465,0.5840
2425.0000,0.5322,0.5406,0.5234,0.5359,0.5485,0.5520,0.6003
2430.0000,0.5322,0.5405,0.5205,0.5407,0.5458,0.5604,0.6217
2435.0000,0.5302,0.5401,0.5184,0.5459,0.5413,0.5753,0.6424
2440.0000,0.5343,0.5356,0.5199,0.5488,0.5387,0.5931,0.6680
2445.0000,0.5341,0.5323,0.5226,0.5502,0.5389,0.6126,0.7053
2450.0000,0.5336,0.5287,0.5272,0.5496,0.5421,0.6356,0.7520
2455.0000,0.5326,0.5263,0.5316,0.5490,0.5458,0.6681,0.7996
2460.0000,0.5320,0.5245,0.5365,0.5473,0.5531,0.7068,0.8537
2465.0000,0.5304,0.5247,0.5406,0.5455,0.5637,0.7536,0.9100
2470.0000,0.5296,0.5248,0.5461,0.5408,0.5846,0.7975,0.9900
2475.0000,0.5293,0.5269,0.5488,0.5390,0.6061,0.8560,1.0702
2480.0000,0.5285,0.5311,0.5485,0.5403,0.6297,0.9298,1.1410
2485.0000,0.5304,0.5334,0.5501,0.5397,0.6666,0.9993,1.2366
2490.0000,0.5316,0.5371,0.5488,0.5434,0.7069,1.0822,1.3314
2495.0000,0.5324,0.5404,0.5478,0.5481,0.7589,1.1639,1.4537
2500.0000,0.5353,0.5442,0.5424,0.5626,0.8061,1.2770,1.5391
2505.0000,0.5369,0.5469,0.5393,0.5776,0.8686,1.3858,1.6368
2510.0000,0.5385,0.5475,0.5385,0.5950,0.9447,1.4918,1.7484
2515.0000,0.5420,0.5464,0.5395,0.6173,1.0300,1.6022,1.8542
2520.0000,0.5428,0.5468,0.5402,0.6475,1.1211,1.7204,1.9436
2525.0000,0.5434,0.5473,0.5426,0.6849,1.2198,1.8418,2.0046
2530.0000,0.5455,0.5449,0.5527,0.7229,1.3397,1.9353,2.0918
2535.0000,0.5468,0.5458,0.5617,0.7744,1.4569,2.0376,2.1387
2540.0000,0.5498,0.5460,0.5775,0.8300,1.5892,2.1092,2.2187
2545.0000,0.5496,0.5526,0.5917,0.9015,1.7130,2.1867,2.2532
2585.0000,0.6399,0.7325,0.9301,1.7972,2.3934,2.3674,2.4414
2590.0000,0.6737,0.7722,1.0193,1.9199,2.4063,2.3840,2.4468
2595.0000,0.7174,0.8138,1.1245,2.0302,2.4115,2.3988,2.4602
2600.0000,0.7600,0.8668,1.2392,2.1284,2.4091,2.4158,2.4782
2605.0000,0.8084,0.9290,1.3621,2.2123,2.4015,2.4384,2.4916
2610.0000,0.8656,0.9993,1.4918,2.2792,2.3945,2.4627,2.5038
2615.0000,0.9407,1.0710,1.6286,2.3274,2.3909,2.4893,2.5097
2620.0000,0.9984,1.1682,1.7549,2.3640,2.3907,2.5143,2.5173
2625.0000,1.0770,1.2686,1.8777,2.3856,2.3982,2.5364,2.5168
2630.0000,1.1722,1.3696,1.9937,2.3962,2.4103,2.5610,2.4940
2635.0000,1.2792,1.4709,2.1016,2.3944,2.4371,2.5655,2.4857
2640.0000,1.3645,1.5899,2.1852,2.3940,2.4624,2.5712,2.4471
2645.0000,1.4512,1.7160,2.2467,2.3965,2.4864,2.5738,2.3761
2650.0000,1.5652,1.8214,2.3038,2.3913,2.5249,2.5428,2.3236
2655.0000,1.6693,1.9249,2.3430,2.3916,2.5603,2.4992,2.2460
2660.0000,1.7701,2.0207,2.3666,2.4001,2.5855,2.4487,2.1301
2665.0000,1.8376,2.1244,2.3698,2.4182,2.6044,2.3708,2.0167
2670.0000,1.9478,2.1878,2.3817,2.4322,2.6239,2.2574,1.9151
2675.0000,2.0381,2.2434,2.3834,2.4582,2.6174,2.1440,1.7762
2680.0000,2.1143,2.2873,2.3837,2.4880,2.5947,2.0096,1.6400
2685.0000,2.1378,2.3442,2.3706,2.5287,2.5435,1.8683,1.4924
2690.0000,2.2156,2.3627,2.3750,2.5623,2.4747,1.7134,1.3460
2695.0000,2.2624,2.3804,2.3829,2.5907,2.3897,1.5333,1.2656
2700.0000,2.2993,2.3929,2.3930,2.6195,2.2653,1.3832,1.1448
2705.0000,2.3346,2.3983,2.4107,2.6392,2.1136,1.2499,1.0226
2710.0000,2.3409,2.4162,2.4297,2.6436,1.9498,1.1135,0.9372
2715.0000,2.3604,2.4219,2.4613,2.6264,1.7734,0.9939,0.8633
2720.0000,2.3877,2.4210,2.5017,2.5864,1.5869,0.9001,0.7919
2725.0000,2.4071,2.4228,2.5466,2.5182,1.4067,0.8148,0.7516
2730.0000,2.4179,2.4339,2.5849,2.4298,1.2234,0.7661,0.6844
2735.0000,2.4323,2.4449,2.6217,2.3119,1.0611,0.7220,0.6415
2740.0000,2.4533,2.4548,2.6507,2.1701,0.9180,0.6920,0.5999
2745.0000,2.4755,2.4665,2.6665,2.0065,0.8033,0.6620,0.5812
2750.0000,2.4801,2.4895,2.6577,1.8308,0.7144,0.6341,0.5727
2755.0000,2.5010,2.5034,2.6270,1.6500,0.6431,0.6239,0.5439
2760.0000,2.5136,2.5190,2.5670,1.4692,0.5977,0.6054,0.5387
2765.0000,2.5175,2.5307,2.4776,1.2956,0.5727,0.5827,0.5454
2770.0000,2.5182,2.5330,2.3584,1.1391,0.5540,0.5747,0.5330
2775.0000,2.5118,2.5198,2.2171,0.9974,0.5509,0.5569,0.5471
2780.0000,2.5059,2.4837,2.0584,0.8768,0.5505,0.5480,0.5484
2785.0000,2.4697,2.4411,1.8781,0.7824,0.5497,0.5424,0.5523
2790.0000,2.4157,2.3784,1.6907,0.7106,0.5466,0.5444,0.5446
2795.0000,2.3848,2.2699,1.5188,0.6499,0.5499,0.5429,0.5397
2800.0000,2.3097,2.1581,1.3461,0.6094,0.5508,0.5414,0.5367
2805.0000,2.2170,2.0282,1.1878,0.5813,0.5515,0.5398,0.5323
2810.0000,2.1294,1.8734,1.0537,0.5598,0.5547,0.5352,0.5304
2815.0000,2.0214,1.7131,0.9381,0.5463,0.5566,0.5305,0.5285
2820.0000,1.8880,1.5613,0.8364,0.5410,0.5558,0.5262,0.5289
2825.0000,1.7425,1.4172,0.7510,0.5411,0.5523,0.5238,0.5277
2830.0000,1.6131,1.2730,0.6867,0.5421,0.5483,0.5223,0.5261
2835.0000,1.5009,1.1255,0.6465,0.5395,0.5477,0.5178,0.5291
2840.0000,1.3531,1.0157,0.6058,0.5449,0.5397,0.5203,0.5250
2845.0000,1.2235,0.9175,0.5776,0.5489,0.5325,0.5222,0.5228
2850.0000,1.0963,0.8423,0.5530,0.5548,0.5235,0.5263,0.5189
2855.0000,1.0105,0.7622,0.5467,0.5532,0.5205,0.5264,0.5180
2860.0000,0.9177,0.7026,0.5428,0.5511,0.5184,0.5257,0.5179
2865.0000,0.8398,0.6541,0.5428,0.5480,0.5163,0.5272,0.5125
2870.0000,0.7676,0.6208,0.5433,0.5440,0.5166,0.5249,0.5141
2875.0000,0.7141,0.5934,0.5465,0.5384,0.5186,0.5214,0.5157
2880.0000,0.6726,0.5724,0.5500,0.5330,0.5199,0.5201,0.5132
2885.0000,0.6402,0.5578,0.5527,0.5276,0.5225,0.5162,0.5166
2890.0000,0.6107,0.5514,0.5520,0.5244,0.5232,0.5143,0.5177
2895.0000,0.5881,0.5494,0.5489,0.5228,0.5226,0.5136,0.5188
2900.0000,0.5622,0.5561,0.5406,0.5244,0.5194,0.5151,0.5185
2905.0000,0.5599,0.5531,0.5373,0.5238,0.5179,0.5159,0.5188
2910.0000,0.5549,0.5523,0.5328,0.5243,0.5155,0.5181,0.5176
2915.0000,0.5510,0.5505,0.5294,0.5242,0.5140,0.5195,0.5175
2920.0000,0.5508,0.5458,0.5281,0.5230,0.5138,0.5201,0.5179
2925.0000,0.5485,0.5421,0.5268,0.5221,0.5131,0.5222,0.5145
2930.0000,0.5460,0.5382,0.5264,0.5203,0.5142,0.5218,0.5152
2935.0000,0.5438,0.5343,0.5265,0.5183,0.5160,0.5207,0.5153
2940.0000,0.5410,0.5313,0.5261,0.5170,0.5169,0.5213,0.5109
2945.0000,0.5376,0.5292,0.5256,0.5154,0.5191,0.5186,0.5129
2950.0000,0.5333,0.5286,0.5242,0.5148,0.5205,0.5167,0.5127
2955.0000,0.5319,0.5271,0.5230,0.5145,0.5216,0.5146,0.5123
2960.0000,0.5291,0.5271,0.5207,0.5153,0.5214,0.5135,0.5107
2965.0000,0.5256,0.5276,0.5183,0.5164,0.5210,0.5116,0.5113
2970.0000,0.5265,0.5258,0.5170,0.5174,0.5200,0.5104,0.5110
2975.0000,0.5247,0.5256,0.5150,0.5192,0.5180,0.5101,0.5104
2980.0000,0.5225,0.5251,0.5135,0.5207,0.5158,0.5099,0.5101
2985.0000,0.5238,0.5223,0.5138,0.5213,0.5139,0.5098,0.5098
2990.0000,0.5227,0.5208,0.5140,0.5219,0.5116,0.5107,0.5083
2995.0000,0.5213,0.5192,0.5148,0.5217,0.5100,0.5108,0.5083
3000.0000,0.5209,0.5173,0.5165,0.5207,0.5092,0.5105,0.5085
3005.0000,0.5198,0.5163,0.5178,0.5198,0.5079,0.5117,0.5057
3010.0000,0.5188,0.5155,0.5195,0.5179,0.5082,0.5103,0.5079
3015.0000,0.5181,0.5150,0.5209,0.5159,0.5086,0.5095,0.5087
3020.0000,0.5174,0.5155,0.5213,0.5145,0.5082,0.5102,0.5070
3025.0000,0.5163,0.5166,0.5214,0.5129,0.5088,0.5092,0.5090
3030.0000,0.5168,0.5171,0.5212,0.5115,0.5091,0.5089,0.5097
3035.0000,0.5166,0.5184,0.5199,0.5109,0.5087,0.5098,0.5086
3040.0000,0.5157,0.5200,0.5182,0.5105,0.5086,0.5099,0.5094
3045.0000,0.5175,0.5197,0.5172,0.5098,0.5088,0.5099,0.5099
3050.0000,0.5175,0.5205,0.5152,0.5099,0.5082,0.5112,0.5080
3055.0000,0.5172,0.5206,0.5137,0.5097,0.5084,0.5111,0.5092
3060.0000,0.5160,0.5206,0.5122,0.5096,0.5087,0.5108,0.5102
3065.0000,0.5183,0.5185,0.5116,0.5095,0.5086,0.5120,0.5079
3070.0000,0.5179,0.5172,0.5111,0.5090,0.5095,0.5110,0.5109
3075.0000,0.5170,0.5160,0.5106,0.5088,0.5102,0.5102,0.5137
3080.0000,0.5171,0.5143,0.5105,0.5085,0.5107,0.5101,0.5165
3085.0000,0.5158,0.5136,0.5097,0.5090,0.5103,0.5114,0.5186
3090.0000,0.5134,0.5136,0.5088,0.5095,0.5099,0.5127,0.5223
3095.0000,0.5139,0.5119,0.5092,0.5091,0.5110,0.5121,0.5319
3100.0000,0.5124,0.5119,0.5084,0.5099,0.5101,0.5153,0.5404
3105.0000,0.5105,0.5121,0.5077,0.5105,0.5098,0.5186,0.5553
3110.0000,0.5114,0.5112,0.5072,0.5118,0.5074,0.5283,0.5653
3115.0000,0.5104,0.5112,0.5068,0.5126,0.5063,0.5384,0.5797
3120.0000,0.5097,0.5105,0.5076,0.5118,0.5082,0.5467,0.6077
3125.0000,0.5103,0.5092,0.5087,0.5110,0.5103,0.5596,0.6386
3130.0000,0.5098,0.5090,0.5090,0.5110,0.5119,0.5788,0.6722
3135.0000,0.5082,0.5100,0.5082,0.5122,0.5122,0.6089,0.6942
3140.0000,0.5092,0.5087,0.5098,0.5106,0.5195,0.6353,0.7330
3145.0000,0.5089,0.5089,0.5103,0.5098,0.5279,0.6692,0.7701
3150.0000,0.5086,0.5086,0.5116,0.5079,0.5423,0.7031,0.8185
3155.0000,0.5092,0.5078,0.5134,0.5058,0.5615,0.7398,0.8736
3160.0000,0.5093,0.5079,0.5136,0.5060,0.5823,0.7850,0.9273
3165.0000,0.5096,0.5081,0.5135,0.5072,0.6082,0.8330,0.9898
3170.0000,0.5095,0.5089,0.5121,0.5111,0.6369,0.8888,1.0499
3175.0000,0.5095,0.5099,0.5103,0.5175,0.6702,0.9494,1.1115
3180.0000,0.5091,0.5107,0.5090,0.5253,0.7110,1.0088,1.1884
3185.0000,0.5067,0.5127,0.5066,0.5373,0.7551,1.0750,1.2636
3190.0000,0.5091,0.5126,0.5050,0.5533,0.8025,1.1485,1.3342
3195.0000,0.5077,0.5147,0.5026,0.5747,0.8523,1.2306,1.3858
3200.0000,0.5070,0.5148,0.5043,0.5966,0.9136,1.3037,1.4514
3205.0000,0.5104,0.5122,0.5101,0.6208,0.9831,1.3726,1.5175
3210.0000,0.5110,0.5121,0.5158,0.6518,1.0535,1.4464,1.5685
3250.0000,0.5430,0.5742,0.6683,1.0960,1.6667,1.7655,1.7340
3255.0000,0.5477,0.6017,0.6999,1.1796,1.7163,1.7713,1.7129
3260.0000,0.5677,0.6225,0.7449,1.2597,1.7639,1.7563,1.7127
3265.0000,0.5911,0.6457,0.7961,1.3421,1.7961,1.7433,1.6930
3270.0000,0.6156,0.6732,0.8540,1.4231,1.8168,1.7250,1.6705
3275.0000,0.6321,0.7130,0.9133,1.5042,1.8224,1.7079,1.6341
3280.0000,0.6673,0.7482,0.9853,1.5750,1.8241,1.6780,1.6108
3285.0000,0.7034,0.7896,1.0617,1.6400,1.8138,1.6502,1.5800
3290.0000,0.7411,0.8378,1.1418,1.6964,1.7956,1.6204,1.5494
3295.0000,0.7847,0.8901,1.2254,1.7422,1.7718,1.5878,1.5228
3300.0000,0.8349,0.9463,1.3101,1.7780,1.7411,1.5582,1.4932
3305.0000,0.8861,1.0101,1.3921,1.8040,1.7054,1.5305,1.4617
3310.0000,0.9356,1.0817,1.4691,1.8200,1.6670,1.5040,1.4296
3315.0000,1.0001,1.1514,1.5436,1.8246,1.6277,1.4802,1.3905
3320.0000,1.0707,1.2192,1.6151,1.8158,1.5950,1.4453,1.3789
3325.0000,1.1417,1.2896,1.6764,1.8006,1.5596,1.4179,1.3558
3330.0000,1.2050,1.3641,1.7254,1.7798,1.5243,1.3929,1.3315
3335.0000,1.2632,1.4425,1.7597,1.7560,1.4880,1.3726,1.3023
3340.0000,1.3340,1.5085,1.7891,1.7236,1.4596,1.3443,1.2898
3345.0000,1.4047,1.5673,1.8085,1.6883,1.4321,1.3194,1.2750
3350.0000,1.4719,1.6188,1.8175,1.6521,1.4045,1.2995,1.2564
3355.0000,1.5227,1.6694,1.8134,1.6167,1.3782,1.2798,1.2436
3360.0000,1.5795,1.7059,1.8037,1.5801,1.3546,1.2611,1.2328
3365.0000,1.6190,1.7415,1.7814,1.5476,1.3288,1.2480,1.2194
3370.0000,1.6580,1.7628,1.7564,1.5145,1.3063,1.2349,1.2098
3375.0000,1.6962,1.7702,1.7299,1.4813,1.2863,1.2235,1.1996
3380.0000,1.7220,1.7706,1.6993,1.4502,1.2670,1.2153,1.1863
3385.0000,1.7269,1.7709,1.6629,1.4220,1.2499,1.2056,1.1798
3390.0000,1.7411,1.7551,1.6305,1.3928,1.2360,1.1969,1.1704
3395.0000,1.7396,1.7390,1.5942,1.3676,1.2214,1.1920,1.1545
3400.0000,1.7407,1.7106,1.5636,1.3401,1.2134,1.1808,1.1487
3405.0000,1.7274,1.6824,1.5321,1.3151,1.2070,1.1683,1.1447
3410.0000,1.7079,1.6541,1.4989,1.2942,1.1984,1.1607,1.1328
3415.0000,1.6792,1.6287,1.4642,1.2764,1.1906,1.1509,1.1270
3420.0000,1.6554,1.5976,1.4333,1.2593,1.1844,1.1394,1.1238
3425.0000,1.6328,1.5638,1.4045,1.2446,1.1766,1.1315,1.1163
3430.0000,1.5999,1.5354,1.3743,1.2333,1.1676,1.1238,1.1116
3435.0000,1.5696,1.5051,1.3472,1.2233,1.1582,1.1176,1.1056
3440.0000,1.5445,1.4720,1.3239,1.2138,1.1485,1.1133,1.0966
3445.0000,1.5103,1.4450,1.3005,1.2058,1.1393,1.1068,1.0955
3450.0000,1.4751,1.4195,1.2793,1.1986,1.1294,1.1028,1.0912
3455.0000,1.4536,1.3884,1.2644,1.1895,1.1215,1.0986,1.0867
3460.0000,1.4298,1.3595,1.2514,1.1805,1.1135,1.0964,1.0790
3465.0000,1.4007,1.3351,1.2396,1.1710,1.1079,1.0911,1.0770
3470.0000,1.3764,1.3113,1.2300,1.1610,1.1030,1.0865,1.0732
3475.0000,1.3500,1.2930,1.2191,1.1527,1.0970,1.0846,1.0649
3480.0000,1.3278,1.2751,1.2102,1.1432,1.0939,1.0789,1.0624
3485.0000,1.3087,1.2581,1.2023,1.1336,1.0918,1.0722,1.0606
3490.0000,1.2891,1.2449,1.1926,1.1261,1.0877,1.0688,1.0541
3495.0000,1.2684,1.2350,1.1820,1.1194,1.0844,1.0633,1.0523
3500.0000,1.2559,1.2227,1.1730,1.1128,1.0812,1.0581,1.0497
3505.0000,1.2412,1.2138,1.1623,1.1083,1.0760,1.0556,1.0435
3510.0000,1.2262,1.2055,1.1520,1.1038,1.0719,1.0507,1.0431
3515.0000,1.2183,1.1939,1.1440,1.0992,1.0675,1.0472,1.0401
3520.0000,1.2068,1.1852,1.1347,1.0960,1.0616,1.0461,1.0337
3525.0000,1.1964,1.1757,1.1273,1.0920,1.0572,1.0429,1.0315
3530.0000,1.1886,1.1645,1.1219,1.0870,1.0539,1.0387,1.0301
3535.0000,1.1779,1.1563,1.1152,1.0836,1.0486,1.0380,1.0231
3540.0000,1.1678,1.1480,1.1098,1.0791,1.0454,1.0341,1.0224
3545.0000,1.1579,1.1401,1.1052,1.0743,1.0428,1.0300,1.0220
3550.0000,1.1523,1.1308,1.1015,1.0697,1.0389,1.0291,1.0150
3555.0000,1.1424,1.1247,1.0970,1.0650,1.0370,1.0239,1.0193
3560.0000,1.1339,1.1189,1.0925,1.0608,1.0341,1.0212,1.0196
3565.0000,1.1292,1.1119,1.0885,1.0570,1.0302,1.0212,1.0156
3570.0000,1.1205,1.1080,1.0832,1.0535,1.0272,1.0194,1.0173
3575.0000,1.1107,1.1054,1.0773,1.0507,1.0235,1.0193,1.0163
3580.0000,1.1092,1.0988,1.0738,1.0468,1.0211,1.0190,1.0151
3585.0000,1.1033,1.0949,1.0687,1.0440,1.0178,1.0207,1.0103
3590.0000,1.0967,1.0908,1.0646,1.0401,1.0169,1.0189,1.0110
3595.0000,1.0952,1.0839,1.0622,1.0356,1.0170,1.0171,1.0099
3600.0000,1.0900,1.0797,1.0582,1.0325,1.0156,1.0177,1.0043
3605.0000,1.0850,1.0750,1.0551,1.0285,1.0167,1.0143,1.0048
3610.0000,1.0821,1.0692,1.0527,1.0246,1.0182,1.0102,1.0054
3615.0000,1.0768,1.0657,1.0485,1.0225,1.0174,1.0089,1.0020
3620.0000,1.0705,1.0631,1.0439,1.0208,1.0172,1.0057,1.0031
3625.0000,1.0680,1.0587,1.0402,1.0195,1.0164,1.0033,1.0028
3630.0000,1.0629,1.0565,1.0349,1.0198,1.0135,1.0033,1.0000
3635.0000,1.0565,1.0548,1.0299,1.0202,1.0110,1.0019,1.0007
3640.0000,1.0560,1.0496,1.0273,1.0197,1.0087,1.0012,1.0002
3645.0000,1.0516,1.0467,1.0235,1.0203,1.0048,1.0029,0.9961
