150.0000,1.0611,1.2056,1.5699,1.7970,1.5469,1.2630,1.1490
155.0000,1.1229,1.2750,1.6272,1.7888,1.4897,1.2145,1.0988
160.0000,1.1800,1.3495,1.6733,1.7737,1.4290,1.1690,1.0471
165.0000,1.2534,1.4103,1.7189,1.7447,1.3748,1.1143,1.0200
170.0000,1.3182,1.4720,1.7523,1.7113,1.3153,1.0716,0.9793
175.0000,1.3830,1.5274,1.7777,1.6703,1.2575,1.0311,0.9404
180.0000,1.4299,1.5880,1.7874,1.6266,1.1995,0.9945,0.9020
185.0000,1.4927,1.6309,1.7945,1.5735,1.1499,0.9521,0.8797
190.0000,1.5481,1.6671,1.7908,1.5189,1.0993,0.9194,0.8498
195.0000,1.5956,1.6962,1.7780,1.4616,1.0524,0.8884,0.8233
200.0000,1.6185,1.7275,1.7509,1.4059,1.0065,0.8618,0.7962
205.0000,1.6600,1.7387,1.7217,1.3472,0.9657,0.8378,0.7660
210.0000,1.6858,1.7442,1.6847,1.2883,0.9315,0.8083,0.7559
215.0000,1.7010,1.7425,1.6404,1.2324,0.8975,0.7864,0.7356
220.0000,1.7148,1.7288,1.5931,1.1777,0.8669,0.7669,0.7130
225.0000,1.7104,1.7134,1.5390,1.1263,0.8403,0.7447,0.7029
230.0000,1.6987,1.6903,1.4821,1.0782,0.8153,0.7255,0.6915
235.0000,1.6920,1.6543,1.4268,1.0318,0.7935,0.7071,0.6827
240.0000,1.6743,1.6137,1.3701,0.9896,0.7723,0.6923,0.6739
245.0000,1.6380,1.5748,1.3101,0.9524,0.7515,0.6796,0.6687
250.0000,1.6101,1.5254,1.2544,0.9176,0.7316,0.6715,0.6604
255.0000,1.5673,1.4794,1.1968,0.8874,0.7123,0.6651,0.6544
260.0000,1.5311,1.4240,1.1460,0.8578,0.6959,0.6608,0.6460
265.0000,1.4872,1.3681,1.0986,0.8296,0.6829,0.6553,0.6407
270.0000,1.4345,1.3168,1.0514,0.8052,0.6702,0.6528,0.6319
275.0000,1.3795,1.2666,1.0077,0.7821,0.6609,0.6483,0.6271
280.0000,1.3338,1.2119,0.9704,0.7588,0.6555,0.6418,0.6237
285.0000,1.2902,1.1559,0.9378,0.7369,0.6511,0.6373,0.6153
290.0000,1.2341,1.1103,0.9040,0.7183,0.6485,0.6291,0.6164
295.0000,1.1855,1.0650,0.8732,0.7020,0.6458,0.6229,0.6139
300.0000,1.1360,1.0253,0.8422,0.6894,0.6417,0.6185,0.6098
305.0000,1.0971,0.9825,0.8167,0.6772,0.6390,0.6129,0.6079
310.0000,1.0523,0.9465,0.7909,0.6684,0.6348,0.6089,0.6055
315.0000,1.0070,0.9169,0.7646,0.6629,0.6289,0.6065,0.6024
320.0000,0.9642,0.8898,0.7402,0.6589,0.6225,0.6049,0.5992
325.0000,0.9335,0.8585,0.7220,0.6539,0.6175,0.6028,0.5965
330.0000,0.9046,0.8281,0.7071,0.6491,0.6124,0.6021,0.5909
335.0000,0.8714,0.8034,0.6932,0.6448,0.6084,0.5992,0.5913
340.0000,0.8411,0.7801,0.6820,0.6402,0.6047,0.5971,0.5900
345.0000,0.8181,0.7565,0.6741,0.6353,0.6012,0.5967,0.5846
350.0000,0.7990,0.7327,0.6698,0.6286,0.6006,0.5925,0.5867
355.0000,0.7723,0.7173,0.6630,0.6239,0.5984,0.5904,0.5858
360.0000,0.7519,0.7030,0.6573,0.6192,0.5966,0.5884,0.5849
365.0000,0.7327,0.6921,0.6510,0.6156,0.5941,0.5877,0.5822
370.0000,0.7128,0.6846,0.6442,0.6124,0.5922,0.5858,0.5824
375.0000,0.7024,0.6747,0.6394,0.6087,0.5907,0.5842,0.5818
380.0000,0.6903,0.6677,0.6336,0.6062,0.5883,0.5840,0.5795
385.0000,0.6808,0.6603,0.6290,0.6032,0.5871,0.5825,0.5799
390.0000,0.6733,0.6526,0.6253,0.6002,0.5861,0.5811,0.5801
395.0000,0.6641,0.6474,0.6205,0.5983,0.5842,0.5812,0.5784
400.0000,0.6560,0.6423,0.6163,0.5962,0.5830,0.5804,0.5789
405.0000,0.6509,0.6361,0.6132,0.5938,0.5822,0.5797,0.5791
410.0000,0.6451,0.6311,0.6098,0.5921,0.5806,0.5805,0.5771
415.0000,0.6379,0.6273,0.6064,0.5904,0.5800,0.5797,0.5785
420.0000,0.6341,0.6222,0.6040,0.5884,0.5796,0.5793,0.5790
425.0000,0.6288,0.6188,0.6009,0.5873,0.5784,0.5805,0.5770
430.0000,0.6243,0.6151,0.5985,0.5857,0.5783,0.5801,0.5782
435.0000,0.6210,0.6108,0.5968,0.5840,0.5786,0.5795,0.5792
440.0000,0.6166,0.6081,0.5943,0.5832,0.5779,0.5807,0.5772
445.0000,0.6123,0.6056,0.5921,0.5821,0.5781,0.5803,0.5786
450.0000,0.6083,0.6032,0.5902,0.5812,0.5784,0.5801,0.5793
455.0000,0.6069,0.5997,0.5888,0.5805,0.5781,0.5813,0.5766
460.0000,0.6032,0.5978,0.5870,0.5798,0.5788,0.5805,0.5788
465.0000,0.5991,0.5965,0.5851,0.5796,0.5790,0.5803,0.5794
470.0000,0.5984,0.5937,0.5839,0.5794,0.5787,0.5816,0.5766
475.0000,0.5959,0.5920,0.5827,0.5792,0.5793,0.5807,0.5785
480.0000,0.5926,0.5907,0.5813,0.5792,0.5795,0.5804,0.5788
485.0000,0.5923,0.5882,0.5810,0.5789,0.5800,0.5800,0.5788
490.0000,0.5901,0.5870,0.5799,0.5794,0.5796,0.5807,0.5769
495.0000,0.5873,0.5861,0.5792,0.5795,0.5800,0.5798,0.5776
500.0000,0.5873,0.5839,0.5793,0.5793,0.5804,0.5791,0.5773
505.0000,0.5855,0.5832,0.5787,0.5798,0.5799,0.5796,0.5752
510.0000,0.5833,0.5827,0.5783,0.5801,0.5800,0.5787,0.5752
515.0000,0.5836,0.5810,0.5788,0.5799,0.5803,0.5774,0.5751
520.0000,0.5821,0.5808,0.5784,0.5804,0.5796,0.5775,0.5728
525.0000,0.5806,0.5806,0.5784,0.5806,0.5794,0.5764,0.5726
530.0000,0.5810,0.5796,0.5789,0.5805,0.5792,0.5752,0.5718
535.0000,0.5800,0.5797,0.5786,0.5810,0.5780,0.5753,0.5686
540.0000,0.5789,0.5799,0.5788,0.5810,0.5778,0.5734,0.5690
545.0000,0.5796,0.5791,0.5794,0.5807,0.5773,0.5720,0.5681
550.0000,0.5791,0.5793,0.5793,0.5809,0.5759,0.5718,0.5646
555.0000,0.5783,0.5798,0.5794,0.5807,0.5752,0.5701,0.5641
560.0000,0.5792,0.5791,0.5802,0.5800,0.5747,0.5679,0.5635
565.0000,0.5790,0.5795,0.5800,0.5799,0.5731,0.5674,0.5600
570.0000,0.5785,0.5799,0.5801,0.5795,0.5720,0.5654,0.5592
575.0000,0.5769,0.5808,0.5798,0.5790,0.5708,0.5636,0.5578
580.0000,0.5791,0.5800,0.5801,0.5784,0.5690,0.5630,0.5531
585.0000,0.5788,0.5803,0.5801,0.5774,0.5681,0.5600,0.5538
590.0000,0.5779,0.5809,0.5797,0.5766,0.5666,0.5580,0.5523
595.0000,0.5795,0.5801,0.5799,0.5754,0.5653,0.5559,0.5505
600.0000,0.5790,0.5806,0.5792,0.5748,0.5630,0.5548,0.5470
605.0000,0.5782,0.5808,0.5787,0.5735,0.5616,0.5520,0.5465
610.0000,0.5797,0.5799,0.5786,0.5721,0.5600,0.5499,0.5446
615.0000,0.5790,0.5802,0.5776,0.5711,0.5575,0.5487,0.5412
620.0000,0.5780,0.5803,0.5767,0.5697,0.5558,0.5461,0.5404
625.0000,0.5793,0.5790,0.5765,0.5679,0.5541,0.5439,0.5386
630.0000,0.5787,0.5789,0.5753,0.5666,0.5515,0.5427,0.5351
635.0000,0.5773,0.5789,0.5740,0.5651,0.5495,0.5405,0.5333
640.0000,0.5784,0.5773,0.5736,0.5628,0.5480,0.5377,0.5321
645.0000,0.5775,0.5769,0.5722,0.5613,0.5455,0.5363,0.5286
650.0000,0.5761,0.5765,0.5708,0.5594,0.5437,0.5338,0.5272
655.0000,0.5765,0.5749,0.5698,0.5572,0.5419,0.5313,0.5254
660.0000,0.5755,0.5742,0.5681,0.5555,0.5393,0.5301,0.5213
665.0000,0.5740,0.5735,0.5665,0.5534,0.5376,0.5270,0.5211
670.0000,0.5740,0.5717,0.5652,0.5512,0.5357,0.5247,0.5193
675.0000,0.5726,0.5708,0.5631,0.5496,0.5329,0.5235,0.5155
680.0000,0.5708,0.5699,0.5610,0.5477,0.5307,0.5212,0.5141
685.0000,0.5707,0.5677,0.5597,0.5452,0.5291,0.5184,0.5130
690.0000,0.5690,0.5665,0.5575,0.5435,0.5263,0.5172,0.5093
695.0000,0.5671,0.5652,0.5554,0.5414,0.5242,0.5148,0.5081
700.0000,0.5644,0.5641,0.5532,0.5394,0.5221,0.5126,0.5063
705.0000,0.5648,0.5613,0.5517,0.5372,0.5196,0.5116,0.5017
710.0000,0.5626,0.5597,0.5498,0.5348,0.5180,0.5084,0.5023
715.0000,0.5600,0.5583,0.5476,0.5327,0.5159,0.5062,0.5008
720.0000,0.5597,0.5555,0.5460,0.5303,0.5141,0.5040,0.4992
725.0000,0.5576,0.5539,0.5437,0.5284,0.5115,0.5028,0.4961
730.0000,0.5546,0.5525,0.5414,0.5262,0.5097,0.5003,0.4956
735.0000,0.5541,0.5497,0.5397,0.5238,0.5078,0.4984,0.4940
740.0000,0.5516,0.5482,0.5371,0.5220,0.5052,0.4974,0.4912
745.0000,0.5489,0.5466,0.5348,0.5199,0.5034,0.4952,0.4905
750.0000,0.5483,0.5437,0.5331,0.5175,0.5017,0.4934,0.4890
755.0000,0.5458,0.5420,0.5306,0.5157,0.4993,0.4926,0.4861
760.0000,0.5432,0.5402,0.5284,0.5135,0.4976,0.4907,0.4850
765.0000,0.5424,0.5371,0.5269,0.5109,0.4964,0.4884,0.4842
770.0000,0.5399,0.5353,0.5245,0.5091,0.4943,0.4874,0.4815
775.0000,0.5369,0.5336,0.5222,0.5071,0.4928,0.4855,0.4806
780.0000,0.5358,0.5309,0.5204,0.5048,0.4914,0.4837,0.4793
785.0000,0.5336,0.5290,0.5180,0.5032,0.4893,0.4830,0.4760
790.0000,0.5306,0.5272,0.5157,0.5012,0.4881,0.4806,0.4759
795.0000,0.5295,0.5245,0.5139,0.4992,0.4867,0.4789,0.4746
800.0000,0.5270,0.5228,0.5113,0.4978,0.4845,0.4782,0.4713
805.0000,0.5245,0.5209,0.5091,0.4961,0.4830,0.4764,0.4703
810.0000,0.5233,0.5181,0.5076,0.4940,0.4820,0.4740,0.4697
815.0000,0.5208,0.5163,0.5053,0.4927,0.4799,0.4733,0.4665
820.0000,0.5181,0.5144,0.5032,0.4911,0.4785,0.4713,0.4656
825.0000,0.5151,0.5127,0.5011,0.4895,0.4769,0.4695,0.4642
830.0000,0.5147,0.5098,0.4996,0.4879,0.4750,0.4688,0.4602
835.0000,0.5121,0.5080,0.4979,0.4862,0.4739,0.4661,0.4607
840.0000,0.5090,0.5065,0.4959,0.4847,0.4723,0.4643,0.4593
845.0000,0.5084,0.5038,0.4946,0.4829,0.4708,0.4624,0.4577
850.0000,0.5061,0.5022,0.4927,0.4816,0.4688,0.4613,0.4547
855.0000,0.5031,0.5008,0.4909,0.4800,0.4673,0.4590,0.4542
860.0000,0.5025,0.4983,0.4897,0.4783,0.4658,0.4571,0.4526
865.0000,0.5002,0.4969,0.4877,0.4770,0.4636,0.4561,0.4498
870.0000,0.4978,0.4955,0.4860,0.4755,0.4619,0.4541,0.4485
875.0000,0.4973,0.4930,0.4850,0.4734,0.4607,0.4518,0.4475
880.0000,0.4951,0.4916,0.4832,0.4721,0.4585,0.4507,0.4448
885.0000,0.4927,0.4903,0.4815,0.4704,0.4568,0.4487,0.4437
890.0000,0.4921,0.4879,0.4805,0.4684,0.4555,0.4466,0.4428
895.0000,0.4900,0.4867,0.4786,0.4670,0.4533,0.4455,0.4403
900.0000,0.4876,0.4855,0.4768,0.4654,0.4515,0.4439,0.4391
905.0000,0.4870,0.4834,0.4755,0.4635,0.4499,0.4422,0.4377
910.0000,0.4852,0.4820,0.4737,0.4620,0.4476,0.4415,0.4344
915.0000,0.4830,0.4807,0.4720,0.4601,0.4463,0.4392,0.4344
920.0000,0.4823,0.4785,0.4708,0.4581,0.4449,0.4374,0.4332
925.0000,0.4805,0.4772,0.4689,0.4566,0.4428,0.4367,0.4302
930.0000,0.4785,0.4758,0.4671,0.4548,0.4414,0.4348,0.4296
935.0000,0.4777,0.4736,0.4659,0.4527,0.4403,0.4327,0.4290
940.0000,0.4757,0.4723,0.4639,0.4512,0.4383,0.4319,0.4262
945.0000,0.4736,0.4710,0.4620,0.4495,0.4368,0.4303,0.4254
950.0000,0.4710,0.4698,0.4599,0.4479,0.4353,0.4287,0.4241
955.0000,0.4710,0.4674,0.4584,0.4463,0.4334,0.4282,0.4205
960.0000,0.4688,0.4659,0.4566,0.4445,0.4324,0.4259,0.4209
965.0000,0.4662,0.4647,0.4546,0.4430,0.4309,0.4243,0.4197
970.0000,0.4659,0.4622,0.4533,0.4412,0.4297,0.4226,0.4184
975.0000,0.4639,0.4607,0.4513,0.4398,0.4279,0.4217,0.4157
980.0000,0.4613,0.4593,0.4495,0.4382,0.4267,0.4196,0.4153
985.0000,0.4609,0.4568,0.4482,0.4365,0.4255,0.4179,0.4140
990.0000,0.4588,0.4554,0.4463,0.4353,0.4237,0.4170,0.4115
995.0000,0.4566,0.4539,0.4445,0.4338,0.4222,0.4153,0.4103
1000.0000,0.4559,0.4514,0.4434,0.4320,0.4211,0.4132,0.4093
1005.0000,0.4537,0.4501,0.4415,0.4308,0.4192,0.4123,0.4069
1010.0000,0.4511,0.4489,0.4397,0.4295,0.4177,0.4106,0.4057
1015.0000,0.4504,0.4466,0.4385,0.4278,0.4165,0.4086,0.4047
1020.0000,0.4486,0.4452,0.4368,0.4266,0.4146,0.4076,0.4022
1025.0000,0.4463,0.4439,0.4351,0.4252,0.4130,0.4060,0.4010
1030.0000,0.4456,0.4417,0.4340,0.4235,0.4117,0.4043,0.3994
1035.0000,0.4439,0.4402,0.4324,0.4222,0.4097,0.4035,0.3961
1040.0000,0.4416,0.4389,0.4310,0.4205,0.4086,0.4010,0.3959
1045.0000,0.4408,0.4369,0.4299,0.4188,0.4073,0.3991,0.3945
1050.0000,0.4389,0.4357,0.4281,0.4175,0.4053,0.3982,0.3914
1055.0000,0.4369,0.4345,0.4266,0.4160,0.4038,0.3962,0.3903
1060.0000,0.4362,0.4324,0.4255,0.4142,0.4026,0.3938,0.3895
1065.0000,0.4344,0.4313,0.4237,0.4129,0.4006,0.3927,0.3866
1070.0000,0.4325,0.4301,0.4220,0.4115,0.3990,0.3907,0.3856
1075.0000,0.4301,0.4291,0.4203,0.4101,0.3972,0.3890,0.3840
1080.0000,0.4301,0.4269,0.4191,0.4085,0.3951,0.3881,0.3805
1085.0000,0.4282,0.4256,0.4175,0.4069,0.3937,0.3856,0.3806
1090.0000,0.4258,0.4245,0.4158,0.4054,0.3919,0.3838,0.3793
1095.0000,0.4256,0.4223,0.4147,0.4035,0.3903,0.3820,0.3779
1100.0000,0.4239,0.4210,0.4130,0.4021,0.3882,0.3810,0.3754
1105.0000,0.4216,0.4199,0.4114,0.4004,0.3867,0.3789,0.3749
1110.0000,0.4212,0.4177,0.4103,0.3985,0.3851,0.3772,0.3737
1115.0000,0.4194,0.4164,0.4086,0.3969,0.3831,0.3763,0.3715
1120.0000,0.4174,0.4151,0.4069,0.3952,0.3814,0.3747,0.3706
1125.0000,0.4168,0.4130,0.4058,0.3931,0.3801,0.3729,0.3698
1130.0000,0.4149,0.4117,0.4039,0.3916,0.3782,0.3721,0.3678
1135.0000,0.4127,0.4106,0.4021,0.3899,0.3766,0.3707,0.3671
1140.0000,0.4120,0.4086,0.4008,0.3879,0.3754,0.3691,0.3665
1145.0000,0.4103,0.4072,0.3988,0.3863,0.3737,0.3685,0.3646
1150.0000,0.4082,0.4059,0.3970,0.3846,0.3723,0.3673,0.3639
1155.0000,0.4075,0.4038,0.3955,0.3827,0.3712,0.3661,0.3631
1160.0000,0.4058,0.4023,0.3936,0.3813,0.3695,0.3658,0.3607
1165.0000,0.4036,0.4009,0.3918,0.3795,0.3687,0.3642,0.3610
1170.0000,0.4027,0.3987,0.3904,0.3777,0.3678,0.3630,0.3604
1175.0000,0.4008,0.3973,0.3883,0.3765,0.3663,0.3627,0.3582
1180.0000,0.3988,0.3958,0.3865,0.3750,0.3654,0.3615,0.3579
1185.0000,0.3978,0.3936,0.3851,0.3733,0.3647,0.3601,0.3576
1190.0000,0.3958,0.3921,0.3831,0.3722,0.3634,0.3598,0.3556
1195.0000,0.3936,0.3907,0.3813,0.3710,0.3625,0.3586,0.3554
1200.0000,0.3912,0.3893,0.3795,0.3699,0.3616,0.3576,0.3548
1205.0000,0.3908,0.3869,0.3781,0.3687,0.3604,0.3575,0.3521
1210.0000,0.3887,0.3854,0.3766,0.3675,0.3598,0.3559,0.3528
1215.0000,0.3862,0.3841,0.3749,0.3666,0.3589,0.3549,0.3522
1220.0000,0.3856,0.3818,0.3738,0.3653,0.3581,0.3539,0.3514
1225.0000,0.3837,0.3804,0.3723,0.3645,0.3569,0.3536,0.3495
1230.0000,0.3813,0.3792,0.3709,0.3635,0.3563,0.3522,0.3494
1235.0000,0.3808,0.3770,0.3700,0.3624,0.3556,0.3512,0.3487
1240.0000,0.3789,0.3758,0.3686,0.3617,0.3544,0.3508,0.3469
1245.0000,0.3769,0.3746,0.3675,0.3607,0.3536,0.3497,0.3462
1250.0000,0.3763,0.3727,0.3668,0.3596,0.3531,0.3483,0.3457
1255.0000,0.3746,0.3716,0.3655,0.3589,0.3519,0.3478,0.3439
1260.0000,0.3726,0.3707,0.3643,0.3581,0.3510,0.3467,0.3432
1265.0000,0.3720,0.3691,0.3636,0.3570,0.3503,0.3454,0.3424
1270.0000,0.3706,0.3682,0.3624,0.3564,0.3490,0.3450,0.3400
1275.0000,0.3689,0.3673,0.3615,0.3554,0.3483,0.3434,0.3402
1280.0000,0.3684,0.3657,0.3608,0.3544,0.3475,0.3421,0.3394
1285.0000,0.3672,0.3649,0.3597,0.3538,0.3461,0.3417,0.3372
1290.0000,0.3655,0.3641,0.3587,0.3529,0.3453,0.3402,0.3372
1295.0000,0.3651,0.3627,0.3581,0.3519,0.3443,0.3390,0.3364
1300.0000,0.3639,0.3620,0.3570,0.3512,0.3428,0.3387,0.3343
1305.0000,0.3626,0.3612,0.3561,0.3503,0.3418,0.3375,0.3338
1310.0000,0.3622,0.3598,0.3556,0.3491,0.3411,0.3360,0.3336
1315.0000,0.3611,0.3591,0.3546,0.3483,0.3396,0.3356,0.3317
1320.0000,0.3598,0.3584,0.3536,0.3473,0.3387,0.3344,0.3315
1325.0000,0.3581,0.3579,0.3526,0.3463,0.3376,0.3335,0.3309
1330.0000,0.3584,0.3564,0.3520,0.3452,0.3363,0.3333,0.3285
1335.0000,0.3571,0.3557,0.3511,0.3440,0.3356,0.3318,0.3292
1340.0000,0.3556,0.3551,0.3500,0.3430,0.3346,0.3310,0.3289
1345.0000,0.3557,0.3537,0.3494,0.3417,0.3339,0.3301,0.3284
1350.0000,0.3545,0.3531,0.3482,0.3408,0.3326,0.3299,0.3270
1355.0000,0.3530,0.3525,0.3471,0.3397,0.3319,0.3289,0.3272
1360.0000,0.3530,0.3511,0.3464,0.3385,0.3313,0.3282,0.3268
1365.0000,0.3518,0.3504,0.3451,0.3377,0.3302,0.3281,0.3255
1370.0000,0.3504,0.3498,0.3439,0.3367,0.3295,0.3274,0.3254
1375.0000,0.3504,0.3482,0.3432,0.3354,0.3291,0.3266,0.3254
1380.0000,0.3492,0.3474,0.3419,0.3346,0.3282,0.3266,0.3241
1385.0000,0.3478,0.3466,0.3408,0.3337,0.3277,0.3260,0.3242
1390.0000,0.3475,0.3451,0.3400,0.3326,0.3273,0.3253,0.3240
1395.0000,0.3463,0.3442,0.3387,0.3320,0.3265,0.3255,0.3224
1400.0000,0.3448,0.3435,0.3376,0.3311,0.3262,0.3246,0.3229
1405.0000,0.3444,0.3420,0.3368,0.3302,0.3260,0.3240,0.3228
1410.0000,0.3432,0.3412,0.3355,0.3297,0.3252,0.3242,0.3212
1415.0000,0.3418,0.3403,0.3345,0.3290,0.3250,0.3234,0.3218
1420.0000,0.3414,0.3389,0.3338,0.3283,0.3247,0.3228,0.3216
1425.0000,0.3401,0.3381,0.3327,0.3280,0.3240,0.3230,0.3200
1430.0000,0.3388,0.3372,0.3318,0.3274,0.3237,0.3224,0.3201
1435.0000,0.3383,0.3358,0.3313,0.3267,0.3236,0.3216,0.3201
1440.0000,0.3371,0.3351,0.3303,0.3265,0.3228,0.3217,0.3186
1445.0000,0.3357,0.3343,0.3295,0.3260,0.3226,0.3210,0.3188
1450.0000,0.3341,0.3338,0.3287,0.3256,0.3222,0.3203,0.3187
1455.0000,0.3343,0.3323,0.3283,0.3253,0.3216,0.3205,0.3168
1460.0000,0.3331,0.3317,0.3277,0.3248,0.3214,0.3195,0.3175
1465.0000,0.3317,0.3312,0.3271,0.3244,0.3209,0.3190,0.3173
1470.0000,0.3317,0.3300,0.3268,0.3239,0.3206,0.3184,0.3169
1475.0000,0.3307,0.3296,0.3262,0.3237,0.3199,0.3184,0.3156
1480.0000,0.3293,0.3292,0.3256,0.3233,0.3196,0.3175,0.3158
1485.0000,0.3295,0.3281,0.3255,0.3227,0.3193,0.3169,0.3154
1490.0000,0.3287,0.3277,0.3249,0.3225,0.3185,0.3169,0.3141
1495.0000,0.3276,0.3275,0.3244,0.3221,0.3181,0.3162,0.3140
1500.0000,0.3278,0.3264,0.3244,0.3214,0.3179,0.3153,0.3139
1505.0000,0.3270,0.3262,0.3238,0.3211,0.3172,0.3152,0.3127
1510.0000,0.3261,0.3259,0.3233,0.3207,0.3167,0.3145,0.3127
1515.0000,0.3262,0.3251,0.3232,0.3201,0.3164,0.3138,0.3124
1520.0000,0.3256,0.3249,0.3226,0.3198,0.3155,0.3139,0.3108
1525.0000,0.3247,0.3247,0.3221,0.3193,0.3152,0.3130,0.3112
1530.0000,0.3249,0.3239,0.3219,0.3187,0.3147,0.3124,0.3109
1535.0000,0.3242,0.3237,0.3213,0.3185,0.3138,0.3125,0.3093
1540.0000,0.3234,0.3236,0.3207,0.3180,0.3134,0.3118,0.3094
1545.0000,0.3236,0.3227,0.3206,0.3172,0.3132,0.3109,0.3095
1550.0000,0.3231,0.3224,0.3200,0.3169,0.3124,0.3109,0.3080
1555.0000,0.3223,0.3221,0.3196,0.3164,0.3120,0.3102,0.3082
1560.0000,0.3224,0.3213,0.3194,0.3156,0.3118,0.3094,0.3083
1565.0000,0.3218,0.3210,0.3188,0.3153,0.3110,0.3094,0.3069
1570.0000,0.3211,0.3208,0.3182,0.3148,0.3106,0.3088,0.3070
1575.0000,0.3197,0.3209,0.3174,0.3144,0.3100,0.3084,0.3068
1580.0000,0.3205,0.3199,0.3171,0.3139,0.3093,0.3086,0.3049
1585.0000,0.3198,0.3195,0.3166,0.3133,0.3091,0.3077,0.3058
1590.0000,0.3188,0.3193,0.3160,0.3128,0.3087,0.3071,0.3058
1595.0000,0.3192,0.3183,0.3158,0.3121,0.3084,0.3066,0.3056
1600.0000,0.3185,0.3180,0.3151,0.3118,0.3077,0.3067,0.3044
1605.0000,0.3175,0.3178,0.3145,0.3113,0.3075,0.3060,0.3047
1610.0000,0.3178,0.3167,0.3143,0.3106,0.3073,0.3055,0.3046
1615.0000,0.3171,0.3164,0.3136,0.3103,0.3066,0.3056,0.3036
1620.0000,0.3162,0.3162,0.3130,0.3098,0.3063,0.3051,0.3038
1625.0000,0.3164,0.3152,0.3128,0.3092,0.3062,0.3045,0.3038
1630.0000,0.3156,0.3149,0.3121,0.3089,0.3056,0.3046,0.3029
1635.0000,0.3147,0.3147,0.3114,0.3085,0.3053,0.3042,0.3032
1640.0000,0.3148,0.3138,0.3112,0.3080,0.3050,0.3038,0.3032
1645.0000,0.3141,0.3135,0.3104,0.3078,0.3044,0.3042,0.3020
1650.0000,0.3133,0.3131,0.3099,0.3074,0.3042,0.3036,0.3027
1655.0000,0.3134,0.3122,0.3097,0.3068,0.3041,0.3033,0.3028
1660.0000,0.3127,0.3118,0.3091,0.3066,0.3035,0.3037,0.3016
1665.0000,0.3119,0.3115,0.3087,0.3062,0.3034,0.3034,0.3021
1670.0000,0.3119,0.3106,0.3085,0.3057,0.3034,0.3029,0.3025
1675.0000,0.3112,0.3103,0.3080,0.3055,0.3029,0.3034,0.3013
1680.0000,0.3104,0.3100,0.3075,0.3051,0.3028,0.3031,0.3018
1685.0000,0.3092,0.3100,0.3069,0.3048,0.3028,0.3028,0.3021
1690.0000,0.3098,0.3090,0.3068,0.3045,0.3025,0.3031,0.3010
1695.0000,0.3091,0.3087,0.3063,0.3042,0.3026,0.3028,0.3016
1700.0000,0.3079,0.3087,0.3058,0.3040,0.3025,0.3025,0.3019
1705.0000,0.3085,0.3078,0.3056,0.3038,0.3022,0.3030,0.3004
1710.0000,0.3078,0.3076,0.3052,0.3036,0.3024,0.3025,0.3014
1715.0000,0.3068,0.3074,0.3047,0.3035,0.3023,0.3022,0.3017
1720.0000,0.3073,0.3066,0.3046,0.3032,0.3024,0.3020,0.3018
1725.0000,0.3067,0.3065,0.3041,0.3033,0.3020,0.3024,0.3010
1730.0000,0.3058,0.3063,0.3038,0.3031,0.3021,0.3021,0.3015
1735.0000,0.3062,0.3054,0.3038,0.3029,0.3022,0.3019,0.3016
1740.0000,0.3056,0.3053,0.3034,0.3030,0.3018,0.3023,0.3008
1745.0000,0.3047,0.3053,0.3031,0.3029,0.3018,0.3020,0.3012
1750.0000,0.3052,0.3045,0.3033,0.3026,0.3020,0.3017,0.3016
1755.0000,0.3047,0.3043,0.3030,0.3027,0.3016,0.3021,0.3008
1760.0000,0.3040,0.3043,0.3028,0.3026,0.3017,0.3018,0.3014
1765.0000,0.3043,0.3037,0.3030,0.3023,0.3018,0.3015,0.3020
1770.0000,0.3038,0.3037,0.3026,0.3025,0.3014,0.3021,0.3013
1775.0000,0.3033,0.3037,0.3025,0.3024,0.3015,0.3018,0.3026
1780.0000,0.3036,0.3032,0.3027,0.3022,0.3016,0.3017,0.3037
1785.0000,0.3033,0.3032,0.3024,0.3023,0.3011,0.3026,0.3038
1790.0000,0.3027,0.3034,0.3022,0.3022,0.3012,0.3026,0.3065
1795.0000,0.3031,0.3029,0.3023,0.3020,0.3013,0.3030,0.3093
1800.0000,0.3028,0.3029,0.3021,0.3022,0.3008,0.3047,0.3113
1805.0000,0.3025,0.3029,0.3020,0.3021,0.3009,0.3058,0.3165
1810.0000,0.3015,0.3033,0.3016,0.3022,0.3008,0.3081,0.3217
1815.0000,0.3025,0.3027,0.3018,0.3022,0.3006,0.3116,0.3268
1820.0000,0.3022,0.3027,0.3018,0.3019,0.3013,0.3146,0.3371
1825.0000,0.3012,0.3030,0.3016,0.3019,0.3018,0.3195,0.3485
1830.0000,0.3022,0.3024,0.3017,0.3018,0.3023,0.3268,0.3602
1835.0000,0.3018,0.3027,0.3012,0.3022,0.3028,0.3367,0.3709
1840.0000,0.3013,0.3027,0.3014,0.3017,0.3055,0.3459,0.3886
1845.0000,0.3021,0.3020,0.3019,0.3012,0.3089,0.3575,0.4081
1850.0000,0.3018,0.3021,0.3017,0.3013,0.3128,0.3724,0.4289
1855.0000,0.3011,0.3025,0.3012,0.3019,0.3169,0.3918,0.4462
1860.0000,0.3019,0.3017,0.3019,0.3015,0.3251,0.4099,0.4707
1865.0000,0.3018,0.3016,0.3018,0.3020,0.3340,0.4319,0.4943
1870.0000,0.3016,0.3014,0.3022,0.3023,0.3465,0.4535,0.5242
1875.0000,0.3018,0.3014,0.3019,0.3043,0.3589,0.4816,0.5470
1880.0000,0.3016,0.3015,0.3017,0.3068,0.3749,0.5096,0.5710
1885.0000,0.3015,0.3013,0.3019,0.3096,0.3950,0.5358,0.6005
1890.0000,0.3017,0.3011,0.3022,0.3138,0.4176,0.5630,0.6290
1895.0000,0.3016,0.3015,0.3020,0.3205,0.4412,0.5930,0.6527
1900.0000,0.3011,0.3022,0.3017,0.3293,0.4668,0.6234,0.6715
1905.0000,0.3017,0.3020,0.3029,0.3389,0.4968,0.6487,0.6946
1910.0000,0.3017,0.3028,0.3034,0.3522,0.5261,0.6761,0.7087
1915.0000,0.3014,0.3037,0.3053,0.3671,0.5586,0.6973,0.7282
1920.0000,0.3025,0.3044,0.3081,0.3851,0.5904,0.7183,0.7392
1925.0000,0.3028,0.3062,0.3116,0.4064,0.6213,0.7376,0.7433
1930.0000,0.3036,0.3081,0.3173,0.4293,0.6533,0.7492,0.7531
1935.0000,0.3033,0.3115,0.3242,0.4551,0.6832,0.7580,0.7584
1940.0000,0.3069,0.3144,0.3334,0.4836,0.7092,0.7660,0.7554
1945.0000,0.3089,0.3192,0.3448,0.5136,0.7333,0.7681,0.7550
1950.0000,0.3093,0.3265,0.3580,0.5453,0.7533,0.7676,0.7510
1955.0000,0.3168,0.3324,0.3750,0.5776,0.7688,0.7657,0.7416
1960.0000,0.3229,0.3407,0.3948,0.6094,0.7813,0.7582,0.7380
1965.0000,0.3297,0.3510,0.4171,0.6411,0.7881,0.7514,0.7277
1970.0000,0.3395,0.3624,0.4426,0.6710,0.7909,0.7430,0.7161
1975.0000,0.3472,0.3786,0.4690,0.6994,0.7892,0.7335,0.7034
1980.0000,0.3621,0.3934,0.4998,0.7234,0.7858,0.7206,0.6947
1985.0000,0.3767,0.4114,0.5314,0.7446,0.7780,0.7094,0.6825
1990.0000,0.3939,0.4309,0.5643,0.7617,0.7679,0.6978,0.6705
1995.0000,0.4074,0.4564,0.5954,0.7757,0.7551,0.6867,0.6582
2000.0000,0.4294,0.4804,0.6280,0.7841,0.7426,0.6736,0.6494
2005.0000,0.4537,0.5053,0.6593,0.7888,0.7282,0.6628,0.6387
2010.0000,0.4794,0.5314,0.6886,0.7892,0.7137,0.6521,0.6293
2015.0000,0.5024,0.5603,0.7142,0.7866,0.6990,0.6421,0.6204
2020.0000,0.5249,0.5917,0.7347,0.7819,0.6833,0.6346,0.6089
2025.0000,0.5542,0.6184,0.7543,0.7725,0.6709,0.6237,0.6059
2030.0000,0.5810,0.6454,0.7688,0.7618,0.6580,0.6159,0.5996
2035.0000,0.6080,0.6703,0.7794,0.7495,0.6455,0.6100,0.5913
2040.0000,0.6279,0.6972,0.7838,0.7369,0.6341,0.6036,0.5864
2045.0000,0.6553,0.7164,0.7871,0.7219,0.6253,0.5962,0.5839
2050.0000,0.6793,0.7331,0.7861,0.7075,0.6161,0.5920,0.5776
2055.0000,0.6994,0.7469,0.7819,0.6929,0.6086,0.5867,0.5748
2060.0000,0.7105,0.7609,0.7730,0.6796,0.6014,0.5824,0.5714
2065.0000,0.7297,0.7665,0.7641,0.6662,0.5950,0.5797,0.5648
2070.0000,0.7419,0.7700,0.7530,0.6533,0.5907,0.5743,0.5653
2075.0000,0.7494,0.7711,0.7400,0.6419,0.5861,0.5708,0.5630
2080.0000,0.7569,0.7676,0.7268,0.6314,0.5816,0.5686,0.5580
2085.0000,0.7573,0.7640,0.7120,0.6222,0.5781,0.5649,0.5577
2090.0000,0.7556,0.7575,0.6974,0.6141,0.5746,0.5622,0.5557
2095.0000,0.7556,0.7469,0.6843,0.6062,0.5718,0.5595,0.5536
2100.0000,0.7509,0.7360,0.6710,0.5998,0.5685,0.5578,0.5500
2105.0000,0.7410,0.7256,0.6578,0.5942,0.5660,0.5548,0.5494
2110.0000,0.7346,0.7121,0.6468,0.5887,0.5638,0.5524,0.5478
2115.0000,0.7238,0.7003,0.6354,0.5847,0.5607,0.5511,0.5448
2120.0000,0.7142,0.6870,0.6260,0.5804,0.5586,0.5488,0.5438
2125.0000,0.7037,0.6737,0.6179,0.5764,0.5567,0.5464,0.5430
2130.0000,0.6908,0.6627,0.6095,0.5736,0.5539,0.5454,0.5405
2135.0000,0.6777,0.6523,0.6020,0.5708,0.5516,0.5438,0.5396
2140.0000,0.6679,0.6410,0.5963,0.5678,0.5497,0.5421,0.5387
2145.0000,0.6579,0.6306,0.5911,0.5652,0.5474,0.5416,0.5357
2150.0000,0.6455,0.6226,0.5858,0.5628,0.5457,0.5397,0.5363
2155.0000,0.6369,0.6139,0.5820,0.5601,0.5442,0.5383,0.5358
2160.0000,0.6273,0.6072,0.5776,0.5582,0.5419,0.5384,0.5330
2165.0000,0.6195,0.6002,0.5745,0.5557,0.5407,0.5369,0.5333
2170.0000,0.6124,0.5937,0.5719,0.5531,0.5398,0.5354,0.5336
2175.0000,0.6046,0.5891,0.5685,0.5514,0.5380,0.5357,0.5312
2180.0000,0.5976,0.5849,0.5655,0.5494,0.5370,0.5347,0.5317
2185.0000,0.5916,0.5808,0.5629,0.5474,0.5361,0.5338,0.5317
2190.0000,0.5880,0.5761,0.5607,0.5456,0.5348,0.5343,0.5288
2195.0000,0.5824,0.5732,0.5582,0.5439,0.5344,0.5329,0.5306
2200.0000,0.5767,0.5709,0.5554,0.5425,0.5337,0.5323,0.5309
2205.0000,0.5749,0.5670,0.5537,0.5408,0.5334,0.5317,0.5310
2210.0000,0.5712,0.5645,0.5513,0.5398,0.5323,0.5323,0.5294
2215.0000,0.5668,0.5624,0.5491,0.5386,0.5321,0.5315,0.5303
2220.0000,0.5655,0.5590,0.5477,0.5372,0.5320,0.5310,0.5306
2225.0000,0.5625,0.5569,0.5456,0.5365,0.5312,0.5316,0.5292
2230.0000,0.5587,0.5552,0.5437,0.5356,0.5311,0.5310,0.5302
2235.0000,0.5577,0.5522,0.5427,0.5346,0.5311,0.5306,0.5305
2240.0000,0.5549,0.5506,0.5408,0.5342,0.5304,0.5314,0.5293
2245.0000,0.5520,0.5491,0.5393,0.5337,0.5303,0.5310,0.5302
2250.0000,0.5513,0.5464,0.5386,0.5328,0.5306,0.5306,0.5309
2255.0000,0.5488,0.5451,0.5372,0.5326,0.5300,0.5315,0.5299
2260.0000,0.5463,0.5439,0.5360,0.5323,0.5301,0.5312,0.5310
2265.0000,0.5457,0.5417,0.5356,0.5316,0.5304,0.5309,0.5323
2270.0000,0.5439,0.5406,0.5345,0.5317,0.5298,0.5321,0.5313
2275.0000,0.5415,0.5398,0.5337,0.5314,0.5301,0.5319,0.5338
2280.0000,0.5411,0.5380,0.5334,0.5310,0.5304,0.5321,0.5355
2285.0000,0.5396,0.5373,0.5325,0.5312,0.5298,0.5339,0.5353
2290.0000,0.5378,0.5367,0.5319,0.5311,0.5301,0.5344,0.5389
2295.0000,0.5377,0.5352,0.5319,0.5307,0.5305,0.5352,0.5422
2300.0000,0.5364,0.5348,0.5313,0.5310,0.5302,0.5379,0.5437
2305.0000,0.5350,0.5343,0.5309,0.5310,0.5307,0.5397,0.5487
2310.0000,0.5329,0.5344,0.5303,0.5311,0.5311,0.5423,0.5535
2315.0000,0.5341,0.5330,0.5305,0.5311,0.5313,0.5469,0.5559
2320.0000,0.5330,0.5327,0.5304,0.5309,0.5328,0.5500,0.5635
2325.0000,0.5315,0.5327,0.5302,0.5309,0.5344,0.5541,0.5711
2330.0000,0.5324,0.5316,0.5306,0.5306,0.5364,0.5593,0.5786
2335.0000,0.5316,0.5316,0.5303,0.5311,0.5383,0.5663,0.5853
2340.0000,0.5304,0.5318,0.5301,0.5313,0.5412,0.5732,0.5940
2345.0000,0.5315,0.5307,0.5308,0.5311,0.5457,0.5797,0.6049
2350.0000,0.5308,0.5309,0.5304,0.5320,0.5495,0.5889,0.6141
2355.0000,0.5296,0.5315,0.5300,0.5331,0.5544,0.5983,0.6246
2360.0000,0.5308,0.5305,0.5307,0.5337,0.5611,0.6071,0.6378
2365.0000,0.5303,0.5308,0.5304,0.5357,0.5672,0.6186,0.6491
2370.0000,0.5294,0.5312,0.5304,0.5375,0.5756,0.6281,0.6679
2375.0000,0.5305,0.5308,0.5305,0.5405,0.5830,0.6419,0.6820
2380.0000,0.5301,0.5314,0.5303,0.5444,0.5911,0.6568,0.6969
2385.0000,0.5294,0.5319,0.5305,0.5486,0.6008,0.6713,0.7156
2390.0000,0.5307,0.5313,0.5319,0.5528,0.6124,0.6855,0.7383
2395.0000,0.5303,0.5322,0.5324,0.5588,0.6229,0.7041,0.7582
2400.0000,0.5296,0.5332,0.5335,0.5655,0.6344,0.7242,0.7780
2405.0000,0.5313,0.5328,0.5363,0.5718,0.6485,0.7433,0.8027
2410.0000,0.5317,0.5337,0.5387,0.5799,0.6621,0.7665,0.8242
2415.0000,0.5318,0.5349,0.5422,0.5877,0.6790,0.7872,0.8554
2420.0000,0.5335,0.5358,0.5463,0.5969,0.6955,0.8128,0.8808
2425.0000,0.5344,0.5379,0.5506,0.6072,0.7131,0.8403,0.9052
2430.0000,0.5358,0.5400,0.5564,0.6173,0.7342,0.8650,0.9402
2435.0000,0.5364,0.5435,0.5622,0.6289,0.7562,0.8920,0.9750
2440.0000,0.5401,0.5465,0.5686,0.6422,0.7778,0.9238,1.0053
2445.0000,0.5423,0.5512,0.5753,0.6567,0.8013,0.9563,1.0370
2450.0000,0.5444,0.5564,0.5834,0.6713,0.8282,0.9863,1.0771
2455.0000,0.5500,0.5610,0.5927,0.6872,0.8563,1.0185,1.1177
2460.0000,0.5538,0.5680,0.6013,0.7059,0.8836,1.0554,1.1561
2465.0000,0.5584,0.5754,0.6110,0.7259,0.9118,1.0952,1.1914
2470.0000,0.5661,0.5814,0.6237,0.7454,0.9448,1.1308,1.2360
2475.0000,0.5723,0.5899,0.6357,0.7679,0.9765,1.1722,1.2757
2480.0000,0.5777,0.6001,0.6485,0.7919,1.0096,1.2152,1.3137
2485.0000,0.5877,0.6085,0.6648,0.8152,1.0478,1.2532,1.3602
2490.0000,0.5971,0.6189,0.6810,0.8414,1.0845,1.2970,1.4003
2495.0000,0.6032,0.6326,0.6977,0.8689,1.1243,1.3376,1.4497
2500.0000,0.6160,0.6450,0.7159,0.8990,1.1620,1.3854,1.4862
2505.0000,0.6280,0.6592,0.7354,0.9302,1.2019,1.4322,1.5212
2510.0000,0.6423,0.6727,0.7583,0.9607,1.2470,1.4717,1.5689
2515.0000,0.6559,0.6883,0.7819,0.9931,1.2926,1.5114,1.6149
2520.0000,0.6681,0.7082,0.8042,1.0296,1.3350,1.5567,1.6516
2525.0000,0.6835,0.7280,0.8288,1.0670,1.3786,1.6005,1.6861
2530.0000,0.7027,0.7468,0.8570,1.1039,1.4260,1.6373,1.7292
2535.0000,0.7222,0.7677,0.8852,1.1441,1.4694,1.6797,1.7604
2540.0000,0.7376,0.7931,0.9139,1.1851,1.5152,1.7147,1.8060
2545.0000,0.7611,0.8168,0.9448,1.2283,1.5568,1.7562,1.8342
2585.0000,0.9764,1.0630,1.2507,1.5802,1.8699,1.9961,2.0157
2590.0000,1.0136,1.0982,1.2956,1.6217,1.9040,2.0127,2.0267
2595.0000,1.0502,1.1351,1.3408,1.6626,1.9356,2.0265,2.0321
2600.0000,1.0877,1.1737,1.3854,1.7036,1.9628,2.0402,2.0278
2605.0000,1.1177,1.2189,1.4276,1.7440,1.9889,2.0454,2.0297
2610.0000,1.1605,1.2592,1.4726,1.7817,2.0134,2.0456,2.0288
2615.0000,1.2024,1.3009,1.5160,1.8196,2.0314,2.0473,2.0169
2620.0000,1.2317,1.3511,1.5547,1.8581,2.0445,2.0459,2.0006
2625.0000,1.2814,1.3908,1.5991,1.8910,2.0582,2.0355,1.9868
2630.0000,1.3269,1.4321,1.6415,1.9234,2.0649,2.0266,1.9611
2635.0000,1.3710,1.4729,1.6843,1.9519,2.0706,2.0089,1.9412
2640.0000,1.4139,1.5141,1.7257,1.9784,2.0707,1.9906,1.9107
2645.0000,1.4497,1.5615,1.7617,2.0046,2.0640,1.9721,1.8697
2650.0000,1.4962,1.6003,1.8023,2.0231,2.0600,1.9390,1.8463
2655.0000,1.5398,1.6396,1.8401,2.0398,2.0489,1.9080,1.8095
2660.0000,1.5819,1.6788,1.8753,2.0538,2.0320,1.8768,1.7642
2665.0000,1.6128,1.7243,1.9046,2.0657,2.0109,1.8406,1.7202
2670.0000,1.6588,1.7593,1.9373,2.0700,1.9906,1.7951,1.6843
2675.0000,1.7007,1.7945,1.9655,2.0728,1.9618,1.7545,1.6359
2680.0000,1.7396,1.8287,1.9907,2.0715,1.9297,1.7109,1.5871
2685.0000,1.7592,1.8709,2.0076,2.0688,1.8920,1.6668,1.5347
2690.0000,1.8056,1.8981,2.0276,2.0592,1.8522,1.6223,1.4739
2695.0000,1.8418,1.9249,2.0450,2.0432,1.8151,1.5645,1.4418
2700.0000,1.8760,1.9491,2.0576,2.0253,1.7701,1.5159,1.3893
2705.0000,1.9065,1.9707,2.0667,2.0032,1.7228,1.4669,1.3352
2710.0000,1.9249,1.9970,2.0675,1.9794,1.6718,1.4190,1.2777
2715.0000,1.9493,2.0139,2.0692,1.9476,1.6254,1.3603,1.2409
2720.0000,1.9758,2.0250,2.0671,1.9137,1.5735,1.3104,1.1911
2725.0000,1.9958,2.0342,2.0601,1.8766,1.5206,1.2611,1.1419
2730.0000,2.0037,2.0452,2.0460,1.8379,1.4658,1.2139,1.0906
2735.0000,2.0206,2.0454,2.0325,1.7928,1.4158,1.1600,1.0525
2740.0000,2.0266,2.0474,2.0106,1.7484,1.3613,1.1138,1.0085
2745.0000,2.0299,2.0445,1.9855,1.7014,1.3076,1.0684,0.9671
2750.0000,2.0350,2.0337,1.9592,1.6505,1.2571,1.0212,0.9337
2755.0000,2.0327,2.0215,1.9272,1.5999,1.2049,0.9798,0.8990
2760.0000,2.0188,2.0102,1.8884,1.5505,1.1507,0.9454,0.8571
2765.0000,2.0140,1.9878,1.8510,1.4972,1.1016,0.9090,0.8213
2770.0000,2.0003,1.9641,1.8094,1.4442,1.0535,0.8761,0.7823
2775.0000,1.9812,1.9361,1.7669,1.3883,1.0127,0.8352,0.7664
2780.0000,1.9620,1.9033,1.7218,1.3340,0.9703,0.8037,0.7392
2785.0000,1.9334,1.8719,1.6717,1.2821,0.9286,0.7755,0.7122
2790.0000,1.9065,1.8339,1.6220,1.2297,0.8904,0.7484,0.6875
2795.0000,1.8763,1.7917,1.5725,1.1770,0.8571,0.7184,0.6737
2800.0000,1.8389,1.7510,1.5187,1.1282,0.8225,0.6955,0.6558
2805.0000,1.7971,1.7095,1.4633,1.0819,0.7892,0.6760,0.6377
2810.0000,1.7590,1.6622,1.4095,1.0366,0.7586,0.6588,0.6194
2815.0000,1.7199,1.6114,1.3570,0.9926,0.7307,0.6433,0.6008
2820.0000,1.6693,1.5653,1.3023,0.9513,0.7062,0.6252,0.5951
2825.0000,1.6164,1.5185,1.2477,0.9130,0.6822,0.6122,0.5837
2830.0000,1.5763,1.4636,1.1982,0.8747,0.6619,0.5999,0.5726
2835.0000,1.5325,1.4080,1.1506,0.8384,0.6437,0.5893,0.5607
2840.0000,1.4745,1.3596,1.1012,0.8055,0.6277,0.5775,0.5551
2845.0000,1.4285,1.3056,1.0565,0.7736,0.6141,0.5671,0.5485
2850.0000,1.3750,1.2573,1.0105,0.7459,0.6003,0.5595,0.5402
2855.0000,1.3338,1.2020,0.9712,0.7178,0.5905,0.5500,0.5360
2860.0000,1.2817,1.1529,0.9313,0.6934,0.5808,0.5419,0.5325
2865.0000,1.2274,1.1093,0.8906,0.6731,0.5703,0.5364,0.5282
2870.0000,1.1715,1.0696,0.8506,0.6556,0.5605,0.5311,0.5276
2875.0000,1.1303,1.0241,0.8167,0.6384,0.5521,0.5272,0.5264
2880.0000,1.0872,0.9811,0.7850,0.6232,0.5441,0.5250,0.5252
2885.0000,1.0399,0.9428,0.7543,0.6103,0.5363,0.5243,0.5240
2890.0000,1.0012,0.9024,0.7283,0.5974,0.5302,0.5241,0.5230
2895.0000,0.9649,0.8624,0.7062,0.5850,0.5255,0.5247,0.5207
2900.0000,0.9190,0.8317,0.6827,0.5751,0.5213,0.5252,0.5205
2905.0000,0.8848,0.7984,0.6640,0.5645,0.5196,0.5248,0.5204
2910.0000,0.8490,0.7702,0.6453,0.5561,0.5173,0.5267,0.5160
2915.0000,0.8227,0.7388,0.6320,0.5461,0.5189,0.5245,0.5178
2920.0000,0.7905,0.7137,0.6180,0.5381,0.5206,0.5222,0.5196
2925.0000,0.7595,0.6931,0.6034,0.5327,0.5209,0.5222,0.5174
2930.0000,0.7308,0.6748,0.5897,0.5283,0.5220,0.5205,0.5194
2935.0000,0.7120,0.6540,0.5791,0.5242,0.5233,0.5189,0.5206
2940.0000,0.6899,0.6370,0.5683,0.5220,0.5234,0.5188,0.5202
2945.0000,0.6663,0.6242,0.5569,0.5215,0.5228,0.5185,0.5219
2950.0000,0.6430,0.6136,0.5460,0.5223,0.5214,0.5192,0.5231
2955.0000,0.6315,0.5990,0.5391,0.5223,0.5206,0.5199,0.5245
2960.0000,0.6186,0.5861,0.5332,0.5227,0.5193,0.5216,0.5251
2965.0000,0.6031,0.5758,0.5281,0.5233,0.5182,0.5231,0.5270
2970.0000,0.5929,0.5641,0.5258,0.5228,0.5182,0.5241,0.5301
2975.0000,0.5809,0.5556,0.5234,0.5230,0.5174,0.5270,0.5313
2980.0000,0.5728,0.5462,0.5233,0.5220,0.5183,0.5284,0.5359
2985.0000,0.5633,0.5391,0.5233,0.5211,0.5190,0.5310,0.5391
2990.0000,0.5549,0.5338,0.5232,0.5204,0.5197,0.5347,0.5411
2995.0000,0.5461,0.5306,0.5229,0.5196,0.5216,0.5369,0.5475
3000.0000,0.5408,0.5276,0.5230,0.5188,0.5238,0.5399,0.5537
3005.0000,0.5351,0.5266,0.5220,0.5190,0.5251,0.5451,0.5580
3010.0000,0.5311,0.5256,0.5212,0.5192,0.5273,0.5501,0.5634
3015.0000,0.5294,0.5240,0.5212,0.5190,0.5306,0.5546,0.5706
3020.0000,0.5267,0.5238,0.5201,0.5200,0.5331,0.5615,0.5752
3025.0000,0.5243,0.5237,0.5193,0.5207,0.5371,0.5669,0.5838
3030.0000,0.5244,0.5223,0.5194,0.5213,0.5420,0.5725,0.5930
3035.0000,0.5233,0.5220,0.5188,0.5230,0.5460,0.5805,0.5998
3040.0000,0.5220,0.5217,0.5185,0.5248,0.5513,0.5875,0.6106
3045.0000,0.5222,0.5207,0.5187,0.5268,0.5569,0.5957,0.6205
3050.0000,0.5213,0.5207,0.5185,0.5299,0.5622,0.6057,0.6287
3055.0000,0.5202,0.5207,0.5188,0.5328,0.5691,0.6142,0.6425
3060.0000,0.5185,0.5212,0.5191,0.5364,0.5760,0.6242,0.6553
3065.0000,0.5201,0.5203,0.5203,0.5405,0.5828,0.6366,0.6654
3070.0000,0.5194,0.5208,0.5214,0.5450,0.5908,0.6485,0.6781
3075.0000,0.5184,0.5214,0.5231,0.5494,0.6002,0.6594,0.6944
3080.0000,0.5202,0.5210,0.5259,0.5541,0.6103,0.6715,0.7106
3085.0000,0.5201,0.5222,0.5281,0.5601,0.6198,0.6861,0.7252
3090.0000,0.5202,0.5236,0.5307,0.5666,0.6300,0.7017,0.7391
3095.0000,0.5222,0.5240,0.5349,0.5725,0.6427,0.7151,0.7578
3100.0000,0.5228,0.5262,0.5383,0.5801,0.6544,0.7319,0.7735
3105.0000,0.5228,0.5291,0.5422,0.5878,0.6679,0.7470,0.7949
3110.0000,0.5259,0.5312,0.5467,0.5966,0.6807,0.7660,0.8109
3115.0000,0.5281,0.5343,0.5514,0.6061,0.6944,0.7854,0.8267
3120.0000,0.5299,0.5379,0.5570,0.6154,0.7106,0.8018,0.8499
3125.0000,0.5337,0.5410,0.5635,0.6253,0.7274,0.8193,0.8731
3130.0000,0.5355,0.5467,0.5689,0.6373,0.7428,0.8406,0.8925
3135.0000,0.5397,0.5512,0.5757,0.6495,0.7594,0.8623,0.9106
3140.0000,0.5449,0.5552,0.5842,0.6613,0.7785,0.8813,0.9340
3145.0000,0.5496,0.5607,0.5924,0.6750,0.7963,0.9042,0.9521
3150.0000,0.5527,0.5678,0.6007,0.6892,0.8157,0.9254,0.9730
3155.0000,0.5594,0.5734,0.6113,0.7029,0.8374,0.9442,0.9977
3160.0000,0.5655,0.5807,0.6212,0.7187,0.8573,0.9670,1.0165
3165.0000,0.5708,0.5892,0.6319,0.7347,0.8792,0.9864,1.0444
3170.0000,0.5788,0.5973,0.6431,0.7524,0.8991,1.0105,1.0631
3175.0000,0.5864,0.6067,0.6547,0.7710,0.9193,1.0349,1.0799
3180.0000,0.5939,0.6166,0.6677,0.7892,0.9417,1.0555,1.1046
3185.0000,0.6000,0.6282,0.6809,0.8083,0.9643,1.0760,1.1290
3190.0000,0.6123,0.6381,0.6955,0.8283,0.9853,1.1003,1.1456
3195.0000,0.6228,0.6494,0.7109,0.8485,1.0074,1.1226,1.1639
3200.0000,0.6327,0.6617,0.7273,0.8686,1.0309,1.1421,1.1851
3205.0000,0.6455,0.6734,0.7453,0.8885,1.0550,1.1604,1.2061
3210.0000,0.6556,0.6887,0.7618,0.9105,1.0765,1.1818,1.2216
3250.0000,0.7797,0.8228,0.9218,1.0891,1.2408,1.3071,1.3278
3255.0000,0.7940,0.8459,0.9411,1.1131,1.2553,1.3213,1.3308
3260.0000,0.8152,0.8644,0.9643,1.1341,1.2723,1.3292,1.3411
3265.0000,0.8361,0.8831,0.9881,1.1545,1.2882,1.3363,1.3490
3270.0000,0.8570,0.9025,1.0114,1.1752,1.3010,1.3458,1.3499
3275.0000,0.8731,0.9258,1.0332,1.1955,1.3132,1.3517,1.3546
3280.0000,0.8954,0.9463,1.0566,1.2141,1.3252,1.3557,1.3584
3285.0000,0.9170,0.9678,1.0791,1.2328,1.3341,1.3619,1.3547
3290.0000,0.9333,0.9929,1.0998,1.2506,1.3433,1.3629,1.3599
3295.0000,0.9582,1.0136,1.1224,1.2666,1.3511,1.3642,1.3599
3300.0000,0.9812,1.0353,1.1437,1.2824,1.3560,1.3673,1.3534
3305.0000,1.0039,1.0564,1.1653,1.2960,1.3618,1.3657,1.3534
3310.0000,1.0172,1.0824,1.1835,1.3098,1.3655,1.3635,1.3520
3315.0000,1.0448,1.1019,1.2036,1.3218,1.3670,1.3641,1.3416
3320.0000,1.0679,1.1222,1.2232,1.3315,1.3699,1.3583,1.3429
3325.0000,1.0901,1.1422,1.2415,1.3406,1.3706,1.3541,1.3380
3330.0000,1.1123,1.1613,1.2591,1.3481,1.3705,1.3490,1.3324
3335.0000,1.1285,1.1843,1.2727,1.3564,1.3670,1.3462,1.3219
3340.0000,1.1488,1.2032,1.2877,1.3615,1.3657,1.3379,1.3196
3345.0000,1.1717,1.2196,1.3021,1.3654,1.3625,1.3315,1.3121
3350.0000,1.1912,1.2365,1.3144,1.3690,1.3573,1.3265,1.3012
3355.0000,1.2043,1.2556,1.3241,1.3717,1.3520,1.3191,1.2937
3360.0000,1.2258,1.2687,1.3355,1.3714,1.3479,1.3091,1.2882
3365.0000,1.2420,1.2836,1.3436,1.3719,1.3406,1.3027,1.2771
3370.0000,1.2574,1.2968,1.3511,1.3705,1.3341,1.2939,1.2696
3375.0000,1.2738,1.3075,1.3581,1.3679,1.3273,1.2850,1.2610
3380.0000,1.2857,1.3199,1.3618,1.3659,1.3180,1.2788,1.2469
3385.0000,1.2969,1.3302,1.3656,1.3616,1.3113,1.2672,1.2435
3390.0000,1.3106,1.3372,1.3690,1.3565,1.3032,1.2579,1.2350
3395.0000,1.3203,1.3452,1.3697,1.3519,1.2932,1.2512,1.2221
3400.0000,1.3270,1.3528,1.3693,1.3462,1.2843,1.2418,1.2143
3405.0000,1.3377,1.3559,1.3700,1.3387,1.2768,1.2306,1.2087
3410.0000,1.3444,1.3599,1.3679,1.3322,1.2665,1.2236,1.1965
3415.0000,1.3477,1.3639,1.3646,1.3249,1.2572,1.2145,1.1890
3420.0000,1.3482,1.3674,1.3604,1.3171,1.2484,1.2043,1.1832
3425.0000,1.3568,1.3654,1.3572,1.3087,1.2385,1.1974,1.1716
3430.0000,1.3594,1.3645,1.3525,1.2999,1.2295,1.1886,1.1646
3435.0000,1.3546,1.3660,1.3454,1.2918,1.2199,1.1805,1.1563
3440.0000,1.3601,1.3613,1.3401,1.2828,1.2101,1.1748,1.1415
3445.0000,1.3582,1.3586,1.3335,1.2729,1.2029,1.1633,1.1405
3450.0000,1.3552,1.3552,1.3261,1.2637,1.1944,1.1546,1.1339
3455.0000,1.3558,1.3486,1.3194,1.2538,1.1864,1.1462,1.1266
3460.0000,1.3512,1.3442,1.3105,1.2452,1.1769,1.1401,1.1162
3465.0000,1.3436,1.3399,1.3014,1.2361,1.1692,1.1307,1.1125
3470.0000,1.3427,1.3313,1.2938,1.2263,1.1615,1.1226,1.1065
3475.0000,1.3364,1.3252,1.2841,1.2181,1.1522,1.1171,1.0978
3480.0000,1.3296,1.3181,1.2748,1.2093,1.1442,1.1099,1.0925
3485.0000,1.3257,1.3083,1.2669,1.1997,1.1372,1.1021,1.0881
3490.0000,1.3166,1.3017,1.2566,1.1920,1.1282,1.0976,1.0801
3495.0000,1.3070,1.2946,1.2467,1.1837,1.1206,1.0913,1.0759
3500.0000,1.3023,1.2841,1.2386,1.1745,1.1139,1.0851,1.0714
3505.0000,1.2946,1.2751,1.2294,1.1665,1.1059,1.0817,1.0626
3510.0000,1.2839,1.2671,1.2203,1.1580,1.1000,1.0748,1.0618
3515.0000,1.2776,1.2565,1.2125,1.1492,1.0942,1.0695,1.0581
3520.0000,1.2681,1.2484,1.2029,1.1418,1.0870,1.0670,1.0502
3525.0000,1.2594,1.2391,1.1945,1.1336,1.0819,1.0615,1.0485
3530.0000,1.2519,1.2288,1.1869,1.1252,1.0776,1.0559,1.0471
3535.0000,1.2417,1.2211,1.1774,1.1186,1.0714,1.0538,1.0405
3540.0000,1.2309,1.2137,1.1680,1.1118,1.0665,1.0498,1.0387
3545.0000,1.2199,1.2062,1.1590,1.1053,1.0620,1.0460,1.0366
3550.0000,1.2155,1.1954,1.1515,1.0988,1.0570,1.0449,1.0287
3555.0000,1.2049,1.1877,1.1431,1.0924,1.0538,1.0398,1.0307
3560.0000,1.1950,1.1798,1.1349,1.0867,1.0500,1.0367,1.0290
3565.0000,1.1900,1.1694,1.1280,1.0811,1.0456,1.0362,1.0219
3570.0000,1.1798,1.1619,1.1204,1.0756,1.0430,1.0319,1.0237
3575.0000,1.1686,1.1551,1.1126,1.0709,1.0399,1.0293,1.0226
3580.0000,1.1640,1.1453,1.1068,1.0656,1.0375,1.0266,1.0211
3585.0000,1.1559,1.1376,1.0999,1.0616,1.0339,1.0260,1.0166
3590.0000,1.1454,1.1311,1.0933,1.0573,1.0318,1.0228,1.0171
3595.0000,1.1405,1.1221,1.0884,1.0528,1.0300,1.0203,1.0162
3600.0000,1.1317,1.1161,1.0818,1.0498,1.0267,1.0201,1.0123
3605.0000,1.1232,1.1099,1.0761,1.0463,1.0248,1.0178,1.0124
3610.0000,1.1187,1.1016,1.0721,1.0424,1.0236,1.0153,1.0123
3615.0000,1.1110,1.0960,1.0667,1.0399,1.0207,1.0154,1.0089
3620.0000,1.1026,1.0910,1.0617,1.0373,1.0190,1.0137,1.0092
3625.0000,1.0985,1.0840,1.0582,1.0341,1.0177,1.0120,1.0090
3630.0000,1.0921,1.0790,1.0536,1.0322,1.0150,1.0129,1.0045
3635.0000,1.0847,1.0746,1.0496,1.0297,1.0141,1.0106,1.0066
3640.0000,1.0813,1.0684,1.0470,1.0269,1.0133,1.0091,1.0068
3645.0000,1.0754,1.0644,1.0430,1.0254,1.0110,1.0103,1.0026
