150.0000,0.3441,0.3392,0.3294,0.3201,0.3113,0.3068,0.3040
155.0000,0.3424,0.3368,0.3281,0.3188,0.3104,0.3057,0.3032
160.0000,0.3400,0.3351,0.3266,0.3178,0.3090,0.3054,0.3013
165.0000,0.3373,0.3336,0.3251,0.3166,0.3082,0.3040,0.3014
170.0000,0.3360,0.3315,0.3241,0.3153,0.3074,0.3030,0.3008
175.0000,0.3339,0.3301,0.3226,0.3145,0.3061,0.3027,0.2989
180.0000,0.3321,0.3287,0.3213,0.3133,0.3053,0.3016,0.2987
185.0000,0.3309,0.3268,0.3204,0.3120,0.3047,0.3004,0.2985
190.0000,0.3291,0.3256,0.3190,0.3112,0.3034,0.3001,0.2969
195.0000,0.3271,0.3245,0.3177,0.3102,0.3026,0.2992,0.2967
200.0000,0.3249,0.3236,0.3164,0.3093,0.3017,0.2985,0.2962
205.0000,0.3247,0.3218,0.3155,0.3083,0.3006,0.2984,0.2941
210.0000,0.3230,0.3207,0.3144,0.3072,0.3000,0.2972,0.2946
215.0000,0.3212,0.3198,0.3132,0.3063,0.2993,0.2964,0.2942
220.0000,0.3210,0.3181,0.3123,0.3054,0.2983,0.2964,0.2922
225.0000,0.3193,0.3171,0.3113,0.3043,0.2979,0.2952,0.2928
230.0000,0.3175,0.3163,0.3101,0.3035,0.2972,0.2944,0.2925
235.0000,0.3172,0.3147,0.3093,0.3025,0.2967,0.2937,0.2920
240.0000,0.3160,0.3138,0.3082,0.3018,0.2958,0.2935,0.2907
245.0000,0.3142,0.3130,0.3071,0.3009,0.2953,0.2926,0.2908
250.0000,0.3140,0.3114,0.3064,0.3000,0.2948,0.2918,0.2904
255.0000,0.3126,0.3107,0.3052,0.2994,0.2939,0.2917,0.2891
260.0000,0.3111,0.3099,0.3042,0.2987,0.2933,0.2910,0.2889
265.0000,0.3109,0.3084,0.3036,0.2978,0.2930,0.2901,0.2887
270.0000,0.3096,0.3076,0.3026,0.2973,0.2921,0.2900,0.2875
275.0000,0.3081,0.3069,0.3016,0.2967,0.2916,0.2893,0.2874
280.0000,0.3078,0.3056,0.3010,0.2959,0.2912,0.2886,0.2871
285.0000,0.3067,0.3048,0.3001,0.2954,0.2903,0.2886,0.2856
290.0000,0.3054,0.3040,0.2993,0.2947,0.2899,0.2877,0.2860
295.0000,0.3050,0.3027,0.2988,0.2940,0.2896,0.2870,0.2858
300.0000,0.3039,0.3021,0.2979,0.2935,0.2887,0.2871,0.2844
305.0000,0.3027,0.3015,0.2971,0.2929,0.2882,0.2864,0.2845
310.0000,0.3024,0.3003,0.2967,0.2922,0.2880,0.2856,0.2847
315.0000,0.3013,0.2997,0.2959,0.2918,0.2871,0.2857,0.2834
320.0000,0.3002,0.2992,0.2951,0.2912,0.2867,0.2852,0.2836
325.0000,0.2988,0.2987,0.2944,0.2907,0.2862,0.2848,0.2835
330.0000,0.2991,0.2975,0.2940,0.2902,0.2855,0.2850,0.2818
335.0000,0.2981,0.2969,0.2934,0.2895,0.2853,0.2842,0.2827
340.0000,0.2968,0.2965,0.2927,0.2890,0.2849,0.2838,0.2826
345.0000,0.2969,0.2955,0.2922,0.2885,0.2843,0.2842,0.2810
350.0000,0.2960,0.2950,0.2916,0.2879,0.2842,0.2834,0.2818
355.0000,0.2948,0.2946,0.2910,0.2874,0.2839,0.2830,0.2819
360.0000,0.2949,0.2936,0.2907,0.2867,0.2838,0.2825,0.2818
365.0000,0.2941,0.2932,0.2899,0.2864,0.2833,0.2827,0.2808
370.0000,0.2930,0.2928,0.2892,0.2860,0.2831,0.2821,0.2812
375.0000,0.2931,0.2918,0.2889,0.2854,0.2830,0.2818,0.2811
380.0000,0.2923,0.2914,0.2882,0.2852,0.2825,0.2820,0.2802
385.0000,0.2912,0.2911,0.2876,0.2849,0.2823,0.2816,0.2803
390.0000,0.2914,0.2901,0.2873,0.2843,0.2823,0.2811,0.2804
395.0000,0.2906,0.2897,0.2867,0.2842,0.2818,0.2813,0.2795
400.0000,0.2896,0.2894,0.2861,0.2839,0.2816,0.2808,0.2797
405.0000,0.2897,0.2885,0.2859,0.2835,0.2815,0.2804,0.2797
410.0000,0.2890,0.2881,0.2853,0.2834,0.2810,0.2808,0.2786
415.0000,0.2882,0.2877,0.2849,0.2831,0.2809,0.2802,0.2791
420.0000,0.2881,0.2869,0.2848,0.2827,0.2808,0.2798,0.2791
425.0000,0.2875,0.2866,0.2843,0.2826,0.2803,0.2801,0.2780
430.0000,0.2866,0.2863,0.2839,0.2824,0.2802,0.2797,0.2783
435.0000,0.2867,0.2856,0.2838,0.2820,0.2802,0.2792,0.2786
440.0000,0.2861,0.2853,0.2834,0.2819,0.2797,0.2795,0.2775
445.0000,0.2854,0.2851,0.2830,0.2816,0.2795,0.2791,0.2779
450.0000,0.2843,0.2851,0.2826,0.2815,0.2793,0.2788,0.2780
455.0000,0.2849,0.2843,0.2825,0.2813,0.2789,0.2792,0.2766
460.0000,0.2843,0.2841,0.2823,0.2809,0.2789,0.2786,0.2775
465.0000,0.2835,0.2840,0.2820,0.2807,0.2788,0.2784,0.2776
470.0000,0.2839,0.2834,0.2818,0.2806,0.2783,0.2789,0.2761
475.0000,0.2834,0.2832,0.2816,0.2803,0.2784,0.2782,0.2771
480.0000,0.2826,0.2831,0.2813,0.2801,0.2783,0.2779,0.2773
485.0000,0.2830,0.2825,0.2813,0.2797,0.2783,0.2777,0.2773
490.0000,0.2825,0.2825,0.2808,0.2797,0.2779,0.2780,0.2765
495.0000,0.2817,0.2824,0.2805,0.2795,0.2779,0.2776,0.2769
500.0000,0.2822,0.2818,0.2806,0.2791,0.2779,0.2773,0.2770
505.0000,0.2818,0.2817,0.2802,0.2791,0.2775,0.2776,0.2762
510.0000,0.2811,0.2817,0.2799,0.2790,0.2774,0.2774,0.2764
515.0000,0.2816,0.2810,0.2799,0.2786,0.2775,0.2770,0.2766
520.0000,0.2811,0.2810,0.2796,0.2786,0.2772,0.2773,0.2758
525.0000,0.2805,0.2809,0.2793,0.2785,0.2772,0.2770,0.2762
530.0000,0.2808,0.2804,0.2793,0.2782,0.2772,0.2767,0.2764
535.0000,0.2804,0.2803,0.2789,0.2782,0.2768,0.2772,0.2754
540.0000,0.2799,0.2803,0.2787,0.2781,0.2768,0.2767,0.2761
545.0000,0.2802,0.2797,0.2788,0.2778,0.2769,0.2765,0.2762
550.0000,0.2799,0.2796,0.2785,0.2779,0.2765,0.2770,0.2753
555.0000,0.2793,0.2797,0.2782,0.2777,0.2764,0.2767,0.2757
560.0000,0.2796,0.2791,0.2783,0.2775,0.2766,0.2764,0.2761
565.0000,0.2793,0.2791,0.2780,0.2775,0.2762,0.2768,0.2752
570.0000,0.2788,0.2790,0.2778,0.2774,0.2762,0.2766,0.2758
575.0000,0.2779,0.2793,0.2775,0.2773,0.2762,0.2765,0.2761
580.0000,0.2787,0.2786,0.2776,0.2772,0.2759,0.2771,0.2748
585.0000,0.2784,0.2785,0.2775,0.2770,0.2761,0.2766,0.2759
590.0000,0.2778,0.2786,0.2773,0.2769,0.2761,0.2765,0.2762
595.0000,0.2783,0.2780,0.2775,0.2767,0.2762,0.2764,0.2765
600.0000,0.2779,0.2781,0.2771,0.2768,0.2759,0.2769,0.2758
605.0000,0.2772,0.2782,0.2769,0.2767,0.2761,0.2767,0.2764
610.0000,0.2778,0.2777,0.2771,0.2765,0.2762,0.2766,0.2767
615.0000,0.2774,0.2778,0.2768,0.2766,0.2760,0.2771,0.2761
620.0000,0.2769,0.2779,0.2766,0.2765,0.2761,0.2769,0.2768
625.0000,0.2775,0.2773,0.2768,0.2763,0.2764,0.2768,0.2771
630.0000,0.2772,0.2774,0.2765,0.2765,0.2762,0.2774,0.2765
635.0000,0.2766,0.2775,0.2763,0.2765,0.2763,0.2773,0.2770
640.0000,0.2772,0.2770,0.2765,0.2763,0.2766,0.2772,0.2775
645.0000,0.2769,0.2770,0.2763,0.2764,0.2764,0.2777,0.2769
650.0000,0.2764,0.2771,0.2762,0.2765,0.2766,0.2777,0.2775
655.0000,0.2768,0.2767,0.2763,0.2764,0.2769,0.2776,0.2779
660.0000,0.2765,0.2768,0.2761,0.2766,0.2767,0.2783,0.2771
665.0000,0.2762,0.2769,0.2760,0.2766,0.2770,0.2781,0.2780
670.0000,0.2766,0.2764,0.2762,0.2765,0.2773,0.2781,0.2785
675.0000,0.2764,0.2765,0.2761,0.2768,0.2771,0.2788,0.2778
680.0000,0.2760,0.2767,0.2760,0.2769,0.2773,0.2788,0.2786
685.0000,0.2764,0.2763,0.2762,0.2768,0.2777,0.2788,0.2791
690.0000,0.2762,0.2764,0.2761,0.2771,0.2776,0.2795,0.2784
695.0000,0.2759,0.2765,0.2761,0.2772,0.2778,0.2795,0.2793
700.0000,0.2751,0.2769,0.2760,0.2774,0.2781,0.2796,0.2799
705.0000,0.2761,0.2764,0.2763,0.2775,0.2780,0.2804,0.2789
710.0000,0.2759,0.2765,0.2764,0.2776,0.2784,0.2802,0.2802
715.0000,0.2755,0.2768,0.2764,0.2777,0.2787,0.2804,0.2809
720.0000,0.2762,0.2764,0.2767,0.2777,0.2791,0.2805,0.2814
725.0000,0.2760,0.2767,0.2766,0.2781,0.2791,0.2813,0.2811
730.0000,0.2756,0.2769,0.2767,0.2782,0.2794,0.2814,0.2819
735.0000,0.2763,0.2766,0.2770,0.2782,0.2798,0.2816,0.2824
740.0000,0.2762,0.2768,0.2770,0.2786,0.2799,0.2824,0.2821
745.0000,0.2757,0.2772,0.2770,0.2788,0.2803,0.2825,0.2830
750.0000,0.2765,0.2769,0.2774,0.2788,0.2808,0.2827,0.2836
755.0000,0.2765,0.2771,0.2774,0.2792,0.2809,0.2835,0.2833
760.0000,0.2760,0.2775,0.2775,0.2794,0.2814,0.2837,0.2843
765.0000,0.2768,0.2772,0.2779,0.2795,0.2819,0.2839,0.2850
770.0000,0.2768,0.2775,0.2779,0.2799,0.2820,0.2847,0.2848
775.0000,0.2766,0.2778,0.2780,0.2802,0.2825,0.2850,0.2857
780.0000,0.2772,0.2776,0.2784,0.2804,0.2830,0.2853,0.2864
785.0000,0.2771,0.2780,0.2784,0.2809,0.2831,0.2863,0.2860
790.0000,0.2770,0.2783,0.2786,0.2813,0.2836,0.2865,0.2871
795.0000,0.2777,0.2781,0.2791,0.2815,0.2842,0.2868,0.2879
800.0000,0.2777,0.2785,0.2792,0.2820,0.2844,0.2879,0.2874
805.0000,0.2775,0.2788,0.2794,0.2823,0.2850,0.2881,0.2887
810.0000,0.2782,0.2787,0.2799,0.2825,0.2857,0.2884,0.2896
815.0000,0.2783,0.2790,0.2801,0.2831,0.2859,0.2894,0.2893
820.0000,0.2783,0.2793,0.2804,0.2834,0.2865,0.2897,0.2906
825.0000,0.2777,0.2800,0.2805,0.2839,0.2870,0.2902,0.2916
830.0000,0.2789,0.2798,0.2810,0.2844,0.2873,0.2914,0.2910
835.0000,0.2789,0.2802,0.2813,0.2848,0.2880,0.2917,0.2926
840.0000,0.2787,0.2808,0.2816,0.2852,0.2886,0.2922,0.2937
845.0000,0.2798,0.2807,0.2822,0.2856,0.2893,0.2928,0.2946
850.0000,0.2797,0.2813,0.2824,0.2862,0.2896,0.2940,0.2947
855.0000,0.2797,0.2817,0.2828,0.2867,0.2904,0.2945,0.2959
860.0000,0.2808,0.2816,0.2835,0.2870,0.2912,0.2950,0.2970
865.0000,0.2810,0.2821,0.2838,0.2876,0.2917,0.2962,0.2972
870.0000,0.2807,0.2827,0.2841,0.2881,0.2925,0.2968,0.2987
875.0000,0.2818,0.2827,0.2848,0.2885,0.2934,0.2975,0.2998
880.0000,0.2820,0.2833,0.2851,0.2893,0.2939,0.2988,0.3001
885.0000,0.2817,0.2840,0.2854,0.2899,0.2947,0.2994,0.3019
890.0000,0.2829,0.2840,0.2862,0.2904,0.2957,0.3002,0.3036
895.0000,0.2831,0.2847,0.2865,0.2912,0.2962,0.3017,0.3043
900.0000,0.2832,0.2852,0.2869,0.2918,0.2971,0.3026,0.3068
905.0000,0.2842,0.2853,0.2877,0.2923,0.2983,0.3032,0.3102
910.0000,0.2844,0.2860,0.2880,0.2933,0.2988,0.3053,0.3125
915.0000,0.2846,0.2867,0.2884,0.2942,0.2994,0.3075,0.3153
920.0000,0.2856,0.2869,0.2892,0.2949,0.3001,0.3101,0.3182
925.0000,0.2859,0.2875,0.2896,0.2959,0.3007,0.3136,0.3203
930.0000,0.2859,0.2884,0.2901,0.2967,0.3019,0.3166,0.3238
935.0000,0.2870,0.2884,0.2912,0.2971,0.3037,0.3197,0.3271
940.0000,0.2875,0.2890,0.2919,0.2979,0.3053,0.3239,0.3287
945.0000,0.2880,0.2895,0.2930,0.2982,0.3082,0.3264,0.3342
950.0000,0.2879,0.2903,0.2939,0.2987,0.3113,0.3292,0.3396
955.0000,0.2893,0.2906,0.2948,0.2995,0.3141,0.3335,0.3429
960.0000,0.2898,0.2913,0.2955,0.3005,0.3175,0.3370,0.3488
965.0000,0.2900,0.2922,0.2960,0.3017,0.3210,0.3407,0.3552
970.0000,0.2912,0.2928,0.2966,0.3033,0.3246,0.3451,0.3617
975.0000,0.2913,0.2942,0.2966,0.3057,0.3277,0.3507,0.3680
980.0000,0.2912,0.2957,0.2966,0.3083,0.3309,0.3569,0.3740
985.0000,0.2931,0.2958,0.2976,0.3106,0.3351,0.3624,0.3823
990.0000,0.2935,0.2969,0.2981,0.3137,0.3387,0.3697,0.3897
995.0000,0.2934,0.2980,0.2990,0.3166,0.3434,0.3763,0.4003
1000.0000,0.2954,0.2980,0.3007,0.3197,0.3479,0.3849,0.4091
1005.0000,0.2963,0.2986,0.3024,0.3230,0.3529,0.3942,0.4179
1010.0000,0.2974,0.2989,0.3049,0.3258,0.3595,0.4020,0.4321
1015.0000,0.2983,0.2996,0.3073,0.3294,0.3656,0.4126,0.4436
1020.0000,0.2992,0.3008,0.3098,0.3332,0.3722,0.4242,0.4553
1025.0000,0.3000,0.3022,0.3126,0.3369,0.3803,0.4350,0.4709
1030.0000,0.3013,0.3039,0.3156,0.3410,0.3890,0.4470,0.4873
1035.0000,0.3019,0.3067,0.3178,0.3461,0.3973,0.4615,0.5025
1040.0000,0.3026,0.3098,0.3200,0.3519,0.4060,0.4781,0.5149
1045.0000,0.3057,0.3115,0.3237,0.3571,0.4173,0.4928,0.5314
1050.0000,0.3082,0.3139,0.3272,0.3632,0.4285,0.5100,0.5446
1055.0000,0.3101,0.3166,0.3312,0.3692,0.4423,0.5248,0.5636
1060.0000,0.3131,0.3192,0.3354,0.3761,0.4562,0.5418,0.5782
1065.0000,0.3158,0.3223,0.3397,0.3841,0.4707,0.5595,0.5903
1070.0000,0.3187,0.3253,0.3448,0.3919,0.4878,0.5735,0.6105
1075.0000,0.3203,0.3296,0.3495,0.4011,0.5051,0.5880,0.6300
1080.0000,0.3245,0.3334,0.3545,0.4120,0.5214,0.6051,0.6453
1085.0000,0.3279,0.3381,0.3596,0.4241,0.5379,0.6220,0.6607
1090.0000,0.3311,0.3430,0.3654,0.4368,0.5554,0.6370,0.6799
1095.0000,0.3363,0.3475,0.3722,0.4505,0.5726,0.6527,0.6987
1100.0000,0.3394,0.3539,0.3785,0.4660,0.5884,0.6704,0.7161
1105.0000,0.3437,0.3601,0.3861,0.4821,0.6037,0.6892,0.7309
1110.0000,0.3507,0.3649,0.3962,0.4976,0.6209,0.7054,0.7500
1115.0000,0.3561,0.3715,0.4064,0.5143,0.6366,0.7240,0.7660
1120.0000,0.3603,0.3793,0.4177,0.5307,0.6536,0.7405,0.7872
1125.0000,0.3686,0.3861,0.4308,0.5473,0.6696,0.7599,0.8034
1130.0000,0.3766,0.3939,0.4449,0.5639,0.6860,0.7794,0.8185
1135.0000,0.3854,0.4020,0.4606,0.5794,0.7045,0.7954,0.8409
1140.0000,0.3932,0.4123,0.4759,0.5957,0.7219,0.8140,0.8588
1145.0000,0.4011,0.4247,0.4909,0.6127,0.7387,0.8339,0.8743
1150.0000,0.4123,0.4362,0.5077,0.6283,0.7581,0.8499,0.8979
1155.0000,0.4230,0.4494,0.5241,0.6446,0.7770,0.8671,0.9209
1160.0000,0.4328,0.4652,0.5388,0.6625,0.7937,0.8878,0.9404
1165.0000,0.4457,0.4802,0.5544,0.6803,0.8107,0.9093,0.9581
1170.0000,0.4603,0.4945,0.5712,0.6971,0.8296,0.9285,0.9805
1175.0000,0.4749,0.5096,0.5875,0.7149,0.8471,0.9509,0.9980
1180.0000,0.4862,0.5272,0.6032,0.7325,0.8663,0.9704,1.0233
1185.0000,0.5032,0.5422,0.6201,0.7502,0.8848,0.9932,1.0417
1190.0000,0.5193,0.5579,0.6369,0.7682,0.9035,1.0169,1.0567
1195.0000,0.5356,0.5731,0.6550,0.7849,0.9253,1.0357,1.0818
1200.0000,0.5466,0.5915,0.6715,0.8026,0.9470,1.0550,1.1059
1205.0000,0.5657,0.6070,0.6890,0.8209,0.9672,1.0782,1.1221
1210.0000,0.5832,0.6229,0.7067,0.8391,0.9887,1.0994,1.1401
1215.0000,0.6001,0.6390,0.7248,0.8570,1.0117,1.1177,1.1615
1220.0000,0.6168,0.6555,0.7427,0.8756,1.0347,1.1358,1.1823
1225.0000,0.6304,0.6752,0.7584,0.8965,1.0552,1.1568,1.1982
1265.0000,0.7727,0.8140,0.9081,1.0665,1.2153,1.2848,1.3079
1270.0000,0.7882,0.8344,0.9273,1.0891,1.2305,1.2994,1.3122
1275.0000,0.8076,0.8523,0.9491,1.1094,1.2477,1.3086,1.3225
1280.0000,0.8267,0.8706,0.9711,1.1294,1.2638,1.3171,1.3302
1285.0000,0.8427,0.8927,0.9909,1.1510,1.2763,1.3282,1.3303
1290.0000,0.8631,0.9120,1.0131,1.1700,1.2906,1.3335,1.3369
1295.0000,0.8839,0.9310,1.0357,1.1881,1.3040,1.3372,1.3421
1300.0000,0.9042,0.9511,1.0574,1.2067,1.3141,1.3436,1.3399
1305.0000,0.9195,0.9748,1.0773,1.2247,1.3241,1.3453,1.3449
1310.0000,0.9427,0.9947,1.0989,1.2412,1.3326,1.3471,1.3456
1315.0000,0.9643,1.0155,1.1193,1.2578,1.3382,1.3506,1.3406
1320.0000,0.9853,1.0361,1.1400,1.2724,1.3443,1.3499,1.3415
1325.0000,0.9975,1.0615,1.1575,1.2873,1.3481,1.3489,1.3411
1330.0000,1.0245,1.0801,1.1774,1.3003,1.3498,1.3505,1.3321
1335.0000,1.0467,1.0998,1.1968,1.3111,1.3529,1.3463,1.3336
1340.0000,1.0682,1.1190,1.2154,1.3209,1.3541,1.3433,1.3303
1345.0000,1.0899,1.1373,1.2338,1.3290,1.3546,1.3394,1.3261
1350.0000,1.1057,1.1596,1.2482,1.3378,1.3519,1.3380,1.3169
1355.0000,1.1267,1.1774,1.2645,1.3430,1.3516,1.3312,1.3151
1360.0000,1.1483,1.1939,1.2800,1.3472,1.3498,1.3257,1.3095
1365.0000,1.1676,1.2108,1.2933,1.3510,1.3460,1.3219,1.3000
1370.0000,1.1795,1.2310,1.3035,1.3542,1.3421,1.3155,1.2946
1375.0000,1.2011,1.2449,1.3153,1.3547,1.3391,1.3072,1.2903
1380.0000,1.2179,1.2604,1.3239,1.3558,1.3332,1.3022,1.2808
1385.0000,1.2338,1.2743,1.3318,1.3554,1.3280,1.2949,1.2750
1390.0000,1.2506,1.2858,1.3391,1.3537,1.3225,1.2875,1.2682
1395.0000,1.2625,1.2994,1.3429,1.3530,1.3145,1.2831,1.2559
1400.0000,1.2744,1.3104,1.3470,1.3499,1.3089,1.2736,1.2534
1405.0000,1.2892,1.3178,1.3511,1.3459,1.3024,1.2660,1.2464
1410.0000,1.3000,1.3257,1.3528,1.3424,1.2940,1.2610,1.2346
1415.0000,1.3075,1.3334,1.3536,1.3375,1.2875,1.2518,1.2310
1420.0000,1.3182,1.3375,1.3546,1.3319,1.2803,1.2446,1.2227
1425.0000,1.3250,1.3424,1.3533,1.3269,1.2716,1.2397,1.2096
1430.0000,1.3279,1.3477,1.3507,1.3211,1.2641,1.2318,1.2006
1435.0000,1.3361,1.3478,1.3500,1.3131,1.2588,1.2210,1.1941
1440.0000,1.3403,1.3490,1.3467,1.3066,1.2507,1.2143,1.1795
1445.0000,1.3427,1.3493,1.3432,1.2991,1.2444,1.2036,1.1710
1450.0000,1.3391,1.3516,1.3374,1.2924,1.2371,1.1932,1.1602
1455.0000,1.3451,1.3481,1.3331,1.2852,1.2288,1.1849,1.1420
1460.0000,1.3442,1.3466,1.3276,1.2773,1.2230,1.1692,1.1404
1465.0000,1.3419,1.3446,1.3209,1.2705,1.2146,1.1567,1.1324
1470.0000,1.3435,1.3395,1.3150,1.2634,1.2053,1.1451,1.1235
1475.0000,1.3395,1.3369,1.3068,1.2577,1.1937,1.1356,1.1131
1480.0000,1.3332,1.3340,1.2987,1.2514,1.1826,1.1241,1.1088
1485.0000,1.3339,1.3265,1.2925,1.2442,1.1706,1.1151,1.1023
1490.0000,1.3286,1.3216,1.2846,1.2376,1.1570,1.1085,1.0952
1495.0000,1.3217,1.3165,1.2770,1.2301,1.1438,1.1024,1.0895
1500.0000,1.3203,1.3072,1.2721,1.2204,1.1324,1.0961,1.0854
1505.0000,1.3134,1.3010,1.2653,1.2112,1.1200,1.0931,1.0782
1510.0000,1.3063,1.2940,1.2594,1.2001,1.1102,1.0884,1.0757
1515.0000,1.3021,1.2850,1.2547,1.1875,1.1025,1.0834,1.0741
1520.0000,1.2964,1.2770,1.2486,1.1754,1.0941,1.0822,1.0670
1525.0000,1.2880,1.2704,1.2418,1.1621,1.0896,1.0762,1.0717
1530.0000,1.2818,1.2629,1.2344,1.1493,1.0853,1.0723,1.0744
1535.0000,1.2739,1.2574,1.2243,1.1384,1.0797,1.0725,1.0733
1540.0000,1.2655,1.2518,1.2134,1.1277,1.0762,1.0708,1.0798
1545.0000,1.2603,1.2438,1.2027,1.1177,1.0730,1.0713,1.0850
1550.0000,1.2516,1.2381,1.1893,1.1101,1.0686,1.0755,1.0879
1555.0000,1.2425,1.2313,1.1762,1.1027,1.0662,1.0787,1.0973
1560.0000,1.2379,1.2206,1.1649,1.0955,1.0646,1.0842,1.1049
1565.0000,1.2282,1.2124,1.1518,1.0904,1.0625,1.0933,1.1094
1570.0000,1.2181,1.2028,1.1404,1.0849,1.0634,1.1002,1.1213
1575.0000,1.2089,1.1914,1.1305,1.0795,1.0661,1.1081,1.1335
1580.0000,1.2030,1.1777,1.1222,1.0748,1.0689,1.1204,1.1390
1585.0000,1.1919,1.1664,1.1139,1.0706,1.0745,1.1303,1.1509
1590.0000,1.1786,1.1564,1.1059,1.0673,1.0820,1.1401,1.1635
1595.0000,1.1708,1.1443,1.0999,1.0643,1.0913,1.1500,1.1755
1600.0000,1.1610,1.1342,1.0932,1.0635,1.1001,1.1629,1.1830
1605.0000,1.1475,1.1267,1.0862,1.0642,1.1107,1.1739,1.1924
1610.0000,1.1402,1.1171,1.0813,1.0652,1.1232,1.1835,1.2020
1615.0000,1.1290,1.1113,1.0746,1.0695,1.1339,1.1958,1.2058
1620.0000,1.1191,1.1052,1.0697,1.0742,1.1472,1.2036,1.2151
1625.0000,1.1143,1.0969,1.0671,1.0799,1.1605,1.2115,1.2203
1630.0000,1.1060,1.0919,1.0636,1.0884,1.1720,1.2206,1.2201
1635.0000,1.0978,1.0873,1.0620,1.0972,1.1848,1.2252,1.2245
1640.0000,1.0943,1.0810,1.0629,1.1066,1.1975,1.2282,1.2268
1645.0000,1.0886,1.0776,1.0637,1.1184,1.2070,1.2331,1.2220
1650.0000,1.0821,1.0754,1.0662,1.1302,1.2173,1.2328,1.2229
1655.0000,1.0803,1.0720,1.0712,1.1422,1.2260,1.2320,1.2198
1660.0000,1.0763,1.0721,1.0759,1.1558,1.2313,1.2324,1.2106
1665.0000,1.0728,1.0734,1.0826,1.1687,1.2367,1.2281,1.2063
1670.0000,1.0741,1.0731,1.0922,1.1802,1.2415,1.2211,1.2023
1675.0000,1.0739,1.0762,1.1014,1.1928,1.2419,1.2168,1.1913
1680.0000,1.0744,1.0804,1.1121,1.2040,1.2418,1.2092,1.1839
1685.0000,1.0734,1.0873,1.1230,1.2143,1.2399,1.2001,1.1767
1690.0000,1.0809,1.0919,1.1359,1.2233,1.2354,1.1929,1.1641
1695.0000,1.0854,1.0996,1.1485,1.2308,1.2299,1.1835,1.1543
1700.0000,1.0866,1.1106,1.1601,1.2373,1.2225,1.1739,1.1428
1705.0000,1.0982,1.1181,1.1735,1.2414,1.2136,1.1661,1.1249
1710.0000,1.1063,1.1279,1.1864,1.2427,1.2065,1.1516,1.1210
1715.0000,1.1145,1.1386,1.1981,1.2430,1.1969,1.1401,1.1103
1720.0000,1.1258,1.1485,1.2096,1.2412,1.1868,1.1285,1.0988
1725.0000,1.1333,1.1616,1.2177,1.2391,1.1746,1.1189,1.0840
1730.0000,1.1437,1.1726,1.2261,1.2339,1.1645,1.1047,1.0776
1735.0000,1.1565,1.1820,1.2332,1.2276,1.1529,1.0933,1.0669
1740.0000,1.1668,1.1924,1.2375,1.2208,1.1400,1.0836,1.0542
1745.0000,1.1723,1.2046,1.2389,1.2133,1.1273,1.0730,1.0438
1750.0000,1.1860,1.2109,1.2414,1.2030,1.1165,1.0603,1.0366
1755.0000,1.1950,1.2184,1.2402,1.1934,1.1036,1.0513,1.0251
1760.0000,1.2023,1.2246,1.2378,1.1828,1.0917,1.0411,1.0169
1765.0000,1.2114,1.2276,1.2348,1.1710,1.0804,1.0311,1.0085
1770.0000,1.2152,1.2322,1.2282,1.1604,1.0676,1.0242,0.9959
1775.0000,1.2192,1.2335,1.2218,1.1478,1.0579,1.0129,0.9933
1780.0000,1.2249,1.2315,1.2151,1.1352,1.0477,1.0042,0.9867
1785.0000,1.2266,1.2297,1.2062,1.1234,1.0365,0.9981,0.9770
1790.0000,1.2252,1.2273,1.1962,1.1113,1.0268,0.9905,0.9715
1795.0000,1.2260,1.2212,1.1869,1.0985,1.0185,0.9822,0.9676
1800.0000,1.2224,1.2164,1.1750,1.0875,1.0086,0.9776,0.9588
1805.0000,1.2169,1.2107,1.1628,1.0762,1.0001,0.9714,0.9542
1810.0000,1.2095,1.2038,1.1505,1.0650,0.9927,0.9647,0.9506
1815.0000,1.2078,1.1926,1.1396,1.0539,0.9851,0.9607,0.9423
1820.0000,1.1990,1.1838,1.1270,1.0435,0.9784,0.9551,0.9381
1825.0000,1.1898,1.1739,1.1148,1.0333,0.9725,0.9495,0.9335
1830.0000,1.1842,1.1612,1.1037,1.0236,0.9661,0.9464,0.9231
1835.0000,1.1729,1.1507,1.0918,1.0141,0.9620,0.9386,0.9237
1840.0000,1.1597,1.1409,1.0793,1.0059,0.9569,0.9331,0.9199
1845.0000,1.1526,1.1277,1.0687,0.9975,0.9523,0.9277,0.9156
1850.0000,1.1420,1.1162,1.0573,0.9905,0.9466,0.9240,0.9089
1855.0000,1.1274,1.1063,1.0457,0.9839,0.9421,0.9180,0.9070
1860.0000,1.1195,1.0931,1.0363,0.9772,0.9374,0.9132,0.9030
1865.0000,1.1068,1.0831,1.0255,0.9721,0.9313,0.9102,0.8968
1870.0000,1.0956,1.0719,1.0162,0.9665,0.9264,0.9057,0.8931
1875.0000,1.0869,1.0592,1.0088,0.9603,0.9225,0.9004,0.8905
1880.0000,1.0744,1.0497,1.0001,0.9557,0.9168,0.8977,0.8845
1885.0000,1.0617,1.0406,0.9921,0.9507,0.9121,0.8934,0.8815
1890.0000,1.0538,1.0294,0.9861,0.9451,0.9081,0.8890,0.8781
1895.0000,1.0444,1.0197,0.9798,0.9402,0.9030,0.8867,0.8709
1900.0000,1.0327,1.0118,0.9736,0.9350,0.8996,0.8812,0.8706
1905.0000,1.0250,1.0026,0.9685,0.9296,0.8959,0.8770,0.8677
1910.0000,1.0153,0.9959,0.9622,0.9254,0.8909,0.8749,0.8613
1915.0000,1.0071,0.9887,0.9568,0.9205,0.8873,0.8706,0.8592
1920.0000,1.0004,0.9809,0.9523,0.9153,0.8842,0.8659,0.8576
1925.0000,0.9919,0.9755,0.9463,0.9115,0.8794,0.8640,0.8517
1930.0000,0.9833,0.9706,0.9405,0.9074,0.8756,0.8603,0.8498
1935.0000,0.9749,0.9658,0.9349,0.9033,0.8719,0.8568,0.8472
1940.0000,0.9722,0.9583,0.9307,0.8991,0.8677,0.8554,0.8398
1945.0000,0.9650,0.9533,0.9258,0.8947,0.8649,0.8505,0.8407
1950.0000,0.9579,0.9485,0.9209,0.8907,0.8616,0.8471,0.8385
1955.0000,0.9551,0.9417,0.9170,0.8868,0.8576,0.8458,0.8317
1960.0000,0.9484,0.9372,0.9124,0.8826,0.8551,0.8412,0.8327
1965.0000,0.9410,0.9334,0.9075,0.8791,0.8517,0.8383,0.8305
1970.0000,0.9386,0.9271,0.9039,0.8750,0.8489,0.8354,0.8280
1975.0000,0.9333,0.9228,0.8993,0.8718,0.8451,0.8340,0.8230
1980.0000,0.9263,0.9191,0.8948,0.8681,0.8426,0.8302,0.8226
1985.0000,0.9241,0.9131,0.8917,0.8641,0.8402,0.8271,0.8206
1990.0000,0.9186,0.9094,0.8870,0.8612,0.8366,0.8258,0.8161
1995.0000,0.9132,0.9055,0.8830,0.8579,0.8341,0.8228,0.8147
2000.0000,0.9108,0.8998,0.8801,0.8540,0.8322,0.8193,0.8136
2005.0000,0.9056,0.8963,0.8758,0.8513,0.8288,0.8180,0.8095
2010.0000,0.8999,0.8930,0.8718,0.8483,0.8263,0.8153,0.8083
2015.0000,0.8975,0.8880,0.8688,0.8450,0.8240,0.8127,0.8064
2020.0000,0.8933,0.8843,0.8649,0.8425,0.8207,0.8120,0.8013
2025.0000,0.8879,0.8812,0.8612,0.8396,0.8187,0.8086,0.8017
2030.0000,0.8856,0.8763,0.8586,0.8364,0.8167,0.8060,0.8001
2035.0000,0.8811,0.8733,0.8547,0.8342,0.8134,0.8055,0.7951
2040.0000,0.8767,0.8701,0.8514,0.8315,0.8114,0.8027,0.7944
2045.0000,0.8745,0.8654,0.8491,0.8282,0.8100,0.7994,0.7939
2050.0000,0.8703,0.8624,0.8456,0.8261,0.8070,0.7987,0.7892
2055.0000,0.8659,0.8595,0.8425,0.8235,0.8051,0.7960,0.7888
2060.0000,0.8609,0.8569,0.8393,0.8211,0.8030,0.7936,0.7876
2065.0000,0.8602,0.8524,0.8370,0.8188,0.8003,0.7932,0.7820
2070.0000,0.8559,0.8498,0.8341,0.8162,0.7988,0.7898,0.7835
2075.0000,0.8508,0.8477,0.8309,0.8142,0.7966,0.7878,0.7823
2080.0000,0.8501,0.8437,0.8285,0.8121,0.7938,0.7877,0.7769
2085.0000,0.8465,0.8412,0.8259,0.8097,0.7923,0.7846,0.7782
2090.0000,0.8418,0.8391,0.8229,0.8076,0.7903,0.7826,0.7772
2095.0000,0.8413,0.8349,0.8213,0.8050,0.7888,0.7806,0.7758
2100.0000,0.8381,0.8324,0.8186,0.8032,0.7862,0.7802,0.7720
2105.0000,0.8338,0.8303,0.8161,0.8008,0.7849,0.7775,0.7722
2110.0000,0.8330,0.8265,0.8146,0.7982,0.7836,0.7754,0.7711
2115.0000,0.8296,0.8245,0.8118,0.7966,0.7811,0.7749,0.7676
2120.0000,0.8258,0.8227,0.8093,0.7946,0.7796,0.7728,0.7670
2125.0000,0.8252,0.8190,0.8079,0.7920,0.7786,0.7704,0.7665
2130.0000,0.8220,0.8172,0.8051,0.7905,0.7763,0.7698,0.7633
2135.0000,0.8184,0.8156,0.8026,0.7887,0.7747,0.7680,0.7627
2140.0000,0.8176,0.8123,0.8010,0.7866,0.7735,0.7661,0.7617
2145.0000,0.8149,0.8105,0.7983,0.7853,0.7710,0.7661,0.7574
2150.0000,0.8115,0.8088,0.7961,0.7834,0.7699,0.7635,0.7582
2155.0000,0.8108,0.8055,0.7947,0.7813,0.7687,0.7616,0.7572
2160.0000,0.8081,0.8038,0.7922,0.7801,0.7663,0.7616,0.7530
2165.0000,0.8052,0.8020,0.7902,0.7784,0.7651,0.7595,0.7529
2170.0000,0.8043,0.7988,0.7891,0.7762,0.7644,0.7570,0.7527
2175.0000,0.8017,0.7971,0.7868,0.7750,0.7621,0.7568,0.7488
2180.0000,0.7988,0.7955,0.7848,0.7733,0.7609,0.7547,0.7487
2185.0000,0.7948,0.7944,0.7827,0.7719,0.7594,0.7529,0.7478
2190.0000,0.7955,0.7912,0.7814,0.7704,0.7574,0.7529,0.7427
2195.0000,0.7927,0.7896,0.7796,0.7686,0.7565,0.7500,0.7445
2200.0000,0.7892,0.7886,0.7775,0.7673,0.7550,0.7483,0.7437
2205.0000,0.7895,0.7855,0.7765,0.7654,0.7538,0.7465,0.7425
2210.0000,0.7870,0.7843,0.7744,0.7644,0.7516,0.7463,0.7391
2215.0000,0.7837,0.7831,0.7726,0.7629,0.7504,0.7440,0.7393
2220.0000,0.7841,0.7802,0.7718,0.7610,0.7493,0.7422,0.7382
2225.0000,0.7817,0.7790,0.7698,0.7599,0.7471,0.7419,0.7348
2230.0000,0.7787,0.7778,0.7681,0.7583,0.7460,0.7396,0.7349
2235.0000,0.7789,0.7750,0.7674,0.7563,0.7450,0.7378,0.7339
2240.0000,0.7766,0.7739,0.7654,0.7552,0.7428,0.7375,0.7306
2245.0000,0.7737,0.7730,0.7636,0.7538,0.7416,0.7356,0.7301
2250.0000,0.7740,0.7702,0.7629,0.7517,0.7408,0.7333,0.7297
2255.0000,0.7718,0.7691,0.7610,0.7507,0.7387,0.7329,0.7266
2260.0000,0.7692,0.7682,0.7592,0.7492,0.7374,0.7311,0.7261
2265.0000,0.7692,0.7657,0.7582,0.7474,0.7363,0.7293,0.7252
2270.0000,0.7672,0.7647,0.7562,0.7465,0.7340,0.7293,0.7212
2275.0000,0.7647,0.7636,0.7546,0.7449,0.7330,0.7268,0.7221
2280.0000,0.7647,0.7612,0.7537,0.7431,0.7319,0.7250,0.7214
2285.0000,0.7628,0.7601,0.7518,0.7421,0.7296,0.7251,0.7176
2290.0000,0.7604,0.7590,0.7501,0.7407,0.7284,0.7232,0.7177
2295.0000,0.7603,0.7565,0.7494,0.7387,0.7276,0.7210,0.7178
2300.0000,0.7583,0.7554,0.7475,0.7377,0.7255,0.7210,0.7143
2305.0000,0.7561,0.7543,0.7459,0.7362,0.7243,0.7193,0.7145
2310.0000,0.7528,0.7537,0.7441,0.7349,0.7229,0.7179,0.7141
2315.0000,0.7539,0.7509,0.7431,0.7335,0.7210,0.7183,0.7097
2320.0000,0.7517,0.7498,0.7416,0.7318,0.7203,0.7159,0.7116
2325.0000,0.7488,0.7490,0.7398,0.7305,0.7190,0.7147,0.7113
2330.0000,0.7495,0.7464,0.7391,0.7286,0.7182,0.7134,0.7106
2335.0000,0.7475,0.7454,0.7372,0.7276,0.7163,0.7137,0.7078
2340.0000,0.7448,0.7445,0.7356,0.7261,0.7156,0.7119,0.7084
2345.0000,0.7452,0.7419,0.7349,0.7242,0.7150,0.7105,0.7080
2350.0000,0.7432,0.7409,0.7330,0.7233,0.7134,0.7107,0.7053
2355.0000,0.7405,0.7401,0.7313,0.7219,0.7128,0.7090,0.7060
2360.0000,0.7409,0.7375,0.7305,0.7203,0.7122,0.7078,0.7056
2365.0000,0.7388,0.7366,0.7286,0.7195,0.7106,0.7080,0.7031
2370.0000,0.7361,0.7359,0.7268,0.7184,0.7098,0.7068,0.7030
2375.0000,0.7365,0.7332,0.7261,0.7168,0.7095,0.7053,0.7029
2380.0000,0.7345,0.7323,0.7242,0.7162,0.7080,0.7055,0.7003
2385.0000,0.7321,0.7314,0.7226,0.7152,0.7073,0.7043,0.7004
2390.0000,0.7322,0.7290,0.7219,0.7138,0.7068,0.7030,0.7000
2395.0000,0.7304,0.7280,0.7202,0.7133,0.7053,0.7035,0.6965
2400.0000,0.7281,0.7269,0.7189,0.7122,0.7050,0.7015,0.6976
2405.0000,0.7280,0.7246,0.7183,0.7109,0.7045,0.7001,0.6972
2410.0000,0.7262,0.7237,0.7168,0.7105,0.7029,0.7005,0.6939
2415.0000,0.7241,0.7228,0.7155,0.7096,0.7023,0.6989,0.6943
2420.0000,0.7240,0.7206,0.7151,0.7084,0.7021,0.6971,0.6945
2425.0000,0.7223,0.7198,0.7137,0.7080,0.7004,0.6974,0.6913
2430.0000,0.7203,0.7191,0.7125,0.7072,0.6996,0.6960,0.6916
2435.0000,0.7171,0.7189,0.7111,0.7066,0.6987,0.6948,0.6912
2440.0000,0.7186,0.7166,0.7106,0.7058,0.6971,0.6953,0.6869
2445.0000,0.7168,0.7158,0.7097,0.7048,0.6967,0.6931,0.6888
2450.0000,0.7145,0.7153,0.7087,0.7040,0.6958,0.6919,0.6886
2455.0000,0.7154,0.7132,0.7085,0.7027,0.6952,0.6906,0.6881
2460.0000,0.7139,0.7126,0.7073,0.7022,0.6936,0.6908,0.6854
2465.0000,0.7117,0.7121,0.7064,0.7011,0.6930,0.6891,0.6860
2470.0000,0.7124,0.7101,0.7063,0.6998,0.6924,0.6879,0.6855
2475.0000,0.7109,0.7098,0.7050,0.6992,0.6908,0.6880,0.6830
2480.0000,0.7087,0.7096,0.7039,0.6983,0.6901,0.6865,0.6835
2485.0000,0.7096,0.7077,0.7037,0.6969,0.6896,0.6853,0.6831
2490.0000,0.7082,0.7073,0.7024,0.6963,0.6880,0.6855,0.6807
2495.0000,0.7061,0.7072,0.7012,0.6955,0.6872,0.6844,0.6807
2500.0000,0.7071,0.7052,0.7010,0.6940,0.6869,0.6829,0.6808
2505.0000,0.7057,0.7048,0.6997,0.6934,0.6855,0.6831,0.6784
2510.0000,0.7040,0.7043,0.6985,0.6925,0.6848,0.6819,0.6786
2515.0000,0.7045,0.7026,0.6981,0.6912,0.6843,0.6808,0.6783
2520.0000,0.7032,0.7021,0.6967,0.6907,0.6828,0.6814,0.6750
2525.0000,0.7015,0.7016,0.6957,0.6896,0.6824,0.6796,0.6763
2530.0000,0.7019,0.6998,0.6953,0.6884,0.6821,0.6784,0.6761
2535.0000,0.7006,0.6992,0.6939,0.6880,0.6806,0.6790,0.6730
2540.0000,0.6989,0.6988,0.6927,0.6871,0.6800,0.6777,0.6734
2545.0000,0.6992,0.6969,0.6924,0.6858,0.6799,0.6761,0.6737
2550.0000,0.6979,0.6964,0.6910,0.6854,0.6784,0.6765,0.6706
2555.0000,0.6963,0.6957,0.6900,0.6846,0.6779,0.6753,0.6710
2560.0000,0.6936,0.6957,0.6886,0.6839,0.6771,0.6742,0.6707
2565.0000,0.6951,0.6935,0.6882,0.6832,0.6759,0.6748,0.6664
2570.0000,0.6936,0.6929,0.6873,0.6822,0.6757,0.6727,0.6683
2575.0000,0.6915,0.6925,0.6862,0.6815,0.6751,0.6714,0.6681
2580.0000,0.6924,0.6905,0.6860,0.6804,0.6746,0.6701,0.6676
2585.0000,0.6909,0.6901,0.6847,0.6801,0.6732,0.6702,0.6650
2590.0000,0.6888,0.6897,0.6838,0.6793,0.6727,0.6686,0.6655
2595.0000,0.6897,0.6877,0.6836,0.6782,0.6721,0.6674,0.6649
2600.0000,0.6883,0.6873,0.6824,0.6779,0.6706,0.6675,0.6623
2605.0000,0.6861,0.6872,0.6813,0.6773,0.6697,0.6662,0.6622
2610.0000,0.6871,0.6852,0.6813,0.6760,0.6694,0.6645,0.6622
2615.0000,0.6857,0.6848,0.6802,0.6756,0.6679,0.6645,0.6598
2620.0000,0.6836,0.6846,0.6791,0.6748,0.6670,0.6633,0.6598
2625.0000,0.6846,0.6827,0.6791,0.6736,0.6665,0.6619,0.6597
2630.0000,0.6833,0.6824,0.6780,0.6731,0.6649,0.6620,0.6573
2635.0000,0.6817,0.6820,0.6771,0.6722,0.6641,0.6609,0.6572
2640.0000,0.6822,0.6805,0.6769,0.6710,0.6635,0.6597,0.6568
2645.0000,0.6810,0.6801,0.6757,0.6705,0.6618,0.6602,0.6534
2650.0000,0.6795,0.6797,0.6749,0.6693,0.6615,0.6583,0.6546
2655.0000,0.6799,0.6781,0.6747,0.6680,0.6610,0.6569,0.6543
2660.0000,0.6788,0.6778,0.6734,0.6675,0.6595,0.6573,0.6512
2665.0000,0.6772,0.6775,0.6724,0.6665,0.6589,0.6559,0.6515
2670.0000,0.6777,0.6759,0.6721,0.6652,0.6586,0.6542,0.6517
2675.0000,0.6766,0.6755,0.6708,0.6646,0.6571,0.6545,0.6487
2680.0000,0.6752,0.6750,0.6697,0.6638,0.6564,0.6532,0.6489
2685.0000,0.6727,0.6750,0.6684,0.6630,0.6556,0.6521,0.6486
2690.0000,0.6743,0.6730,0.6678,0.6622,0.6542,0.6525,0.6444
2695.0000,0.6728,0.6724,0.6669,0.6612,0.6539,0.6504,0.6463
2700.0000,0.6708,0.6721,0.6656,0.6604,0.6531,0.6492,0.6462
2705.0000,0.6718,0.6701,0.6653,0.6592,0.6525,0.6479,0.6457
2710.0000,0.6703,0.6697,0.6640,0.6588,0.6509,0.6481,0.6432
2715.0000,0.6684,0.6692,0.6629,0.6579,0.6503,0.6466,0.6437
2720.0000,0.6693,0.6672,0.6627,0.6567,0.6497,0.6454,0.6433
2725.0000,0.6679,0.6667,0.6615,0.6562,0.6482,0.6456,0.6410
2730.0000,0.6659,0.6663,0.6604,0.6553,0.6474,0.6445,0.6409
2735.0000,0.6666,0.6644,0.6603,0.6540,0.6470,0.6431,0.6409
2740.0000,0.6651,0.6639,0.6591,0.6534,0.6456,0.6432,0.6385
2745.0000,0.6633,0.6636,0.6580,0.6526,0.6449,0.6421,0.6387
2750.0000,0.6638,0.6618,0.6577,0.6512,0.6446,0.6406,0.6388
2755.0000,0.6626,0.6613,0.6565,0.6507,0.6432,0.6408,0.6367
2760.0000,0.6609,0.6608,0.6555,0.6498,0.6426,0.6397,0.6370
2765.0000,0.6612,0.6592,0.6551,0.6486,0.6421,0.6387,0.6367
2770.0000,0.6600,0.6588,0.6538,0.6481,0.6406,0.6393,0.6339
2775.0000,0.6582,0.6583,0.6528,0.6472,0.6402,0.6378,0.6350
2780.0000,0.6586,0.6567,0.6524,0.6460,0.6398,0.6369,0.6348
2785.0000,0.6574,0.6562,0.6510,0.6456,0.6384,0.6375,0.6319
2790.0000,0.6557,0.6558,0.6500,0.6448,0.6379,0.6364,0.6324
2795.0000,0.6561,0.6540,0.6497,0.6435,0.6379,0.6349,0.6329
2800.0000,0.6549,0.6535,0.6485,0.6431,0.6366,0.6354,0.6301
2805.0000,0.6535,0.6528,0.6475,0.6422,0.6363,0.6342,0.6308
2810.0000,0.6511,0.6526,0.6463,0.6416,0.6357,0.6333,0.6307
2815.0000,0.6524,0.6507,0.6459,0.6409,0.6346,0.6340,0.6271
2820.0000,0.6509,0.6501,0.6450,0.6400,0.6344,0.6323,0.6288
2825.0000,0.6487,0.6498,0.6438,0.6394,0.6339,0.6314,0.6287
2830.0000,0.6497,0.6480,0.6436,0.6385,0.6336,0.6303,0.6284
2835.0000,0.6482,0.6477,0.6423,0.6382,0.6324,0.6307,0.6261
2840.0000,0.6462,0.6473,0.6414,0.6375,0.6321,0.6292,0.6270
2845.0000,0.6472,0.6454,0.6412,0.6366,0.6317,0.6282,0.6268
2850.0000,0.6459,0.6450,0.6401,0.6364,0.6305,0.6285,0.6248
2855.0000,0.6440,0.6447,0.6392,0.6358,0.6298,0.6277,0.6250
2860.0000,0.6448,0.6428,0.6392,0.6348,0.6296,0.6265,0.6251
2865.0000,0.6435,0.6424,0.6382,0.6345,0.6284,0.6269,0.6231
2870.0000,0.6419,0.6421,0.6374,0.6339,0.6278,0.6261,0.6234
2875.0000,0.6423,0.6405,0.6373,0.6329,0.6275,0.6252,0.6234
2880.0000,0.6411,0.6403,0.6363,0.6326,0.6262,0.6260,0.6206
2885.0000,0.6396,0.6400,0.6356,0.6318,0.6260,0.6245,0.6220
2890.0000,0.6401,0.6385,0.6355,0.6308,0.6259,0.6236,0.6221
2895.0000,0.6390,0.6382,0.6345,0.6305,0.6247,0.6243,0.6195
2900.0000,0.6377,0.6379,0.6339,0.6297,0.6246,0.6230,0.6209
2905.0000,0.6381,0.6365,0.6337,0.6287,0.6244,0.6222,0.6212
2910.0000,0.6371,0.6362,0.6327,0.6285,0.6233,0.6230,0.6188
2915.0000,0.6357,0.6361,0.6318,0.6279,0.6229,0.6222,0.6197
2920.0000,0.6362,0.6347,0.6316,0.6270,0.6229,0.6213,0.6201
2925.0000,0.6351,0.6345,0.6305,0.6268,0.6218,0.6222,0.6177
2930.0000,0.6339,0.6342,0.6296,0.6263,0.6215,0.6215,0.6185
2935.0000,0.6316,0.6343,0.6286,0.6259,0.6212,0.6209,0.6188
2940.0000,0.6334,0.6325,0.6284,0.6253,0.6204,0.6219,0.6154
2945.0000,0.6323,0.6319,0.6279,0.6246,0.6207,0.6204,0.6176
2950.0000,0.6307,0.6316,0.6272,0.6240,0.6206,0.6197,0.6180
2955.0000,0.6316,0.6301,0.6272,0.6232,0.6206,0.6190,0.6180
2960.0000,0.6303,0.6299,0.6262,0.6232,0.6198,0.6196,0.6161
2965.0000,0.6285,0.6299,0.6254,0.6228,0.6197,0.6187,0.6169
2970.0000,0.6295,0.6283,0.6254,0.6221,0.6198,0.6180,0.6169
2975.0000,0.6284,0.6282,0.6244,0.6222,0.6189,0.6186,0.6150
2980.0000,0.6267,0.6282,0.6236,0.6219,0.6186,0.6179,0.6154
2985.0000,0.6278,0.6266,0.6237,0.6212,0.6188,0.6170,0.6157
2990.0000,0.6268,0.6264,0.6229,0.6213,0.6179,0.6175,0.6138
2995.0000,0.6254,0.6262,0.6223,0.6210,0.6177,0.6167,0.6142
3000.0000,0.6261,0.6249,0.6225,0.6204,0.6177,0.6159,0.6141
3005.0000,0.6252,0.6247,0.6217,0.6205,0.6167,0.6167,0.6114
3010.0000,0.6240,0.6244,0.6214,0.6200,0.6168,0.6153,0.6127
3015.0000,0.6246,0.6232,0.6216,0.6194,0.6167,0.6144,0.6127
3020.0000,0.6237,0.6232,0.6209,0.6195,0.6157,0.6150,0.6101
3025.0000,0.6224,0.6232,0.6205,0.6191,0.6156,0.6137,0.6112
3030.0000,0.6231,0.6221,0.6206,0.6185,0.6154,0.6129,0.6111
3035.0000,0.6223,0.6222,0.6199,0.6186,0.6143,0.6135,0.6085
3040.0000,0.6211,0.6224,0.6194,0.6183,0.6139,0.6125,0.6090
3045.0000,0.6219,0.6212,0.6196,0.6175,0.6139,0.6113,0.6094
3050.0000,0.6213,0.6211,0.6190,0.6175,0.6128,0.6118,0.6068
3055.0000,0.6205,0.6210,0.6187,0.6170,0.6125,0.6107,0.6074
3060.0000,0.6185,0.6215,0.6180,0.6167,0.6119,0.6099,0.6074
3065.0000,0.6203,0.6202,0.6181,0.6163,0.6109,0.6106,0.6039
3070.0000,0.6195,0.6201,0.6178,0.6157,0.6108,0.6089,0.6058
3075.0000,0.6182,0.6202,0.6173,0.6152,0.6103,0.6080,0.6059
3080.0000,0.6195,0.6190,0.6175,0.6144,0.6101,0.6072,0.6057
3085.0000,0.6185,0.6192,0.6166,0.6143,0.6089,0.6076,0.6036
3090.0000,0.6173,0.6193,0.6161,0.6137,0.6086,0.6064,0.6043
3095.0000,0.6186,0.6180,0.6163,0.6128,0.6083,0.6056,0.6041
3100.0000,0.6178,0.6181,0.6155,0.6126,0.6071,0.6060,0.6021
3105.0000,0.6163,0.6183,0.6147,0.6121,0.6066,0.6052,0.6023
3110.0000,0.6176,0.6169,0.6149,0.6111,0.6066,0.6041,0.6026
3115.0000,0.6168,0.6169,0.6141,0.6108,0.6055,0.6045,0.6006
3120.0000,0.6158,0.6168,0.6135,0.6102,0.6052,0.6036,0.6009
3125.0000,0.6165,0.6156,0.6135,0.6093,0.6050,0.6027,0.6008
3130.0000,0.6157,0.6155,0.6125,0.6091,0.6038,0.6033,0.5982
3135.0000,0.6146,0.6154,0.6119,0.6084,0.6038,0.6019,0.5994
3140.0000,0.6152,0.6142,0.6118,0.6076,0.6036,0.6010,0.5994
3145.0000,0.6144,0.6141,0.6108,0.6074,0.6024,0.6016,0.5968
3150.0000,0.6132,0.6140,0.6101,0.6068,0.6022,0.6004,0.5979
3155.0000,0.6138,0.6127,0.6100,0.6060,0.6020,0.5995,0.5978
3160.0000,0.6130,0.6125,0.6090,0.6059,0.6008,0.6002,0.5952
3165.0000,0.6117,0.6124,0.6083,0.6054,0.6005,0.5991,0.5958
3170.0000,0.6123,0.6110,0.6083,0.6045,0.6005,0.5979,0.5963
3175.0000,0.6114,0.6108,0.6074,0.6044,0.5993,0.5984,0.5939
3180.0000,0.6104,0.6105,0.6067,0.6038,0.5990,0.5974,0.5946
3185.0000,0.6082,0.6106,0.6059,0.6034,0.5985,0.5968,0.5947
3190.0000,0.6098,0.6090,0.6057,0.6030,0.5975,0.5975,0.5914
3195.0000,0.6088,0.6087,0.6052,0.6023,0.5974,0.5960,0.5932
3200.0000,0.6072,0.6086,0.6045,0.6018,0.5970,0.5953,0.5934
3205.0000,0.6082,0.6071,0.6046,0.6009,0.5968,0.5945,0.5934
3210.0000,0.6071,0.6071,0.6036,0.6008,0.5957,0.5951,0.5915
3215.0000,0.6055,0.6070,0.6030,0.6002,0.5955,0.5941,0.5923
3220.0000,0.6066,0.6056,0.6030,0.5993,0.5953,0.5933,0.5924
3225.0000,0.6057,0.6054,0.6022,0.5991,0.5943,0.5939,0.5907
3230.0000,0.6041,0.6054,0.6014,0.5986,0.5940,0.5932,0.5912
3235.0000,0.6051,0.6039,0.6015,0.5977,0.5940,0.5924,0.5916
3240.0000,0.6042,0.6038,0.6007,0.5975,0.5931,0.5929,0.5900
3245.0000,0.6029,0.6037,0.6000,0.5971,0.5928,0.5923,0.5907
3250.0000,0.6035,0.6024,0.5999,0.5963,0.5928,0.5918,0.5909
3255.0000,0.6027,0.6023,0.5990,0.5962,0.5918,0.5927,0.5887
3260.0000,0.6014,0.6021,0.5984,0.5956,0.5919,0.5917,0.5903
3265.0000,0.6020,0.6008,0.5984,0.5948,0.5919,0.5912,0.5907
3270.0000,0.6012,0.6007,0.5975,0.5948,0.5910,0.5923,0.5886
3275.0000,0.5999,0.6006,0.5968,0.5944,0.5910,0.5917,0.5896
3280.0000,0.6005,0.5993,0.5968,0.5936,0.5913,0.5910,0.5903
3285.0000,0.5997,0.5990,0.5960,0.5935,0.5905,0.5920,0.5882
3290.0000,0.5984,0.5989,0.5954,0.5932,0.5906,0.5914,0.5894
3295.0000,0.5990,0.5977,0.5954,0.5925,0.5910,0.5907,0.5903
3300.0000,0.5981,0.5975,0.5946,0.5926,0.5902,0.5918,0.5882
3305.0000,0.5970,0.5973,0.5940,0.5923,0.5904,0.5912,0.5894
3310.0000,0.5950,0.5976,0.5932,0.5922,0.5904,0.5909,0.5900
3315.0000,0.5967,0.5961,0.5932,0.5921,0.5898,0.5921,0.5873
3320.0000,0.5957,0.5959,0.5928,0.5917,0.5902,0.5912,0.5895
3325.0000,0.5942,0.5959,0.5922,0.5916,0.5902,0.5909,0.5902
3330.0000,0.5953,0.5945,0.5925,0.5912,0.5905,0.5906,0.5905
3335.0000,0.5943,0.5946,0.5917,0.5915,0.5899,0.5916,0.5890
3340.0000,0.5929,0.5946,0.5913,0.5914,0.5901,0.5911,0.5900
3345.0000,0.5941,0.5933,0.5917,0.5909,0.5905,0.5908,0.5904
3350.0000,0.5933,0.5933,0.5912,0.5912,0.5900,0.5917,0.5888
3355.0000,0.5918,0.5936,0.5908,0.5912,0.5902,0.5913,0.5897
3360.0000,0.5930,0.5923,0.5913,0.5907,0.5907,0.5907,0.5902
3365.0000,0.5923,0.5924,0.5908,0.5910,0.5902,0.5914,0.5887
3370.0000,0.5913,0.5924,0.5906,0.5909,0.5904,0.5910,0.5895
3375.0000,0.5921,0.5916,0.5909,0.5907,0.5908,0.5906,0.5898
3380.0000,0.5914,0.5918,0.5904,0.5911,0.5901,0.5916,0.5876
3385.0000,0.5905,0.5920,0.5902,0.5910,0.5905,0.5906,0.5892
3390.0000,0.5914,0.5912,0.5906,0.5908,0.5907,0.5902,0.5896
3395.0000,0.5910,0.5914,0.5902,0.5912,0.5900,0.5911,0.5875
3400.0000,0.5901,0.5917,0.5899,0.5913,0.5901,0.5906,0.5884
3405.0000,0.5911,0.5908,0.5905,0.5910,0.5904,0.5898,0.5891
3410.0000,0.5907,0.5910,0.5902,0.5913,0.5897,0.5908,0.5870
3415.0000,0.5900,0.5912,0.5901,0.5913,0.5897,0.5902,0.5881
3420.0000,0.5883,0.5919,0.5899,0.5914,0.5897,0.5897,0.5886
3425.0000,0.5904,0.5908,0.5903,0.5913,0.5893,0.5905,0.5865
3430.0000,0.5899,0.5910,0.5904,0.5912,0.5894,0.5898,0.5875
3435.0000,0.5881,0.5918,0.5900,0.5912,0.5893,0.5894,0.5879
3440.0000,0.5902,0.5908,0.5904,0.5911,0.5887,0.5905,0.5849
3445.0000,0.5898,0.5910,0.5905,0.5908,0.5891,0.5892,0.5871
3450.0000,0.5888,0.5915,0.5903,0.5907,0.5891,0.5887,0.5876
3455.0000,0.5903,0.5906,0.5908,0.5903,0.5892,0.5882,0.5879
3460.0000,0.5897,0.5912,0.5903,0.5906,0.5885,0.5890,0.5865
3465.0000,0.5889,0.5916,0.5901,0.5904,0.5885,0.5883,0.5875
3470.0000,0.5904,0.5907,0.5906,0.5900,0.5886,0.5879,0.5879
3475.0000,0.5900,0.5911,0.5901,0.5902,0.5879,0.5888,0.5865
3480.0000,0.5888,0.5917,0.5897,0.5902,0.5878,0.5884,0.5874
3485.0000,0.5904,0.5907,0.5902,0.5896,0.5880,0.5880,0.5880
3490.0000,0.5900,0.5910,0.5898,0.5898,0.5873,0.5889,0.5866
3495.0000,0.5894,0.5911,0.5896,0.5896,0.5874,0.5887,0.5874
3500.0000,0.5904,0.5903,0.5900,0.5891,0.5877,0.5884,0.5880
3505.0000,0.5900,0.5906,0.5896,0.5892,0.5870,0.5896,0.5859
3510.0000,0.5892,0.5908,0.5894,0.5889,0.5875,0.5888,0.5876
3515.0000,0.5902,0.5900,0.5898,0.5884,0.5879,0.5885,0.5883
3520.0000,0.5898,0.5902,0.5893,0.5886,0.5874,0.5896,0.5864
3525.0000,0.5890,0.5906,0.5889,0.5884,0.5877,0.5892,0.5877
3530.0000,0.5899,0.5897,0.5892,0.5880,0.5882,0.5887,0.5886
3535.0000,0.5895,0.5900,0.5886,0.5883,0.5877,0.5898,0.5867
3540.0000,0.5888,0.5902,0.5883,0.5883,0.5880,0.5895,0.5880
3545.0000,0.5871,0.5909,0.5876,0.5885,0.5880,0.5894,0.5886
3550.0000,0.5892,0.5896,0.5878,0.5886,0.5876,0.5907,0.5858
3555.0000,0.5886,0.5896,0.5877,0.5885,0.5882,0.5898,0.5880
3560.0000,0.5868,0.5902,0.5872,0.5887,0.5883,0.5896,0.5887
3565.0000,0.5888,0.5890,0.5875,0.5888,0.5880,0.5909,0.5859
3570.0000,0.5882,0.5890,0.5876,0.5887,0.5886,0.5899,0.5883
3575.0000,0.5871,0.5892,0.5874,0.5888,0.5888,0.5896,0.5891
3580.0000,0.5884,0.5882,0.5879,0.5886,0.5892,0.5894,0.5895
3585.0000,0.5877,0.5886,0.5875,0.5890,0.5887,0.5904,0.5881
3590.0000,0.5867,0.5890,0.5874,0.5891,0.5890,0.5899,0.5892
3595.0000,0.5881,0.5880,0.5880,0.5889,0.5893,0.5897,0.5897
3600.0000,0.5875,0.5884,0.5877,0.5894,0.5888,0.5907,0.5883
3605.0000,0.5862,0.5890,0.5875,0.5895,0.5890,0.5904,0.5892
3610.0000,0.5878,0.5881,0.5882,0.5892,0.5895,0.5900,0.5899
3615.0000,0.5875,0.5884,0.5880,0.5896,0.5891,0.5909,0.5885
3620.0000,0.5869,0.5887,0.5881,0.5896,0.5894,0.5905,0.5897
3625.0000,0.5880,0.5880,0.5887,0.5894,0.5898,0.5902,0.5904
3630.0000,0.5876,0.5885,0.5884,0.5898,0.5892,0.5915,0.5886
3635.0000,0.5870,0.5889,0.5884,0.5898,0.5896,0.5909,0.5903
3640.0000,0.5881,0.5883,0.5889,0.5896,0.5899,0.5907,0.5911
3645.0000,0.5878,0.5887,0.5887,0.5901,0.5894,0.5921,0.5893
