150.0000,0.1428,0.1435,0.1435,0.1438,0.1431,0.1426,0.1421
155.0000,0.1432,0.1434,0.1436,0.1437,0.1430,0.1424,0.1420
160.0000,0.1431,0.1436,0.1435,0.1438,0.1427,0.1426,0.1414
165.0000,0.1430,0.1437,0.1435,0.1437,0.1426,0.1423,0.1417
170.0000,0.1434,0.1435,0.1437,0.1436,0.1426,0.1421,0.1417
175.0000,0.1434,0.1436,0.1436,0.1436,0.1423,0.1422,0.1412
180.0000,0.1432,0.1437,0.1436,0.1435,0.1422,0.1420,0.1415
185.0000,0.1435,0.1436,0.1437,0.1433,0.1422,0.1418,0.1416
190.0000,0.1435,0.1436,0.1437,0.1432,0.1420,0.1419,0.1412
195.0000,0.1434,0.1437,0.1436,0.1431,0.1419,0.1418,0.1414
200.0000,0.1430,0.1439,0.1434,0.1430,0.1418,0.1418,0.1415
205.0000,0.1435,0.1437,0.1435,0.1428,0.1415,0.1420,0.1407
210.0000,0.1434,0.1438,0.1434,0.1427,0.1416,0.1418,0.1413
215.0000,0.1429,0.1440,0.1432,0.1426,0.1415,0.1417,0.1415
220.0000,0.1435,0.1437,0.1432,0.1424,0.1414,0.1420,0.1408
225.0000,0.1434,0.1437,0.1430,0.1423,0.1415,0.1418,0.1413
230.0000,0.1432,0.1437,0.1429,0.1421,0.1415,0.1417,0.1415
235.0000,0.1435,0.1434,0.1429,0.1419,0.1415,0.1416,0.1416
240.0000,0.1433,0.1434,0.1427,0.1419,0.1414,0.1418,0.1413
245.0000,0.1429,0.1434,0.1425,0.1419,0.1415,0.1417,0.1415
250.0000,0.1432,0.1431,0.1425,0.1417,0.1416,0.1416,0.1416
255.0000,0.1430,0.1431,0.1422,0.1417,0.1414,0.1419,0.1413
260.0000,0.1427,0.1431,0.1420,0.1417,0.1415,0.1418,0.1415
265.0000,0.1429,0.1428,0.1421,0.1416,0.1416,0.1417,0.1416
270.0000,0.1427,0.1427,0.1419,0.1417,0.1415,0.1419,0.1413
275.0000,0.1424,0.1427,0.1417,0.1417,0.1415,0.1418,0.1415
280.0000,0.1426,0.1424,0.1418,0.1416,0.1417,0.1417,0.1416
285.0000,0.1424,0.1423,0.1416,0.1417,0.1415,0.1420,0.1411
290.0000,0.1422,0.1422,0.1416,0.1417,0.1416,0.1418,0.1415
295.0000,0.1423,0.1420,0.1416,0.1416,0.1417,0.1417,0.1416
300.0000,0.1421,0.1420,0.1415,0.1417,0.1416,0.1419,0.1411
305.0000,0.1418,0.1420,0.1414,0.1418,0.1416,0.1418,0.1414
310.0000,0.1419,0.1418,0.1415,0.1417,0.1417,0.1417,0.1416
315.0000,0.1418,0.1418,0.1414,0.1418,0.1415,0.1419,0.1411
320.0000,0.1416,0.1418,0.1414,0.1418,0.1416,0.1418,0.1413
325.0000,0.1412,0.1419,0.1414,0.1418,0.1416,0.1418,0.1415
330.0000,0.1417,0.1417,0.1415,0.1419,0.1415,0.1420,0.1407
335.0000,0.1415,0.1417,0.1415,0.1418,0.1416,0.1418,0.1413
340.0000,0.1412,0.1418,0.1415,0.1418,0.1416,0.1417,0.1415
345.0000,0.1415,0.1416,0.1416,0.1418,0.1415,0.1419,0.1409
350.0000,0.1414,0.1417,0.1416,0.1418,0.1416,0.1417,0.1414
355.0000,0.1412,0.1418,0.1416,0.1418,0.1416,0.1416,0.1417
360.0000,0.1415,0.1416,0.1417,0.1417,0.1416,0.1416,0.1418
365.0000,0.1414,0.1418,0.1416,0.1418,0.1414,0.1419,0.1416
370.0000,0.1412,0.1419,0.1415,0.1418,0.1414,0.1418,0.1419
375.0000,0.1416,0.1417,0.1417,0.1418,0.1415,0.1419,0.1421
380.0000,0.1415,0.1418,0.1416,0.1418,0.1414,0.1422,0.1418
385.0000,0.1412,0.1419,0.1415,0.1418,0.1414,0.1422,0.1421
390.0000,0.1416,0.1417,0.1417,0.1417,0.1416,0.1422,0.1424
395.0000,0.1415,0.1417,0.1417,0.1417,0.1415,0.1425,0.1421
400.0000,0.1414,0.1418,0.1417,0.1416,0.1417,0.1425,0.1425
405.0000,0.1416,0.1416,0.1418,0.1415,0.1419,0.1425,0.1427
410.0000,0.1415,0.1417,0.1417,0.1416,0.1419,0.1429,0.1424
415.0000,0.1414,0.1418,0.1416,0.1416,0.1420,0.1429,0.1428
420.0000,0.1416,0.1417,0.1417,0.1416,0.1422,0.1429,0.1430
425.0000,0.1416,0.1418,0.1415,0.1417,0.1422,0.1433,0.1425
430.0000,0.1413,0.1419,0.1414,0.1418,0.1424,0.1432,0.1429
435.0000,0.1416,0.1417,0.1415,0.1418,0.1426,0.1432,0.1432
440.0000,0.1416,0.1418,0.1414,0.1420,0.1426,0.1435,0.1428
445.0000,0.1415,0.1418,0.1414,0.1421,0.1428,0.1435,0.1431
450.0000,0.1411,0.1419,0.1413,0.1422,0.1429,0.1435,0.1432
455.0000,0.1416,0.1417,0.1414,0.1423,0.1429,0.1438,0.1425
460.0000,0.1414,0.1417,0.1415,0.1424,0.1431,0.1436,0.1430
465.0000,0.1412,0.1418,0.1415,0.1426,0.1432,0.1435,0.1432
470.0000,0.1415,0.1416,0.1417,0.1427,0.1432,0.1438,0.1424
475.0000,0.1414,0.1417,0.1417,0.1428,0.1434,0.1435,0.1429
480.0000,0.1412,0.1418,0.1418,0.1429,0.1434,0.1434,0.1430
485.0000,0.1416,0.1417,0.1420,0.1430,0.1435,0.1433,0.1430
490.0000,0.1414,0.1419,0.1420,0.1432,0.1434,0.1434,0.1426
495.0000,0.1413,0.1420,0.1421,0.1433,0.1434,0.1432,0.1428
500.0000,0.1417,0.1419,0.1424,0.1433,0.1435,0.1430,0.1428
505.0000,0.1417,0.1420,0.1424,0.1435,0.1433,0.1431,0.1423
510.0000,0.1415,0.1423,0.1425,0.1436,0.1433,0.1429,0.1425
515.0000,0.1419,0.1421,0.1428,0.1435,0.1433,0.1427,0.1426
520.0000,0.1419,0.1423,0.1428,0.1436,0.1431,0.1428,0.1422
525.0000,0.1418,0.1426,0.1429,0.1437,0.1430,0.1427,0.1423
530.0000,0.1422,0.1425,0.1431,0.1436,0.1429,0.1426,0.1424
535.0000,0.1422,0.1428,0.1431,0.1437,0.1427,0.1428,0.1418
540.0000,0.1422,0.1429,0.1432,0.1436,0.1426,0.1426,0.1421
545.0000,0.1426,0.1428,0.1434,0.1434,0.1426,0.1424,0.1422
550.0000,0.1426,0.1430,0.1434,0.1434,0.1424,0.1427,0.1417
555.0000,0.1425,0.1432,0.1434,0.1433,0.1424,0.1425,0.1419
560.0000,0.1429,0.1431,0.1436,0.1431,0.1424,0.1423,0.1422
565.0000,0.1429,0.1433,0.1435,0.1431,0.1423,0.1425,0.1417
570.0000,0.1429,0.1434,0.1434,0.1430,0.1423,0.1424,0.1420
575.0000,0.1426,0.1437,0.1433,0.1429,0.1422,0.1423,0.1422
580.0000,0.1431,0.1435,0.1433,0.1429,0.1421,0.1426,0.1415
585.0000,0.1431,0.1435,0.1432,0.1427,0.1421,0.1424,0.1421
590.0000,0.1429,0.1437,0.1431,0.1427,0.1421,0.1424,0.1422
595.0000,0.1433,0.1434,0.1431,0.1425,0.1422,0.1423,0.1423
600.0000,0.1431,0.1435,0.1429,0.1426,0.1420,0.1426,0.1419
605.0000,0.1429,0.1436,0.1428,0.1425,0.1421,0.1425,0.1422
610.0000,0.1433,0.1433,0.1429,0.1423,0.1422,0.1424,0.1423
615.0000,0.1431,0.1433,0.1427,0.1424,0.1421,0.1426,0.1420
620.0000,0.1429,0.1433,0.1426,0.1423,0.1422,0.1425,0.1423
625.0000,0.1431,0.1430,0.1426,0.1422,0.1423,0.1424,0.1424
630.0000,0.1430,0.1430,0.1425,0.1423,0.1423,0.1426,0.1420
635.0000,0.1426,0.1431,0.1423,0.1423,0.1423,0.1425,0.1422
640.0000,0.1429,0.1428,0.1424,0.1422,0.1424,0.1424,0.1424
645.0000,0.1427,0.1428,0.1422,0.1424,0.1423,0.1426,0.1420
650.0000,0.1425,0.1428,0.1421,0.1424,0.1424,0.1425,0.1423
655.0000,0.1427,0.1426,0.1422,0.1424,0.1424,0.1424,0.1424
660.0000,0.1425,0.1426,0.1421,0.1425,0.1423,0.1427,0.1419
665.0000,0.1423,0.1426,0.1421,0.1425,0.1423,0.1426,0.1422
670.0000,0.1425,0.1424,0.1422,0.1424,0.1424,0.1425,0.1423
675.0000,0.1424,0.1424,0.1421,0.1425,0.1422,0.1428,0.1418
680.0000,0.1422,0.1424,0.1421,0.1425,0.1423,0.1426,0.1421
685.0000,0.1424,0.1422,0.1423,0.1424,0.1424,0.1424,0.1424
690.0000,0.1422,0.1423,0.1422,0.1425,0.1423,0.1427,0.1419
695.0000,0.1421,0.1424,0.1422,0.1425,0.1423,0.1426,0.1422
700.0000,0.1416,0.1426,0.1422,0.1426,0.1423,0.1425,0.1424
705.0000,0.1422,0.1423,0.1423,0.1426,0.1422,0.1428,0.1417
710.0000,0.1421,0.1424,0.1423,0.1426,0.1423,0.1426,0.1422
715.0000,0.1418,0.1425,0.1423,0.1426,0.1423,0.1426,0.1424
720.0000,0.1422,0.1423,0.1424,0.1425,0.1424,0.1425,0.1426
725.0000,0.1421,0.1425,0.1423,0.1426,0.1423,0.1428,0.1423
730.0000,0.1419,0.1426,0.1423,0.1426,0.1424,0.1427,0.1426
735.0000,0.1423,0.1424,0.1424,0.1425,0.1424,0.1426,0.1427
740.0000,0.1422,0.1425,0.1423,0.1425,0.1423,0.1429,0.1424
745.0000,0.1420,0.1426,0.1423,0.1425,0.1424,0.1428,0.1427
750.0000,0.1423,0.1424,0.1425,0.1424,0.1425,0.1427,0.1428
755.0000,0.1423,0.1425,0.1424,0.1425,0.1425,0.1430,0.1426
760.0000,0.1420,0.1426,0.1423,0.1425,0.1425,0.1430,0.1428
765.0000,0.1423,0.1424,0.1424,0.1425,0.1427,0.1429,0.1430
770.0000,0.1422,0.1425,0.1423,0.1426,0.1426,0.1432,0.1427
775.0000,0.1421,0.1426,0.1423,0.1426,0.1426,0.1431,0.1430
780.0000,0.1424,0.1424,0.1424,0.1425,0.1428,0.1431,0.1431
785.0000,0.1423,0.1426,0.1423,0.1427,0.1426,0.1434,0.1426
790.0000,0.1422,0.1426,0.1423,0.1427,0.1428,0.1433,0.1430
795.0000,0.1424,0.1424,0.1424,0.1426,0.1430,0.1432,0.1432
800.0000,0.1424,0.1425,0.1424,0.1427,0.1429,0.1435,0.1428
805.0000,0.1421,0.1426,0.1423,0.1428,0.1430,0.1434,0.1432
810.0000,0.1424,0.1424,0.1425,0.1427,0.1431,0.1434,0.1434
815.0000,0.1423,0.1425,0.1424,0.1429,0.1430,0.1437,0.1430
820.0000,0.1422,0.1426,0.1424,0.1429,0.1431,0.1436,0.1433
825.0000,0.1418,0.1428,0.1423,0.1430,0.1432,0.1436,0.1434
830.0000,0.1424,0.1425,0.1425,0.1431,0.1431,0.1440,0.1427
835.0000,0.1423,0.1426,0.1425,0.1431,0.1433,0.1437,0.1433
840.0000,0.1420,0.1427,0.1425,0.1432,0.1434,0.1436,0.1435
845.0000,0.1424,0.1425,0.1427,0.1431,0.1435,0.1436,0.1436
850.0000,0.1423,0.1427,0.1426,0.1433,0.1434,0.1438,0.1433
855.0000,0.1421,0.1428,0.1427,0.1433,0.1435,0.1437,0.1436
860.0000,0.1425,0.1426,0.1429,0.1433,0.1436,0.1436,0.1437
865.0000,0.1425,0.1427,0.1428,0.1434,0.1435,0.1439,0.1434
870.0000,0.1422,0.1429,0.1428,0.1435,0.1435,0.1438,0.1436
875.0000,0.1426,0.1428,0.1430,0.1435,0.1436,0.1437,0.1437
880.0000,0.1425,0.1429,0.1430,0.1436,0.1435,0.1440,0.1434
885.0000,0.1423,0.1431,0.1430,0.1436,0.1435,0.1439,0.1437
890.0000,0.1427,0.1429,0.1432,0.1436,0.1437,0.1438,0.1438
895.0000,0.1427,0.1430,0.1432,0.1437,0.1436,0.1441,0.1435
900.0000,0.1426,0.1432,0.1432,0.1437,0.1436,0.1440,0.1438
905.0000,0.1429,0.1430,0.1434,0.1436,0.1437,0.1439,0.1440
910.0000,0.1429,0.1432,0.1433,0.1437,0.1436,0.1442,0.1435
915.0000,0.1428,0.1433,0.1434,0.1437,0.1437,0.1441,0.1439
920.0000,0.1431,0.1432,0.1435,0.1437,0.1438,0.1441,0.1441
925.0000,0.1430,0.1433,0.1434,0.1438,0.1437,0.1444,0.1437
930.0000,0.1428,0.1435,0.1434,0.1438,0.1438,0.1443,0.1441
935.0000,0.1432,0.1432,0.1439,0.1432,0.1451,0.1419,0.1499
940.0000,0.1433,0.1433,0.1438,0.1434,0.1449,0.1421,0.1540
945.0000,0.1433,0.1433,0.1440,0.1433,0.1452,0.1412,0.1655
950.0000,0.1428,0.1438,0.1435,0.1439,0.1441,0.1434,0.1776
955.0000,0.1432,0.1439,0.1431,0.1447,0.1425,0.1478,0.1939
960.0000,0.1425,0.1451,0.1413,0.1471,0.1375,0.1613,0.1955
965.0000,0.1415,0.1459,0.1405,0.1481,0.1349,0.1741,0.2028
970.0000,0.1432,0.1448,0.1414,0.1474,0.1353,0.1863,0.2127
975.0000,0.1429,0.1446,0.1423,0.1462,0.1373,0.2001,0.2207
980.0000,0.1437,0.1431,0.1446,0.1432,0.1437,0.2112,0.2334
985.0000,0.1441,0.1416,0.1474,0.1391,0.1538,0.2199,0.2505
990.0000,0.1449,0.1405,0.1493,0.1363,0.1637,0.2326,0.2629
995.0000,0.1469,0.1389,0.1514,0.1332,0.1774,0.2413,0.2859
1000.0000,0.1444,0.1406,0.1501,0.1334,0.1889,0.2557,0.3031
1005.0000,0.1445,0.1415,0.1486,0.1349,0.2016,0.2701,0.3233
1010.0000,0.1436,0.1435,0.1456,0.1386,0.2147,0.2850,0.3489
1015.0000,0.1434,0.1457,0.1410,0.1456,0.2253,0.3063,0.3690
1020.0000,0.1415,0.1488,0.1361,0.1542,0.2372,0.3276,0.3937
1025.0000,0.1393,0.1512,0.1319,0.1640,0.2501,0.3501,0.4217
1030.0000,0.1431,0.1492,0.1311,0.1735,0.2649,0.3737,0.4532
1035.0000,0.1417,0.1495,0.1300,0.1851,0.2793,0.4017,0.4841
1040.0000,0.1424,0.1474,0.1319,0.1968,0.2949,0.4339,0.5098
1045.0000,0.1443,0.1432,0.1379,0.2068,0.3158,0.4626,0.5449
1050.0000,0.1457,0.1394,0.1456,0.2175,0.3377,0.4956,0.5760
1055.0000,0.1496,0.1344,0.1565,0.2271,0.3647,0.5253,0.6182
1060.0000,0.1449,0.1368,0.1642,0.2405,0.3898,0.5625,0.6500
1065.0000,0.1447,0.1390,0.1737,0.2544,0.4181,0.5995,0.6823
1070.0000,0.1421,0.1457,0.1821,0.2698,0.4499,0.6333,0.7253
1075.0000,0.1396,0.1550,0.1899,0.2877,0.4828,0.6686,0.7682
1080.0000,0.1461,0.1622,0.1991,0.3077,0.5157,0.7083,0.8059
1085.0000,0.1510,0.1713,0.2082,0.3305,0.5490,0.7506,0.8364
1090.0000,0.1614,0.1773,0.2212,0.3526,0.5876,0.7867,0.8776
1095.0000,0.1685,0.1856,0.2346,0.3772,0.6270,0.8232,0.9181
1100.0000,0.1752,0.1958,0.2481,0.4050,0.6651,0.8627,0.9544
1105.0000,0.1840,0.2065,0.2630,0.4351,0.7032,0.9038,0.9836
1110.0000,0.1937,0.2174,0.2807,0.4657,0.7445,0.9393,1.0183
1115.0000,0.2033,0.2304,0.2989,0.4992,0.7840,0.9771,1.0462
1120.0000,0.2110,0.2461,0.3187,0.5338,0.8255,1.0092,1.0812
1160.0000,0.3482,0.4084,0.5527,0.8466,1.1163,1.2073,1.2256
1165.0000,0.3736,0.4363,0.5891,0.8873,1.1432,1.2211,1.2309
1170.0000,0.4004,0.4654,0.6273,0.9266,1.1683,1.2305,1.2361
1175.0000,0.4291,0.4956,0.6666,0.9654,1.1891,1.2401,1.2334
1180.0000,0.4523,0.5320,0.7046,1.0033,1.2079,1.2442,1.2350
1185.0000,0.4858,0.5651,0.7456,1.0383,1.2243,1.2460,1.2320
1190.0000,0.5197,0.5995,0.7866,1.0720,1.2364,1.2479,1.2214
1195.0000,0.5547,0.6344,0.8286,1.1023,1.2477,1.2436,1.2157
1200.0000,0.5799,0.6764,0.8671,1.1317,1.2549,1.2375,1.2072
1205.0000,0.6206,0.7131,0.9074,1.1579,1.2584,1.2324,1.1894
1210.0000,0.6608,0.7494,0.9482,1.1797,1.2623,1.2192,1.1833
1215.0000,0.7005,0.7865,0.9869,1.1996,1.2617,1.2074,1.1692
1220.0000,0.7370,0.8254,1.0230,1.2172,1.2580,1.1944,1.1532
1225.0000,0.7684,0.8690,1.0540,1.2338,1.2498,1.1822,1.1331
1230.0000,0.8100,0.9055,1.0869,1.2446,1.2429,1.1634,1.1215
1235.0000,0.8496,0.9417,1.1168,1.2536,1.2318,1.1475,1.1033
1240.0000,0.8882,0.9766,1.1442,1.2597,1.2183,1.1315,1.0832
1245.0000,0.9146,1.0169,1.1653,1.2646,1.2023,1.1150,1.0634
1250.0000,0.9563,1.0468,1.1887,1.2636,1.1882,1.0939,1.0487
1255.0000,0.9926,1.0763,1.2081,1.2611,1.1706,1.0766,1.0286
1260.0000,1.0280,1.1023,1.2258,1.2552,1.1532,1.0577,1.0106
1265.0000,1.0584,1.1275,1.2398,1.2472,1.1347,1.0392,0.9915
1270.0000,1.0844,1.1530,1.2489,1.2382,1.1143,1.0228,0.9687
1275.0000,1.1107,1.1741,1.2567,1.2254,1.0967,1.0008,0.9580
1280.0000,1.1362,1.1920,1.2614,1.2117,1.0771,0.9829,0.9409
1285.0000,1.1547,1.2109,1.2605,1.1980,1.0557,0.9673,0.9211
1290.0000,1.1765,1.2226,1.2601,1.1808,1.0375,0.9477,0.9107
1295.0000,1.1946,1.2318,1.2562,1.1636,1.0172,0.9330,0.8926
1300.0000,1.2080,1.2396,1.2491,1.1460,0.9969,0.9192,0.8730
1305.0000,1.2147,1.2473,1.2384,1.1282,0.9770,0.9059,0.8508
1310.0000,1.2271,1.2467,1.2296,1.1069,0.9620,0.8864,0.8366
1315.0000,1.2335,1.2455,1.2172,1.0871,0.9447,0.8715,0.8132
1320.0000,1.2367,1.2416,1.2040,1.0658,0.9310,0.8503,0.8020
1325.0000,1.2334,1.2375,1.1881,1.0453,0.9173,0.8286,0.7932
1330.0000,1.2353,1.2282,1.1717,1.0259,0.9013,0.8111,0.7795
1335.0000,1.2300,1.2194,1.1531,1.0073,0.8859,0.7910,0.7791
1340.0000,1.2212,1.2101,1.1319,0.9915,0.8659,0.7794,0.7689
1345.0000,1.2161,1.1963,1.1114,0.9762,0.8448,0.7717,0.7573
1350.0000,1.2042,1.1835,1.0898,0.9611,0.8246,0.7639,0.7491
1355.0000,1.1868,1.1710,1.0678,0.9462,0.8047,0.7586,0.7394
1360.0000,1.1799,1.1505,1.0505,0.9284,0.7882,0.7528,0.7306
1365.0000,1.1641,1.1333,1.0318,0.9112,0.7723,0.7497,0.7174
1370.0000,1.1508,1.1120,1.0166,0.8910,0.7619,0.7419,0.7111
1375.0000,1.1362,1.0896,1.0030,0.8694,0.7555,0.7312,0.7079
1380.0000,1.1183,1.0697,0.9876,0.8497,0.7479,0.7252,0.6972
1385.0000,1.1004,1.0500,0.9723,0.8298,0.7437,0.7149,0.6940
1390.0000,1.0813,1.0319,0.9555,0.8119,0.7394,0.7056,0.6891
1395.0000,1.0657,1.0122,0.9386,0.7955,0.7349,0.6975,0.6828
1400.0000,1.0424,0.9986,0.9175,0.7827,0.7294,0.6893,0.6795
1405.0000,1.0249,0.9833,0.8963,0.7722,0.7225,0.6833,0.6736
1410.0000,1.0034,0.9716,0.8724,0.7649,0.7138,0.6786,0.6677
1415.0000,0.9818,0.9590,0.8494,0.7589,0.7050,0.6741,0.6630
1420.0000,0.9715,0.9382,0.8320,0.7516,0.6974,0.6697,0.6575
1425.0000,0.9529,0.9216,0.8135,0.7463,0.6884,0.6674,0.6492
1430.0000,0.9406,0.8987,0.8012,0.7384,0.6824,0.6622,0.6452
1435.0000,0.9241,0.8767,0.7909,0.7301,0.6778,0.6557,0.6430
1440.0000,0.9072,0.8557,0.7819,0.7221,0.6724,0.6518,0.6363
1445.0000,0.8880,0.8378,0.7733,0.7143,0.6680,0.6463,0.6336
1450.0000,0.8692,0.8222,0.7649,0.7069,0.6635,0.6413,0.6300
1455.0000,0.8518,0.8082,0.7566,0.7002,0.6583,0.6380,0.6231
1460.0000,0.8321,0.7983,0.7472,0.6942,0.6538,0.6326,0.6224
1465.0000,0.8146,0.7893,0.7378,0.6888,0.6487,0.6287,0.6190
1470.0000,0.8051,0.7776,0.7307,0.6827,0.6443,0.6247,0.6155
1475.0000,0.7943,0.7673,0.7232,0.6773,0.6394,0.6219,0.6105
1480.0000,0.7808,0.7592,0.7155,0.6721,0.6353,0.6175,0.6088
1485.0000,0.7727,0.7492,0.7094,0.6665,0.6314,0.6139,0.6058
1490.0000,0.7619,0.7417,0.7021,0.6620,0.6266,0.6117,0.6011
1495.0000,0.7532,0.7334,0.6960,0.6569,0.6230,0.6081,0.5986
1500.0000,0.7459,0.7245,0.6909,0.6515,0.6201,0.6041,0.5968
1505.0000,0.7367,0.7178,0.6847,0.6471,0.6160,0.6019,0.5926
1510.0000,0.7275,0.7116,0.6787,0.6427,0.6126,0.5987,0.5906
1515.0000,0.7215,0.7040,0.6738,0.6380,0.6097,0.5955,0.5882
1520.0000,0.7146,0.6975,0.6685,0.6340,0.6060,0.5937,0.5835
1525.0000,0.7063,0.6921,0.6631,0.6298,0.6033,0.5900,0.5831
1530.0000,0.7009,0.6855,0.6584,0.6257,0.6005,0.5872,0.5810
1535.0000,0.6939,0.6807,0.6528,0.6226,0.5968,0.5858,0.5766
1540.0000,0.6875,0.6754,0.6479,0.6190,0.5941,0.5830,0.5752
1545.0000,0.6830,0.6691,0.6440,0.6150,0.5920,0.5798,0.5743
1550.0000,0.6768,0.6644,0.6391,0.6121,0.5886,0.5786,0.5703
1555.0000,0.6713,0.6593,0.6350,0.6087,0.5862,0.5760,0.5692
1560.0000,0.6669,0.6536,0.6315,0.6051,0.5842,0.5732,0.5681
1565.0000,0.6610,0.6494,0.6271,0.6025,0.5811,0.5722,0.5643
1570.0000,0.6551,0.6454,0.6230,0.5996,0.5788,0.5700,0.5631
1575.0000,0.6497,0.6413,0.6193,0.5967,0.5766,0.5678,0.5616
1580.0000,0.6470,0.6360,0.6162,0.5939,0.5740,0.5670,0.5567
1585.0000,0.6417,0.6323,0.6127,0.5909,0.5726,0.5637,0.5579
1590.0000,0.6359,0.6290,0.6091,0.5884,0.5706,0.5615,0.5572
1595.0000,0.6336,0.6242,0.6064,0.5855,0.5690,0.5592,0.5565
1600.0000,0.6295,0.6207,0.6030,0.5833,0.5665,0.5583,0.5544
1605.0000,0.6242,0.6178,0.5997,0.5810,0.5648,0.5560,0.5557
1610.0000,0.6221,0.6134,0.5973,0.5784,0.5631,0.5542,0.5572
1615.0000,0.6178,0.6106,0.5939,0.5767,0.5604,0.5542,0.5577
1620.0000,0.6137,0.6078,0.5910,0.5747,0.5585,0.5535,0.5621
1625.0000,0.6117,0.6037,0.5887,0.5725,0.5564,0.5541,0.5664
1630.0000,0.6078,0.6013,0.5857,0.5710,0.5537,0.5567,0.5708
1635.0000,0.6036,0.5987,0.5831,0.5689,0.5522,0.5586,0.5810
1640.0000,0.6019,0.5950,0.5813,0.5665,0.5512,0.5622,0.5931
1645.0000,0.5988,0.5924,0.5788,0.5647,0.5494,0.5694,0.6054
1650.0000,0.5949,0.5903,0.5762,0.5631,0.5480,0.5793,0.6183
1655.0000,0.5934,0.5867,0.5749,0.5604,0.5490,0.5893,0.6371
1660.0000,0.5903,0.5845,0.5727,0.5585,0.5498,0.6039,0.6554
1665.0000,0.5875,0.5819,0.5712,0.5557,0.5539,0.6181,0.6835
1670.0000,0.5856,0.5792,0.5693,0.5539,0.5576,0.6394,0.7060
1675.0000,0.5827,0.5773,0.5670,0.5523,0.5637,0.6631,0.7306
1680.0000,0.5799,0.5752,0.5653,0.5501,0.5742,0.6861,0.7657
1685.0000,0.5767,0.5736,0.5631,0.5492,0.5861,0.7143,0.7978
1690.0000,0.5761,0.5707,0.5613,0.5489,0.6007,0.7463,0.8288
1695.0000,0.5737,0.5684,0.5598,0.5485,0.6213,0.7749,0.8763
1700.0000,0.5711,0.5667,0.5576,0.5504,0.6434,0.8085,0.9234
1705.0000,0.5699,0.5646,0.5550,0.5551,0.6665,0.8487,0.9681
1710.0000,0.5667,0.5641,0.5511,0.5630,0.6907,0.8954,1.0036
1715.0000,0.5633,0.5630,0.5490,0.5711,0.7220,0.9375,1.0534
1720.0000,0.5634,0.5601,0.5484,0.5813,0.7567,0.9817,1.1035
1725.0000,0.5609,0.5592,0.5472,0.5955,0.7924,1.0309,1.1498
1730.0000,0.5576,0.5590,0.5466,0.6131,0.8300,1.0840,1.1874
1735.0000,0.5585,0.5560,0.5501,0.6308,0.8753,1.1302,1.2335
1740.0000,0.5568,0.5556,0.5535,0.6534,0.9203,1.1808,1.2696
1745.0000,0.5558,0.5550,0.5603,0.6772,0.9714,1.2235,1.3157
1750.0000,0.5563,0.5553,0.5683,0.7058,1.0216,1.2698,1.3481
1790.0000,0.5890,0.6293,0.7193,1.0520,1.4054,1.4868,1.4742
1795.0000,0.6064,0.6456,0.7545,1.1038,1.4401,1.4904,1.4727
1800.0000,0.6231,0.6662,0.7922,1.1568,1.4672,1.4933,1.4603
1805.0000,0.6436,0.6877,0.8351,1.2073,1.4912,1.4874,1.4529
1810.0000,0.6587,0.7169,0.8787,1.2577,1.5081,1.4785,1.4412
1815.0000,0.6849,0.7459,0.9262,1.3055,1.5180,1.4689,1.4220
1820.0000,0.7119,0.7786,0.9761,1.3497,1.5230,1.4546,1.4032
1825.0000,0.7326,0.8193,1.0250,1.3912,1.5215,1.4383,1.3814
1830.0000,0.7706,0.8564,1.0779,1.4271,1.5149,1.4218,1.3518
1835.0000,0.8095,0.8953,1.1327,1.4558,1.5078,1.3955,1.3394
1840.0000,0.8491,0.9376,1.1857,1.4805,1.4935,1.3734,1.3154
1845.0000,0.8881,0.9832,1.2368,1.4998,1.4755,1.3508,1.2902
1850.0000,0.9236,1.0351,1.2823,1.5152,1.4528,1.3295,1.2617
1855.0000,0.9732,1.0799,1.3301,1.5212,1.4327,1.3009,1.2458
1860.0000,1.0188,1.1273,1.3723,1.5234,1.4078,1.2773,1.2230
1865.0000,1.0666,1.1730,1.4106,1.5203,1.3814,1.2549,1.1991
1870.0000,1.1014,1.2258,1.4394,1.5145,1.3531,1.2332,1.1767
1875.0000,1.1528,1.2680,1.4680,1.5013,1.3282,1.2080,1.1611
1880.0000,1.2003,1.3085,1.4899,1.4856,1.3007,1.1881,1.1405
1885.0000,1.2448,1.3458,1.5065,1.4662,1.2746,1.1677,1.1240
1890.0000,1.2857,1.3798,1.5172,1.4442,1.2492,1.1486,1.1077
1895.0000,1.3181,1.4147,1.5188,1.4224,1.2223,1.1339,1.0871
1900.0000,1.3541,1.4399,1.5189,1.3962,1.2007,1.1139,1.0805
1905.0000,1.3876,1.4591,1.5144,1.3695,1.1787,1.0987,1.0683
1910.0000,1.4143,1.4749,1.5042,1.3431,1.1569,1.0867,1.0534
1915.0000,1.4317,1.4885,1.4888,1.3168,1.1372,1.0739,1.0438
1920.0000,1.4529,1.4922,1.4730,1.2889,1.1209,1.0601,1.0377
1925.0000,1.4659,1.4935,1.4524,1.2634,1.1035,1.0514,1.0261
1930.0000,1.4714,1.4919,1.4289,1.2386,1.0883,1.0419,1.0190
1935.0000,1.4702,1.4869,1.4032,1.2149,1.0745,1.0332,1.0121
1940.0000,1.4761,1.4725,1.3791,1.1915,1.0618,1.0273,0.9996
1945.0000,1.4706,1.4580,1.3530,1.1693,1.0523,1.0171,0.9995
1950.0000,1.4597,1.4417,1.3259,1.1493,1.0424,1.0102,0.9944
1955.0000,1.4522,1.4195,1.3003,1.1304,1.0330,1.0057,0.9846
1960.0000,1.4346,1.3994,1.2734,1.1132,1.0257,0.9981,0.9841
1965.0000,1.4136,1.3784,1.2467,1.0981,1.0180,0.9928,0.9800
1970.0000,1.3992,1.3520,1.2233,1.0833,1.0119,0.9874,0.9760
1975.0000,1.3799,1.3264,1.2001,1.0706,1.0052,0.9840,0.9694
1980.0000,1.3523,1.3040,1.1769,1.0593,0.9998,0.9783,0.9682
1985.0000,1.3332,1.2772,1.1573,1.0482,0.9951,0.9735,0.9656
1990.0000,1.3078,1.2548,1.1367,1.0398,0.9889,0.9713,0.9604
1995.0000,1.2866,1.2299,1.1197,1.0308,0.9847,0.9670,0.9591
2000.0000,1.2648,1.2054,1.1047,1.0224,0.9809,0.9628,0.9579
2005.0000,1.2394,1.1853,1.0888,1.0161,0.9756,0.9614,0.9539
2010.0000,1.2142,1.1667,1.0745,1.0101,0.9713,0.9588,0.9532
2015.0000,1.1958,1.1460,1.0632,1.0037,0.9680,0.9562,0.9524
2020.0000,1.1770,1.1272,1.0526,0.9983,0.9637,0.9560,0.9480
2025.0000,1.1545,1.1122,1.0422,0.9931,0.9608,0.9534,0.9498
2030.0000,1.1384,1.0958,1.0341,0.9876,0.9585,0.9517,0.9501
2035.0000,1.1204,1.0832,1.0251,0.9838,0.9547,0.9528,0.9464
2040.0000,1.1058,1.0698,1.0183,0.9788,0.9532,0.9510,0.9492
2045.0000,1.0924,1.0571,1.0125,0.9740,0.9522,0.9496,0.9516
2050.0000,1.0777,1.0479,1.0054,0.9708,0.9496,0.9514,0.9496
2055.0000,1.0643,1.0392,0.9992,0.9673,0.9486,0.9511,0.9537
2060.0000,1.0528,1.0307,0.9938,0.9637,0.9482,0.9510,0.9585
2065.0000,1.0453,1.0215,0.9892,0.9609,0.9467,0.9543,0.9584
2070.0000,1.0339,1.0157,0.9836,0.9587,0.9459,0.9568,0.9614
2075.0000,1.0228,1.0107,0.9780,0.9568,0.9454,0.9603,0.9629
2080.0000,1.0187,1.0030,0.9743,0.9549,0.9450,0.9658,0.9587
2085.0000,1.0115,0.9972,0.9708,0.9523,0.9475,0.9667,0.9635
2090.0000,1.0030,0.9924,0.9674,0.9501,0.9506,0.9674,0.9675
2095.0000,0.9997,0.9856,0.9655,0.9477,0.9546,0.9675,0.9713
2100.0000,0.9942,0.9810,0.9623,0.9469,0.9570,0.9704,0.9710
2105.0000,0.9871,0.9775,0.9593,0.9464,0.9606,0.9707,0.9756
2110.0000,0.9842,0.9726,0.9572,0.9463,0.9640,0.9718,0.9788
2115.0000,0.9786,0.9701,0.9536,0.9480,0.9657,0.9748,0.9799
2120.0000,0.9725,0.9683,0.9503,0.9501,0.9676,0.9768,0.9833
2125.0000,0.9714,0.9641,0.9488,0.9520,0.9696,0.9793,0.9855
2130.0000,0.9668,0.9626,0.9461,0.9553,0.9702,0.9834,0.9854
2135.0000,0.9619,0.9610,0.9445,0.9582,0.9718,0.9858,0.9883
2140.0000,0.9619,0.9569,0.9452,0.9602,0.9742,0.9879,0.9906
2145.0000,0.9589,0.9552,0.9451,0.9633,0.9750,0.9926,0.9878
2150.0000,0.9560,0.9531,0.9467,0.9650,0.9782,0.9932,0.9914
2155.0000,0.9556,0.9500,0.9496,0.9662,0.9817,0.9939,0.9933
2160.0000,0.9540,0.9488,0.9517,0.9684,0.9836,0.9971,0.9898
2165.0000,0.9525,0.9480,0.9545,0.9697,0.9872,0.9967,0.9919
2170.0000,0.9518,0.9476,0.9575,0.9711,0.9907,0.9959,0.9928
2175.0000,0.9505,0.9491,0.9592,0.9737,0.9923,0.9974,0.9885
2180.0000,0.9488,0.9516,0.9606,0.9763,0.9947,0.9961,0.9891
2185.0000,0.9439,0.9566,0.9605,0.9798,0.9958,0.9953,0.9872
2190.0000,0.9498,0.9568,0.9627,0.9827,0.9961,0.9961,0.9794
2195.0000,0.9501,0.9597,0.9641,0.9855,0.9975,0.9925,0.9799
2200.0000,0.9527,0.9609,0.9665,0.9879,0.9982,0.9894,0.9769
2205.0000,0.9568,0.9609,0.9698,0.9899,0.9985,0.9858,0.9726
2210.0000,0.9577,0.9632,0.9718,0.9927,0.9970,0.9835,0.9648
2215.0000,0.9578,0.9655,0.9744,0.9945,0.9964,0.9778,0.9613
2220.0000,0.9618,0.9662,0.9779,0.9958,0.9950,0.9726,0.9550
2225.0000,0.9622,0.9695,0.9797,0.9980,0.9915,0.9685,0.9454
2230.0000,0.9632,0.9721,0.9824,0.9987,0.9893,0.9605,0.9412
2235.0000,0.9676,0.9730,0.9858,0.9990,0.9857,0.9540,0.9330
2240.0000,0.9693,0.9759,0.9878,0.9997,0.9804,0.9481,0.9222
2245.0000,0.9689,0.9798,0.9894,0.9996,0.9752,0.9403,0.9131
2250.0000,0.9742,0.9804,0.9929,0.9977,0.9710,0.9299,0.9064
2255.0000,0.9762,0.9832,0.9944,0.9966,0.9641,0.9221,0.8951
2260.0000,0.9776,0.9859,0.9957,0.9945,0.9572,0.9125,0.8861
2265.0000,0.9815,0.9871,0.9976,0.9915,0.9500,0.9027,0.8760
2270.0000,0.9828,0.9900,0.9976,0.9888,0.9408,0.8945,0.8622
2275.0000,0.9843,0.9920,0.9981,0.9843,0.9334,0.8819,0.8572
2280.0000,0.9879,0.9925,0.9986,0.9793,0.9243,0.8715,0.8480
2285.0000,0.9893,0.9943,0.9973,0.9746,0.9137,0.8628,0.8362
2290.0000,0.9891,0.9963,0.9954,0.9690,0.9034,0.8526,0.8282
2295.0000,0.9924,0.9954,0.9946,0.9616,0.8941,0.8411,0.8231
2300.0000,0.9930,0.9959,0.9916,0.9550,0.8824,0.8332,0.8141
2305.0000,0.9925,0.9961,0.9882,0.9473,0.8713,0.8245,0.8088
2310.0000,0.9899,0.9965,0.9839,0.9392,0.8603,0.8164,0.8048
2315.0000,0.9934,0.9932,0.9803,0.9301,0.8488,0.8111,0.7976
2320.0000,0.9921,0.9912,0.9756,0.9202,0.8392,0.8034,0.8007
2325.0000,0.9888,0.9895,0.9695,0.9104,0.8288,0.7989,0.8016
2330.0000,0.9896,0.9849,0.9642,0.8996,0.8194,0.7958,0.8042
2335.0000,0.9865,0.9816,0.9568,0.8893,0.8097,0.7960,0.8067
2340.0000,0.9819,0.9780,0.9490,0.8785,0.8019,0.7964,0.8144
2345.0000,0.9807,0.9716,0.9417,0.8669,0.7956,0.7987,0.8239
2350.0000,0.9757,0.9668,0.9324,0.8564,0.7892,0.8051,0.8332
2355.0000,0.9691,0.9617,0.9225,0.8460,0.7849,0.8133,0.8446
2360.0000,0.9665,0.9530,0.9141,0.8344,0.7841,0.8213,0.8612
2365.0000,0.9597,0.9463,0.9034,0.8247,0.7833,0.8345,0.8760
2370.0000,0.9534,0.9380,0.8933,0.8148,0.7863,0.8470,0.8983
2375.0000,0.9476,0.9287,0.8828,0.8063,0.7899,0.8654,0.9155
2380.0000,0.9384,0.9209,0.8711,0.7995,0.7957,0.8856,0.9331
2385.0000,0.9285,0.9126,0.8598,0.7931,0.8058,0.9045,0.9577
2390.0000,0.9222,0.9016,0.8498,0.7875,0.8190,0.9245,0.9830
2395.0000,0.9138,0.8914,0.8391,0.7848,0.8327,0.9491,1.0035
2400.0000,0.9023,0.8826,0.8279,0.7842,0.8490,0.9742,1.0228
2405.0000,0.8945,0.8712,0.8193,0.7842,0.8699,0.9962,1.0465
2410.0000,0.8838,0.8622,0.8093,0.7883,0.8901,1.0225,1.0620
2415.0000,0.8746,0.8517,0.8020,0.7932,0.9151,1.0430,1.0864
2420.0000,0.8657,0.8413,0.7956,0.8013,0.9400,1.0659,1.1020
2425.0000,0.8549,0.8332,0.7892,0.8130,0.9646,1.0891,1.1113
2430.0000,0.8444,0.8254,0.7852,0.8262,0.9922,1.1057,1.1286
2435.0000,0.8349,0.8180,0.7832,0.8421,1.0195,1.1210,1.1415
2440.0000,0.8290,0.8103,0.7833,0.8610,1.0445,1.1376,1.1444
2445.0000,0.8195,0.8061,0.7848,0.8820,1.0698,1.1483,1.1521
2450.0000,0.8110,0.8030,0.7889,0.9048,1.0939,1.1557,1.1577
2455.0000,0.8087,0.7988,0.7969,0.9287,1.1159,1.1609,1.1600
2460.0000,0.8040,0.7986,0.8058,0.9552,1.1337,1.1661,1.1566
2465.0000,0.7993,0.8005,0.8178,0.9818,1.1500,1.1665,1.1554
2470.0000,0.8012,0.8017,0.8338,1.0080,1.1632,1.1652,1.1506
2475.0000,0.8015,0.8071,0.8510,1.0349,1.1721,1.1635,1.1418
2480.0000,0.8029,0.8149,0.8709,1.0602,1.1793,1.1572,1.1364
2485.0000,0.8096,0.8231,0.8938,1.0841,1.1827,1.1511,1.1265
2490.0000,0.8162,0.8350,0.9176,1.1065,1.1827,1.1446,1.1135
2495.0000,0.8206,0.8516,0.9417,1.1269,1.1803,1.1355,1.1016
2500.0000,0.8353,0.8658,0.9695,1.1428,1.1777,1.1224,1.0927
2505.0000,0.8501,0.8829,0.9966,1.1570,1.1709,1.1119,1.0785
2510.0000,0.8663,0.9018,1.0239,1.1677,1.1632,1.0991,1.0673
2515.0000,0.8829,0.9230,1.0500,1.1756,1.1535,1.0863,1.0549
2520.0000,0.8986,0.9482,1.0727,1.1820,1.1406,1.0757,1.0387
2525.0000,0.9204,0.9707,1.0962,1.1835,1.1298,1.0601,1.0329
2530.0000,0.9422,0.9940,1.1167,1.1832,1.1162,1.0479,1.0219
2535.0000,0.9647,1.0173,1.1346,1.1807,1.1014,1.0377,1.0088
2540.0000,0.9812,1.0443,1.1475,1.1768,1.0861,1.0270,0.9986
2545.0000,1.0072,1.0647,1.1610,1.1687,1.0730,1.0145,0.9921
2550.0000,1.0303,1.0848,1.1703,1.1600,1.0580,1.0063,0.9803
2555.0000,1.0519,1.1030,1.1773,1.1489,1.0447,0.9966,0.9732
2560.0000,1.0646,1.1230,1.1795,1.1375,1.0314,0.9879,0.9657
2565.0000,1.0885,1.1351,1.1814,1.1244,1.0186,0.9820,0.9526
2570.0000,1.1065,1.1458,1.1809,1.1094,1.0092,0.9712,0.9525
2575.0000,1.1199,1.1554,1.1769,1.0951,0.9991,0.9637,0.9470
2580.0000,1.1341,1.1609,1.1715,1.0803,0.9901,0.9567,0.9413
2585.0000,1.1412,1.1675,1.1616,1.0673,0.9801,0.9522,0.9328
2590.0000,1.1478,1.1699,1.1513,1.0533,0.9730,0.9446,0.9308
2595.0000,1.1563,1.1677,1.1406,1.0398,0.9661,0.9386,0.9264
2600.0000,1.1582,1.1658,1.1271,1.0281,0.9584,0.9348,0.9195
2605.0000,1.1556,1.1628,1.1125,1.0170,0.9520,0.9296,0.9159
2610.0000,1.1581,1.1536,1.1000,1.0053,0.9472,0.9235,0.9135
2615.0000,1.1537,1.1458,1.0853,0.9960,0.9409,0.9204,0.9076
2620.0000,1.1478,1.1359,1.0713,0.9868,0.9359,0.9158,0.9048
2625.0000,1.1430,1.1229,1.0589,0.9776,0.9318,0.9108,0.9024
2630.0000,1.1328,1.1121,1.0449,0.9705,0.9262,0.9083,0.8971
2635.0000,1.1208,1.1009,1.0317,0.9637,0.9216,0.9047,0.8943
2640.0000,1.1128,1.0866,1.0207,0.9566,0.9178,0.9009,0.8913
2645.0000,1.1021,1.0733,1.0097,0.9507,0.9130,0.8991,0.8846
2650.0000,1.0877,1.0616,0.9991,0.9449,0.9098,0.8942,0.8845
2655.0000,1.0776,1.0479,0.9905,0.9390,0.9066,0.8904,0.8821
2660.0000,1.0645,1.0369,0.9808,0.9347,0.9020,0.8890,0.8760
2665.0000,1.0533,1.0248,0.9731,0.9295,0.8991,0.8850,0.8745
2670.0000,1.0426,1.0127,0.9666,0.9244,0.8966,0.8807,0.8733
2675.0000,1.0300,1.0034,0.9589,0.9207,0.8924,0.8791,0.8677
2680.0000,1.0177,0.9948,0.9519,0.9169,0.8893,0.8757,0.8663
2685.0000,1.0066,0.9862,0.9458,0.9130,0.8862,0.8725,0.8642
2690.0000,0.9996,0.9764,0.9407,0.9094,0.8824,0.8715,0.8573
2695.0000,0.9886,0.9697,0.9351,0.9057,0.8799,0.8671,0.8585
2700.0000,0.9778,0.9637,0.9296,0.9025,0.8767,0.8643,0.8566
2705.0000,0.9730,0.9554,0.9259,0.8987,0.8742,0.8613,0.8543
2710.0000,0.9657,0.9491,0.9214,0.8956,0.8706,0.8601,0.8495
2715.0000,0.9565,0.9441,0.9170,0.8923,0.8683,0.8564,0.8492
2720.0000,0.9524,0.9372,0.9140,0.8885,0.8660,0.8535,0.8472
2725.0000,0.9453,0.9329,0.9096,0.8859,0.8625,0.8524,0.8428
2730.0000,0.9390,0.9284,0.9059,0.8827,0.8601,0.8494,0.8415
2735.0000,0.9356,0.9224,0.9034,0.8790,0.8583,0.8461,0.8404
2740.0000,0.9295,0.9190,0.8993,0.8765,0.8550,0.8449,0.8363
2745.0000,0.9231,0.9159,0.8954,0.8738,0.8526,0.8423,0.8351
2750.0000,0.9207,0.9108,0.8928,0.8704,0.8508,0.8392,0.8341
2755.0000,0.9162,0.9075,0.8891,0.8681,0.8477,0.8383,0.8302
2760.0000,0.9108,0.9046,0.8856,0.8655,0.8453,0.8359,0.8290
2765.0000,0.9087,0.8999,0.8831,0.8625,0.8434,0.8335,0.8274
2770.0000,0.9047,0.8968,0.8797,0.8603,0.8402,0.8331,0.8222
2775.0000,0.8997,0.8941,0.8766,0.8576,0.8386,0.8297,0.8229
2780.0000,0.8979,0.8896,0.8744,0.8546,0.8370,0.8271,0.8217
2785.0000,0.8939,0.8871,0.8709,0.8527,0.8340,0.8267,0.8169
2790.0000,0.8900,0.8843,0.8681,0.8502,0.8322,0.8240,0.8164
2795.0000,0.8882,0.8801,0.8661,0.8472,0.8310,0.8210,0.8161
2800.0000,0.8844,0.8776,0.8630,0.8454,0.8281,0.8205,0.8117
2805.0000,0.8804,0.8752,0.8600,0.8432,0.8263,0.8181,0.8114
2810.0000,0.8754,0.8734,0.8569,0.8412,0.8242,0.8160,0.8101
2815.0000,0.8755,0.8691,0.8549,0.8391,0.8216,0.8160,0.8043
2820.0000,0.8716,0.8669,0.8523,0.8367,0.8203,0.8127,0.8059
2825.0000,0.8671,0.8650,0.8495,0.8348,0.8185,0.8106,0.8048
2830.0000,0.8669,0.8609,0.8479,0.8322,0.8170,0.8084,0.8035
2835.0000,0.8637,0.8587,0.8452,0.8306,0.8145,0.8079,0.7997
2840.0000,0.8595,0.8568,0.8428,0.8285,0.8131,0.8051,0.7999
2845.0000,0.8591,0.8530,0.8413,0.8260,0.8117,0.8030,0.7987
2850.0000,0.8558,0.8511,0.8387,0.8245,0.8092,0.8025,0.7952
2855.0000,0.8522,0.8493,0.8363,0.8226,0.8075,0.8005,0.7944
2860.0000,0.8517,0.8457,0.8350,0.8201,0.8065,0.7980,0.7937
2865.0000,0.8486,0.8440,0.8324,0.8187,0.8040,0.7975,0.7902
2870.0000,0.8449,0.8425,0.8300,0.8169,0.8024,0.7954,0.7897
2875.0000,0.8444,0.8392,0.8286,0.8147,0.8012,0.7933,0.7887
2880.0000,0.8416,0.8376,0.8260,0.8134,0.7986,0.7933,0.7842
2885.0000,0.8384,0.8359,0.8240,0.8115,0.7975,0.7905,0.7852
2890.0000,0.8378,0.8328,0.8227,0.8093,0.7962,0.7884,0.7844
2895.0000,0.8354,0.8311,0.8204,0.8080,0.7938,0.7884,0.7803
2900.0000,0.8321,0.8295,0.8184,0.8061,0.7926,0.7859,0.7810
2905.0000,0.8315,0.8265,0.8171,0.8041,0.7913,0.7841,0.7801
2910.0000,0.8289,0.8251,0.8147,0.8029,0.7888,0.7843,0.7758
2915.0000,0.8260,0.8237,0.8127,0.8012,0.7875,0.7823,0.7757
2920.0000,0.8255,0.8207,0.8117,0.7990,0.7867,0.7799,0.7757
2925.0000,0.8231,0.8192,0.8094,0.7978,0.7844,0.7798,0.7716
2930.0000,0.8203,0.8178,0.8075,0.7961,0.7833,0.7778,0.7717
2935.0000,0.8167,0.8168,0.8054,0.7945,0.7819,0.7760,0.7709
2940.0000,0.8176,0.8136,0.8042,0.7929,0.7799,0.7761,0.7657
2945.0000,0.8150,0.8120,0.8025,0.7911,0.7793,0.7732,0.7675
2950.0000,0.8117,0.8110,0.8005,0.7897,0.7779,0.7714,0.7668
2955.0000,0.8120,0.8081,0.7995,0.7878,0.7769,0.7696,0.7657
2960.0000,0.8095,0.8070,0.7972,0.7868,0.7747,0.7694,0.7624
2965.0000,0.8061,0.8060,0.7952,0.7853,0.7736,0.7670,0.7628
2970.0000,0.8067,0.8030,0.7943,0.7835,0.7726,0.7652,0.7619
2975.0000,0.8043,0.8018,0.7922,0.7826,0.7703,0.7650,0.7589
2980.0000,0.8014,0.8007,0.7904,0.7812,0.7690,0.7633,0.7587
2985.0000,0.8018,0.7977,0.7897,0.7792,0.7682,0.7611,0.7588
2990.0000,0.7995,0.7965,0.7878,0.7782,0.7660,0.7610,0.7563
2995.0000,0.7968,0.7953,0.7862,0.7768,0.7647,0.7594,0.7570
3000.0000,0.7966,0.7928,0.7853,0.7750,0.7637,0.7580,0.7575
3005.0000,0.7946,0.7916,0.7835,0.7740,0.7614,0.7587,0.7552
3010.0000,0.7920,0.7906,0.7819,0.7725,0.7604,0.7573,0.7578
3015.0000,0.7918,0.7881,0.7811,0.7706,0.7595,0.7564,0.7600
3020.0000,0.7898,0.7872,0.7791,0.7697,0.7573,0.7581,0.7593
3025.0000,0.7873,0.7862,0.7775,0.7681,0.7564,0.7580,0.7636
3030.0000,0.7873,0.7838,0.7768,0.7662,0.7559,0.7587,0.7678
3035.0000,0.7854,0.7827,0.7749,0.7652,0.7542,0.7620,0.7695
3040.0000,0.7831,0.7817,0.7733,0.7637,0.7541,0.7637,0.7773
3045.0000,0.7830,0.7793,0.7725,0.7619,0.7541,0.7671,0.7841
3050.0000,0.7810,0.7784,0.7705,0.7610,0.7534,0.7732,0.7888
3055.0000,0.7788,0.7774,0.7690,0.7596,0.7545,0.7780,0.7997
3060.0000,0.7756,0.7768,0.7672,0.7583,0.7560,0.7843,0.8112
3065.0000,0.7768,0.7740,0.7662,0.7572,0.7574,0.7940,0.8194
3070.0000,0.7747,0.7729,0.7646,0.7563,0.7605,0.8033,0.8324
3075.0000,0.7720,0.7720,0.7631,0.7553,0.7650,0.8129,0.8478
3080.0000,0.7726,0.7693,0.7625,0.7542,0.7708,0.8241,0.8640
3085.0000,0.7706,0.7683,0.7607,0.7546,0.7764,0.8386,0.8786
3090.0000,0.7678,0.7677,0.7588,0.7553,0.7836,0.8541,0.8938
3095.0000,0.7683,0.7650,0.7585,0.7555,0.7937,0.8685,0.9125
3100.0000,0.7664,0.7642,0.7568,0.7577,0.8034,0.8867,0.9280
3105.0000,0.7640,0.7633,0.7557,0.7599,0.8162,0.9029,0.9496
3110.0000,0.7643,0.7612,0.7551,0.7634,0.8292,0.9225,0.9660
3115.0000,0.7623,0.7607,0.7539,0.7685,0.8431,0.9431,0.9804
3120.0000,0.7601,0.7601,0.7537,0.7739,0.8603,0.9606,1.0009
3125.0000,0.7605,0.7582,0.7546,0.7803,0.8789,0.9781,1.0204
3130.0000,0.7591,0.7581,0.7547,0.7893,0.8965,0.9987,1.0338
3135.0000,0.7573,0.7583,0.7557,0.7993,0.9158,1.0173,1.0480
3140.0000,0.7582,0.7572,0.7587,0.8100,0.9370,1.0334,1.0631
3145.0000,0.7574,0.7581,0.7611,0.8235,0.9563,1.0518,1.0705
3150.0000,0.7562,0.7596,0.7649,0.8377,0.9777,1.0653,1.0822
3155.0000,0.7581,0.7598,0.7712,0.8525,0.9997,1.0760,1.0935
3160.0000,0.7587,0.7623,0.7771,0.8701,1.0188,1.0889,1.0968
3165.0000,0.7586,0.7662,0.7844,0.8884,1.0383,1.0967,1.1053
3170.0000,0.7623,0.7690,0.7939,0.9076,1.0560,1.1041,1.1087
3175.0000,0.7648,0.7744,0.8038,0.9285,1.0709,1.1118,1.1064
3180.0000,0.7681,0.7803,0.8159,0.9491,1.0855,1.1146,1.1084
3185.0000,0.7689,0.7891,0.8286,0.9704,1.0977,1.1162,1.1074
3190.0000,0.7784,0.7956,0.8442,0.9912,1.1070,1.1186,1.0988
3195.0000,0.7850,0.8048,0.8611,1.0110,1.1160,1.1149,1.0984
3200.0000,0.7922,0.8154,0.8792,1.0302,1.1223,1.1112,1.0936
3205.0000,0.8031,0.8260,0.8991,1.0478,1.1266,1.1059,1.0873
3210.0000,0.8114,0.8406,0.9180,1.0653,1.1271,1.1016,1.0770
3215.0000,0.8238,0.8543,0.9392,1.0797,1.1278,1.0926,1.0725
3220.0000,0.8378,0.8688,0.9606,1.0927,1.1256,1.0848,1.0642
3225.0000,0.8518,0.8854,0.9813,1.1043,1.1207,1.0777,1.0537
3230.0000,0.8621,0.9057,1.0001,1.1143,1.1143,1.0693,1.0449
3235.0000,0.8812,0.9225,1.0206,1.1206,1.1082,1.0589,1.0382
3240.0000,0.8989,0.9409,1.0392,1.1257,1.0992,1.0510,1.0278
3245.0000,0.9163,0.9597,1.0566,1.1282,1.0901,1.0420,1.0200
3250.0000,0.9350,0.9779,1.0728,1.1285,1.0806,1.0332,1.0117
3255.0000,0.9500,0.9992,1.0849,1.1283,1.0687,1.0271,0.9991
3260.0000,0.9696,1.0161,1.0979,1.1241,1.0600,1.0163,0.9963
3265.0000,0.9891,1.0318,1.1089,1.1184,1.0503,1.0078,0.9899
3270.0000,1.0072,1.0468,1.1173,1.1120,1.0397,1.0019,0.9800
3275.0000,1.0206,1.0632,1.1222,1.1045,1.0301,0.9942,0.9748
3280.0000,1.0380,1.0753,1.1266,1.0952,1.0220,0.9857,0.9714
3285.0000,1.0525,1.0870,1.1275,1.0863,1.0122,0.9810,0.9630
3290.0000,1.0618,1.0993,1.1253,1.0772,1.0035,0.9749,0.9593
3295.0000,1.0767,1.1055,1.1236,1.0665,0.9966,0.9680,0.9568
3300.0000,1.0872,1.1112,1.1189,1.0568,0.9883,0.9647,0.9497
3305.0000,1.0947,1.1153,1.1129,1.0469,0.9815,0.9597,0.9468
3310.0000,1.0964,1.1196,1.1046,1.0376,0.9749,0.9554,0.9433
3315.0000,1.1058,1.1174,1.0974,1.0280,0.9685,0.9535,0.9344
3320.0000,1.1082,1.1157,1.0889,1.0183,0.9644,0.9473,0.9361
3325.0000,1.1075,1.1131,1.0792,1.0096,0.9598,0.9433,0.9338
3330.0000,1.1097,1.1066,1.0705,1.0008,0.9560,0.9394,0.9311
3335.0000,1.1064,1.1016,1.0598,0.9937,0.9511,0.9376,0.9257
3340.0000,1.1005,1.0957,1.0494,0.9865,0.9479,0.9331,0.9255
3345.0000,1.0988,1.0862,1.0405,0.9794,0.9449,0.9297,0.9234
3350.0000,1.0920,1.0787,1.0302,0.9741,0.9406,0.9282,0.9189
3355.0000,1.0843,1.0703,1.0206,0.9687,0.9375,0.9252,0.9175
3360.0000,1.0791,1.0596,1.0128,0.9630,0.9352,0.9218,0.9164
3365.0000,1.0696,1.0514,1.0035,0.9591,0.9312,0.9208,0.9122
3370.0000,1.0593,1.0433,0.9951,0.9551,0.9283,0.9182,0.9112
3375.0000,1.0532,1.0327,0.9886,0.9506,0.9261,0.9156,0.9097
3380.0000,1.0449,1.0236,0.9818,0.9473,0.9226,0.9152,0.9045
3385.0000,1.0342,1.0158,0.9754,0.9436,0.9208,0.9119,0.9054
3390.0000,1.0274,1.0064,0.9706,0.9398,0.9190,0.9094,0.9043
3395.0000,1.0182,0.9994,0.9647,0.9372,0.9157,0.9093,0.8994
3400.0000,1.0102,0.9919,0.9601,0.9339,0.9140,0.9067,0.8993
3405.0000,1.0036,0.9841,0.9565,0.9304,0.9128,0.9038,0.8992
3410.0000,0.9953,0.9785,0.9517,0.9283,0.9099,0.9036,0.8945
3415.0000,0.9870,0.9737,0.9473,0.9258,0.9081,0.9013,0.8946
3420.0000,0.9785,0.9693,0.9432,0.9234,0.9066,0.8989,0.8946
3425.0000,0.9760,0.9626,0.9404,0.9210,0.9043,0.8987,0.8903
3430.0000,0.9691,0.9586,0.9368,0.9188,0.9027,0.8966,0.8905
3435.0000,0.9622,0.9551,0.9334,0.9168,0.9010,0.8949,0.8897
3440.0000,0.9604,0.9494,0.9311,0.9147,0.8986,0.8953,0.8839
3445.0000,0.9546,0.9462,0.9282,0.9125,0.8978,0.8922,0.8864
3450.0000,0.9484,0.9435,0.9252,0.9107,0.8963,0.8905,0.8861
3455.0000,0.9472,0.9386,0.9235,0.9083,0.8953,0.8887,0.8854
3460.0000,0.9432,0.9358,0.9207,0.9069,0.8930,0.8888,0.8820
3465.0000,0.9377,0.9336,0.9182,0.9050,0.8920,0.8866,0.8827
3470.0000,0.9368,0.9293,0.9168,0.9028,0.8911,0.8850,0.8821
3475.0000,0.9328,0.9274,0.9141,0.9017,0.8888,0.8853,0.8788
3480.0000,0.9287,0.9255,0.9118,0.9001,0.8877,0.8837,0.8789
3485.0000,0.9282,0.9215,0.9108,0.8978,0.8872,0.8817,0.8790
3490.0000,0.9247,0.9198,0.9083,0.8968,0.8852,0.8819,0.8760
3495.0000,0.9209,0.9183,0.9061,0.8953,0.8842,0.8804,0.8763
3500.0000,0.9203,0.9150,0.9050,0.8935,0.8836,0.8789,0.8761
3505.0000,0.9176,0.9134,0.9028,0.8926,0.8815,0.8797,0.8722
3510.0000,0.9142,0.9119,0.9009,0.8911,0.8810,0.8776,0.8738
3515.0000,0.9138,0.9088,0.9000,0.8893,0.8804,0.8763,0.8736
3520.0000,0.9112,0.9075,0.8978,0.8887,0.8784,0.8771,0.8698
3525.0000,0.9083,0.9062,0.8961,0.8873,0.8778,0.8755,0.8707
3530.0000,0.9080,0.9032,0.8954,0.8856,0.8777,0.8737,0.8714
3535.0000,0.9056,0.9020,0.8934,0.8849,0.8759,0.8745,0.8678
3540.0000,0.9029,0.9009,0.8918,0.8838,0.8753,0.8731,0.8687
3545.0000,0.8987,0.9005,0.8898,0.8830,0.8745,0.8721,0.8687
3550.0000,0.9004,0.8974,0.8890,0.8820,0.8730,0.8732,0.8638
3555.0000,0.8980,0.8962,0.8878,0.8807,0.8729,0.8709,0.8665
3560.0000,0.8943,0.8957,0.8861,0.8799,0.8723,0.8698,0.8667
3565.0000,0.8958,0.8928,0.8854,0.8790,0.8708,0.8709,0.8620
3570.0000,0.8934,0.8918,0.8842,0.8779,0.8708,0.8687,0.8647
3575.0000,0.8903,0.8913,0.8827,0.8771,0.8702,0.8677,0.8650
3580.0000,0.8913,0.8886,0.8824,0.8759,0.8699,0.8666,0.8649
3585.0000,0.8893,0.8880,0.8808,0.8756,0.8683,0.8674,0.8622
3590.0000,0.8865,0.8875,0.8795,0.8747,0.8680,0.8659,0.8634
3595.0000,0.8876,0.8849,0.8794,0.8735,0.8678,0.8649,0.8634
3600.0000,0.8857,0.8843,0.8780,0.8732,0.8663,0.8657,0.8608
3605.0000,0.8830,0.8840,0.8768,0.8725,0.8658,0.8647,0.8614
3610.0000,0.8841,0.8815,0.8768,0.8712,0.8659,0.8634,0.8618
3615.0000,0.8823,0.8810,0.8755,0.8709,0.8646,0.8642,0.8592
3620.0000,0.8801,0.8806,0.8745,0.8702,0.8643,0.8631,0.8602
3625.0000,0.8808,0.8786,0.8744,0.8691,0.8642,0.8620,0.8606
3630.0000,0.8793,0.8782,0.8730,0.8689,0.8628,0.8632,0.8573
3635.0000,0.8774,0.8778,0.8722,0.8681,0.8628,0.8617,0.8594
3640.0000,0.8780,0.8759,0.8721,0.8671,0.8627,0.8608,0.8599
3645.0000,0.8767,0.8755,0.8708,0.8670,0.8613,0.8621,0.8569
