150.0000,0.1429,0.1435,0.1438,0.1443,0.1434,0.1427,0.1420
155.0000,0.1432,0.1434,0.1440,0.1442,0.1433,0.1424,0.1420
160.0000,0.1432,0.1436,0.1440,0.1442,0.1430,0.1425,0.1413
165.0000,0.1432,0.1438,0.1441,0.1441,0.1429,0.1421,0.1416
170.0000,0.1435,0.1437,0.1442,0.1439,0.1428,0.1419,0.1416
175.0000,0.1435,0.1439,0.1441,0.1439,0.1424,0.1421,0.1411
180.0000,0.1433,0.1441,0.1441,0.1438,0.1422,0.1419,0.1412
185.0000,0.1437,0.1440,0.1442,0.1436,0.1422,0.1416,0.1413
190.0000,0.1437,0.1441,0.1441,0.1435,0.1418,0.1418,0.1407
195.0000,0.1437,0.1442,0.1440,0.1433,0.1417,0.1416,0.1410
200.0000,0.1434,0.1444,0.1439,0.1432,0.1416,0.1414,0.1411
205.0000,0.1439,0.1442,0.1439,0.1430,0.1414,0.1417,0.1404
210.0000,0.1439,0.1441,0.1438,0.1427,0.1414,0.1414,0.1410
215.0000,0.1435,0.1443,0.1436,0.1426,0.1413,0.1413,0.1411
220.0000,0.1439,0.1440,0.1435,0.1424,0.1411,0.1416,0.1405
225.0000,0.1438,0.1440,0.1434,0.1422,0.1411,0.1413,0.1410
230.0000,0.1435,0.1441,0.1431,0.1421,0.1411,0.1413,0.1412
235.0000,0.1438,0.1438,0.1431,0.1419,0.1411,0.1413,0.1413
240.0000,0.1436,0.1438,0.1428,0.1418,0.1410,0.1415,0.1410
245.0000,0.1433,0.1438,0.1426,0.1417,0.1410,0.1415,0.1413
250.0000,0.1436,0.1434,0.1425,0.1415,0.1411,0.1414,0.1415
255.0000,0.1434,0.1433,0.1423,0.1415,0.1410,0.1417,0.1411
260.0000,0.1430,0.1433,0.1421,0.1414,0.1411,0.1416,0.1414
265.0000,0.1432,0.1429,0.1421,0.1412,0.1413,0.1416,0.1416
270.0000,0.1430,0.1428,0.1418,0.1413,0.1412,0.1418,0.1413
275.0000,0.1426,0.1427,0.1417,0.1412,0.1413,0.1417,0.1415
280.0000,0.1427,0.1424,0.1416,0.1411,0.1414,0.1417,0.1416
285.0000,0.1425,0.1423,0.1414,0.1413,0.1413,0.1420,0.1411
290.0000,0.1421,0.1423,0.1412,0.1413,0.1415,0.1418,0.1414
295.0000,0.1423,0.1420,0.1413,0.1412,0.1416,0.1418,0.1415
300.0000,0.1421,0.1419,0.1411,0.1414,0.1415,0.1420,0.1410
305.0000,0.1418,0.1418,0.1411,0.1414,0.1416,0.1418,0.1412
310.0000,0.1419,0.1415,0.1412,0.1414,0.1418,0.1416,0.1414
315.0000,0.1417,0.1415,0.1411,0.1415,0.1417,0.1418,0.1409
320.0000,0.1414,0.1415,0.1410,0.1416,0.1417,0.1416,0.1412
325.0000,0.1409,0.1416,0.1410,0.1417,0.1417,0.1415,0.1413
330.0000,0.1414,0.1413,0.1411,0.1418,0.1415,0.1418,0.1406
335.0000,0.1412,0.1413,0.1411,0.1418,0.1416,0.1415,0.1411
340.0000,0.1409,0.1414,0.1411,0.1419,0.1415,0.1414,0.1413
345.0000,0.1412,0.1412,0.1412,0.1419,0.1413,0.1417,0.1406
350.0000,0.1410,0.1413,0.1413,0.1419,0.1413,0.1415,0.1411
355.0000,0.1408,0.1415,0.1413,0.1419,0.1413,0.1414,0.1413
360.0000,0.1412,0.1413,0.1415,0.1418,0.1413,0.1413,0.1415
365.0000,0.1411,0.1414,0.1415,0.1419,0.1412,0.1416,0.1413
370.0000,0.1409,0.1415,0.1416,0.1418,0.1412,0.1415,0.1417
375.0000,0.1413,0.1413,0.1417,0.1417,0.1412,0.1415,0.1419
380.0000,0.1412,0.1415,0.1417,0.1417,0.1411,0.1419,0.1418
385.0000,0.1409,0.1417,0.1416,0.1416,0.1411,0.1419,0.1422
390.0000,0.1414,0.1416,0.1418,0.1415,0.1412,0.1420,0.1425
395.0000,0.1413,0.1417,0.1417,0.1415,0.1412,0.1424,0.1423
400.0000,0.1412,0.1418,0.1416,0.1414,0.1413,0.1426,0.1426
405.0000,0.1415,0.1417,0.1417,0.1413,0.1415,0.1427,0.1429
410.0000,0.1414,0.1418,0.1416,0.1414,0.1415,0.1432,0.1425
415.0000,0.1414,0.1419,0.1415,0.1413,0.1418,0.1431,0.1431
420.0000,0.1416,0.1417,0.1416,0.1412,0.1421,0.1431,0.1434
425.0000,0.1416,0.1417,0.1414,0.1413,0.1422,0.1436,0.1431
430.0000,0.1414,0.1418,0.1413,0.1414,0.1425,0.1436,0.1435
435.0000,0.1416,0.1416,0.1414,0.1414,0.1428,0.1437,0.1437
440.0000,0.1415,0.1417,0.1412,0.1416,0.1428,0.1440,0.1433
445.0000,0.1413,0.1417,0.1411,0.1418,0.1431,0.1440,0.1436
450.0000,0.1409,0.1419,0.1410,0.1420,0.1433,0.1440,0.1438
455.0000,0.1414,0.1416,0.1410,0.1422,0.1434,0.1444,0.1431
460.0000,0.1413,0.1416,0.1411,0.1424,0.1436,0.1442,0.1435
465.0000,0.1410,0.1416,0.1411,0.1426,0.1438,0.1441,0.1436
470.0000,0.1414,0.1414,0.1412,0.1428,0.1438,0.1444,0.1428
475.0000,0.1412,0.1414,0.1414,0.1430,0.1440,0.1440,0.1433
480.0000,0.1410,0.1415,0.1415,0.1432,0.1441,0.1438,0.1433
485.0000,0.1413,0.1413,0.1418,0.1433,0.1442,0.1436,0.1433
490.0000,0.1412,0.1415,0.1419,0.1436,0.1441,0.1437,0.1428
495.0000,0.1410,0.1417,0.1420,0.1438,0.1441,0.1434,0.1429
500.0000,0.1414,0.1416,0.1424,0.1439,0.1440,0.1432,0.1429
505.0000,0.1414,0.1418,0.1425,0.1441,0.1438,0.1433,0.1424
510.0000,0.1411,0.1422,0.1426,0.1442,0.1437,0.1431,0.1425
515.0000,0.1417,0.1421,0.1430,0.1442,0.1436,0.1428,0.1425
520.0000,0.1417,0.1423,0.1431,0.1443,0.1433,0.1429,0.1421
525.0000,0.1418,0.1425,0.1433,0.1443,0.1432,0.1427,0.1422
530.0000,0.1422,0.1425,0.1436,0.1442,0.1431,0.1425,0.1423
535.0000,0.1422,0.1428,0.1437,0.1442,0.1427,0.1427,0.1418
540.0000,0.1422,0.1431,0.1438,0.1441,0.1427,0.1424,0.1422
545.0000,0.1426,0.1431,0.1441,0.1439,0.1426,0.1423,0.1423
550.0000,0.1428,0.1434,0.1440,0.1438,0.1423,0.1426,0.1418
555.0000,0.1427,0.1437,0.1440,0.1437,0.1422,0.1425,0.1421
560.0000,0.1432,0.1436,0.1442,0.1434,0.1422,0.1424,0.1423
565.0000,0.1433,0.1438,0.1441,0.1433,0.1420,0.1427,0.1418
570.0000,0.1433,0.1439,0.1440,0.1431,0.1421,0.1426,0.1421
575.0000,0.1430,0.1443,0.1438,0.1430,0.1421,0.1426,0.1422
580.0000,0.1436,0.1441,0.1438,0.1428,0.1420,0.1429,0.1415
585.0000,0.1436,0.1441,0.1437,0.1426,0.1422,0.1426,0.1422
590.0000,0.1435,0.1442,0.1435,0.1425,0.1422,0.1425,0.1424
595.0000,0.1439,0.1439,0.1434,0.1423,0.1424,0.1425,0.1425
600.0000,0.1437,0.1440,0.1431,0.1424,0.1423,0.1427,0.1422
605.0000,0.1434,0.1440,0.1429,0.1423,0.1424,0.1426,0.1424
610.0000,0.1437,0.1437,0.1428,0.1423,0.1425,0.1425,0.1425
615.0000,0.1435,0.1437,0.1426,0.1424,0.1423,0.1428,0.1422
620.0000,0.1432,0.1437,0.1424,0.1424,0.1424,0.1427,0.1424
625.0000,0.1435,0.1433,0.1424,0.1423,0.1425,0.1426,0.1425
630.0000,0.1433,0.1432,0.1423,0.1424,0.1424,0.1428,0.1422
635.0000,0.1429,0.1432,0.1421,0.1425,0.1425,0.1427,0.1424
640.0000,0.1431,0.1428,0.1423,0.1424,0.1426,0.1426,0.1425
645.0000,0.1429,0.1427,0.1422,0.1425,0.1425,0.1428,0.1421
650.0000,0.1426,0.1427,0.1422,0.1426,0.1425,0.1427,0.1423
655.0000,0.1427,0.1424,0.1423,0.1425,0.1426,0.1426,0.1424
660.0000,0.1425,0.1425,0.1422,0.1426,0.1425,0.1428,0.1418
665.0000,0.1423,0.1425,0.1422,0.1426,0.1426,0.1426,0.1422
670.0000,0.1424,0.1423,0.1424,0.1426,0.1426,0.1425,0.1423
675.0000,0.1423,0.1424,0.1423,0.1427,0.1424,0.1427,0.1418
680.0000,0.1421,0.1425,0.1423,0.1427,0.1425,0.1426,0.1421
685.0000,0.1423,0.1423,0.1424,0.1427,0.1425,0.1424,0.1422
690.0000,0.1423,0.1424,0.1424,0.1428,0.1423,0.1426,0.1417
695.0000,0.1422,0.1425,0.1424,0.1428,0.1424,0.1425,0.1420
700.0000,0.1418,0.1427,0.1424,0.1428,0.1424,0.1424,0.1421
705.0000,0.1423,0.1424,0.1425,0.1428,0.1422,0.1426,0.1415
710.0000,0.1422,0.1425,0.1425,0.1427,0.1423,0.1424,0.1421
715.0000,0.1419,0.1427,0.1425,0.1427,0.1423,0.1423,0.1422
720.0000,0.1423,0.1425,0.1426,0.1426,0.1423,0.1423,0.1423
725.0000,0.1422,0.1426,0.1425,0.1427,0.1421,0.1425,0.1420
730.0000,0.1421,0.1427,0.1425,0.1426,0.1422,0.1424,0.1424
735.0000,0.1425,0.1425,0.1426,0.1425,0.1422,0.1424,0.1425
740.0000,0.1424,0.1426,0.1426,0.1425,0.1421,0.1426,0.1423
745.0000,0.1421,0.1428,0.1425,0.1425,0.1421,0.1426,0.1426
750.0000,0.1425,0.1426,0.1426,0.1424,0.1422,0.1426,0.1428
755.0000,0.1424,0.1427,0.1425,0.1424,0.1421,0.1429,0.1425
760.0000,0.1421,0.1428,0.1424,0.1424,0.1422,0.1429,0.1428
765.0000,0.1425,0.1426,0.1425,0.1423,0.1423,0.1429,0.1429
770.0000,0.1425,0.1426,0.1424,0.1423,0.1423,0.1432,0.1426
775.0000,0.1423,0.1427,0.1424,0.1423,0.1425,0.1432,0.1429
780.0000,0.1425,0.1425,0.1424,0.1422,0.1427,0.1431,0.1431
785.0000,0.1424,0.1426,0.1423,0.1423,0.1426,0.1434,0.1427
790.0000,0.1422,0.1427,0.1422,0.1423,0.1428,0.1433,0.1431
795.0000,0.1425,0.1425,0.1423,0.1423,0.1430,0.1432,0.1433
800.0000,0.1424,0.1425,0.1421,0.1425,0.1429,0.1435,0.1428
805.0000,0.1421,0.1426,0.1420,0.1426,0.1430,0.1435,0.1431
810.0000,0.1424,0.1424,0.1422,0.1426,0.1432,0.1434,0.1433
815.0000,0.1423,0.1424,0.1421,0.1428,0.1431,0.1437,0.1428
820.0000,0.1422,0.1424,0.1421,0.1428,0.1432,0.1435,0.1432
825.0000,0.1417,0.1426,0.1420,0.1430,0.1432,0.1435,0.1433
830.0000,0.1422,0.1423,0.1422,0.1431,0.1431,0.1438,0.1427
835.0000,0.1421,0.1424,0.1422,0.1431,0.1433,0.1436,0.1432
840.0000,0.1419,0.1424,0.1423,0.1432,0.1433,0.1436,0.1434
845.0000,0.1422,0.1422,0.1425,0.1432,0.1434,0.1435,0.1435
850.0000,0.1421,0.1424,0.1425,0.1433,0.1433,0.1437,0.1432
855.0000,0.1419,0.1425,0.1426,0.1434,0.1434,0.1436,0.1434
860.0000,0.1423,0.1424,0.1428,0.1433,0.1435,0.1436,0.1435
865.0000,0.1422,0.1425,0.1428,0.1435,0.1433,0.1438,0.1432
870.0000,0.1419,0.1428,0.1428,0.1435,0.1434,0.1437,0.1434
875.0000,0.1424,0.1426,0.1430,0.1434,0.1435,0.1436,0.1435
880.0000,0.1424,0.1428,0.1430,0.1435,0.1434,0.1439,0.1432
885.0000,0.1422,0.1430,0.1430,0.1436,0.1435,0.1438,0.1434
890.0000,0.1426,0.1429,0.1432,0.1435,0.1436,0.1436,0.1436
895.0000,0.1426,0.1430,0.1432,0.1436,0.1435,0.1438,0.1432
900.0000,0.1425,0.1431,0.1432,0.1436,0.1436,0.1437,0.1435
905.0000,0.1429,0.1430,0.1434,0.1435,0.1437,0.1436,0.1436
910.0000,0.1428,0.1433,0.1433,0.1437,0.1435,0.1439,0.1432
915.0000,0.1427,0.1434,0.1433,0.1437,0.1435,0.1437,0.1437
920.0000,0.1431,0.1433,0.1434,0.1436,0.1436,0.1437,0.1439
925.0000,0.1430,0.1434,0.1433,0.1438,0.1434,0.1440,0.1435
930.0000,0.1429,0.1435,0.1433,0.1438,0.1434,0.1440,0.1439
935.0000,0.1432,0.1433,0.1435,0.1437,0.1435,0.1440,0.1442
940.0000,0.1432,0.1434,0.1434,0.1438,0.1434,0.1444,0.1438
945.0000,0.1431,0.1435,0.1434,0.1438,0.1435,0.1444,0.1442
950.0000,0.1427,0.1437,0.1434,0.1437,0.1436,0.1444,0.1446
955.0000,0.1433,0.1435,0.1435,0.1437,0.1435,0.1448,0.1441
960.0000,0.1433,0.1433,0.1439,0.1432,0.1446,0.1428,0.1512
965.0000,0.1434,0.1432,0.1442,0.1428,0.1456,0.1411,0.1612
970.0000,0.1434,0.1433,0.1439,0.1432,0.1450,0.1422,0.1717
975.0000,0.1432,0.1438,0.1434,0.1439,0.1437,0.1455,0.1860
980.0000,0.1420,0.1452,0.1414,0.1463,0.1390,0.1569,0.1906
985.0000,0.1431,0.1450,0.1410,0.1473,0.1365,0.1677,0.2003
990.0000,0.1427,0.1453,0.1408,0.1475,0.1356,0.1796,0.2120
995.0000,0.1421,0.1452,0.1414,0.1468,0.1368,0.1924,0.2250
1000.0000,0.1435,0.1438,0.1431,0.1448,0.1406,0.2059,0.2386
1005.0000,0.1438,0.1429,0.1447,0.1426,0.1462,0.2213,0.2501
1010.0000,0.1451,0.1409,0.1478,0.1385,0.1573,0.2314,0.2757
1015.0000,0.1440,0.1409,0.1490,0.1360,0.1685,0.2456,0.2980
1020.0000,0.1450,0.1401,0.1499,0.1345,0.1806,0.2623,0.3203
1025.0000,0.1454,0.1402,0.1498,0.1341,0.1949,0.2785,0.3509
1030.0000,0.1438,0.1421,0.1475,0.1363,0.2091,0.2980,0.3845
1035.0000,0.1433,0.1439,0.1443,0.1409,0.2232,0.3215,0.4218
1040.0000,0.1408,0.1477,0.1387,0.1494,0.2346,0.3546,0.4483
1045.0000,0.1429,0.1479,0.1358,0.1574,0.2505,0.3857,0.4864
1050.0000,0.1417,0.1497,0.1322,0.1677,0.2670,0.4216,0.5249
1055.0000,0.1397,0.1507,0.1304,0.1783,0.2871,0.4582,0.5713
1060.0000,0.1433,0.1477,0.1318,0.1897,0.3085,0.5021,0.6094
1065.0000,0.1437,0.1454,0.1349,0.2015,0.3341,0.5473,0.6485
1070.0000,0.1461,0.1407,0.1424,0.2117,0.3671,0.5879,0.7025
1075.0000,0.1521,0.1346,0.1526,0.2224,0.4040,0.6304,0.7575
1080.0000,0.1466,0.1359,0.1599,0.2376,0.4408,0.6796,0.8066
1085.0000,0.1467,0.1368,0.1686,0.2550,0.4800,0.7326,0.8475
1090.0000,0.1431,0.1424,0.1769,0.2743,0.5250,0.7798,0.9013
1095.0000,0.1437,0.1487,0.1856,0.2967,0.5723,0.8280,0.9548
1100.0000,0.1432,0.1587,0.1930,0.3242,0.6190,0.8803,1.0035
1105.0000,0.1471,0.1681,0.2019,0.3553,0.6662,0.9360,1.0416
1110.0000,0.1557,0.1752,0.2152,0.3870,0.7194,0.9838,1.0875
1115.0000,0.1640,0.1836,0.2295,0.4231,0.7715,1.0343,1.1244
1120.0000,0.1693,0.1945,0.2462,0.4612,0.8271,1.0772,1.1699
1160.0000,0.2798,0.3356,0.4834,0.8552,1.2224,1.3243,1.3353
1165.0000,0.3032,0.3642,0.5258,0.9104,1.2573,1.3376,1.3366
1170.0000,0.3296,0.3945,0.5718,0.9643,1.2887,1.3449,1.3365
1175.0000,0.3586,0.4271,0.6203,1.0174,1.3141,1.3510,1.3276
1180.0000,0.3830,0.4671,0.6688,1.0691,1.3355,1.3503,1.3214
1185.0000,0.4189,0.5049,0.7218,1.1170,1.3531,1.3453,1.3116
1190.0000,0.4562,0.5453,0.7757,1.1625,1.3643,1.3398,1.2930
1195.0000,0.4963,0.5871,0.8316,1.2032,1.3728,1.3277,1.2781
1200.0000,0.5267,0.6377,0.8842,1.2418,1.3755,1.3132,1.2600
1205.0000,0.5741,0.6841,0.9389,1.2753,1.3731,1.2990,1.2328
1210.0000,0.6232,0.7302,0.9946,1.3022,1.3705,1.2751,1.2207
1215.0000,0.6723,0.7786,1.0472,1.3259,1.3612,1.2545,1.1977
1220.0000,0.7178,0.8302,1.0962,1.3457,1.3475,1.2331,1.1728
1225.0000,0.7587,0.8872,1.1388,1.3626,1.3289,1.2124,1.1449
1230.0000,0.8133,0.9356,1.1833,1.3713,1.3120,1.1846,1.1274
1235.0000,0.8641,0.9846,1.2227,1.3767,1.2899,1.1612,1.1027
1240.0000,0.9152,1.0313,1.2585,1.3774,1.2660,1.1380,1.0772
1245.0000,0.9511,1.0848,1.2850,1.3761,1.2391,1.1156,1.0516
1250.0000,1.0054,1.1254,1.3132,1.3670,1.2155,1.0883,1.0332
1255.0000,1.0539,1.1643,1.3355,1.3554,1.1887,1.0658,1.0095
1260.0000,1.1011,1.1980,1.3546,1.3393,1.1630,1.0422,0.9889
1265.0000,1.1404,1.2307,1.3675,1.3210,1.1368,1.0201,0.9676
1270.0000,1.1745,1.2624,1.3736,1.3015,1.1094,1.0007,0.9431
1275.0000,1.2074,1.2883,1.3765,1.2784,1.0855,0.9768,0.9302
1280.0000,1.2393,1.3091,1.3747,1.2547,1.0598,0.9588,0.9078
1285.0000,1.2615,1.3300,1.3659,1.2312,1.0339,0.9423,0.8830
1290.0000,1.2873,1.3405,1.3574,1.2039,1.0132,0.9202,0.8692
1295.0000,1.3076,1.3468,1.3452,1.1766,0.9926,0.9002,0.8517
1300.0000,1.3209,1.3509,1.3282,1.1505,0.9710,0.8833,0.8296
1305.0000,1.3266,1.3528,1.3081,1.1242,0.9525,0.8614,0.8202
1310.0000,1.3358,1.3463,1.2883,1.0971,0.9356,0.8392,0.8146
1315.0000,1.3379,1.3384,1.2645,1.0728,0.9158,0.8227,0.8060
1320.0000,1.3345,1.3283,1.2384,1.0504,0.8947,0.8101,0.7953
1325.0000,1.3231,1.3175,1.2099,1.0299,0.8723,0.8017,0.7820
1330.0000,1.3200,1.2981,1.1846,1.0081,0.8525,0.7935,0.7702
1335.0000,1.3054,1.2806,1.1573,0.9873,0.8341,0.7850,0.7624
1340.0000,1.2881,1.2607,1.1309,0.9666,0.8172,0.7782,0.7526
1345.0000,1.2765,1.2345,1.1083,0.9441,0.8040,0.7701,0.7440
1350.0000,1.2591,1.2091,1.0852,0.9227,0.7914,0.7645,0.7307
1355.0000,1.2357,1.1845,1.0630,0.9006,0.7836,0.7531,0.7282
1360.0000,1.2159,1.1577,1.0420,0.8793,0.7766,0.7433,0.7222
1365.0000,1.1923,1.1335,1.0195,0.8604,0.7690,0.7359,0.7129
1370.0000,1.1730,1.1066,0.9990,0.8417,0.7637,0.7260,0.7080
1375.0000,1.1473,1.0832,0.9767,0.8256,0.7578,0.7169,0.7031
1380.0000,1.1201,1.0630,0.9526,0.8128,0.7504,0.7097,0.6971
1385.0000,1.0911,1.0450,0.9273,0.8026,0.7418,0.7035,0.6907
1390.0000,1.0721,1.0219,0.9056,0.7926,0.7339,0.6976,0.6843
1395.0000,1.0490,1.0014,0.8836,0.7846,0.7249,0.6932,0.6764
1400.0000,1.0223,0.9826,0.8626,0.7773,0.7167,0.6871,0.6727
1405.0000,1.0059,0.9578,0.8468,0.7689,0.7095,0.6816,0.6675
1410.0000,0.9843,0.9364,0.8311,0.7618,0.7012,0.6782,0.6592
1415.0000,0.9688,0.9106,0.8209,0.7521,0.6965,0.6709,0.6577
1420.0000,0.9465,0.8895,0.8103,0.7437,0.6907,0.6657,0.6531
1425.0000,0.9244,0.8713,0.7998,0.7361,0.6843,0.6620,0.6460
1430.0000,0.9055,0.8535,0.7909,0.7279,0.6794,0.6565,0.6422
1435.0000,0.8858,0.8384,0.7821,0.7200,0.6749,0.6504,0.6396
1440.0000,0.8653,0.8276,0.7713,0.7141,0.6686,0.6472,0.6333
1445.0000,0.8479,0.8169,0.7617,0.7078,0.6634,0.6425,0.6302
1450.0000,0.8353,0.8048,0.7536,0.7011,0.6588,0.6378,0.6265
1455.0000,0.8241,0.7927,0.7461,0.6949,0.6536,0.6348,0.6195
1460.0000,0.8101,0.7835,0.7380,0.6888,0.6496,0.6293,0.6192
1465.0000,0.7961,0.7754,0.7297,0.6835,0.6448,0.6254,0.6160
1470.0000,0.7884,0.7650,0.7231,0.6777,0.6406,0.6215,0.6127
1475.0000,0.7792,0.7559,0.7162,0.6725,0.6359,0.6188,0.6077
1480.0000,0.7673,0.7487,0.7091,0.6674,0.6319,0.6146,0.6060
1485.0000,0.7604,0.7396,0.7033,0.6620,0.6281,0.6110,0.6032
1490.0000,0.7508,0.7329,0.6963,0.6576,0.6235,0.6089,0.5985
1495.0000,0.7426,0.7256,0.6904,0.6528,0.6199,0.6054,0.5961
1500.0000,0.7364,0.7172,0.6855,0.6475,0.6171,0.6015,0.5944
1505.0000,0.7280,0.7110,0.6795,0.6434,0.6131,0.5994,0.5902
1510.0000,0.7196,0.7051,0.6738,0.6391,0.6098,0.5962,0.5883
1515.0000,0.7142,0.6979,0.6691,0.6345,0.6070,0.5931,0.5861
1520.0000,0.7078,0.6917,0.6639,0.6306,0.6034,0.5913,0.5815
1525.0000,0.6999,0.6865,0.6587,0.6266,0.6008,0.5878,0.5812
1530.0000,0.6949,0.6802,0.6543,0.6226,0.5980,0.5850,0.5792
1535.0000,0.6882,0.6756,0.6488,0.6195,0.5944,0.5838,0.5751
1540.0000,0.6820,0.6706,0.6441,0.6160,0.5917,0.5812,0.5737
1545.0000,0.6778,0.6645,0.6403,0.6122,0.5896,0.5781,0.5728
1550.0000,0.6718,0.6601,0.6356,0.6093,0.5863,0.5771,0.5688
1555.0000,0.6666,0.6551,0.6315,0.6060,0.5840,0.5746,0.5677
1560.0000,0.6623,0.6495,0.6282,0.6025,0.5822,0.5718,0.5669
1565.0000,0.6567,0.6455,0.6240,0.5998,0.5793,0.5709,0.5633
1570.0000,0.6511,0.6416,0.6200,0.5970,0.5771,0.5687,0.5623
1575.0000,0.6458,0.6376,0.6163,0.5942,0.5750,0.5666,0.5608
1580.0000,0.6432,0.6325,0.6133,0.5915,0.5726,0.5659,0.5561
1585.0000,0.6379,0.6289,0.6099,0.5887,0.5711,0.5630,0.5569
1590.0000,0.6322,0.6259,0.6062,0.5863,0.5692,0.5610,0.5556
1595.0000,0.6301,0.6212,0.6036,0.5835,0.5676,0.5589,0.5541
1600.0000,0.6262,0.6178,0.6003,0.5815,0.5653,0.5579,0.5509
1605.0000,0.6211,0.6149,0.5972,0.5792,0.5639,0.5553,0.5507
1610.0000,0.6190,0.6105,0.5949,0.5766,0.5624,0.5531,0.5499
1615.0000,0.6149,0.6078,0.5917,0.5749,0.5601,0.5522,0.5475
1620.0000,0.6109,0.6049,0.5889,0.5729,0.5585,0.5501,0.5480
1625.0000,0.6090,0.6009,0.5869,0.5706,0.5571,0.5480,0.5490
1630.0000,0.6052,0.5985,0.5840,0.5692,0.5546,0.5477,0.5486
1635.0000,0.6011,0.5961,0.5814,0.5673,0.5529,0.5461,0.5530
1640.0000,0.5994,0.5925,0.5796,0.5652,0.5514,0.5450,0.5591
1645.0000,0.5963,0.5901,0.5770,0.5639,0.5486,0.5469,0.5647
1650.0000,0.5924,0.5882,0.5744,0.5625,0.5462,0.5496,0.5738
1655.0000,0.5910,0.5849,0.5729,0.5605,0.5445,0.5529,0.5871
1660.0000,0.5880,0.5830,0.5705,0.5592,0.5419,0.5604,0.6010
1665.0000,0.5850,0.5808,0.5687,0.5571,0.5411,0.5680,0.6246
1670.0000,0.5836,0.5780,0.5669,0.5556,0.5391,0.5828,0.6442
1675.0000,0.5807,0.5762,0.5648,0.5539,0.5388,0.6003,0.6683
1680.0000,0.5779,0.5743,0.5633,0.5514,0.5413,0.6194,0.7013
1685.0000,0.5744,0.5728,0.5615,0.5491,0.5450,0.6446,0.7339
1690.0000,0.5744,0.5695,0.5607,0.5463,0.5517,0.6743,0.7684
1695.0000,0.5722,0.5671,0.5602,0.5426,0.5641,0.7028,0.8203
1700.0000,0.5701,0.5650,0.5590,0.5399,0.5787,0.7382,0.8740
1705.0000,0.5689,0.5628,0.5572,0.5389,0.5954,0.7818,0.9280
1710.0000,0.5662,0.5620,0.5538,0.5403,0.6140,0.8351,0.9720
1715.0000,0.5635,0.5605,0.5518,0.5409,0.6419,0.8845,1.0348
1720.0000,0.5628,0.5582,0.5499,0.5433,0.6746,0.9388,1.0990
1725.0000,0.5607,0.5569,0.5468,0.5493,0.7107,1.0000,1.1613
1730.0000,0.5570,0.5569,0.5426,0.5594,0.7496,1.0695,1.2100
1735.0000,0.5573,0.5536,0.5419,0.5692,0.8001,1.1310,1.2711
1740.0000,0.5550,0.5524,0.5400,0.5848,0.8527,1.1986,1.3207
1745.0000,0.5536,0.5500,0.5409,0.6023,0.9149,1.2577,1.3811
1750.0000,0.5526,0.5482,0.5418,0.6262,0.9779,1.3216,1.4236
1790.0000,0.5540,0.5831,0.6366,1.0177,1.5099,1.5903,1.5527
1795.0000,0.5664,0.5934,0.6698,1.0868,1.5574,1.5857,1.5446
1800.0000,0.5765,0.6095,0.7069,1.1594,1.5929,1.5789,1.5241
1805.0000,0.5911,0.6272,0.7519,1.2309,1.6205,1.5629,1.5057
1810.0000,0.6011,0.6530,0.8007,1.3022,1.6368,1.5426,1.4837
1815.0000,0.6248,0.6786,0.8575,1.3698,1.6429,1.5199,1.4572
1820.0000,0.6481,0.7108,0.9189,1.4330,1.6389,1.4955,1.4255
1825.0000,0.6676,0.7519,0.9828,1.4906,1.6258,1.4689,1.3919
1830.0000,0.7060,0.7911,1.0538,1.5389,1.6063,1.4411,1.3540
1835.0000,0.7471,0.8340,1.1289,1.5762,1.5849,1.4040,1.3356
1840.0000,0.7910,0.8827,1.2031,1.6059,1.5549,1.3736,1.3045
1845.0000,0.8333,0.9387,1.2749,1.6266,1.5207,1.3442,1.2732
1850.0000,0.8762,1.0022,1.3412,1.6389,1.4829,1.3167,1.2406
1855.0000,0.9379,1.0590,1.4090,1.6379,1.4491,1.2827,1.2221
1860.0000,0.9912,1.1232,1.4670,1.6311,1.4112,1.2554,1.1975
1865.0000,1.0522,1.1848,1.5192,1.6160,1.3738,1.2307,1.1721
1870.0000,1.0977,1.2562,1.5571,1.5970,1.3362,1.2074,1.1500
1875.0000,1.1634,1.3157,1.5913,1.5692,1.3040,1.1813,1.1356
1880.0000,1.2266,1.3715,1.6153,1.5385,1.2709,1.1620,1.1155
1885.0000,1.2861,1.4225,1.6303,1.5041,1.2414,1.1420,1.1015
1890.0000,1.3407,1.4682,1.6358,1.4678,1.2141,1.1241,1.0877
1895.0000,1.3838,1.5137,1.6283,1.4334,1.1861,1.1117,1.0691
1900.0000,1.4307,1.5451,1.6174,1.3957,1.1649,1.0941,1.0642
1905.0000,1.4741,1.5665,1.6007,1.3586,1.1447,1.0809,1.0541
1910.0000,1.5068,1.5823,1.5766,1.3240,1.1252,1.0714,1.0406
1915.0000,1.5275,1.5930,1.5468,1.2910,1.1086,1.0604,1.0327
1920.0000,1.5506,1.5905,1.5168,1.2581,1.0959,1.0483,1.0279
1925.0000,1.5617,1.5843,1.4819,1.2295,1.0819,1.0411,1.0171
1930.0000,1.5621,1.5740,1.4446,1.2034,1.0700,1.0326,1.0110
1935.0000,1.5559,1.5578,1.4071,1.1795,1.0596,1.0246,1.0047
1940.0000,1.5551,1.5309,1.3728,1.1569,1.0500,1.0190,0.9932
1945.0000,1.5402,1.5045,1.3377,1.1366,1.0428,1.0093,0.9931
1950.0000,1.5213,1.4749,1.3039,1.1189,1.0351,1.0023,0.9883
1955.0000,1.5024,1.4412,1.2729,1.1031,1.0272,0.9977,0.9795
1960.0000,1.4728,1.4112,1.2417,1.0897,1.0203,0.9906,0.9785
1965.0000,1.4400,1.3814,1.2121,1.0784,1.0126,0.9858,0.9742
1970.0000,1.4164,1.3463,1.1879,1.0670,1.0064,0.9807,0.9701
1975.0000,1.3895,1.3123,1.1658,1.0569,0.9997,0.9774,0.9637
1980.0000,1.3535,1.2840,1.1442,1.0481,0.9940,0.9721,0.9624
1985.0000,1.3266,1.2529,1.1269,1.0390,0.9889,0.9676,0.9597
1990.0000,1.2950,1.2275,1.1092,1.0322,0.9823,0.9657,0.9543
1995.0000,1.2698,1.2001,1.0958,1.0240,0.9781,0.9615,0.9530
2000.0000,1.2436,1.1754,1.0840,1.0162,0.9743,0.9574,0.9519
2005.0000,1.2157,1.1556,1.0714,1.0102,0.9691,0.9560,0.9476
2010.0000,1.1889,1.1384,1.0599,1.0043,0.9650,0.9532,0.9470
2015.0000,1.1697,1.1198,1.0510,0.9978,0.9618,0.9505,0.9462
2020.0000,1.1509,1.1035,1.0423,0.9923,0.9577,0.9503,0.9418
2025.0000,1.1296,1.0910,1.0334,0.9870,0.9550,0.9475,0.9434
2030.0000,1.1151,1.0771,1.0265,0.9815,0.9528,0.9457,0.9434
2035.0000,1.0990,1.0669,1.0182,0.9776,0.9491,0.9466,0.9394
2040.0000,1.0858,1.0561,1.0117,0.9728,0.9476,0.9447,0.9415
2045.0000,1.0748,1.0452,1.0062,0.9679,0.9466,0.9430,0.9431
2050.0000,1.0621,1.0376,0.9992,0.9648,0.9439,0.9445,0.9404
2055.0000,1.0506,1.0301,0.9931,0.9613,0.9429,0.9438,0.9431
2060.0000,1.0405,1.0227,0.9876,0.9580,0.9422,0.9433,0.9455
2065.0000,1.0346,1.0141,0.9831,0.9551,0.9407,0.9458,0.9429
2070.0000,1.0248,1.0083,0.9779,0.9524,0.9407,0.9452,0.9484
2075.0000,1.0147,1.0035,0.9726,0.9504,0.9405,0.9460,0.9525
2080.0000,1.0109,0.9963,0.9687,0.9486,0.9395,0.9498,0.9516
2085.0000,1.0041,0.9909,0.9649,0.9467,0.9403,0.9506,0.9591
2090.0000,0.9956,0.9869,0.9605,0.9457,0.9403,0.9541,0.9626
2095.0000,0.9929,0.9804,0.9581,0.9441,0.9412,0.9578,0.9657
2100.0000,0.9871,0.9761,0.9547,0.9435,0.9416,0.9633,0.9660
2105.0000,0.9800,0.9726,0.9520,0.9425,0.9440,0.9665,0.9700
2110.0000,0.9780,0.9668,0.9511,0.9407,0.9480,0.9686,0.9747
2115.0000,0.9728,0.9638,0.9486,0.9407,0.9505,0.9737,0.9748
2120.0000,0.9679,0.9607,0.9471,0.9401,0.9553,0.9750,0.9816
2125.0000,0.9660,0.9564,0.9463,0.9399,0.9599,0.9773,0.9862
2130.0000,0.9618,0.9545,0.9442,0.9413,0.9632,0.9817,0.9880
2135.0000,0.9572,0.9531,0.9423,0.9430,0.9672,0.9844,0.9936
2140.0000,0.9561,0.9502,0.9414,0.9450,0.9712,0.9876,0.9981
2145.0000,0.9528,0.9495,0.9394,0.9486,0.9735,0.9932,0.9993
2150.0000,0.9488,0.9491,0.9379,0.9521,0.9768,0.9970,1.0035
2155.0000,0.9493,0.9463,0.9386,0.9550,0.9807,1.0004,1.0072
2160.0000,0.9470,0.9458,0.9382,0.9594,0.9829,1.0065,1.0061
2165.0000,0.9443,0.9453,0.9390,0.9629,0.9868,1.0095,1.0098
2170.0000,0.9453,0.9428,0.9419,0.9656,0.9916,1.0117,1.0124
2175.0000,0.9441,0.9424,0.9439,0.9695,0.9947,1.0164,1.0088
2180.0000,0.9434,0.9418,0.9473,0.9722,1.0000,1.0168,1.0119
2185.0000,0.9417,0.9424,0.9504,0.9754,1.0047,1.0174,1.0124
2190.0000,0.9434,0.9423,0.9540,0.9791,1.0080,1.0200,1.0060
2195.0000,0.9429,0.9442,0.9573,0.9824,1.0127,1.0179,1.0074
2200.0000,0.9412,0.9476,0.9598,0.9866,1.0160,1.0162,1.0051
2205.0000,0.9447,0.9491,0.9634,0.9905,1.0190,1.0138,1.0013
2210.0000,0.9440,0.9540,0.9649,0.9959,1.0196,1.0126,0.9934
2215.0000,0.9445,0.9579,0.9676,1.0004,1.0211,1.0076,0.9895
2220.0000,0.9506,0.9590,0.9720,1.0042,1.0218,1.0024,0.9826
2225.0000,0.9532,0.9622,0.9753,1.0088,1.0203,0.9981,0.9720
2230.0000,0.9551,0.9653,0.9795,1.0121,1.0196,0.9894,0.9669
2235.0000,0.9601,0.9670,0.9843,1.0152,1.0169,0.9823,0.9568
2240.0000,0.9623,0.9708,0.9882,1.0186,1.0123,0.9753,0.9439
2245.0000,0.9623,0.9760,0.9916,1.0212,1.0072,0.9662,0.9320
2250.0000,0.9688,0.9776,0.9975,1.0215,1.0031,0.9534,0.9231
2255.0000,0.9721,0.9815,1.0015,1.0225,0.9958,0.9433,0.9090
2260.0000,0.9749,0.9856,1.0056,1.0222,0.9881,0.9312,0.8968
2265.0000,0.9800,0.9885,1.0101,1.0208,0.9796,0.9186,0.8831
2270.0000,0.9825,0.9935,1.0127,1.0194,0.9687,0.9073,0.8657
2275.0000,0.9858,0.9975,1.0160,1.0157,0.9594,0.8910,0.8579
2280.0000,0.9912,1.0003,1.0188,1.0115,0.9478,0.8774,0.8444
2285.0000,0.9946,1.0042,1.0201,1.0068,0.9344,0.8650,0.8289
2290.0000,0.9961,1.0089,1.0202,1.0011,0.9209,0.8515,0.8158
2295.0000,1.0017,1.0103,1.0214,0.9930,0.9085,0.8356,0.8070
2300.0000,1.0048,1.0130,1.0203,0.9852,0.8934,0.8235,0.7938
2305.0000,1.0066,1.0154,1.0183,0.9761,0.8785,0.8108,0.7835
2310.0000,1.0055,1.0183,1.0148,0.9662,0.8636,0.7986,0.7743
2315.0000,1.0115,1.0169,1.0120,0.9548,0.8482,0.7888,0.7619
2320.0000,1.0127,1.0163,1.0079,0.9420,0.8349,0.7755,0.7622
2325.0000,1.0116,1.0159,1.0019,0.9294,0.8203,0.7664,0.7588
2330.0000,1.0138,1.0126,0.9959,0.9155,0.8066,0.7586,0.7575
2335.0000,1.0119,1.0105,0.9875,0.9020,0.7923,0.7541,0.7566
2340.0000,1.0085,1.0075,0.9783,0.8876,0.7799,0.7494,0.7626
2345.0000,1.0083,1.0015,0.9691,0.8725,0.7685,0.7479,0.7704
2350.0000,1.0038,0.9967,0.9575,0.8584,0.7570,0.7508,0.7795
2355.0000,0.9970,0.9916,0.9448,0.8443,0.7470,0.7567,0.7907
2360.0000,0.9949,0.9818,0.9337,0.8286,0.7410,0.7630,0.8090
2365.0000,0.9878,0.9738,0.9201,0.8146,0.7352,0.7753,0.8271
2370.0000,0.9813,0.9634,0.9072,0.8000,0.7334,0.7884,0.8540
2375.0000,0.9743,0.9520,0.8934,0.7870,0.7322,0.8097,0.8754
2380.0000,0.9634,0.9419,0.8783,0.7750,0.7345,0.8334,0.8997
2385.0000,0.9516,0.9310,0.8635,0.7633,0.7419,0.8571,0.9322
2390.0000,0.9432,0.9171,0.8499,0.7523,0.7536,0.8836,0.9663
2395.0000,0.9330,0.9033,0.8356,0.7438,0.7674,0.9157,0.9968
2400.0000,0.9185,0.8915,0.8200,0.7383,0.7842,0.9515,1.0220
2405.0000,0.9077,0.8766,0.8071,0.7330,0.8084,0.9832,1.0545
2410.0000,0.8938,0.8640,0.7924,0.7323,0.8334,1.0201,1.0772
2415.0000,0.8822,0.8490,0.7807,0.7326,0.8657,1.0504,1.1096
2420.0000,0.8692,0.8349,0.7691,0.7374,0.8991,1.0832,1.1310
2425.0000,0.8544,0.8229,0.7572,0.7470,0.9336,1.1160,1.1435
2430.0000,0.8398,0.8110,0.7477,0.7591,0.9732,1.1391,1.1671
2435.0000,0.8275,0.7986,0.7404,0.7754,1.0131,1.1597,1.1845
2440.0000,0.8165,0.7869,0.7347,0.7972,1.0501,1.1814,1.1889
2445.0000,0.8018,0.7788,0.7304,0.8231,1.0870,1.1958,1.1962
2450.0000,0.7878,0.7720,0.7291,0.8528,1.1219,1.2052,1.2004
2455.0000,0.7819,0.7631,0.7330,0.8850,1.1539,1.2107,1.1997
2460.0000,0.7727,0.7585,0.7391,0.9213,1.1800,1.2146,1.1919
2465.0000,0.7624,0.7568,0.7494,0.9588,1.2031,1.2115,1.1863
2470.0000,0.7612,0.7534,0.7660,0.9965,1.2214,1.2056,1.1762
2475.0000,0.7572,0.7557,0.7853,1.0353,1.2330,1.1981,1.1618
2480.0000,0.7561,0.7599,0.8098,1.0721,1.2412,1.1846,1.1524
2485.0000,0.7598,0.7661,0.8387,1.1074,1.2427,1.1721,1.1370
2490.0000,0.7641,0.7771,0.8705,1.1401,1.2391,1.1582,1.1209
2495.0000,0.7670,0.7943,0.9037,1.1699,1.2307,1.1435,1.1039
2500.0000,0.7810,0.8107,0.9417,1.1935,1.2205,1.1255,1.0911
2505.0000,0.7969,0.8310,0.9805,1.2131,1.2057,1.1098,1.0756
2510.0000,0.8153,0.8547,1.0196,1.2275,1.1887,1.0943,1.0609
2515.0000,0.8344,0.8826,1.0574,1.2369,1.1697,1.0796,1.0462
2520.0000,0.8540,0.9156,1.0916,1.2424,1.1482,1.0676,1.0284
2525.0000,0.8829,0.9456,1.1266,1.2403,1.1301,1.0509,1.0220
2530.0000,0.9107,0.9783,1.1569,1.2348,1.1103,1.0383,1.0107
2535.0000,0.9417,1.0101,1.1837,1.2253,1.0906,1.0285,0.9964
2540.0000,0.9660,1.0466,1.2032,1.2133,1.0724,1.0173,0.9877
2545.0000,0.9997,1.0771,1.2206,1.1967,1.0575,1.0048,0.9826
2550.0000,1.0322,1.1058,1.2320,1.1794,1.0416,0.9973,0.9710
2555.0000,1.0619,1.1326,1.2382,1.1604,1.0284,0.9880,0.9652
2560.0000,1.0795,1.1619,1.2362,1.1423,1.0155,0.9801,0.9586
2565.0000,1.1121,1.1798,1.2331,1.1230,1.0037,0.9750,0.9459
2570.0000,1.1367,1.1950,1.2259,1.1031,0.9958,0.9648,0.9465
2575.0000,1.1555,1.2069,1.2144,1.0850,0.9873,0.9578,0.9419
2580.0000,1.1749,1.2120,1.2013,1.0672,0.9802,0.9510,0.9370
2585.0000,1.1838,1.2175,1.1833,1.0525,0.9718,0.9468,0.9293
2590.0000,1.1917,1.2166,1.1654,1.0378,0.9661,0.9396,0.9277
2595.0000,1.2004,1.2095,1.1479,1.0242,0.9604,0.9341,0.9237
2600.0000,1.2002,1.2022,1.1281,1.0132,0.9537,0.9305,0.9177
2605.0000,1.1944,1.1931,1.1083,1.0033,0.9477,0.9261,0.9140
2610.0000,1.1931,1.1773,1.0917,0.9929,0.9434,0.9206,0.9115
2615.0000,1.1836,1.1633,1.0738,0.9851,0.9374,0.9179,0.9059
2620.0000,1.1737,1.1467,1.0582,0.9771,0.9328,0.9136,0.9033
2625.0000,1.1630,1.1283,1.0446,0.9693,0.9289,0.9090,0.9010
2630.0000,1.1472,1.1127,1.0303,0.9634,0.9235,0.9068,0.8958
2635.0000,1.1300,1.0974,1.0173,0.9577,0.9191,0.9033,0.8932
2640.0000,1.1172,1.0800,1.0071,0.9515,0.9154,0.8997,0.8903
2645.0000,1.1032,1.0636,0.9975,0.9461,0.9110,0.8981,0.8837
2650.0000,1.0853,1.0503,0.9881,0.9408,0.9080,0.8934,0.8836
2655.0000,1.0720,1.0359,0.9806,0.9354,0.9051,0.8896,0.8813
2660.0000,1.0568,1.0246,0.9721,0.9315,0.9006,0.8883,0.8751
2665.0000,1.0441,1.0127,0.9655,0.9267,0.8980,0.8843,0.8738
2670.0000,1.0324,1.0012,0.9599,0.9219,0.8957,0.8800,0.8727
2675.0000,1.0192,0.9930,0.9529,0.9186,0.8915,0.8785,0.8672
2680.0000,1.0070,0.9852,0.9467,0.9150,0.8884,0.8752,0.8658
2685.0000,0.9964,0.9774,0.9412,0.9114,0.8854,0.8720,0.8636
2690.0000,0.9900,0.9685,0.9368,0.9079,0.8817,0.8710,0.8567
2695.0000,0.9798,0.9624,0.9318,0.9043,0.8793,0.8666,0.8579
2700.0000,0.9697,0.9572,0.9267,0.9013,0.8762,0.8637,0.8559
2705.0000,0.9655,0.9497,0.9234,0.8975,0.8737,0.8607,0.8537
2710.0000,0.9587,0.9443,0.9191,0.8947,0.8701,0.8594,0.8489
2715.0000,0.9502,0.9400,0.9149,0.8914,0.8678,0.8557,0.8486
2720.0000,0.9469,0.9336,0.9121,0.8878,0.8655,0.8528,0.8467
2725.0000,0.9406,0.9297,0.9080,0.8852,0.8619,0.8517,0.8423
2730.0000,0.9349,0.9255,0.9045,0.8821,0.8595,0.8488,0.8409
2735.0000,0.9320,0.9199,0.9021,0.8784,0.8577,0.8455,0.8399
2740.0000,0.9264,0.9167,0.8982,0.8760,0.8544,0.8444,0.8357
2745.0000,0.9203,0.9139,0.8944,0.8733,0.8519,0.8418,0.8346
2750.0000,0.9182,0.9091,0.8920,0.8699,0.8501,0.8388,0.8335
2755.0000,0.9139,0.9060,0.8883,0.8676,0.8470,0.8378,0.8296
2760.0000,0.9088,0.9032,0.8849,0.8650,0.8447,0.8354,0.8284
2765.0000,0.9070,0.8987,0.8825,0.8619,0.8428,0.8329,0.8269
2770.0000,0.9032,0.8957,0.8791,0.8597,0.8397,0.8325,0.8217
2775.0000,0.8985,0.8930,0.8761,0.8569,0.8382,0.8291,0.8225
2780.0000,0.8967,0.8887,0.8739,0.8539,0.8365,0.8265,0.8213
2785.0000,0.8929,0.8862,0.8704,0.8520,0.8335,0.8261,0.8166
2790.0000,0.8889,0.8836,0.8675,0.8496,0.8317,0.8236,0.8161
2795.0000,0.8872,0.8795,0.8655,0.8467,0.8304,0.8206,0.8156
2800.0000,0.8836,0.8771,0.8622,0.8449,0.8275,0.8202,0.8112
2805.0000,0.8796,0.8747,0.8593,0.8427,0.8257,0.8178,0.8108
2810.0000,0.8748,0.8728,0.8563,0.8406,0.8238,0.8156,0.8096
2815.0000,0.8749,0.8685,0.8543,0.8385,0.8212,0.8155,0.8038
2820.0000,0.8711,0.8662,0.8518,0.8361,0.8200,0.8121,0.8056
2825.0000,0.8667,0.8642,0.8490,0.8342,0.8181,0.8101,0.8046
2830.0000,0.8663,0.8603,0.8474,0.8317,0.8166,0.8080,0.8031
2835.0000,0.8631,0.8581,0.8446,0.8301,0.8140,0.8076,0.7993
2840.0000,0.8587,0.8563,0.8421,0.8280,0.8126,0.8049,0.7993
2845.0000,0.8584,0.8524,0.8407,0.8256,0.8113,0.8027,0.7981
2850.0000,0.8552,0.8506,0.8381,0.8241,0.8088,0.8022,0.7944
2855.0000,0.8516,0.8488,0.8357,0.8221,0.8072,0.7999,0.7938
2860.0000,0.8511,0.8451,0.8345,0.8196,0.8062,0.7973,0.7932
2865.0000,0.8480,0.8434,0.8319,0.8182,0.8038,0.7967,0.7898
2870.0000,0.8443,0.8419,0.8295,0.8165,0.8021,0.7947,0.7892
2875.0000,0.8438,0.8387,0.8281,0.8143,0.8007,0.7927,0.7881
2880.0000,0.8411,0.8370,0.8256,0.8131,0.7981,0.7926,0.7837
2885.0000,0.8378,0.8354,0.8235,0.8111,0.7969,0.7898,0.7847
2890.0000,0.8373,0.8323,0.8222,0.8090,0.7956,0.7879,0.7838
2895.0000,0.8347,0.8306,0.8198,0.8077,0.7930,0.7879,0.7796
2900.0000,0.8314,0.8291,0.8178,0.8059,0.7918,0.7854,0.7804
2905.0000,0.8309,0.8261,0.8166,0.8037,0.7906,0.7836,0.7796
2910.0000,0.8284,0.8247,0.8143,0.8025,0.7881,0.7837,0.7755
2915.0000,0.8256,0.8231,0.8124,0.8007,0.7868,0.7818,0.7753
2920.0000,0.8251,0.8201,0.8114,0.7984,0.7860,0.7794,0.7752
2925.0000,0.8227,0.8187,0.8092,0.7971,0.7838,0.7794,0.7711
2930.0000,0.8200,0.8172,0.8073,0.7954,0.7827,0.7774,0.7710
2935.0000,0.8161,0.8164,0.8051,0.7938,0.7814,0.7756,0.7702
2940.0000,0.8171,0.8132,0.8038,0.7922,0.7795,0.7757,0.7649
2945.0000,0.8144,0.8118,0.8020,0.7904,0.7789,0.7727,0.7667
2950.0000,0.8111,0.8108,0.7999,0.7890,0.7775,0.7708,0.7659
2955.0000,0.8115,0.8078,0.7988,0.7871,0.7765,0.7689,0.7647
2960.0000,0.8092,0.8066,0.7966,0.7862,0.7744,0.7686,0.7613
2965.0000,0.8060,0.8054,0.7947,0.7847,0.7733,0.7661,0.7615
2970.0000,0.8064,0.8024,0.7937,0.7830,0.7722,0.7642,0.7605
2975.0000,0.8039,0.8013,0.7916,0.7821,0.7699,0.7638,0.7572
2980.0000,0.8008,0.8003,0.7896,0.7808,0.7684,0.7620,0.7568
2985.0000,0.8012,0.7972,0.7890,0.7789,0.7675,0.7597,0.7565
2990.0000,0.7989,0.7960,0.7871,0.7779,0.7652,0.7594,0.7536
2995.0000,0.7963,0.7948,0.7855,0.7765,0.7637,0.7576,0.7536
3000.0000,0.7961,0.7922,0.7847,0.7747,0.7625,0.7559,0.7533
3005.0000,0.7941,0.7909,0.7829,0.7736,0.7602,0.7562,0.7498
3010.0000,0.7915,0.7898,0.7815,0.7719,0.7591,0.7541,0.7516
3015.0000,0.7913,0.7874,0.7808,0.7700,0.7581,0.7526,0.7523
3020.0000,0.7892,0.7865,0.7789,0.7689,0.7558,0.7533,0.7500
3025.0000,0.7868,0.7855,0.7773,0.7672,0.7549,0.7519,0.7528
3030.0000,0.7867,0.7832,0.7765,0.7653,0.7540,0.7512,0.7550
3035.0000,0.7848,0.7823,0.7745,0.7642,0.7518,0.7529,0.7545
3040.0000,0.7824,0.7814,0.7728,0.7626,0.7511,0.7527,0.7600
3045.0000,0.7824,0.7790,0.7720,0.7607,0.7506,0.7535,0.7653
3050.0000,0.7805,0.7780,0.7699,0.7597,0.7489,0.7571,0.7683
3055.0000,0.7784,0.7769,0.7682,0.7582,0.7485,0.7595,0.7775
3060.0000,0.7750,0.7764,0.7662,0.7570,0.7483,0.7635,0.7876
3065.0000,0.7763,0.7736,0.7651,0.7557,0.7477,0.7709,0.7952
3070.0000,0.7740,0.7726,0.7633,0.7545,0.7483,0.7781,0.8082
3075.0000,0.7712,0.7716,0.7617,0.7532,0.7501,0.7864,0.8239
3080.0000,0.7720,0.7688,0.7610,0.7515,0.7529,0.7968,0.8410
3085.0000,0.7700,0.7676,0.7592,0.7508,0.7557,0.8110,0.8579
3090.0000,0.7670,0.7668,0.7574,0.7503,0.7598,0.8272,0.8753
3095.0000,0.7676,0.7639,0.7571,0.7488,0.7673,0.8431,0.8977
3100.0000,0.7656,0.7628,0.7555,0.7489,0.7749,0.8634,0.9178
3105.0000,0.7632,0.7616,0.7543,0.7487,0.7859,0.8829,0.9444
3110.0000,0.7632,0.7594,0.7533,0.7498,0.7974,0.9075,0.9650
3115.0000,0.7612,0.7586,0.7517,0.7519,0.8113,0.9333,0.9847
3120.0000,0.7589,0.7575,0.7508,0.7542,0.8295,0.9564,1.0112
3125.0000,0.7589,0.7554,0.7506,0.7574,0.8502,0.9800,1.0364
3130.0000,0.7573,0.7547,0.7493,0.7635,0.8710,1.0073,1.0549
3135.0000,0.7551,0.7544,0.7484,0.7711,0.8945,1.0329,1.0728
3140.0000,0.7553,0.7527,0.7491,0.7796,0.9213,1.0549,1.0918
3145.0000,0.7538,0.7528,0.7488,0.7919,0.9470,1.0795,1.1010
3150.0000,0.7520,0.7530,0.7499,0.8054,0.9758,1.0975,1.1150
3155.0000,0.7529,0.7519,0.7531,0.8205,1.0061,1.1113,1.1280
3160.0000,0.7521,0.7530,0.7557,0.8398,1.0330,1.1269,1.1305
3165.0000,0.7507,0.7550,0.7600,0.8610,1.0605,1.1357,1.1386
3170.0000,0.7529,0.7559,0.7666,0.8843,1.0856,1.1428,1.1408
3175.0000,0.7532,0.7596,0.7737,0.9107,1.1066,1.1494,1.1358
3180.0000,0.7541,0.7637,0.7837,0.9378,1.1264,1.1500,1.1349
3185.0000,0.7527,0.7705,0.7953,0.9663,1.1422,1.1485,1.1304
3190.0000,0.7609,0.7745,0.8111,0.9949,1.1537,1.1469,1.1185
3195.0000,0.7652,0.7821,0.8291,1.0226,1.1632,1.1388,1.1148
3200.0000,0.7703,0.7914,0.8495,1.0498,1.1681,1.1310,1.1055
3205.0000,0.7804,0.8005,0.8734,1.0748,1.1696,1.1217,1.0949
3210.0000,0.7879,0.8143,0.8977,1.0987,1.1666,1.1127,1.0815
3215.0000,0.7998,0.8280,0.9253,1.1183,1.1627,1.0994,1.0741
3220.0000,0.8135,0.8437,0.9539,1.1354,1.1549,1.0882,1.0628
3225.0000,0.8281,0.8621,0.9825,1.1493,1.1443,1.0776,1.0507
3230.0000,0.8401,0.8853,1.0094,1.1603,1.1318,1.0668,1.0394
3235.0000,0.8607,0.9064,1.0377,1.1662,1.1197,1.0543,1.0313
3240.0000,0.8818,0.9293,1.0640,1.1692,1.1053,1.0448,1.0200
3245.0000,0.9033,0.9533,1.0884,1.1685,1.0914,1.0346,1.0117
3250.0000,0.9253,0.9782,1.1100,1.1646,1.0776,1.0251,1.0032
3255.0000,0.9448,1.0062,1.1262,1.1597,1.0621,1.0190,0.9902
3260.0000,0.9703,1.0293,1.1422,1.1498,1.0509,1.0080,0.9881
3265.0000,0.9950,1.0512,1.1546,1.1385,1.0394,0.9997,0.9823
3270.0000,1.0189,1.0716,1.1630,1.1263,1.0277,0.9943,0.9725
3275.0000,1.0368,1.0933,1.1662,1.1135,1.0177,0.9871,0.9684
3280.0000,1.0595,1.1092,1.1678,1.0990,1.0097,0.9791,0.9658
3285.0000,1.0784,1.1238,1.1647,1.0859,1.0004,0.9751,0.9578
3290.0000,1.0905,1.1384,1.1575,1.0732,0.9925,0.9697,0.9548
3295.0000,1.1088,1.1446,1.1508,1.0594,0.9868,0.9633,0.9528
3300.0000,1.1212,1.1496,1.1407,1.0475,0.9797,0.9605,0.9460
3305.0000,1.1293,1.1521,1.1291,1.0360,0.9742,0.9559,0.9436
3310.0000,1.1304,1.1538,1.1153,1.0259,0.9688,0.9520,0.9404
3315.0000,1.1394,1.1479,1.1032,1.0160,0.9635,0.9501,0.9319
3320.0000,1.1396,1.1423,1.0901,1.0065,0.9604,0.9442,0.9337
3325.0000,1.1362,1.1353,1.0766,0.9984,0.9566,0.9402,0.9316
3330.0000,1.1356,1.1242,1.0647,0.9905,0.9533,0.9365,0.9290
3335.0000,1.1292,1.1142,1.0518,0.9844,0.9489,0.9346,0.9241
3340.0000,1.1189,1.1042,1.0395,0.9785,0.9457,0.9305,0.9236
3345.0000,1.1132,1.0907,1.0295,0.9727,0.9427,0.9273,0.9216
3350.0000,1.1023,1.0798,1.0185,0.9685,0.9383,0.9261,0.9172
3355.0000,1.0918,1.0678,1.0092,0.9639,0.9353,0.9232,0.9157
3360.0000,1.0829,1.0546,1.0018,0.9590,0.9329,0.9199,0.9148
3365.0000,1.0703,1.0445,0.9933,0.9557,0.9289,0.9191,0.9106
3370.0000,1.0573,1.0349,0.9858,0.9522,0.9261,0.9166,0.9097
3375.0000,1.0489,1.0236,0.9804,0.9481,0.9238,0.9141,0.9083
3380.0000,1.0391,1.0138,0.9748,0.9448,0.9205,0.9139,0.9031
3385.0000,1.0273,1.0060,0.9695,0.9413,0.9188,0.9106,0.9041
3390.0000,1.0195,0.9969,0.9655,0.9375,0.9171,0.9082,0.9031
3395.0000,1.0099,0.9906,0.9604,0.9350,0.9139,0.9081,0.8982
3400.0000,1.0017,0.9840,0.9563,0.9318,0.9124,0.9055,0.8982
3405.0000,0.9953,0.9769,0.9532,0.9283,0.9113,0.9027,0.8981
3410.0000,0.9874,0.9723,0.9487,0.9263,0.9085,0.9026,0.8935
3415.0000,0.9796,0.9682,0.9445,0.9239,0.9069,0.9004,0.8936
3420.0000,0.9718,0.9645,0.9406,0.9216,0.9054,0.8980,0.8934
3425.0000,0.9699,0.9583,0.9380,0.9192,0.9032,0.8978,0.8890
3430.0000,0.9638,0.9548,0.9345,0.9171,0.9017,0.8956,0.8891
3435.0000,0.9574,0.9516,0.9312,0.9151,0.9001,0.8937,0.8885
3440.0000,0.9561,0.9463,0.9290,0.9131,0.8978,0.8940,0.8827
3445.0000,0.9508,0.9433,0.9262,0.9110,0.8970,0.8909,0.8851
3450.0000,0.9449,0.9409,0.9231,0.9093,0.8954,0.8891,0.8846
3455.0000,0.9441,0.9362,0.9216,0.9071,0.8943,0.8873,0.8837
3460.0000,0.9402,0.9336,0.9188,0.9058,0.8920,0.8873,0.8802
3465.0000,0.9351,0.9315,0.9164,0.9040,0.8909,0.8850,0.8810
3470.0000,0.9344,0.9273,0.9151,0.9019,0.8899,0.8833,0.8805
3475.0000,0.9306,0.9254,0.9125,0.9008,0.8876,0.8834,0.8774
3480.0000,0.9266,0.9235,0.9103,0.8992,0.8863,0.8818,0.8775
3485.0000,0.9261,0.9197,0.9094,0.8970,0.8857,0.8800,0.8775
3490.0000,0.9227,0.9181,0.9070,0.8959,0.8835,0.8803,0.8746
3495.0000,0.9190,0.9166,0.9049,0.8945,0.8824,0.8789,0.8748
3500.0000,0.9185,0.9134,0.9039,0.8925,0.8817,0.8775,0.8746
3505.0000,0.9160,0.9119,0.9018,0.8915,0.8796,0.8784,0.8705
3510.0000,0.9127,0.9104,0.9001,0.8898,0.8792,0.8762,0.8723
3515.0000,0.9123,0.9075,0.8992,0.8879,0.8787,0.8749,0.8722
3520.0000,0.9098,0.9062,0.8970,0.8871,0.8768,0.8758,0.8684
3525.0000,0.9070,0.9050,0.8953,0.8857,0.8762,0.8742,0.8692
3530.0000,0.9067,0.9022,0.8945,0.8838,0.8762,0.8724,0.8698
3535.0000,0.9044,0.9010,0.8924,0.8831,0.8745,0.8732,0.8661
3540.0000,0.9017,0.8999,0.8906,0.8820,0.8740,0.8716,0.8671
3545.0000,0.8977,0.8995,0.8886,0.8811,0.8733,0.8704,0.8673
3550.0000,0.8993,0.8964,0.8877,0.8802,0.8718,0.8714,0.8625
3555.0000,0.8969,0.8952,0.8862,0.8790,0.8717,0.8692,0.8652
3560.0000,0.8930,0.8948,0.8843,0.8784,0.8709,0.8682,0.8654
3565.0000,0.8946,0.8918,0.8835,0.8776,0.8694,0.8693,0.8608
3570.0000,0.8922,0.8907,0.8823,0.8766,0.8692,0.8673,0.8633
3575.0000,0.8892,0.8899,0.8809,0.8759,0.8685,0.8664,0.8635
3580.0000,0.8902,0.8871,0.8806,0.8746,0.8682,0.8653,0.8633
3585.0000,0.8881,0.8864,0.8791,0.8743,0.8667,0.8661,0.8605
3590.0000,0.8852,0.8857,0.8780,0.8733,0.8665,0.8645,0.8617
3595.0000,0.8861,0.8831,0.8780,0.8720,0.8664,0.8634,0.8618
3600.0000,0.8841,0.8825,0.8766,0.8717,0.8649,0.8641,0.8592
3605.0000,0.8815,0.8822,0.8755,0.8709,0.8645,0.8630,0.8601
3610.0000,0.8825,0.8798,0.8755,0.8696,0.8645,0.8617,0.8605
3615.0000,0.8807,0.8794,0.8742,0.8694,0.8632,0.8625,0.8581
3620.0000,0.8786,0.8790,0.8731,0.8687,0.8628,0.8615,0.8591
3625.0000,0.8792,0.8771,0.8729,0.8676,0.8626,0.8607,0.8594
3630.0000,0.8777,0.8769,0.8715,0.8676,0.8611,0.8620,0.8562
3635.0000,0.8756,0.8765,0.8705,0.8668,0.8610,0.8607,0.8581
3640.0000,0.8765,0.8746,0.8705,0.8657,0.8610,0.8599,0.8585
3645.0000,0.8751,0.8742,0.8692,0.8656,0.8596,0.8613,0.8552
