150.0000,0.1429,0.1436,0.1440,0.1448,0.1439,0.1427,0.1420
155.0000,0.1433,0.1436,0.1442,0.1448,0.1437,0.1424,0.1418
160.0000,0.1432,0.1438,0.1442,0.1448,0.1433,0.1425,0.1411
165.0000,0.1432,0.1440,0.1443,0.1448,0.1431,0.1421,0.1414
170.0000,0.1436,0.1440,0.1445,0.1446,0.1429,0.1418,0.1413
175.0000,0.1437,0.1441,0.1445,0.1446,0.1425,0.1419,0.1406
180.0000,0.1436,0.1443,0.1445,0.1444,0.1423,0.1416,0.1408
185.0000,0.1440,0.1442,0.1447,0.1441,0.1422,0.1412,0.1409
190.0000,0.1441,0.1444,0.1447,0.1440,0.1418,0.1413,0.1404
195.0000,0.1440,0.1445,0.1447,0.1437,0.1416,0.1411,0.1407
200.0000,0.1437,0.1448,0.1445,0.1435,0.1413,0.1410,0.1407
205.0000,0.1442,0.1446,0.1445,0.1432,0.1410,0.1413,0.1400
210.0000,0.1442,0.1447,0.1444,0.1429,0.1410,0.1410,0.1405
215.0000,0.1438,0.1449,0.1441,0.1427,0.1408,0.1409,0.1406
220.0000,0.1444,0.1446,0.1440,0.1424,0.1406,0.1412,0.1399
225.0000,0.1442,0.1446,0.1438,0.1421,0.1407,0.1409,0.1406
230.0000,0.1440,0.1446,0.1436,0.1419,0.1407,0.1408,0.1408
235.0000,0.1444,0.1443,0.1435,0.1416,0.1407,0.1408,0.1410
240.0000,0.1442,0.1442,0.1431,0.1415,0.1405,0.1410,0.1408
245.0000,0.1438,0.1442,0.1428,0.1413,0.1405,0.1410,0.1411
250.0000,0.1441,0.1438,0.1426,0.1411,0.1406,0.1411,0.1413
255.0000,0.1438,0.1437,0.1423,0.1411,0.1405,0.1414,0.1410
260.0000,0.1434,0.1436,0.1420,0.1410,0.1406,0.1414,0.1413
265.0000,0.1436,0.1432,0.1419,0.1408,0.1408,0.1414,0.1415
270.0000,0.1433,0.1430,0.1416,0.1408,0.1407,0.1417,0.1412
275.0000,0.1429,0.1428,0.1413,0.1407,0.1409,0.1417,0.1415
280.0000,0.1429,0.1424,0.1413,0.1406,0.1411,0.1417,0.1416
285.0000,0.1427,0.1422,0.1411,0.1407,0.1411,0.1420,0.1411
290.0000,0.1423,0.1421,0.1409,0.1407,0.1413,0.1419,0.1415
295.0000,0.1423,0.1417,0.1409,0.1407,0.1415,0.1419,0.1415
300.0000,0.1420,0.1416,0.1407,0.1408,0.1415,0.1421,0.1409
305.0000,0.1416,0.1415,0.1406,0.1409,0.1417,0.1419,0.1412
310.0000,0.1417,0.1412,0.1407,0.1409,0.1419,0.1417,0.1413
315.0000,0.1414,0.1412,0.1405,0.1412,0.1418,0.1418,0.1408
320.0000,0.1411,0.1412,0.1404,0.1413,0.1419,0.1416,0.1409
325.0000,0.1406,0.1413,0.1404,0.1415,0.1419,0.1414,0.1409
330.0000,0.1410,0.1409,0.1405,0.1416,0.1417,0.1416,0.1402
335.0000,0.1409,0.1409,0.1406,0.1417,0.1418,0.1412,0.1407
340.0000,0.1405,0.1409,0.1406,0.1418,0.1417,0.1410,0.1409
345.0000,0.1408,0.1407,0.1408,0.1420,0.1414,0.1412,0.1403
350.0000,0.1406,0.1408,0.1409,0.1420,0.1413,0.1409,0.1408
355.0000,0.1403,0.1410,0.1410,0.1421,0.1412,0.1408,0.1411
360.0000,0.1407,0.1408,0.1412,0.1421,0.1410,0.1409,0.1413
365.0000,0.1406,0.1410,0.1413,0.1421,0.1407,0.1412,0.1411
370.0000,0.1405,0.1411,0.1414,0.1420,0.1406,0.1413,0.1414
375.0000,0.1409,0.1410,0.1417,0.1418,0.1406,0.1413,0.1417
380.0000,0.1409,0.1412,0.1418,0.1417,0.1404,0.1417,0.1415
385.0000,0.1406,0.1414,0.1418,0.1416,0.1405,0.1418,0.1420
390.0000,0.1411,0.1413,0.1420,0.1413,0.1407,0.1418,0.1424
395.0000,0.1411,0.1415,0.1420,0.1412,0.1407,0.1423,0.1424
400.0000,0.1411,0.1417,0.1419,0.1410,0.1409,0.1424,0.1429
405.0000,0.1414,0.1416,0.1419,0.1408,0.1412,0.1426,0.1433
410.0000,0.1413,0.1418,0.1417,0.1408,0.1412,0.1432,0.1430
415.0000,0.1413,0.1420,0.1415,0.1408,0.1416,0.1434,0.1436
420.0000,0.1416,0.1418,0.1415,0.1407,0.1419,0.1435,0.1440
425.0000,0.1416,0.1419,0.1412,0.1408,0.1421,0.1441,0.1437
430.0000,0.1414,0.1420,0.1410,0.1409,0.1424,0.1442,0.1441
435.0000,0.1417,0.1417,0.1409,0.1410,0.1429,0.1443,0.1444
440.0000,0.1415,0.1417,0.1407,0.1412,0.1430,0.1448,0.1439
445.0000,0.1414,0.1416,0.1407,0.1414,0.1435,0.1448,0.1443
450.0000,0.1411,0.1416,0.1406,0.1416,0.1438,0.1448,0.1444
455.0000,0.1414,0.1412,0.1406,0.1419,0.1440,0.1451,0.1437
460.0000,0.1412,0.1412,0.1407,0.1422,0.1444,0.1448,0.1442
465.0000,0.1408,0.1412,0.1407,0.1425,0.1446,0.1447,0.1443
470.0000,0.1411,0.1410,0.1408,0.1429,0.1447,0.1449,0.1435
475.0000,0.1408,0.1411,0.1409,0.1432,0.1449,0.1446,0.1438
480.0000,0.1405,0.1412,0.1410,0.1436,0.1449,0.1445,0.1437
485.0000,0.1409,0.1410,0.1413,0.1439,0.1450,0.1442,0.1435
490.0000,0.1408,0.1412,0.1415,0.1442,0.1448,0.1443,0.1429
495.0000,0.1407,0.1413,0.1418,0.1445,0.1448,0.1439,0.1430
500.0000,0.1411,0.1412,0.1423,0.1446,0.1448,0.1435,0.1429
505.0000,0.1411,0.1414,0.1426,0.1448,0.1445,0.1434,0.1423
510.0000,0.1408,0.1418,0.1429,0.1450,0.1444,0.1430,0.1424
515.0000,0.1413,0.1418,0.1433,0.1450,0.1442,0.1426,0.1424
520.0000,0.1415,0.1421,0.1436,0.1451,0.1438,0.1426,0.1421
525.0000,0.1415,0.1425,0.1438,0.1451,0.1435,0.1424,0.1422
530.0000,0.1420,0.1426,0.1442,0.1451,0.1432,0.1423,0.1422
535.0000,0.1421,0.1431,0.1443,0.1451,0.1427,0.1425,0.1417
540.0000,0.1422,0.1434,0.1445,0.1449,0.1425,0.1423,0.1420
545.0000,0.1428,0.1435,0.1448,0.1446,0.1423,0.1422,0.1422
550.0000,0.1430,0.1438,0.1448,0.1444,0.1419,0.1425,0.1417
555.0000,0.1431,0.1442,0.1449,0.1441,0.1419,0.1424,0.1422
560.0000,0.1436,0.1442,0.1451,0.1437,0.1419,0.1423,0.1425
565.0000,0.1438,0.1444,0.1450,0.1434,0.1417,0.1427,0.1422
570.0000,0.1439,0.1446,0.1449,0.1431,0.1418,0.1427,0.1425
575.0000,0.1436,0.1449,0.1447,0.1429,0.1418,0.1428,0.1427
580.0000,0.1443,0.1448,0.1445,0.1426,0.1418,0.1433,0.1420
585.0000,0.1443,0.1449,0.1443,0.1424,0.1420,0.1431,0.1425
590.0000,0.1440,0.1450,0.1439,0.1422,0.1422,0.1431,0.1426
595.0000,0.1445,0.1447,0.1438,0.1420,0.1425,0.1430,0.1428
600.0000,0.1443,0.1448,0.1433,0.1420,0.1425,0.1432,0.1423
605.0000,0.1441,0.1447,0.1430,0.1420,0.1428,0.1430,0.1426
610.0000,0.1444,0.1443,0.1428,0.1419,0.1430,0.1428,0.1427
615.0000,0.1442,0.1441,0.1425,0.1421,0.1430,0.1429,0.1423
620.0000,0.1438,0.1440,0.1422,0.1422,0.1431,0.1427,0.1426
625.0000,0.1439,0.1435,0.1421,0.1423,0.1432,0.1426,0.1427
630.0000,0.1436,0.1434,0.1419,0.1426,0.1430,0.1427,0.1424
635.0000,0.1430,0.1433,0.1417,0.1428,0.1429,0.1427,0.1425
640.0000,0.1432,0.1428,0.1418,0.1429,0.1429,0.1426,0.1426
645.0000,0.1429,0.1427,0.1417,0.1431,0.1426,0.1429,0.1423
650.0000,0.1426,0.1426,0.1418,0.1432,0.1425,0.1428,0.1424
655.0000,0.1427,0.1423,0.1421,0.1431,0.1425,0.1427,0.1425
660.0000,0.1425,0.1422,0.1422,0.1432,0.1424,0.1431,0.1419
665.0000,0.1423,0.1421,0.1425,0.1431,0.1425,0.1428,0.1422
670.0000,0.1423,0.1420,0.1427,0.1429,0.1426,0.1427,0.1423
675.0000,0.1422,0.1421,0.1428,0.1429,0.1424,0.1429,0.1416
680.0000,0.1419,0.1423,0.1429,0.1429,0.1425,0.1427,0.1418
685.0000,0.1422,0.1423,0.1430,0.1427,0.1427,0.1424,0.1419
690.0000,0.1421,0.1425,0.1429,0.1428,0.1426,0.1425,0.1413
695.0000,0.1421,0.1427,0.1429,0.1427,0.1427,0.1422,0.1416
700.0000,0.1418,0.1430,0.1428,0.1427,0.1426,0.1420,0.1418
705.0000,0.1424,0.1429,0.1428,0.1428,0.1424,0.1421,0.1412
710.0000,0.1424,0.1430,0.1427,0.1428,0.1424,0.1418,0.1417
715.0000,0.1422,0.1432,0.1425,0.1429,0.1422,0.1418,0.1419
720.0000,0.1427,0.1430,0.1426,0.1428,0.1421,0.1417,0.1420
725.0000,0.1425,0.1431,0.1425,0.1430,0.1418,0.1420,0.1418
730.0000,0.1424,0.1431,0.1424,0.1429,0.1417,0.1420,0.1421
735.0000,0.1428,0.1428,0.1426,0.1428,0.1416,0.1420,0.1424
740.0000,0.1427,0.1428,0.1426,0.1427,0.1414,0.1424,0.1422
745.0000,0.1424,0.1429,0.1426,0.1426,0.1414,0.1424,0.1425
750.0000,0.1427,0.1426,0.1428,0.1423,0.1415,0.1425,0.1428
755.0000,0.1426,0.1427,0.1428,0.1422,0.1415,0.1430,0.1425
760.0000,0.1424,0.1428,0.1428,0.1421,0.1417,0.1430,0.1428
765.0000,0.1427,0.1426,0.1429,0.1418,0.1420,0.1430,0.1431
770.0000,0.1426,0.1427,0.1427,0.1418,0.1420,0.1434,0.1428
775.0000,0.1424,0.1428,0.1425,0.1417,0.1423,0.1434,0.1430
780.0000,0.1426,0.1427,0.1425,0.1416,0.1426,0.1433,0.1431
785.0000,0.1425,0.1428,0.1422,0.1417,0.1427,0.1436,0.1425
790.0000,0.1423,0.1429,0.1420,0.1418,0.1430,0.1434,0.1430
795.0000,0.1426,0.1427,0.1420,0.1418,0.1433,0.1433,0.1431
800.0000,0.1425,0.1427,0.1417,0.1420,0.1433,0.1435,0.1426
805.0000,0.1423,0.1427,0.1415,0.1422,0.1434,0.1433,0.1429
810.0000,0.1425,0.1423,0.1416,0.1424,0.1435,0.1431,0.1431
815.0000,0.1423,0.1423,0.1415,0.1427,0.1434,0.1433,0.1427
820.0000,0.1421,0.1422,0.1414,0.1429,0.1434,0.1431,0.1430
825.0000,0.1415,0.1423,0.1414,0.1432,0.1432,0.1431,0.1432
830.0000,0.1420,0.1420,0.1416,0.1434,0.1430,0.1435,0.1426
835.0000,0.1418,0.1420,0.1417,0.1435,0.1430,0.1434,0.1431
840.0000,0.1416,0.1420,0.1419,0.1436,0.1429,0.1434,0.1433
845.0000,0.1419,0.1417,0.1423,0.1435,0.1430,0.1434,0.1434
850.0000,0.1417,0.1419,0.1425,0.1436,0.1428,0.1437,0.1429
855.0000,0.1416,0.1420,0.1427,0.1435,0.1429,0.1436,0.1433
860.0000,0.1419,0.1419,0.1431,0.1433,0.1431,0.1436,0.1434
865.0000,0.1419,0.1421,0.1432,0.1433,0.1430,0.1438,0.1430
870.0000,0.1417,0.1425,0.1432,0.1432,0.1432,0.1437,0.1432
875.0000,0.1421,0.1424,0.1434,0.1431,0.1434,0.1435,0.1433
880.0000,0.1422,0.1427,0.1434,0.1431,0.1434,0.1436,0.1429
885.0000,0.1419,0.1431,0.1432,0.1432,0.1435,0.1435,0.1431
890.0000,0.1425,0.1430,0.1433,0.1431,0.1436,0.1433,0.1432
895.0000,0.1425,0.1433,0.1431,0.1433,0.1435,0.1435,0.1429
900.0000,0.1425,0.1435,0.1430,0.1433,0.1435,0.1433,0.1431
905.0000,0.1429,0.1433,0.1431,0.1434,0.1436,0.1432,0.1433
910.0000,0.1429,0.1434,0.1429,0.1436,0.1433,0.1435,0.1429
915.0000,0.1428,0.1435,0.1429,0.1436,0.1433,0.1433,0.1433
920.0000,0.1432,0.1432,0.1430,0.1436,0.1433,0.1433,0.1435
925.0000,0.1431,0.1433,0.1430,0.1437,0.1431,0.1436,0.1432
930.0000,0.1430,0.1433,0.1430,0.1437,0.1430,0.1436,0.1437
935.0000,0.1432,0.1431,0.1432,0.1436,0.1431,0.1436,0.1440
940.0000,0.1431,0.1431,0.1433,0.1437,0.1429,0.1441,0.1436
945.0000,0.1430,0.1432,0.1433,0.1436,0.1430,0.1441,0.1441
950.0000,0.1426,0.1434,0.1433,0.1435,0.1431,0.1442,0.1445
955.0000,0.1431,0.1432,0.1435,0.1435,0.1431,0.1447,0.1440
960.0000,0.1430,0.1433,0.1435,0.1433,0.1433,0.1447,0.1447
965.0000,0.1428,0.1435,0.1435,0.1433,0.1435,0.1448,0.1451
970.0000,0.1432,0.1433,0.1436,0.1432,0.1438,0.1450,0.1454
975.0000,0.1431,0.1435,0.1434,0.1432,0.1438,0.1454,0.1452
980.0000,0.1429,0.1437,0.1433,0.1432,0.1441,0.1455,0.1456
985.0000,0.1433,0.1433,0.1437,0.1429,0.1452,0.1443,0.1484
990.0000,0.1433,0.1435,0.1435,0.1430,0.1452,0.1445,0.1504
995.0000,0.1434,0.1432,0.1439,0.1425,0.1468,0.1418,0.1621
1000.0000,0.1435,0.1430,0.1440,0.1424,0.1478,0.1401,0.1787
1005.0000,0.1434,0.1433,0.1434,0.1433,0.1464,0.1430,0.1981
1010.0000,0.1426,0.1444,0.1418,0.1455,0.1425,0.1525,0.2162
1015.0000,0.1431,0.1452,0.1396,0.1491,0.1353,0.1716,0.2276
1020.0000,0.1421,0.1460,0.1387,0.1504,0.1324,0.1887,0.2490
1025.0000,0.1413,0.1463,0.1387,0.1509,0.1309,0.2105,0.2683
1030.0000,0.1432,0.1442,0.1414,0.1481,0.1356,0.2298,0.2980
1035.0000,0.1433,0.1432,0.1435,0.1455,0.1414,0.2556,0.3237
1040.0000,0.1446,0.1410,0.1471,0.1410,0.1530,0.2804,0.3583
1045.0000,0.1439,0.1399,0.1504,0.1359,0.1697,0.3048,0.4014
1050.0000,0.1448,0.1388,0.1526,0.1325,0.1873,0.3364,0.4420
1055.0000,0.1470,0.1373,0.1546,0.1294,0.2104,0.3667,0.4992
1060.0000,0.1439,0.1406,0.1515,0.1319,0.2306,0.4102,0.5452
1065.0000,0.1438,0.1424,0.1485,0.1357,0.2556,0.4546,0.6000
1070.0000,0.1425,0.1456,0.1438,0.1426,0.2838,0.5023,0.6637
1075.0000,0.1376,0.1507,0.1371,0.1536,0.3134,0.5570,0.7288
1080.0000,0.1415,0.1512,0.1326,0.1668,0.3465,0.6176,0.7956
1085.0000,0.1390,0.1545,0.1265,0.1848,0.3804,0.6893,0.8449
1090.0000,0.1388,0.1535,0.1261,0.2012,0.4258,0.7529,0.9153
1095.0000,0.1441,0.1481,0.1303,0.2187,0.4777,0.8178,0.9869
1100.0000,0.1464,0.1434,0.1361,0.2401,0.5324,0.8890,1.0517
1105.0000,0.1519,0.1369,0.1457,0.2642,0.5916,0.9635,1.1047
1110.0000,0.1474,0.1356,0.1567,0.2905,0.6600,1.0288,1.1674
1115.0000,0.1489,0.1342,0.1698,0.3221,0.7297,1.0976,1.2173
1120.0000,0.1474,0.1377,0.1837,0.3577,0.8060,1.1558,1.2787
1160.0000,0.2094,0.2555,0.3829,0.8430,1.3598,1.4685,1.4601
1165.0000,0.2274,0.2812,0.4284,0.9193,1.4072,1.4771,1.4543
1170.0000,0.2508,0.3087,0.4806,0.9950,1.4478,1.4778,1.4448
1175.0000,0.2767,0.3402,0.5380,1.0702,1.4788,1.4748,1.4261
1180.0000,0.2993,0.3804,0.5982,1.1437,1.5016,1.4645,1.4070
1185.0000,0.3346,0.4199,0.6657,1.2119,1.5178,1.4472,1.3863
1190.0000,0.3724,0.4644,0.7364,1.2762,1.5241,1.4287,1.3574
1195.0000,0.4147,0.5122,0.8111,1.3337,1.5240,1.4046,1.3288
1200.0000,0.4496,0.5710,0.8842,1.3861,1.5154,1.3783,1.2971
1205.0000,0.5028,0.6276,0.9607,1.4299,1.5004,1.3512,1.2583
1210.0000,0.5609,0.6850,1.0394,1.4630,1.4844,1.3134,1.2393
1215.0000,0.6205,0.7472,1.1142,1.4901,1.4595,1.2817,1.2066
1220.0000,0.6759,0.8157,1.1836,1.5101,1.4293,1.2508,1.1726
1225.0000,0.7296,0.8904,1.2455,1.5237,1.3946,1.2209,1.1373
1230.0000,0.8016,0.9555,1.3082,1.5251,1.3627,1.1842,1.1154
1235.0000,0.8663,1.0240,1.3617,1.5214,1.3257,1.1540,1.0860
1240.0000,0.9348,1.0886,1.4094,1.5103,1.2883,1.1252,1.0570
1245.0000,0.9837,1.1626,1.4424,1.4967,1.2477,1.1004,1.0238
1250.0000,1.0561,1.2199,1.4749,1.4731,1.2130,1.0707,0.9977
1255.0000,1.1219,1.2734,1.4985,1.4459,1.1775,1.0457,0.9650
1260.0000,1.1864,1.3184,1.5168,1.4126,1.1469,1.0162,0.9404
1265.0000,1.2394,1.3609,1.5257,1.3768,1.1189,0.9846,0.9204
1270.0000,1.2854,1.4003,1.5238,1.3419,1.0884,0.9592,0.8933
1275.0000,1.3280,1.4314,1.5161,1.3044,1.0633,0.9260,0.8896
1280.0000,1.3676,1.4548,1.5006,1.2691,1.0342,0.9029,0.8754
1285.0000,1.3940,1.4766,1.4757,1.2365,1.0038,0.8831,0.8651
1290.0000,1.4222,1.4854,1.4490,1.2038,0.9737,0.8685,0.8518
1295.0000,1.4443,1.4856,1.4194,1.1720,0.9437,0.8591,0.8354
1300.0000,1.4539,1.4829,1.3856,1.1413,0.9158,0.8509,0.8208
1305.0000,1.4534,1.4758,1.3497,1.1111,0.8905,0.8442,0.8044
1310.0000,1.4594,1.4544,1.3192,1.0770,0.8734,0.8313,0.7976
1315.0000,1.4533,1.4321,1.2860,1.0455,0.8558,0.8249,0.7796
1320.0000,1.4416,1.4051,1.2545,1.0130,0.8447,0.8121,0.7734
1325.0000,1.4281,1.3738,1.2240,0.9811,0.8366,0.7985,0.7668
1330.0000,1.4071,1.3423,1.1920,0.9527,0.8279,0.7887,0.7528
1335.0000,1.3814,1.3111,1.1597,0.9259,0.8227,0.7731,0.7535
1340.0000,1.3505,1.2822,1.1247,0.9041,0.8146,0.7624,0.7466
1345.0000,1.3230,1.2512,1.0901,0.8855,0.8057,0.7536,0.7384
1350.0000,1.2931,1.2206,1.0556,0.8700,0.7962,0.7450,0.7318
1355.0000,1.2505,1.1969,1.0180,0.8593,0.7843,0.7385,0.7247
1360.0000,1.2277,1.1627,0.9878,0.8479,0.7738,0.7322,0.7173
1365.0000,1.1921,1.1354,0.9560,0.8399,0.7614,0.7280,0.7085
1370.0000,1.1650,1.1012,0.9316,0.8299,0.7518,0.7220,0.7019
1375.0000,1.1398,1.0643,0.9129,0.8185,0.7445,0.7142,0.6976
1380.0000,1.1109,1.0300,0.8964,0.8079,0.7364,0.7091,0.6894
1385.0000,1.0814,0.9979,0.8826,0.7966,0.7302,0.7019,0.6849
1390.0000,1.0495,0.9702,0.8695,0.7859,0.7241,0.6953,0.6796
1395.0000,1.0225,0.9434,0.8585,0.7754,0.7181,0.6898,0.6719
1400.0000,0.9888,0.9253,0.8449,0.7666,0.7121,0.6827,0.6693
1405.0000,0.9646,0.9065,0.8331,0.7580,0.7061,0.6770,0.6643
1410.0000,0.9392,0.8927,0.8195,0.7513,0.6986,0.6732,0.6569
1415.0000,0.9193,0.8774,0.8083,0.7435,0.6930,0.6669,0.6545
1420.0000,0.9032,0.8617,0.7985,0.7360,0.6873,0.6619,0.6498
1425.0000,0.8853,0.8492,0.7877,0.7297,0.6806,0.6586,0.6427
1430.0000,0.8715,0.8353,0.7790,0.7224,0.6755,0.6533,0.6389
1435.0000,0.8577,0.8222,0.7711,0.7150,0.6712,0.6472,0.6366
1440.0000,0.8427,0.8119,0.7620,0.7091,0.6653,0.6438,0.6305
1445.0000,0.8286,0.8023,0.7533,0.7030,0.6602,0.6392,0.6275
1450.0000,0.8175,0.7918,0.7458,0.6968,0.6555,0.6347,0.6239
1455.0000,0.8082,0.7810,0.7389,0.6908,0.6503,0.6319,0.6171
1460.0000,0.7959,0.7728,0.7314,0.6850,0.6463,0.6266,0.6167
1465.0000,0.7834,0.7656,0.7236,0.6799,0.6415,0.6229,0.6135
1470.0000,0.7768,0.7561,0.7175,0.6741,0.6373,0.6191,0.6101
1475.0000,0.7686,0.7478,0.7110,0.6690,0.6327,0.6165,0.6051
1480.0000,0.7579,0.7411,0.7043,0.6639,0.6290,0.6122,0.6036
1485.0000,0.7517,0.7326,0.6989,0.6585,0.6254,0.6086,0.6009
1490.0000,0.7429,0.7264,0.6923,0.6542,0.6209,0.6065,0.5963
1495.0000,0.7353,0.7196,0.6866,0.6494,0.6175,0.6030,0.5941
1500.0000,0.7296,0.7118,0.6818,0.6442,0.6147,0.5991,0.5924
1505.0000,0.7217,0.7060,0.6758,0.6402,0.6108,0.5970,0.5885
1510.0000,0.7137,0.7005,0.6702,0.6360,0.6075,0.5940,0.5866
1515.0000,0.7088,0.6936,0.6655,0.6316,0.6046,0.5911,0.5843
1520.0000,0.7027,0.6877,0.6603,0.6279,0.6010,0.5895,0.5798
1525.0000,0.6951,0.6828,0.6552,0.6240,0.5984,0.5861,0.5795
1530.0000,0.6905,0.6765,0.6508,0.6200,0.5957,0.5834,0.5777
1535.0000,0.6840,0.6720,0.6455,0.6170,0.5922,0.5823,0.5735
1540.0000,0.6782,0.6670,0.6410,0.6135,0.5897,0.5796,0.5724
1545.0000,0.6740,0.6609,0.6374,0.6097,0.5877,0.5766,0.5716
1550.0000,0.6682,0.6565,0.6328,0.6068,0.5846,0.5756,0.5679
1555.0000,0.6631,0.6516,0.6289,0.6036,0.5824,0.5732,0.5671
1560.0000,0.6589,0.6462,0.6256,0.6001,0.5806,0.5706,0.5663
1565.0000,0.6533,0.6424,0.6213,0.5976,0.5777,0.5699,0.5628
1570.0000,0.6476,0.6387,0.6173,0.5949,0.5755,0.5679,0.5619
1575.0000,0.6424,0.6349,0.6136,0.5922,0.5735,0.5661,0.5604
1580.0000,0.6401,0.6298,0.6107,0.5896,0.5712,0.5656,0.5558
1585.0000,0.6350,0.6263,0.6073,0.5868,0.5699,0.5628,0.5566
1590.0000,0.6294,0.6232,0.6038,0.5845,0.5681,0.5609,0.5554
1595.0000,0.6274,0.6185,0.6014,0.5818,0.5668,0.5588,0.5539
1600.0000,0.6236,0.6151,0.5982,0.5797,0.5647,0.5579,0.5506
1605.0000,0.6185,0.6122,0.5952,0.5775,0.5635,0.5553,0.5504
1610.0000,0.6165,0.6080,0.5929,0.5751,0.5622,0.5533,0.5489
1615.0000,0.6124,0.6054,0.5897,0.5736,0.5600,0.5523,0.5459
1620.0000,0.6083,0.6027,0.5869,0.5718,0.5583,0.5503,0.5448
1625.0000,0.6066,0.5988,0.5850,0.5696,0.5571,0.5480,0.5439
1630.0000,0.6028,0.5964,0.5821,0.5683,0.5548,0.5470,0.5410
1635.0000,0.5988,0.5942,0.5795,0.5667,0.5531,0.5450,0.5403
1640.0000,0.5972,0.5906,0.5779,0.5647,0.5518,0.5426,0.5404
1645.0000,0.5943,0.5881,0.5756,0.5634,0.5494,0.5420,0.5382
1650.0000,0.5908,0.5859,0.5737,0.5615,0.5481,0.5392,0.5417
1655.0000,0.5892,0.5827,0.5724,0.5594,0.5469,0.5369,0.5467
1660.0000,0.5863,0.5808,0.5701,0.5583,0.5441,0.5375,0.5505
1665.0000,0.5835,0.5787,0.5685,0.5564,0.5427,0.5360,0.5653
1670.0000,0.5819,0.5762,0.5668,0.5550,0.5398,0.5389,0.5798
1675.0000,0.5791,0.5749,0.5643,0.5542,0.5360,0.5455,0.5976
1680.0000,0.5760,0.5737,0.5620,0.5530,0.5331,0.5539,0.6255
1685.0000,0.5718,0.5732,0.5592,0.5523,0.5293,0.5689,0.6559
1690.0000,0.5727,0.5700,0.5580,0.5505,0.5268,0.5891,0.6925
1695.0000,0.5701,0.5684,0.5567,0.5481,0.5271,0.6125,0.7447
1700.0000,0.5668,0.5671,0.5550,0.5458,0.5282,0.6457,0.8013
1705.0000,0.5676,0.5638,0.5545,0.5427,0.5322,0.6881,0.8651
1710.0000,0.5649,0.5627,0.5523,0.5410,0.5372,0.7455,0.9169
1715.0000,0.5631,0.5600,0.5527,0.5357,0.5538,0.8005,0.9949
1720.0000,0.5626,0.5567,0.5533,0.5304,0.5767,0.8648,1.0771
1725.0000,0.5617,0.5540,0.5531,0.5263,0.6058,0.9391,1.1616
1730.0000,0.5592,0.5531,0.5504,0.5256,0.6391,1.0293,1.2264
1735.0000,0.5578,0.5504,0.5500,0.5230,0.6894,1.1116,1.3097
1740.0000,0.5561,0.5490,0.5473,0.5253,0.7461,1.2031,1.3810
1745.0000,0.5556,0.5463,0.5457,0.5293,0.8173,1.2876,1.4622
1750.0000,0.5527,0.5459,0.5408,0.5415,0.8929,1.3801,1.5184
1790.0000,0.5345,0.5509,0.5444,0.9433,1.6520,1.7185,1.6336
1795.0000,0.5405,0.5526,0.5667,1.0354,1.7215,1.6953,1.6156
1800.0000,0.5413,0.5619,0.5941,1.1367,1.7703,1.6683,1.5839
1805.0000,0.5447,0.5736,0.6319,1.2411,1.8016,1.6330,1.5492
1810.0000,0.5428,0.5936,0.6783,1.3472,1.8128,1.5936,1.5127
1815.0000,0.5648,0.6081,0.7421,1.4468,1.8091,1.5484,1.4818
1820.0000,0.5792,0.6346,0.8135,1.5423,1.7843,1.5109,1.4325
1825.0000,0.5937,0.6694,0.8956,1.6270,1.7464,1.4733,1.3837
1830.0000,0.6302,0.7032,0.9923,1.6948,1.7017,1.4325,1.3399
1835.0000,0.6703,0.7440,1.0979,1.7448,1.6530,1.3870,1.3131
1840.0000,0.7163,0.7944,1.2065,1.7793,1.5964,1.3506,1.2760
1845.0000,0.7569,0.8599,1.3124,1.7977,1.5374,1.3170,1.2413
1850.0000,0.8083,0.9338,1.4146,1.7998,1.4787,1.2872,1.2057
1855.0000,0.8840,1.0045,1.5164,1.7817,1.4289,1.2504,1.1891
1860.0000,0.9413,1.0939,1.5996,1.7554,1.3773,1.2228,1.1670
1865.0000,1.0183,1.1793,1.6730,1.7171,1.3300,1.2003,1.1422
1870.0000,1.0779,1.2797,1.7230,1.6741,1.2865,1.1787,1.1245
1875.0000,1.1621,1.3675,1.7621,1.6223,1.2515,1.1553,1.1135
1880.0000,1.2471,1.4490,1.7841,1.5688,1.2180,1.1402,1.0947
1885.0000,1.3277,1.5229,1.7903,1.5135,1.1910,1.1233,1.0840
1890.0000,1.4043,1.5859,1.7824,1.4587,1.1686,1.1078,1.0732
1895.0000,1.4623,1.6476,1.7547,1.4103,1.1453,1.0988,1.0550
1900.0000,1.5247,1.6870,1.7222,1.3611,1.1306,1.0827,1.0524
1905.0000,1.5842,1.7078,1.6839,1.3152,1.1178,1.0700,1.0444
1910.0000,1.6245,1.7199,1.6365,1.2757,1.1047,1.0608,1.0322
1915.0000,1.6491,1.7215,1.5847,1.2406,1.0942,1.0496,1.0262
1920.0000,1.6723,1.7057,1.5345,1.2084,1.0860,1.0378,1.0218
1925.0000,1.6778,1.6844,1.4810,1.1826,1.0758,1.0299,1.0139
1930.0000,1.6674,1.6587,1.4268,1.1619,1.0652,1.0226,1.0074
1935.0000,1.6508,1.6241,1.3765,1.1439,1.0551,1.0160,1.0006
1940.0000,1.6379,1.5780,1.3336,1.1270,1.0460,1.0106,0.9908
1945.0000,1.6069,1.5347,1.2920,1.1131,1.0376,1.0030,0.9889
1950.0000,1.5770,1.4863,1.2568,1.1001,1.0295,0.9970,0.9837
1955.0000,1.5412,1.4382,1.2259,1.0887,1.0209,0.9934,0.9744
1960.0000,1.4968,1.3956,1.1973,1.0785,1.0137,0.9869,0.9732
1965.0000,1.4502,1.3561,1.1717,1.0696,1.0061,0.9823,0.9688
1970.0000,1.4139,1.3145,1.1522,1.0597,1.0000,0.9771,0.9647
1975.0000,1.3795,1.2744,1.1364,1.0499,0.9941,0.9735,0.9579
1980.0000,1.3354,1.2439,1.1202,1.0414,0.9892,0.9675,0.9570
1985.0000,1.3009,1.2140,1.1070,1.0328,0.9845,0.9626,0.9544
1990.0000,1.2648,1.1909,1.0928,1.0262,0.9781,0.9604,0.9491
1995.0000,1.2368,1.1673,1.0820,1.0185,0.9739,0.9559,0.9479
2000.0000,1.2109,1.1461,1.0724,1.0110,0.9700,0.9518,0.9467
2005.0000,1.1841,1.1303,1.0614,1.0054,0.9645,0.9503,0.9427
2010.0000,1.1592,1.1167,1.0510,0.9998,0.9600,0.9477,0.9420
2015.0000,1.1432,1.1010,1.0432,0.9935,0.9566,0.9451,0.9412
2020.0000,1.1268,1.0879,1.0351,0.9882,0.9521,0.9451,0.9367
2025.0000,1.1088,1.0774,1.0271,0.9829,0.9493,0.9425,0.9384
2030.0000,1.0971,1.0652,1.0208,0.9772,0.9470,0.9408,0.9384
2035.0000,1.0835,1.0563,1.0132,0.9730,0.9434,0.9418,0.9344
2040.0000,1.0722,1.0469,1.0071,0.9680,0.9419,0.9400,0.9363
2045.0000,1.0629,1.0371,1.0019,0.9629,0.9411,0.9384,0.9378
2050.0000,1.0518,1.0303,0.9951,0.9595,0.9386,0.9398,0.9347
2055.0000,1.0416,1.0236,0.9891,0.9558,0.9379,0.9389,0.9371
2060.0000,1.0323,1.0169,0.9835,0.9523,0.9374,0.9383,0.9389
2065.0000,1.0273,1.0088,0.9788,0.9494,0.9360,0.9404,0.9356
2070.0000,1.0182,1.0035,0.9733,0.9468,0.9362,0.9396,0.9400
2075.0000,1.0086,0.9990,0.9678,0.9449,0.9359,0.9399,0.9425
2080.0000,1.0054,0.9918,0.9637,0.9432,0.9350,0.9429,0.9397
2085.0000,0.9988,0.9866,0.9595,0.9414,0.9358,0.9427,0.9450
2090.0000,0.9908,0.9822,0.9553,0.9402,0.9364,0.9435,0.9489
2095.0000,0.9881,0.9756,0.9529,0.9386,0.9375,0.9445,0.9529
2100.0000,0.9826,0.9711,0.9495,0.9382,0.9374,0.9481,0.9544
2105.0000,0.9753,0.9676,0.9464,0.9378,0.9383,0.9502,0.9595
2110.0000,0.9731,0.9619,0.9453,0.9366,0.9406,0.9515,0.9672
2115.0000,0.9677,0.9590,0.9425,0.9371,0.9409,0.9565,0.9722
2120.0000,0.9621,0.9564,0.9402,0.9376,0.9420,0.9615,0.9794
2125.0000,0.9606,0.9521,0.9392,0.9380,0.9429,0.9689,0.9830
2130.0000,0.9562,0.9501,0.9375,0.9389,0.9442,0.9771,0.9855
2135.0000,0.9517,0.9482,0.9366,0.9393,0.9475,0.9834,0.9913
2140.0000,0.9510,0.9445,0.9374,0.9386,0.9530,0.9882,0.9986
2145.0000,0.9481,0.9429,0.9369,0.9395,0.9572,0.9965,0.9989
2150.0000,0.9452,0.9414,0.9374,0.9394,0.9646,0.9999,1.0082
2155.0000,0.9445,0.9391,0.9384,0.9397,0.9723,1.0036,1.0159
2160.0000,0.9425,0.9386,0.9380,0.9420,0.9783,1.0104,1.0183
2165.0000,0.9402,0.9386,0.9377,0.9445,0.9857,1.0143,1.0267
2170.0000,0.9402,0.9378,0.9378,0.9480,0.9923,1.0197,1.0314
2175.0000,0.9386,0.9387,0.9368,0.9531,0.9976,1.0266,1.0327
2180.0000,0.9367,0.9400,0.9361,0.9585,1.0037,1.0313,1.0380
2185.0000,0.9322,0.9426,0.9352,0.9650,1.0089,1.0366,1.0405
2190.0000,0.9370,0.9408,0.9370,0.9712,1.0136,1.0435,1.0366
2195.0000,0.9361,0.9416,0.9386,0.9774,1.0198,1.0462,1.0384
2200.0000,0.9353,0.9421,0.9415,0.9833,1.0261,1.0478,1.0380
2205.0000,0.9390,0.9404,0.9467,0.9884,1.0330,1.0477,1.0360
2210.0000,0.9395,0.9411,0.9512,0.9948,1.0379,1.0489,1.0280
2215.0000,0.9404,0.9417,0.9571,1.0000,1.0443,1.0449,1.0246
2220.0000,0.9423,0.9427,0.9633,1.0055,1.0495,1.0403,1.0174
2225.0000,0.9433,0.9458,0.9686,1.0121,1.0522,1.0361,1.0055
2230.0000,0.9433,0.9503,0.9740,1.0181,1.0554,1.0264,0.9997
2235.0000,0.9471,0.9542,0.9794,1.0248,1.0553,1.0185,0.9869
2240.0000,0.9482,0.9610,0.9834,1.0324,1.0526,1.0100,0.9714
2245.0000,0.9462,0.9700,0.9867,1.0399,1.0483,0.9993,0.9556
2250.0000,0.9564,0.9723,0.9944,1.0441,1.0452,0.9832,0.9439
2255.0000,0.9630,0.9764,1.0010,1.0489,1.0379,0.9697,0.9262
2260.0000,0.9679,0.9810,1.0080,1.0524,1.0293,0.9540,0.9095
2265.0000,0.9740,0.9852,1.0155,1.0545,1.0189,0.9378,0.8909
2270.0000,0.9776,0.9918,1.0215,1.0561,1.0056,0.9222,0.8688
2275.0000,0.9825,0.9974,1.0287,1.0546,0.9936,0.9008,0.8575
2280.0000,0.9894,1.0023,1.0355,1.0522,0.9781,0.8829,0.8392
2285.0000,0.9949,1.0084,1.0410,1.0485,0.9607,0.8658,0.8196
2290.0000,0.9982,1.0159,1.0451,1.0431,0.9424,0.8478,0.8018
2295.0000,1.0061,1.0204,1.0502,1.0344,0.9253,0.8270,0.7897
2300.0000,1.0119,1.0262,1.0527,1.0253,0.9051,0.8105,0.7733
2305.0000,1.0168,1.0318,1.0538,1.0143,0.8848,0.7943,0.7583
2310.0000,1.0179,1.0386,1.0526,1.0018,0.8642,0.7787,0.7443
2315.0000,1.0272,1.0404,1.0518,0.9871,0.8437,0.7654,0.7274
2320.0000,1.0319,1.0428,1.0493,0.9701,0.8259,0.7480,0.7244
2325.0000,1.0342,1.0451,1.0439,0.9530,0.8067,0.7355,0.7161
2330.0000,1.0391,1.0444,1.0378,0.9342,0.7888,0.7240,0.7099
2335.0000,1.0395,1.0448,1.0283,0.9157,0.7706,0.7156,0.7035
2340.0000,1.0391,1.0431,1.0178,0.8957,0.7554,0.7053,0.7074
2345.0000,1.0408,1.0382,1.0062,0.8754,0.7408,0.6987,0.7121
2350.0000,1.0380,1.0338,0.9914,0.8562,0.7259,0.6966,0.7184
2355.0000,1.0315,1.0291,0.9745,0.8376,0.7123,0.6976,0.7285
2360.0000,1.0303,1.0186,0.9589,0.8176,0.7023,0.6994,0.7470
2365.0000,1.0229,1.0095,0.9401,0.7999,0.6918,0.7081,0.7673
2370.0000,1.0159,0.9972,0.9218,0.7818,0.6849,0.7192,0.7977
2375.0000,1.0080,0.9831,0.9026,0.7657,0.6775,0.7410,0.8229
2380.0000,0.9945,0.9703,0.8820,0.7505,0.6742,0.7658,0.8549
2385.0000,0.9799,0.9559,0.8620,0.7354,0.6761,0.7932,0.8962
2390.0000,0.9697,0.9371,0.8444,0.7202,0.6832,0.8250,0.9428
2395.0000,0.9569,0.9179,0.8266,0.7071,0.6934,0.8648,0.9888
2400.0000,0.9385,0.9013,0.8072,0.6972,0.7066,0.9139,1.0238
2405.0000,0.9235,0.8814,0.7911,0.6864,0.7301,0.9593,1.0703
2410.0000,0.9055,0.8638,0.7736,0.6798,0.7570,1.0117,1.1077
2415.0000,0.8911,0.8430,0.7594,0.6738,0.7938,1.0596,1.1518
2420.0000,0.8723,0.8251,0.7441,0.6730,0.8340,1.1121,1.1790
2425.0000,0.8529,0.8090,0.7286,0.6768,0.8796,1.1628,1.1949
2430.0000,0.8342,0.7928,0.7156,0.6834,0.9349,1.1996,1.2232
2435.0000,0.8200,0.7753,0.7047,0.6950,0.9942,1.2299,1.2425
2440.0000,0.8028,0.7609,0.6931,0.7155,1.0508,1.2607,1.2388
2445.0000,0.7840,0.7490,0.6833,0.7414,1.1110,1.2747,1.2469
2450.0000,0.7659,0.7388,0.6754,0.7748,1.1684,1.2799,1.2483
2455.0000,0.7552,0.7271,0.6717,0.8150,1.2204,1.2779,1.2423
2460.0000,0.7419,0.7193,0.6699,0.8635,1.2623,1.2726,1.2265
2465.0000,0.7248,0.7157,0.6721,0.9172,1.2966,1.2575,1.2156
2470.0000,0.7209,0.7085,0.6826,0.9742,1.3199,1.2405,1.1972
2475.0000,0.7106,0.7086,0.6972,1.0345,1.3318,1.2195,1.1800
2480.0000,0.7024,0.7109,0.7194,1.0947,1.3325,1.1976,1.1618
2485.0000,0.7067,0.7107,0.7524,1.1513,1.3227,1.1781,1.1386
2490.0000,0.7066,0.7178,0.7922,1.2026,1.3060,1.1558,1.1211
2495.0000,0.7068,0.7312,0.8381,1.2478,1.2809,1.1378,1.0972
2500.0000,0.7205,0.7438,0.8939,1.2816,1.2545,1.1167,1.0805
2505.0000,0.7375,0.7614,0.9545,1.3057,1.2247,1.0986,1.0635
2510.0000,0.7592,0.7847,1.0175,1.3193,1.1943,1.0820,1.0476
2515.0000,0.7754,0.8198,1.0773,1.3243,1.1635,1.0672,1.0328
2520.0000,0.8003,0.8600,1.1340,1.3207,1.1333,1.0564,1.0136
2525.0000,0.8363,0.9010,1.1886,1.3064,1.1095,1.0399,1.0091
2530.0000,0.8675,0.9511,1.2324,1.2882,1.0858,1.0284,0.9992
2535.0000,0.9090,0.9992,1.2695,1.2646,1.0644,1.0207,0.9837
2540.0000,0.9418,1.0554,1.2931,1.2390,1.0467,1.0101,0.9773
2545.0000,0.9890,1.1031,1.3105,1.2095,1.0341,0.9977,0.9744
2550.0000,1.0354,1.1476,1.3175,1.1812,1.0208,0.9913,0.9626
2555.0000,1.0784,1.1874,1.3158,1.1529,1.0112,0.9818,0.9589
2560.0000,1.1038,1.2289,1.3021,1.1285,1.0015,0.9740,0.9537
2565.0000,1.1513,1.2515,1.2874,1.1040,0.9934,0.9686,0.9427
2570.0000,1.1854,1.2689,1.2671,1.0815,0.9881,0.9587,0.9436
2575.0000,1.2098,1.2800,1.2423,1.0626,0.9817,0.9521,0.9393
2580.0000,1.2348,1.2799,1.2176,1.0453,0.9761,0.9459,0.9346
2585.0000,1.2439,1.2790,1.1885,1.0323,0.9688,0.9418,0.9282
2590.0000,1.2498,1.2698,1.1614,1.0201,0.9631,0.9358,0.9258
2595.0000,1.2554,1.2524,1.1370,1.0090,0.9576,0.9309,0.9217
2600.0000,1.2493,1.2352,1.1121,1.0007,0.9508,0.9279,0.9159
2605.0000,1.2380,1.2151,1.0896,0.9930,0.9450,0.9238,0.9124
2610.0000,1.2283,1.1900,1.0717,0.9847,0.9406,0.9188,0.9100
2615.0000,1.2107,1.1676,1.0539,0.9785,0.9346,0.9163,0.9044
2620.0000,1.1949,1.1426,1.0401,0.9714,0.9304,0.9120,0.9022
2625.0000,1.1749,1.1195,1.0278,0.9646,0.9266,0.9076,0.9000
2630.0000,1.1520,1.1003,1.0154,0.9595,0.9213,0.9057,0.8950
2635.0000,1.1287,1.0830,1.0043,0.9543,0.9169,0.9025,0.8924
2640.0000,1.1113,1.0647,0.9958,0.9486,0.9134,0.8990,0.8897
2645.0000,1.0941,1.0481,0.9879,0.9435,0.9092,0.8976,0.8830
2650.0000,1.0738,1.0355,0.9800,0.9385,0.9064,0.8930,0.8831
2655.0000,1.0595,1.0219,0.9739,0.9332,0.9037,0.8893,0.8808
2660.0000,1.0438,1.0118,0.9666,0.9294,0.8995,0.8880,0.8746
2665.0000,1.0311,1.0014,0.9608,0.9247,0.8970,0.8841,0.8732
2670.0000,1.0202,0.9912,0.9560,0.9199,0.8950,0.8797,0.8720
2675.0000,1.0079,0.9841,0.9496,0.9167,0.8911,0.8782,0.8664
2680.0000,0.9967,0.9776,0.9438,0.9132,0.8882,0.8746,0.8650
2685.0000,0.9868,0.9712,0.9386,0.9098,0.8854,0.8713,0.8629
2690.0000,0.9816,0.9631,0.9343,0.9065,0.8817,0.8701,0.8560
2695.0000,0.9725,0.9579,0.9295,0.9032,0.8793,0.8656,0.8572
2700.0000,0.9634,0.9534,0.9245,0.9004,0.8761,0.8627,0.8553
2705.0000,0.9601,0.9463,0.9212,0.8969,0.8734,0.8597,0.8530
2710.0000,0.9539,0.9414,0.9170,0.8943,0.8696,0.8584,0.8483
2715.0000,0.9462,0.9374,0.9130,0.8912,0.8671,0.8549,0.8480
2720.0000,0.9434,0.9311,0.9105,0.8877,0.8646,0.8521,0.8461
2725.0000,0.9376,0.9273,0.9066,0.8851,0.8609,0.8510,0.8417
2730.0000,0.9321,0.9234,0.9034,0.8819,0.8584,0.8482,0.8404
2735.0000,0.9294,0.9180,0.9012,0.8782,0.8566,0.8450,0.8393
2740.0000,0.9241,0.9149,0.8976,0.8756,0.8533,0.8440,0.8352
2745.0000,0.9184,0.9122,0.8941,0.8727,0.8510,0.8414,0.8341
2750.0000,0.9164,0.9076,0.8918,0.8692,0.8493,0.8383,0.8332
2755.0000,0.9123,0.9047,0.8882,0.8667,0.8463,0.8374,0.8293
2760.0000,0.9074,0.9022,0.8848,0.8640,0.8441,0.8351,0.8282
2765.0000,0.9057,0.8979,0.8823,0.8609,0.8422,0.8327,0.8265
2770.0000,0.9021,0.8951,0.8788,0.8587,0.8392,0.8323,0.8212
2775.0000,0.8974,0.8927,0.8756,0.8560,0.8378,0.8289,0.8219
2780.0000,0.8959,0.8884,0.8733,0.8530,0.8362,0.8262,0.8206
2785.0000,0.8922,0.8860,0.8697,0.8512,0.8333,0.8257,0.8158
2790.0000,0.8884,0.8833,0.8667,0.8488,0.8316,0.8230,0.8155
2795.0000,0.8868,0.8791,0.8646,0.8459,0.8303,0.8199,0.8151
2800.0000,0.8832,0.8766,0.8614,0.8442,0.8274,0.8193,0.8109
2805.0000,0.8792,0.8742,0.8584,0.8422,0.8255,0.8169,0.8105
2810.0000,0.8743,0.8722,0.8553,0.8403,0.8234,0.8150,0.8091
2815.0000,0.8743,0.8679,0.8533,0.8383,0.8206,0.8149,0.8034
2820.0000,0.8704,0.8655,0.8508,0.8360,0.8193,0.8116,0.8051
2825.0000,0.8659,0.8635,0.8481,0.8340,0.8174,0.8096,0.8042
2830.0000,0.8656,0.8594,0.8467,0.8315,0.8158,0.8076,0.8028
2835.0000,0.8624,0.8572,0.8441,0.8299,0.8132,0.8072,0.7990
2840.0000,0.8581,0.8554,0.8417,0.8277,0.8119,0.8045,0.7991
2845.0000,0.8577,0.8516,0.8404,0.8252,0.8106,0.8024,0.7979
2850.0000,0.8545,0.8497,0.8379,0.8236,0.8081,0.8020,0.7942
2855.0000,0.8509,0.8479,0.8356,0.8215,0.8067,0.7998,0.7935
2860.0000,0.8504,0.8444,0.8344,0.8190,0.8057,0.7972,0.7928
2865.0000,0.8473,0.8428,0.8318,0.8175,0.8034,0.7967,0.7893
2870.0000,0.8437,0.8415,0.8293,0.8157,0.8019,0.7945,0.7887
2875.0000,0.8432,0.8383,0.8278,0.8136,0.8007,0.7924,0.7877
2880.0000,0.8405,0.8368,0.8251,0.8124,0.7981,0.7922,0.7832
2885.0000,0.8373,0.8352,0.8229,0.8105,0.7969,0.7894,0.7841
2890.0000,0.8368,0.8321,0.8215,0.8085,0.7956,0.7873,0.7832
2895.0000,0.8344,0.8303,0.8192,0.8073,0.7930,0.7872,0.7792
2900.0000,0.8312,0.8287,0.8172,0.8055,0.7918,0.7847,0.7800
2905.0000,0.8306,0.8256,0.8159,0.8035,0.7904,0.7829,0.7792
2910.0000,0.8280,0.8242,0.8136,0.8024,0.7878,0.7830,0.7751
2915.0000,0.8251,0.8227,0.8116,0.8007,0.7863,0.7811,0.7752
2920.0000,0.8246,0.8196,0.8107,0.7984,0.7854,0.7790,0.7751
2925.0000,0.8221,0.8182,0.8086,0.7972,0.7830,0.7791,0.7710
2930.0000,0.8194,0.8167,0.8068,0.7954,0.7818,0.7773,0.7708
2935.0000,0.8158,0.8156,0.8048,0.7937,0.7806,0.7757,0.7699
2940.0000,0.8166,0.8125,0.8037,0.7920,0.7787,0.7759,0.7643
2945.0000,0.8140,0.8111,0.8020,0.7900,0.7782,0.7728,0.7661
2950.0000,0.8106,0.8101,0.8000,0.7884,0.7771,0.7709,0.7652
2955.0000,0.8110,0.8072,0.7990,0.7864,0.7764,0.7688,0.7638
2960.0000,0.8087,0.8061,0.7967,0.7854,0.7744,0.7682,0.7601
2965.0000,0.8055,0.8052,0.7946,0.7839,0.7735,0.7654,0.7601
2970.0000,0.8059,0.8023,0.7936,0.7822,0.7724,0.7632,0.7589
2975.0000,0.8036,0.8012,0.7912,0.7814,0.7702,0.7625,0.7555
2980.0000,0.8005,0.8002,0.7891,0.7803,0.7686,0.7603,0.7549
2985.0000,0.8010,0.7972,0.7883,0.7785,0.7675,0.7577,0.7545
2990.0000,0.7986,0.7960,0.7862,0.7778,0.7649,0.7571,0.7517
2995.0000,0.7959,0.7947,0.7845,0.7766,0.7630,0.7553,0.7516
3000.0000,0.7958,0.7920,0.7837,0.7749,0.7614,0.7536,0.7510
3005.0000,0.7938,0.7907,0.7820,0.7740,0.7586,0.7539,0.7476
3010.0000,0.7912,0.7894,0.7808,0.7722,0.7571,0.7519,0.7489
3015.0000,0.7909,0.7868,0.7802,0.7702,0.7557,0.7507,0.7489
3020.0000,0.7889,0.7857,0.7786,0.7689,0.7532,0.7514,0.7457
3025.0000,0.7865,0.7847,0.7774,0.7668,0.7522,0.7499,0.7473
3030.0000,0.7862,0.7823,0.7768,0.7645,0.7514,0.7489,0.7477
3035.0000,0.7843,0.7815,0.7750,0.7630,0.7495,0.7500,0.7449
3040.0000,0.7820,0.7806,0.7735,0.7609,0.7491,0.7486,0.7476
3045.0000,0.7819,0.7783,0.7726,0.7584,0.7491,0.7473,0.7506
3050.0000,0.7801,0.7776,0.7704,0.7572,0.7477,0.7487,0.7502
3055.0000,0.7781,0.7766,0.7685,0.7555,0.7475,0.7481,0.7562
3060.0000,0.7747,0.7763,0.7660,0.7542,0.7471,0.7484,0.7632
3065.0000,0.7760,0.7737,0.7644,0.7532,0.7457,0.7519,0.7675
3070.0000,0.7737,0.7728,0.7620,0.7523,0.7452,0.7544,0.7798
3075.0000,0.7707,0.7720,0.7596,0.7516,0.7447,0.7587,0.7943
3080.0000,0.7716,0.7690,0.7583,0.7506,0.7444,0.7657,0.8110
3085.0000,0.7692,0.7680,0.7559,0.7506,0.7433,0.7768,0.8293
3090.0000,0.7659,0.7672,0.7535,0.7506,0.7426,0.7916,0.8484
3095.0000,0.7669,0.7635,0.7534,0.7490,0.7451,0.8070,0.8742
3100.0000,0.7647,0.7619,0.7522,0.7483,0.7477,0.8279,0.9004
3105.0000,0.7621,0.7603,0.7515,0.7469,0.7535,0.8506,0.9328
3110.0000,0.7620,0.7576,0.7512,0.7460,0.7599,0.8810,0.9586
3115.0000,0.7599,0.7561,0.7507,0.7449,0.7705,0.9129,0.9862
3120.0000,0.7579,0.7543,0.7510,0.7430,0.7868,0.9434,1.0212
3125.0000,0.7572,0.7521,0.7516,0.7416,0.8073,0.9760,1.0549
3130.0000,0.7560,0.7509,0.7510,0.7423,0.8298,1.0131,1.0816
3135.0000,0.7541,0.7504,0.7498,0.7445,0.8568,1.0499,1.1043
3140.0000,0.7533,0.7492,0.7493,0.7477,0.8899,1.0820,1.1288
3145.0000,0.7519,0.7493,0.7470,0.7553,0.9235,1.1167,1.1398
3150.0000,0.7504,0.7492,0.7456,0.7645,0.9632,1.1419,1.1565
3155.0000,0.7504,0.7481,0.7450,0.7767,1.0060,1.1603,1.1715
3160.0000,0.7492,0.7489,0.7426,0.7955,1.0452,1.1803,1.1706
3165.0000,0.7470,0.7500,0.7414,0.8177,1.0860,1.1893,1.1773
3170.0000,0.7483,0.7495,0.7422,0.8443,1.1239,1.1941,1.1773
3175.0000,0.7468,0.7516,0.7430,0.8770,1.1555,1.1974,1.1669
3180.0000,0.7453,0.7538,0.7470,0.9124,1.1840,1.1922,1.1613
3185.0000,0.7408,0.7582,0.7533,0.9515,1.2055,1.1841,1.1508
3190.0000,0.7479,0.7582,0.7660,0.9916,1.2203,1.1741,1.1347
3195.0000,0.7483,0.7629,0.7819,1.0323,1.2296,1.1580,1.1264
3200.0000,0.7493,0.7691,0.8023,1.0728,1.2305,1.1433,1.1113
3205.0000,0.7583,0.7737,0.8296,1.1101,1.2254,1.1281,1.0951
3210.0000,0.7632,0.7841,0.8599,1.1446,1.2145,1.1124,1.0799
3215.0000,0.7729,0.7952,0.8959,1.1731,1.2005,1.0950,1.0689
3220.0000,0.7849,0.8095,0.9350,1.1964,1.1817,1.0809,1.0548
3225.0000,0.7990,0.8277,0.9761,1.2132,1.1609,1.0676,1.0422
3230.0000,0.8126,0.8519,1.0167,1.2242,1.1383,1.0563,1.0290
3235.0000,0.8324,0.8776,1.0580,1.2275,1.1174,1.0435,1.0205
3240.0000,0.8571,0.9051,1.0976,1.2250,1.0960,1.0347,1.0086
3245.0000,0.8831,0.9360,1.1336,1.2165,1.0771,1.0248,1.0014
3250.0000,0.9077,0.9709,1.1637,1.2041,1.0597,1.0161,0.9941
3255.0000,0.9329,1.0093,1.1859,1.1898,1.0421,1.0119,0.9806
3260.0000,0.9665,1.0421,1.2057,1.1699,1.0309,1.0013,0.9805
3265.0000,0.9983,1.0743,1.2183,1.1493,1.0205,0.9937,0.9763
3270.0000,1.0304,1.1036,1.2244,1.1287,1.0106,0.9894,0.9668
3275.0000,1.0546,1.1342,1.2221,1.1090,1.0029,0.9826,0.9641
3280.0000,1.0857,1.1557,1.2170,1.0888,0.9977,0.9750,0.9624
3285.0000,1.1107,1.1746,1.2054,1.0717,0.9909,0.9715,0.9550
3290.0000,1.1263,1.1919,1.1883,1.0569,0.9852,0.9663,0.9527
3295.0000,1.1503,1.1966,1.1727,1.0418,0.9817,0.9602,0.9509
3300.0000,1.1649,1.1988,1.1537,1.0298,0.9764,0.9573,0.9449
3305.0000,1.1729,1.1969,1.1339,1.0194,0.9721,0.9530,0.9424
3310.0000,1.1730,1.1925,1.1132,1.0108,0.9676,0.9492,0.9393
3315.0000,1.1797,1.1794,1.0958,1.0027,0.9630,0.9472,0.9318
3320.0000,1.1757,1.1667,1.0784,0.9956,0.9597,0.9419,0.9327
3325.0000,1.1669,1.1526,1.0619,0.9898,0.9557,0.9384,0.9303
3330.0000,1.1609,1.1345,1.0485,0.9839,0.9522,0.9349,0.9276
3335.0000,1.1499,1.1175,1.0357,0.9792,0.9477,0.9332,0.9226
3340.0000,1.1334,1.1022,1.0239,0.9747,0.9443,0.9292,0.9221
3345.0000,1.1216,1.0847,1.0150,0.9699,0.9412,0.9261,0.9201
3350.0000,1.1055,1.0708,1.0054,0.9666,0.9366,0.9250,0.9155
3355.0000,1.0921,1.0559,0.9984,0.9622,0.9337,0.9219,0.9144
3360.0000,1.0788,1.0418,0.9927,0.9577,0.9313,0.9185,0.9136
3365.0000,1.0634,1.0312,0.9860,0.9545,0.9274,0.9177,0.9095
3370.0000,1.0482,1.0223,0.9800,0.9510,0.9245,0.9153,0.9088
3375.0000,1.0387,1.0118,0.9758,0.9469,0.9222,0.9130,0.9076
3380.0000,1.0284,1.0033,0.9711,0.9437,0.9188,0.9128,0.9026
3385.0000,1.0166,0.9968,0.9666,0.9401,0.9171,0.9098,0.9035
3390.0000,1.0095,0.9890,0.9632,0.9362,0.9154,0.9076,0.9026
3395.0000,1.0006,0.9840,0.9585,0.9337,0.9124,0.9077,0.8976
3400.0000,0.9932,0.9786,0.9548,0.9303,0.9110,0.9052,0.8978
3405.0000,0.9881,0.9724,0.9519,0.9267,0.9102,0.9024,0.8977
3410.0000,0.9813,0.9685,0.9476,0.9246,0.9076,0.9023,0.8931
3415.0000,0.9745,0.9650,0.9435,0.9221,0.9062,0.9002,0.8929
3420.0000,0.9673,0.9619,0.9395,0.9198,0.9049,0.8978,0.8925
3425.0000,0.9662,0.9562,0.9368,0.9175,0.9029,0.8974,0.8879
3430.0000,0.9607,0.9530,0.9333,0.9155,0.9016,0.8951,0.8877
3435.0000,0.9545,0.9502,0.9297,0.9137,0.9002,0.8929,0.8868
3440.0000,0.9537,0.9450,0.9273,0.9119,0.8980,0.8929,0.8808
3445.0000,0.9487,0.9421,0.9244,0.9100,0.8972,0.8893,0.8834
3450.0000,0.9433,0.9396,0.9214,0.9086,0.8955,0.8872,0.8829
3455.0000,0.9425,0.9349,0.9198,0.9066,0.8941,0.8853,0.8820
3460.0000,0.9387,0.9323,0.9170,0.9056,0.8914,0.8851,0.8787
3465.0000,0.9336,0.9301,0.9146,0.9040,0.8899,0.8828,0.8793
3470.0000,0.9329,0.9258,0.9136,0.9020,0.8885,0.8812,0.8788
3475.0000,0.9292,0.9238,0.9112,0.9010,0.8858,0.8814,0.8758
3480.0000,0.9251,0.9220,0.9092,0.8993,0.8842,0.8800,0.8761
3485.0000,0.9246,0.9182,0.9086,0.8970,0.8832,0.8784,0.8761
3490.0000,0.9213,0.9166,0.9065,0.8957,0.8809,0.8790,0.8731
3495.0000,0.9177,0.9152,0.9048,0.8938,0.8798,0.8778,0.8736
3500.0000,0.9172,0.9121,0.9040,0.8914,0.8792,0.8765,0.8735
3505.0000,0.9148,0.9106,0.9021,0.8900,0.8774,0.8775,0.8694
3510.0000,0.9118,0.9093,0.9005,0.8880,0.8772,0.8754,0.8712
3515.0000,0.9113,0.9066,0.8995,0.8858,0.8770,0.8740,0.8712
3520.0000,0.9089,0.9056,0.8971,0.8847,0.8754,0.8748,0.8674
3525.0000,0.9060,0.9048,0.8949,0.8833,0.8751,0.8733,0.8681
3530.0000,0.9059,0.9020,0.8938,0.8814,0.8753,0.8715,0.8686
3535.0000,0.9037,0.9011,0.8912,0.8809,0.8737,0.8721,0.8648
3540.0000,0.9012,0.9000,0.8891,0.8799,0.8733,0.8705,0.8659
3545.0000,0.8973,0.8994,0.8867,0.8792,0.8727,0.8692,0.8659
3550.0000,0.8990,0.8960,0.8856,0.8785,0.8712,0.8700,0.8612
3555.0000,0.8964,0.8945,0.8840,0.8776,0.8711,0.8678,0.8637
3560.0000,0.8925,0.8938,0.8820,0.8771,0.8701,0.8667,0.8637
3565.0000,0.8939,0.8905,0.8812,0.8766,0.8685,0.8678,0.8589
3570.0000,0.8913,0.8892,0.8801,0.8757,0.8682,0.8655,0.8617
3575.0000,0.8880,0.8883,0.8787,0.8751,0.8674,0.8645,0.8621
3580.0000,0.8888,0.8853,0.8787,0.8739,0.8669,0.8635,0.8621
3585.0000,0.8867,0.8843,0.8774,0.8736,0.8652,0.8643,0.8595
3590.0000,0.8837,0.8836,0.8765,0.8727,0.8647,0.8629,0.8608
3595.0000,0.8844,0.8811,0.8767,0.8713,0.8643,0.8622,0.8608
3600.0000,0.8823,0.8806,0.8755,0.8709,0.8628,0.8632,0.8582
3605.0000,0.8795,0.8805,0.8744,0.8701,0.8623,0.8624,0.8587
3610.0000,0.8806,0.8781,0.8747,0.8685,0.8626,0.8611,0.8593
3615.0000,0.8791,0.8778,0.8735,0.8680,0.8614,0.8619,0.8565
3620.0000,0.8771,0.8774,0.8726,0.8670,0.8614,0.8607,0.8577
3625.0000,0.8777,0.8757,0.8724,0.8657,0.8616,0.8595,0.8582
3630.0000,0.8763,0.8756,0.8709,0.8655,0.8603,0.8607,0.8551
3635.0000,0.8744,0.8754,0.8698,0.8647,0.8604,0.8591,0.8573
3640.0000,0.8752,0.8736,0.8695,0.8638,0.8605,0.8583,0.8579
3645.0000,0.8740,0.8734,0.8680,0.8638,0.8590,0.8596,0.8552
