150.0000,0.9897,0.9876,0.9741,0.9613,0.9476,0.9473,0.9507
155.0000,0.9893,0.9840,0.9728,0.9590,0.9469,0.9471,0.9545
160.0000,0.9866,0.9822,0.9702,0.9578,0.9448,0.9501,0.9550
165.0000,0.9829,0.9806,0.9679,0.9561,0.9442,0.9513,0.9611
170.0000,0.9825,0.9771,0.9669,0.9539,0.9442,0.9532,0.9677
175.0000,0.9797,0.9755,0.9643,0.9529,0.9429,0.9586,0.9710
180.0000,0.9766,0.9739,0.9624,0.9512,0.9436,0.9620,0.9817
185.0000,0.9760,0.9707,0.9612,0.9494,0.9445,0.9678,0.9906
190.0000,0.9733,0.9693,0.9589,0.9486,0.9448,0.9767,0.9969
195.0000,0.9702,0.9679,0.9570,0.9472,0.9475,0.9836,1.0113
200.0000,0.9660,0.9670,0.9549,0.9462,0.9509,0.9922,1.0262
205.0000,0.9674,0.9635,0.9539,0.9454,0.9541,1.0052,1.0364
210.0000,0.9645,0.9621,0.9520,0.9450,0.9592,1.0174,1.0517
215.0000,0.9605,0.9612,0.9502,0.9447,0.9662,1.0299,1.0696
220.0000,0.9618,0.9580,0.9493,0.9452,0.9731,1.0470,1.0811
225.0000,0.9591,0.9568,0.9478,0.9460,0.9827,1.0623,1.0990
230.0000,0.9559,0.9557,0.9466,0.9472,0.9948,1.0768,1.1198
235.0000,0.9566,0.9528,0.9465,0.9489,1.0083,1.0925,1.1403
240.0000,0.9544,0.9520,0.9449,0.9530,1.0210,1.1120,1.1573
245.0000,0.9510,0.9519,0.9434,0.9584,1.0351,1.1320,1.1731
250.0000,0.9521,0.9493,0.9440,0.9636,1.0524,1.1498,1.1919
255.0000,0.9500,0.9492,0.9432,0.9716,1.0686,1.1707,1.2052
260.0000,0.9471,0.9494,0.9436,0.9802,1.0877,1.1876,1.2246
265.0000,0.9487,0.9475,0.9456,0.9900,1.1071,1.2061,1.2383
270.0000,0.9472,0.9482,0.9471,1.0023,1.1258,1.2254,1.2471
275.0000,0.9457,0.9488,0.9503,1.0148,1.1472,1.2395,1.2623
280.0000,0.9476,0.9482,0.9557,1.0283,1.1688,1.2523,1.2749
285.0000,0.9472,0.9504,0.9603,1.0449,1.1877,1.2676,1.2795
290.0000,0.9471,0.9529,0.9669,1.0617,1.2080,1.2777,1.2887
295.0000,0.9503,0.9545,0.9759,1.0791,1.2277,1.2857,1.2962
300.0000,0.9520,0.9588,0.9847,1.0990,1.2439,1.2956,1.2960
305.0000,0.9527,0.9650,0.9949,1.1190,1.2603,1.3002,1.3020
310.0000,0.9586,0.9697,1.0079,1.1388,1.2751,1.3035,1.3053
315.0000,0.9630,0.9774,1.0208,1.1602,1.2860,1.3084,1.3019
320.0000,0.9680,0.9861,1.0358,1.1806,1.2965,1.3087,1.3047
325.0000,0.9693,0.9985,1.0507,1.2014,1.3041,1.3089,1.3051
330.0000,0.9827,1.0071,1.0691,1.2208,1.3088,1.3110,1.2983
335.0000,0.9923,1.0186,1.0885,1.2381,1.3140,1.3073,1.3030
340.0000,1.0032,1.0309,1.1089,1.2542,1.3166,1.3049,1.3042
345.0000,1.0162,1.0442,1.1297,1.2693,1.3159,1.3057,1.2993
350.0000,1.0271,1.0607,1.1500,1.2823,1.3154,1.3030,1.3035
355.0000,1.0409,1.0770,1.1709,1.2930,1.3137,1.3013,1.3070
360.0000,1.0574,1.0933,1.1919,1.3013,1.3115,1.3002,1.3118
365.0000,1.0699,1.1140,1.2096,1.3094,1.3065,1.3032,1.3141
370.0000,1.0877,1.1322,1.2283,1.3139,1.3033,1.3046,1.3223
375.0000,1.1072,1.1494,1.2464,1.3162,1.3006,1.3075,1.3323
380.0000,1.1254,1.1678,1.2619,1.3177,1.2968,1.3148,1.3402
385.0000,1.1377,1.1892,1.2743,1.3177,1.2952,1.3205,1.3587
390.0000,1.1595,1.2056,1.2865,1.3164,1.2931,1.3324,1.3711
395.0000,1.1780,1.2224,1.2960,1.3143,1.2924,1.3470,1.3835
400.0000,1.1949,1.2381,1.3037,1.3111,1.2946,1.3620,1.3992
405.0000,1.2128,1.2512,1.3107,1.3064,1.3002,1.3773,1.4163
410.0000,1.2255,1.2666,1.3129,1.3038,1.3055,1.3982,1.4257
415.0000,1.2404,1.2773,1.3160,1.2990,1.3174,1.4134,1.4460
420.0000,1.2556,1.2849,1.3186,1.2940,1.3332,1.4267,1.4697
425.0000,1.2671,1.2930,1.3174,1.2927,1.3471,1.4470,1.4832
430.0000,1.2747,1.3006,1.3150,1.2918,1.3663,1.4600,1.5159
435.0000,1.2851,1.3046,1.3119,1.2940,1.3841,1.4788,1.5406
440.0000,1.2918,1.3089,1.3065,1.2999,1.4007,1.5013,1.5628
445.0000,1.2955,1.3123,1.3009,1.3077,1.4192,1.5220,1.5952
450.0000,1.2928,1.3172,1.2938,1.3193,1.4363,1.5468,1.6257
455.0000,1.3024,1.3144,1.2907,1.3320,1.4532,1.5764,1.6517
460.0000,1.3018,1.3151,1.2870,1.3472,1.4706,1.6076,1.6775
465.0000,1.2994,1.3145,1.2865,1.3621,1.4917,1.6361,1.7109
470.0000,1.3056,1.3087,1.2903,1.3780,1.5121,1.6716,1.7320
475.0000,1.3048,1.3058,1.2962,1.3934,1.5373,1.7020,1.7635
480.0000,1.3049,1.3017,1.3063,1.4077,1.5671,1.7286,1.8012
485.0000,1.3058,1.2986,1.3185,1.4229,1.5982,1.7563,1.8374
490.0000,1.3062,1.2986,1.3306,1.4410,1.6274,1.7896,1.8671
495.0000,1.3058,1.3015,1.3433,1.4606,1.6578,1.8229,1.8954
500.0000,1.3065,1.3067,1.3571,1.4809,1.6910,1.8526,1.9284
505.0000,1.3077,1.3158,1.3696,1.5049,1.7217,1.8869,1.9540
510.0000,1.3039,1.3306,1.3810,1.5308,1.7543,1.9168,1.9875
515.0000,1.3159,1.3399,1.3964,1.5575,1.7863,1.9496,2.0119
520.0000,1.3221,1.3548,1.4103,1.5872,1.8168,1.9836,2.0299
525.0000,1.3336,1.3664,1.4291,1.6152,1.8521,2.0088,2.0603
530.0000,1.3481,1.3771,1.4506,1.6438,1.8871,2.0335,2.0862
535.0000,1.3588,1.3927,1.4707,1.6759,1.9177,2.0629,2.1001
540.0000,1.3729,1.4071,1.4945,1.7069,1.9507,2.0857,2.1186
545.0000,1.3885,1.4220,1.5207,1.7377,1.9843,2.1042,2.1377
550.0000,1.4038,1.4402,1.5462,1.7712,2.0128,2.1270,2.1436
555.0000,1.4153,1.4629,1.5721,1.8046,2.0425,2.1409,2.1613
560.0000,1.4362,1.4829,1.6008,1.8378,2.0696,2.1555,2.1688
600.0000,1.6259,1.6983,1.8553,2.0843,2.1980,2.1773,2.1316
605.0000,1.6554,1.7283,1.8899,2.1068,2.2042,2.1636,2.1236
610.0000,1.6873,1.7582,1.9237,2.1280,2.2054,2.1517,2.1063
615.0000,1.7111,1.7954,1.9524,2.1495,2.2005,2.1412,2.0820
620.0000,1.7439,1.8266,1.9843,2.1652,2.1977,2.1209,2.0691
625.0000,1.7794,1.8562,2.0155,2.1786,2.1902,2.1028,2.0480
630.0000,1.8114,1.8875,2.0437,2.1904,2.1783,2.0859,2.0210
635.0000,1.8324,1.9247,2.0671,2.2005,2.1638,2.0662,1.9947
640.0000,1.8714,1.9512,2.0946,2.2036,2.1518,2.0388,1.9754
645.0000,1.9041,1.9799,2.1173,2.2064,2.1333,2.0171,1.9459
650.0000,1.9339,2.0078,2.1381,2.2053,2.1146,1.9910,1.9217
655.0000,1.9650,2.0330,2.1571,2.2011,2.0941,1.9651,1.8943
660.0000,1.9882,2.0625,2.1693,2.1969,2.0687,1.9426,1.8589
665.0000,2.0173,2.0843,2.1833,2.1861,2.0479,1.9096,1.8439
670.0000,2.0452,2.1038,2.1937,2.1742,2.0226,1.8826,1.8176
675.0000,2.0683,2.1235,2.1996,2.1612,1.9944,1.8586,1.7865
680.0000,2.0825,2.1453,2.2003,2.1466,1.9658,1.8327,1.7598
685.0000,2.1080,2.1563,2.2033,2.1264,1.9408,1.8016,1.7418
690.0000,2.1263,2.1679,2.2006,2.1070,1.9109,1.7783,1.7136
695.0000,2.1406,2.1771,2.1955,2.0851,1.8824,1.7529,1.6913
700.0000,2.1419,2.1891,2.1847,2.0632,1.8527,1.7294,1.6673
705.0000,2.1618,2.1883,2.1762,2.0381,1.8235,1.7094,1.6349
710.0000,2.1689,2.1886,2.1644,2.0105,1.7991,1.6800,1.6279
715.0000,2.1731,2.1863,2.1497,1.9833,1.7722,1.6577,1.6096
720.0000,2.1790,2.1789,2.1341,1.9548,1.7464,1.6368,1.5908
725.0000,2.1751,2.1738,2.1134,1.9278,1.7193,1.6196,1.5687
730.0000,2.1671,2.1664,2.0915,1.8992,1.6963,1.5973,1.5597
735.0000,2.1670,2.1513,2.0705,1.8697,1.6740,1.5779,1.5494
740.0000,2.1572,2.1388,2.0447,1.8428,1.6497,1.5639,1.5361
745.0000,2.1433,2.1242,2.0182,1.8152,1.6286,1.5477,1.5332
750.0000,2.1358,2.1029,1.9929,1.7879,1.6072,1.5371,1.5263
755.0000,2.1175,2.0855,1.9634,1.7630,1.5853,1.5305,1.5191
760.0000,2.1002,2.0640,1.9353,1.7375,1.5664,1.5243,1.5158
765.0000,2.0860,2.0372,1.9096,1.7110,1.5510,1.5187,1.5147
770.0000,2.0631,2.0142,1.8807,1.6872,1.5351,1.5184,1.5092
775.0000,2.0360,1.9915,1.8519,1.6635,1.5234,1.5161,1.5113
780.0000,2.0181,1.9621,1.8269,1.6385,1.5164,1.5127,1.5169
785.0000,1.9961,1.9338,1.8006,1.6165,1.5084,1.5159,1.5148
790.0000,1.9673,1.9080,1.7741,1.5951,1.5059,1.5132,1.5301
795.0000,1.9441,1.8792,1.7493,1.5751,1.5045,1.5138,1.5448
800.0000,1.9159,1.8546,1.7214,1.5598,1.5010,1.5214,1.5555
805.0000,1.8914,1.8271,1.6962,1.5451,1.5011,1.5273,1.5790
810.0000,1.8661,1.8000,1.6713,1.5335,1.5005,1.5397,1.5993
815.0000,1.8363,1.7774,1.6446,1.5257,1.4993,1.5577,1.6199
820.0000,1.8057,1.7555,1.6195,1.5193,1.5009,1.5767,1.6495
825.0000,1.7788,1.7315,1.5977,1.5139,1.5046,1.6004,1.6794
830.0000,1.7609,1.7029,1.5804,1.5091,1.5101,1.6307,1.7040
835.0000,1.7323,1.6810,1.5626,1.5061,1.5192,1.6625,1.7319
840.0000,1.7050,1.6585,1.5491,1.5022,1.5352,1.6916,1.7684
845.0000,1.6881,1.6320,1.5409,1.4976,1.5569,1.7215,1.8062
850.0000,1.6706,1.6074,1.5338,1.4958,1.5796,1.7580,1.8364
855.0000,1.6467,1.5887,1.5264,1.4962,1.6070,1.7931,1.8695
860.0000,1.6260,1.5715,1.5208,1.4981,1.6400,1.8247,1.9080
865.0000,1.6042,1.5602,1.5125,1.5061,1.6713,1.8630,1.9368
870.0000,1.5836,1.5511,1.5056,1.5163,1.7081,1.8946,1.9785
875.0000,1.5720,1.5405,1.5004,1.5309,1.7438,1.9317,2.0083
880.0000,1.5565,1.5352,1.4939,1.5509,1.7792,1.9697,2.0330
885.0000,1.5419,1.5306,1.4902,1.5733,1.8179,2.0018,2.0655
890.0000,1.5383,1.5218,1.4915,1.5983,1.8564,2.0348,2.0889
895.0000,1.5278,1.5194,1.4923,1.6285,1.8926,2.0690,2.1027
900.0000,1.5204,1.5156,1.4992,1.6585,1.9332,2.0927,2.1276
905.0000,1.5196,1.5102,1.5111,1.6905,1.9725,2.1152,2.1443
910.0000,1.5158,1.5098,1.5242,1.7265,2.0072,2.1399,2.1474
915.0000,1.5122,1.5119,1.5415,1.7630,2.0424,2.1567,2.1517
920.0000,1.5141,1.5141,1.5639,1.7995,2.0769,2.1677,2.1511
960.0000,1.6032,1.6604,1.8190,2.0948,2.2085,2.0509,1.9354
965.0000,1.6257,1.6910,1.8566,2.1255,2.1978,2.0117,1.8860
970.0000,1.6549,1.7209,1.8959,2.1520,2.1806,1.9681,1.8320
975.0000,1.6773,1.7588,1.9312,2.1767,2.1543,1.9226,1.7715
980.0000,1.7094,1.7919,1.9709,2.1926,2.1277,1.8626,1.7304
985.0000,1.7452,1.8249,2.0088,2.2053,2.0892,1.8103,1.6720
990.0000,1.7783,1.8604,2.0446,2.2123,2.0451,1.7557,1.6135
995.0000,1.8003,1.9032,2.0743,2.2151,1.9937,1.7018,1.5510
1000.0000,1.8441,1.9338,2.1094,2.2054,1.9453,1.6367,1.5048
1005.0000,1.8817,1.9667,2.1387,2.1915,1.8883,1.5795,1.4509
1010.0000,1.9187,1.9980,2.1647,2.1703,1.8284,1.5238,1.3964
1015.0000,1.9528,2.0283,2.1866,2.1410,1.7691,1.4647,1.3527
1020.0000,1.9823,2.0608,2.1999,2.1080,1.7049,1.4126,1.3072
1025.0000,2.0135,2.0893,2.2077,2.0692,1.6388,1.3665,1.2559
1030.0000,2.0449,2.1127,2.2108,2.0235,1.5754,1.3204,1.2090
1035.0000,2.0674,2.1376,2.2040,1.9745,1.5117,1.2790,1.1581
1040.0000,2.0938,2.1524,2.1955,1.9167,1.4579,1.2267,1.1372
1045.0000,2.1172,2.1622,2.1789,1.8577,1.4019,1.1859,1.1030
1050.0000,2.1336,2.1689,2.1539,1.7973,1.3473,1.1499,1.0680
1055.0000,2.1403,2.1733,2.1204,1.7362,1.2959,1.1158,1.0367
1060.0000,2.1522,2.1654,2.0850,1.6715,1.2515,1.0787,1.0169
1065.0000,2.1539,2.1550,2.0407,1.6096,1.2064,1.0503,0.9910
1070.0000,2.1490,2.1391,1.9910,1.5488,1.1647,1.0241,0.9676
1075.0000,2.1335,2.1193,1.9357,1.4901,1.1260,1.0000,0.9459
1080.0000,2.1260,2.0867,1.8803,1.4323,1.0908,0.9795,0.9205
1085.0000,2.1009,2.0547,1.8198,1.3769,1.0612,0.9534,0.9176
1090.0000,2.0691,2.0179,1.7565,1.3258,1.0315,0.9346,0.9073
1095.0000,2.0461,1.9692,1.6962,1.2762,1.0050,0.9189,0.8972
1100.0000,2.0120,1.9185,1.6348,1.2304,0.9801,0.9064,0.8880
1105.0000,1.9612,1.8708,1.5708,1.1892,0.9568,0.8960,0.8822
1110.0000,1.9233,1.8119,1.5129,1.1489,0.9370,0.8881,0.8758
1115.0000,1.8717,1.7572,1.4533,1.1133,0.9180,0.8834,0.8685
1120.0000,1.8292,1.6933,1.4013,1.0776,0.9044,0.8779,0.8635
1125.0000,1.7747,1.6328,1.3505,1.0449,0.8935,0.8724,0.8602
1130.0000,1.7132,1.5787,1.2985,1.0174,0.8823,0.8707,0.8524
1135.0000,1.6494,1.5270,1.2488,0.9924,0.8744,0.8669,0.8494
1140.0000,1.6000,1.4685,1.2066,0.9674,0.8710,0.8608,0.8482
1145.0000,1.5495,1.4112,1.1675,0.9455,0.8675,0.8576,0.8420
1150.0000,1.4894,1.3623,1.1280,0.9277,0.8650,0.8526,0.8401
1155.0000,1.4391,1.3119,1.0931,0.9117,0.8636,0.8475,0.8376
1160.0000,1.3928,1.2617,1.0622,0.8981,0.8621,0.8435,0.8327
1165.0000,1.3340,1.2236,1.0287,0.8893,0.8593,0.8387,0.8320
1170.0000,1.2903,1.1820,1.0009,0.8815,0.8566,0.8347,0.8293
1175.0000,1.2424,1.1482,0.9726,0.8777,0.8513,0.8332,0.8245
1180.0000,1.2054,1.1104,0.9513,0.8729,0.8478,0.8298,0.8225
1185.0000,1.1682,1.0752,0.9335,0.8688,0.8444,0.8263,0.8209
1190.0000,1.1291,1.0463,0.9163,0.8667,0.8390,0.8254,0.8159
1195.0000,1.0935,1.0190,0.9029,0.8641,0.8348,0.8230,0.8144
1200.0000,1.0692,0.9891,0.8951,0.8597,0.8321,0.8199,0.8127
1205.0000,1.0396,0.9652,0.8878,0.8564,0.8281,0.8194,0.8063
1210.0000,1.0098,0.9467,0.8811,0.8527,0.8256,0.8156,0.8077
1215.0000,0.9810,0.9327,0.8745,0.8498,0.8224,0.8134,0.8062
1220.0000,0.9634,0.9172,0.8709,0.8457,0.8202,0.8108,0.8046
1225.0000,0.9470,0.9044,0.8674,0.8420,0.8173,0.8098,0.8003
1230.0000,0.9283,0.8958,0.8633,0.8384,0.8155,0.8066,0.8004
1235.0000,0.9167,0.8866,0.8605,0.8345,0.8138,0.8041,0.7991
1240.0000,0.9038,0.8811,0.8561,0.8319,0.8108,0.8034,0.7952
1245.0000,0.8936,0.8756,0.8525,0.8287,0.8091,0.8009,0.7944
1250.0000,0.8874,0.8692,0.8498,0.8251,0.8079,0.7981,0.7937
1255.0000,0.8793,0.8656,0.8456,0.8229,0.8052,0.7974,0.7902
1260.0000,0.8714,0.8626,0.8415,0.8206,0.8032,0.7953,0.7894
1265.0000,0.8684,0.8575,0.8387,0.8177,0.8017,0.7932,0.7882
1270.0000,0.8632,0.8542,0.8348,0.8160,0.7989,0.7930,0.7836
1275.0000,0.8577,0.8510,0.8315,0.8136,0.7976,0.7901,0.7844
1280.0000,0.8555,0.8463,0.8292,0.8110,0.7962,0.7880,0.7832
1285.0000,0.8515,0.8430,0.8260,0.8094,0.7937,0.7878,0.7788
1290.0000,0.8463,0.8402,0.8231,0.8072,0.7924,0.7850,0.7794
1295.0000,0.8443,0.8359,0.8211,0.8049,0.7911,0.7830,0.7783
1300.0000,0.8403,0.8333,0.8180,0.8035,0.7885,0.7829,0.7739
1305.0000,0.8364,0.8306,0.8156,0.8016,0.7871,0.7806,0.7737
1310.0000,0.8346,0.8266,0.8141,0.7992,0.7862,0.7779,0.7736
1315.0000,0.8309,0.8244,0.8113,0.7978,0.7837,0.7776,0.7695
1320.0000,0.8271,0.8223,0.8090,0.7961,0.7822,0.7754,0.7694
1325.0000,0.8226,0.8206,0.8065,0.7945,0.7806,0.7736,0.7684
1330.0000,0.8227,0.8168,0.8050,0.7928,0.7783,0.7737,0.7632
1335.0000,0.8192,0.8149,0.8031,0.7909,0.7773,0.7707,0.7649
1340.0000,0.8151,0.8134,0.8008,0.7894,0.7757,0.7689,0.7642
1345.0000,0.8150,0.8100,0.7997,0.7873,0.7745,0.7671,0.7631
1350.0000,0.8123,0.8083,0.7974,0.7860,0.7721,0.7668,0.7597
1355.0000,0.8086,0.8069,0.7955,0.7843,0.7710,0.7645,0.7601
1360.0000,0.8085,0.8036,0.7945,0.7822,0.7698,0.7627,0.7593
1365.0000,0.8058,0.8023,0.7923,0.7810,0.7676,0.7625,0.7562
1370.0000,0.8026,0.8010,0.7903,0.7794,0.7662,0.7607,0.7560
1375.0000,0.8026,0.7979,0.7895,0.7772,0.7654,0.7587,0.7558
1380.0000,0.8000,0.7967,0.7873,0.7760,0.7633,0.7585,0.7531
1385.0000,0.7971,0.7954,0.7854,0.7744,0.7620,0.7570,0.7531
1390.0000,0.7968,0.7927,0.7843,0.7725,0.7610,0.7555,0.7526
1395.0000,0.7947,0.7914,0.7822,0.7714,0.7588,0.7560,0.7491
1400.0000,0.7919,0.7902,0.7804,0.7697,0.7580,0.7540,0.7503
1405.0000,0.7916,0.7875,0.7794,0.7678,0.7572,0.7526,0.7501
1410.0000,0.7894,0.7864,0.7772,0.7668,0.7551,0.7533,0.7466
1415.0000,0.7869,0.7851,0.7755,0.7652,0.7545,0.7514,0.7480
1420.0000,0.7866,0.7824,0.7746,0.7633,0.7539,0.7502,0.7477
1425.0000,0.7844,0.7812,0.7725,0.7624,0.7522,0.7509,0.7443
1430.0000,0.7819,0.7800,0.7708,0.7610,0.7516,0.7495,0.7451
1435.0000,0.7816,0.7774,0.7699,0.7592,0.7514,0.7478,0.7457
1440.0000,0.7795,0.7763,0.7679,0.7584,0.7499,0.7484,0.7426
1445.0000,0.7771,0.7752,0.7662,0.7572,0.7493,0.7471,0.7436
1450.0000,0.7737,0.7745,0.7643,0.7563,0.7486,0.7462,0.7437
1455.0000,0.7748,0.7717,0.7632,0.7553,0.7473,0.7471,0.7396
1460.0000,0.7725,0.7705,0.7618,0.7542,0.7471,0.7453,0.7418
1465.0000,0.7694,0.7697,0.7600,0.7534,0.7464,0.7445,0.7417
1470.0000,0.7701,0.7669,0.7595,0.7521,0.7462,0.7436,0.7415
1475.0000,0.7680,0.7660,0.7578,0.7517,0.7448,0.7442,0.7388
1480.0000,0.7653,0.7650,0.7565,0.7508,0.7447,0.7427,0.7398
1485.0000,0.7658,0.7624,0.7562,0.7496,0.7446,0.7416,0.7396
1490.0000,0.7638,0.7616,0.7547,0.7492,0.7433,0.7420,0.7371
1495.0000,0.7611,0.7609,0.7534,0.7486,0.7430,0.7409,0.7374
1500.0000,0.7617,0.7585,0.7532,0.7474,0.7430,0.7395,0.7376
1505.0000,0.7598,0.7578,0.7519,0.7472,0.7418,0.7398,0.7352
1510.0000,0.7576,0.7572,0.7508,0.7466,0.7413,0.7387,0.7357
1515.0000,0.7578,0.7553,0.7505,0.7457,0.7410,0.7376,0.7355
1520.0000,0.7562,0.7548,0.7492,0.7456,0.7394,0.7384,0.7323
1525.0000,0.7542,0.7543,0.7483,0.7450,0.7392,0.7368,0.7336
1530.0000,0.7546,0.7524,0.7482,0.7440,0.7388,0.7357,0.7336
1535.0000,0.7532,0.7520,0.7470,0.7440,0.7373,0.7365,0.7305
1540.0000,0.7514,0.7516,0.7462,0.7433,0.7369,0.7352,0.7313
1545.0000,0.7519,0.7497,0.7464,0.7422,0.7368,0.7338,0.7319
1550.0000,0.7507,0.7493,0.7454,0.7419,0.7354,0.7345,0.7289
1555.0000,0.7490,0.7490,0.7447,0.7412,0.7350,0.7333,0.7299
1560.0000,0.7494,0.7474,0.7448,0.7401,0.7349,0.7320,0.7305
1565.0000,0.7482,0.7472,0.7438,0.7399,0.7335,0.7328,0.7277
1570.0000,0.7468,0.7470,0.7430,0.7392,0.7330,0.7317,0.7287
1575.0000,0.7440,0.7474,0.7418,0.7387,0.7324,0.7311,0.7290
1580.0000,0.7462,0.7456,0.7417,0.7381,0.7312,0.7322,0.7251
1585.0000,0.7449,0.7452,0.7410,0.7372,0.7312,0.7306,0.7275
1590.0000,0.7432,0.7451,0.7402,0.7365,0.7308,0.7300,0.7278
1595.0000,0.7445,0.7433,0.7402,0.7354,0.7308,0.7292,0.7279
1600.0000,0.7432,0.7433,0.7391,0.7352,0.7296,0.7300,0.7256
1605.0000,0.7414,0.7432,0.7383,0.7344,0.7297,0.7288,0.7267
1610.0000,0.7427,0.7414,0.7383,0.7334,0.7298,0.7280,0.7269
1615.0000,0.7415,0.7412,0.7372,0.7332,0.7288,0.7287,0.7249
1620.0000,0.7396,0.7412,0.7362,0.7327,0.7285,0.7279,0.7256
1625.0000,0.7408,0.7394,0.7362,0.7317,0.7287,0.7270,0.7259
1630.0000,0.7396,0.7393,0.7350,0.7317,0.7277,0.7277,0.7239
1635.0000,0.7380,0.7391,0.7341,0.7313,0.7275,0.7269,0.7247
1640.0000,0.7388,0.7375,0.7340,0.7305,0.7276,0.7261,0.7250
1645.0000,0.7377,0.7374,0.7329,0.7307,0.7264,0.7272,0.7222
1650.0000,0.7362,0.7370,0.7322,0.7302,0.7265,0.7260,0.7239
1655.0000,0.7369,0.7354,0.7323,0.7294,0.7266,0.7253,0.7243
1660.0000,0.7359,0.7351,0.7314,0.7296,0.7254,0.7265,0.7215
1665.0000,0.7343,0.7350,0.7307,0.7292,0.7253,0.7257,0.7226
1670.0000,0.7350,0.7334,0.7310,0.7284,0.7256,0.7246,0.7234
1675.0000,0.7341,0.7332,0.7302,0.7284,0.7247,0.7257,0.7207
1680.0000,0.7328,0.7330,0.7297,0.7280,0.7247,0.7248,0.7219
1685.0000,0.7302,0.7334,0.7289,0.7277,0.7246,0.7240,0.7227
1690.0000,0.7323,0.7317,0.7290,0.7274,0.7240,0.7249,0.7200
1695.0000,0.7311,0.7316,0.7286,0.7270,0.7240,0.7240,0.7213
1700.0000,0.7286,0.7322,0.7277,0.7269,0.7238,0.7235,0.7217
1705.0000,0.7308,0.7305,0.7278,0.7267,0.7229,0.7248,0.7180
1710.0000,0.7298,0.7304,0.7274,0.7262,0.7233,0.7233,0.7206
1715.0000,0.7281,0.7305,0.7269,0.7260,0.7231,0.7227,0.7211
1720.0000,0.7297,0.7290,0.7272,0.7253,0.7233,0.7221,0.7213
1725.0000,0.7286,0.7293,0.7264,0.7255,0.7223,0.7230,0.7192
1730.0000,0.7270,0.7294,0.7259,0.7252,0.7224,0.7221,0.7203
1735.0000,0.7285,0.7279,0.7263,0.7246,0.7225,0.7214,0.7205
1740.0000,0.7276,0.7280,0.7256,0.7248,0.7216,0.7223,0.7185
1745.0000,0.7259,0.7284,0.7250,0.7246,0.7215,0.7216,0.7193
1750.0000,0.7275,0.7269,0.7255,0.7238,0.7219,0.7207,0.7199
1755.0000,0.7268,0.7269,0.7249,0.7239,0.7211,0.7214,0.7179
1760.0000,0.7256,0.7270,0.7245,0.7237,0.7210,0.7207,0.7188
1765.0000,0.7266,0.7259,0.7248,0.7231,0.7212,0.7201,0.7193
1770.0000,0.7257,0.7262,0.7240,0.7234,0.7201,0.7213,0.7166
1775.0000,0.7246,0.7264,0.7236,0.7231,0.7202,0.7202,0.7184
1780.0000,0.7257,0.7252,0.7239,0.7225,0.7204,0.7196,0.7188
1785.0000,0.7251,0.7253,0.7233,0.7227,0.7193,0.7208,0.7162
1790.0000,0.7239,0.7256,0.7228,0.7225,0.7193,0.7201,0.7174
1795.0000,0.7250,0.7243,0.7233,0.7217,0.7197,0.7192,0.7184
1800.0000,0.7244,0.7244,0.7227,0.7219,0.7188,0.7204,0.7158
1805.0000,0.7235,0.7245,0.7224,0.7216,0.7189,0.7196,0.7173
1810.0000,0.7213,0.7252,0.7218,0.7214,0.7189,0.7190,0.7182
1815.0000,0.7236,0.7237,0.7220,0.7211,0.7184,0.7200,0.7158
1820.0000,0.7228,0.7238,0.7217,0.7208,0.7185,0.7194,0.7174
1825.0000,0.7205,0.7245,0.7210,0.7208,0.7184,0.7191,0.7181
1830.0000,0.7228,0.7231,0.7211,0.7207,0.7177,0.7206,0.7148
1835.0000,0.7220,0.7231,0.7209,0.7203,0.7182,0.7194,0.7176
1840.0000,0.7206,0.7235,0.7204,0.7202,0.7182,0.7191,0.7186
1845.0000,0.7223,0.7221,0.7208,0.7196,0.7185,0.7189,0.7192
1850.0000,0.7213,0.7225,0.7200,0.7199,0.7177,0.7202,0.7177
1855.0000,0.7200,0.7227,0.7197,0.7197,0.7180,0.7197,0.7192
1860.0000,0.7217,0.7213,0.7202,0.7192,0.7184,0.7195,0.7199
1865.0000,0.7210,0.7215,0.7196,0.7194,0.7178,0.7209,0.7184
1870.0000,0.7194,0.7220,0.7191,0.7193,0.7182,0.7206,0.7198
1875.0000,0.7210,0.7206,0.7197,0.7187,0.7189,0.7203,0.7209
1880.0000,0.7203,0.7208,0.7192,0.7190,0.7185,0.7216,0.7196
1885.0000,0.7192,0.7210,0.7188,0.7190,0.7189,0.7215,0.7211
1890.0000,0.7203,0.7200,0.7192,0.7186,0.7195,0.7214,0.7221
1895.0000,0.7196,0.7203,0.7185,0.7192,0.7190,0.7232,0.7201
1900.0000,0.7186,0.7206,0.7182,0.7191,0.7197,0.7228,0.7223
1905.0000,0.7198,0.7195,0.7187,0.7189,0.7204,0.7228,0.7233
1910.0000,0.7192,0.7197,0.7182,0.7195,0.7200,0.7247,0.7212
1915.0000,0.7181,0.7201,0.7179,0.7196,0.7206,0.7244,0.7231
1920.0000,0.7193,0.7190,0.7185,0.7194,0.7216,0.7241,0.7246
1925.0000,0.7188,0.7192,0.7181,0.7200,0.7214,0.7258,0.7225
1930.0000,0.7181,0.7194,0.7180,0.7202,0.7221,0.7256,0.7245
1935.0000,0.7160,0.7203,0.7176,0.7207,0.7226,0.7257,0.7258
1940.0000,0.7184,0.7190,0.7182,0.7211,0.7225,0.7276,0.7229
1945.0000,0.7178,0.7192,0.7183,0.7212,0.7235,0.7269,0.7259
1950.0000,0.7157,0.7202,0.7180,0.7218,0.7240,0.7270,0.7272
1955.0000,0.7182,0.7190,0.7186,0.7223,0.7238,0.7290,0.7242
1960.0000,0.7176,0.7194,0.7188,0.7226,0.7247,0.7284,0.7272
1965.0000,0.7164,0.7200,0.7188,0.7230,0.7253,0.7284,0.7286
1970.0000,0.7184,0.7190,0.7198,0.7231,0.7262,0.7285,0.7295
1975.0000,0.7178,0.7198,0.7196,0.7240,0.7259,0.7301,0.7282
1980.0000,0.7170,0.7203,0.7199,0.7244,0.7266,0.7299,0.7299
1985.0000,0.7189,0.7194,0.7210,0.7244,0.7276,0.7299,0.7309
1990.0000,0.7186,0.7200,0.7210,0.7252,0.7274,0.7315,0.7296
1995.0000,0.7173,0.7211,0.7211,0.7257,0.7280,0.7315,0.7312
2000.0000,0.7194,0.7203,0.7222,0.7257,0.7290,0.7315,0.7322
2005.0000,0.7192,0.7211,0.7223,0.7265,0.7288,0.7330,0.7308
2010.0000,0.7187,0.7218,0.7226,0.7270,0.7295,0.7330,0.7324
2015.0000,0.7204,0.7214,0.7236,0.7271,0.7305,0.7329,0.7335
2020.0000,0.7202,0.7224,0.7235,0.7280,0.7301,0.7347,0.7314
2025.0000,0.7199,0.7231,0.7239,0.7284,0.7310,0.7342,0.7338
2030.0000,0.7216,0.7226,0.7249,0.7285,0.7319,0.7342,0.7350
2035.0000,0.7217,0.7234,0.7249,0.7294,0.7316,0.7360,0.7330
2040.0000,0.7210,0.7245,0.7251,0.7299,0.7322,0.7358,0.7350
2045.0000,0.7228,0.7239,0.7262,0.7300,0.7332,0.7357,0.7365
2050.0000,0.7229,0.7248,0.7262,0.7309,0.7328,0.7375,0.7345
2055.0000,0.7228,0.7255,0.7266,0.7314,0.7335,0.7375,0.7365
2060.0000,0.7210,0.7270,0.7266,0.7320,0.7340,0.7376,0.7379
2065.0000,0.7242,0.7262,0.7276,0.7325,0.7339,0.7398,0.7349
2070.0000,0.7241,0.7268,0.7281,0.7327,0.7350,0.7391,0.7382
2075.0000,0.7235,0.7277,0.7285,0.7332,0.7356,0.7392,0.7396
2080.0000,0.7258,0.7273,0.7292,0.7337,0.7355,0.7414,0.7367
2085.0000,0.7255,0.7282,0.7297,0.7340,0.7365,0.7409,0.7398
2090.0000,0.7249,0.7291,0.7300,0.7344,0.7373,0.7409,0.7413
2095.0000,0.7272,0.7285,0.7311,0.7345,0.7383,0.7411,0.7425
2100.0000,0.7268,0.7297,0.7310,0.7354,0.7381,0.7428,0.7414
2105.0000,0.7262,0.7307,0.7312,0.7359,0.7390,0.7427,0.7433
2110.0000,0.7286,0.7301,0.7323,0.7360,0.7400,0.7429,0.7446
2115.0000,0.7286,0.7310,0.7323,0.7369,0.7398,0.7447,0.7435
2120.0000,0.7274,0.7323,0.7324,0.7376,0.7406,0.7449,0.7456
2125.0000,0.7300,0.7316,0.7335,0.7377,0.7416,0.7451,0.7470
2130.0000,0.7301,0.7324,0.7337,0.7386,0.7415,0.7470,0.7461
2135.0000,0.7298,0.7331,0.7340,0.7391,0.7423,0.7473,0.7482
2140.0000,0.7316,0.7327,0.7351,0.7393,0.7434,0.7477,0.7499
2145.0000,0.7314,0.7338,0.7351,0.7404,0.7432,0.7501,0.7484
2150.0000,0.7311,0.7345,0.7355,0.7408,0.7443,0.7503,0.7512
2155.0000,0.7329,0.7341,0.7367,0.7410,0.7456,0.7508,0.7531
2160.0000,0.7331,0.7349,0.7369,0.7420,0.7456,0.7533,0.7516
2165.0000,0.7325,0.7360,0.7372,0.7425,0.7468,0.7537,0.7545
2170.0000,0.7343,0.7356,0.7384,0.7427,0.7482,0.7542,0.7566
2175.0000,0.7345,0.7364,0.7385,0.7437,0.7484,0.7567,0.7552
2180.0000,0.7344,0.7372,0.7390,0.7443,0.7498,0.7572,0.7582
2185.0000,0.7327,0.7389,0.7390,0.7452,0.7510,0.7581,0.7604
2190.0000,0.7359,0.7382,0.7400,0.7460,0.7515,0.7610,0.7583
2195.0000,0.7359,0.7390,0.7405,0.7467,0.7532,0.7612,0.7621
2200.0000,0.7353,0.7401,0.7409,0.7475,0.7546,0.7620,0.7644
2205.0000,0.7378,0.7395,0.7422,0.7480,0.7563,0.7629,0.7664
2210.0000,0.7376,0.7407,0.7422,0.7495,0.7568,0.7655,0.7659
2215.0000,0.7371,0.7417,0.7428,0.7505,0.7584,0.7663,0.7686
2220.0000,0.7395,0.7412,0.7442,0.7511,0.7602,0.7672,0.7706
2225.0000,0.7392,0.7425,0.7443,0.7527,0.7607,0.7698,0.7702
2230.0000,0.7388,0.7436,0.7450,0.7538,0.7624,0.7706,0.7729
2235.0000,0.7413,0.7430,0.7466,0.7546,0.7643,0.7715,0.7751
2240.0000,0.7415,0.7441,0.7471,0.7562,0.7651,0.7741,0.7747
2245.0000,0.7405,0.7457,0.7477,0.7575,0.7667,0.7750,0.7777
2250.0000,0.7432,0.7453,0.7494,0.7584,0.7685,0.7761,0.7798
2255.0000,0.7435,0.7465,0.7500,0.7601,0.7693,0.7788,0.7795
2260.0000,0.7435,0.7477,0.7510,0.7614,0.7710,0.7798,0.7823
2265.0000,0.7457,0.7477,0.7527,0.7624,0.7729,0.7809,0.7849
2270.0000,0.7458,0.7493,0.7533,0.7644,0.7735,0.7840,0.7840
2275.0000,0.7460,0.7506,0.7545,0.7656,0.7754,0.7849,0.7876
2280.0000,0.7483,0.7507,0.7563,0.7666,0.7774,0.7861,0.7901
2285.0000,0.7490,0.7521,0.7572,0.7685,0.7781,0.7893,0.7893
2290.0000,0.7488,0.7539,0.7583,0.7700,0.7800,0.7904,0.7930
2295.0000,0.7513,0.7541,0.7602,0.7710,0.7822,0.7917,0.7957
2300.0000,0.7521,0.7556,0.7612,0.7729,0.7830,0.7950,0.7948
2305.0000,0.7527,0.7571,0.7626,0.7742,0.7852,0.7962,0.7986
2310.0000,0.7515,0.7595,0.7634,0.7759,0.7870,0.7977,0.8017
2315.0000,0.7555,0.7596,0.7653,0.7775,0.7882,0.8013,0.8000
2320.0000,0.7563,0.7611,0.7667,0.7789,0.7906,0.8022,0.8045
2325.0000,0.7565,0.7629,0.7680,0.7804,0.7927,0.8037,0.8075
2330.0000,0.7597,0.7631,0.7701,0.7816,0.7952,0.8052,0.8102
2335.0000,0.7600,0.7654,0.7709,0.7839,0.7963,0.8085,0.8103
2340.0000,0.7604,0.7672,0.7722,0.7855,0.7986,0.8099,0.8137
2345.0000,0.7638,0.7674,0.7745,0.7868,0.8012,0.8113,0.8165
2350.0000,0.7647,0.7692,0.7756,0.7891,0.8025,0.8146,0.8167
2355.0000,0.7644,0.7715,0.7768,0.7910,0.8047,0.8161,0.8201
2360.0000,0.7679,0.7718,0.7791,0.7924,0.8073,0.8176,0.8230
2365.0000,0.7690,0.7736,0.7803,0.7948,0.8086,0.8210,0.8233
2370.0000,0.7685,0.7762,0.7815,0.7969,0.8108,0.8226,0.8269
2375.0000,0.7722,0.7764,0.7840,0.7985,0.8133,0.8244,0.8298
2380.0000,0.7734,0.7783,0.7853,0.8009,0.8146,0.8279,0.8300
2385.0000,0.7743,0.7802,0.7871,0.8028,0.8171,0.8294,0.8340
2390.0000,0.7771,0.7809,0.7896,0.8044,0.8197,0.8311,0.8375
2395.0000,0.7779,0.7833,0.7909,0.8070,0.8209,0.8352,0.8375
2400.0000,0.7788,0.7854,0.7927,0.8090,0.8234,0.8369,0.8418
2405.0000,0.7819,0.7861,0.7953,0.8106,0.8262,0.8389,0.8456
2410.0000,0.7834,0.7882,0.7969,0.8131,0.8275,0.8431,0.8456
2415.0000,0.7837,0.7908,0.7986,0.8152,0.8302,0.8451,0.8508
2420.0000,0.7871,0.7917,0.8012,0.8168,0.8330,0.8475,0.8546
2425.0000,0.7886,0.7939,0.8028,0.8194,0.8346,0.8521,0.8548
2430.0000,0.7900,0.7961,0.8049,0.8214,0.8376,0.8543,0.8602
2435.0000,0.7891,0.7993,0.8063,0.8237,0.8404,0.8570,0.8649
2440.0000,0.7941,0.8000,0.8088,0.8260,0.8425,0.8621,0.8647
2445.0000,0.7956,0.8022,0.8109,0.8280,0.8459,0.8645,0.8707
2450.0000,0.7966,0.8045,0.8129,0.8302,0.8492,0.8674,0.8757
2455.0000,0.8005,0.8054,0.8157,0.8321,0.8528,0.8704,0.8803
2460.0000,0.8013,0.8084,0.8171,0.8352,0.8552,0.8756,0.8823
2465.0000,0.8023,0.8109,0.8190,0.8377,0.8587,0.8789,0.8873
2470.0000,0.8065,0.8117,0.8220,0.8398,0.8628,0.8821,0.8923
2475.0000,0.8081,0.8142,0.8237,0.8430,0.8656,0.8874,0.8943
2480.0000,0.8082,0.8173,0.8255,0.8459,0.8694,0.8910,0.8995
2485.0000,0.8125,0.8181,0.8286,0.8483,0.8739,0.8942,0.9048
2490.0000,0.8143,0.8206,0.8306,0.8517,0.8770,0.8997,0.9071
2495.0000,0.8145,0.8238,0.8325,0.8550,0.8813,0.9031,0.9137
2500.0000,0.8189,0.8247,0.8357,0.8579,0.8856,0.9073,0.9186
2505.0000,0.8207,0.8274,0.8379,0.8619,0.8888,0.9131,0.9209
2510.0000,0.8221,0.8300,0.8405,0.8653,0.8933,0.9169,0.9277
2515.0000,0.8258,0.8314,0.8439,0.8685,0.8980,0.9209,0.9339
2520.0000,0.8272,0.8348,0.8460,0.8729,0.9011,0.9277,0.9361
2525.0000,0.8290,0.8377,0.8490,0.8767,0.9057,0.9322,0.9425
2530.0000,0.8330,0.8391,0.8529,0.8800,0.9110,0.9363,0.9492
2535.0000,0.8353,0.8421,0.8558,0.8844,0.9146,0.9433,0.9514
2540.0000,0.8363,0.8458,0.8589,0.8883,0.9198,0.9474,0.9602
2545.0000,0.8407,0.8476,0.8631,0.8920,0.9251,0.9525,0.9667
2550.0000,0.8433,0.8509,0.8663,0.8966,0.9291,0.9600,0.9695
2555.0000,0.8458,0.8542,0.8701,0.9006,0.9348,0.9646,0.9789
2560.0000,0.8456,0.8590,0.8731,0.9052,0.9401,0.9700,0.9876
2565.0000,0.8519,0.8610,0.8773,0.9098,0.9445,0.9785,0.9909
2570.0000,0.8547,0.8648,0.8811,0.9144,0.9502,0.9846,1.0001
2575.0000,0.8569,0.8688,0.8850,0.9189,0.9562,0.9908,1.0096
2580.0000,0.8625,0.8711,0.8899,0.9231,0.9626,0.9973,1.0191
2585.0000,0.8645,0.8761,0.8931,0.9287,0.9676,1.0066,1.0258
2590.0000,0.8672,0.8803,0.8971,0.9338,0.9739,1.0147,1.0349
2595.0000,0.8733,0.8826,0.9025,0.9381,0.9813,1.0222,1.0451
2600.0000,0.8768,0.8868,0.9067,0.9437,0.9874,1.0326,1.0519
2605.0000,0.8786,0.8918,0.9109,0.9490,0.9952,1.0407,1.0639
2610.0000,0.8847,0.8947,0.9162,0.9542,1.0030,1.0504,1.0728
2615.0000,0.8884,0.8993,0.9206,0.9603,1.0102,1.0617,1.0790
2620.0000,0.8899,0.9051,0.9248,0.9662,1.0191,1.0706,1.0900
2625.0000,0.8968,0.9081,0.9305,0.9718,1.0287,1.0799,1.0986
2630.0000,0.9009,0.9130,0.9351,0.9787,1.0372,1.0911,1.1029
2635.0000,0.9048,0.9177,0.9405,0.9850,1.0481,1.0985,1.1132
2640.0000,0.9107,0.9215,0.9465,0.9915,1.0590,1.1061,1.1211
2645.0000,0.9141,0.9275,0.9509,1.0000,1.0679,1.1162,1.1232
2650.0000,0.9185,0.9327,0.9563,1.0079,1.0786,1.1229,1.1289
2655.0000,0.9248,0.9367,0.9628,1.0158,1.0894,1.1285,1.1328
2660.0000,0.9295,0.9423,0.9682,1.0254,1.0982,1.1360,1.1301
2665.0000,0.9320,0.9493,0.9737,1.0350,1.1080,1.1392,1.1318
2670.0000,0.9396,0.9535,0.9812,1.0440,1.1181,1.1405,1.1314
2675.0000,0.9449,0.9596,0.9877,1.0546,1.1253,1.1434,1.1234
2680.0000,0.9500,0.9656,0.9952,1.0646,1.1334,1.1414,1.1200
2685.0000,0.9514,0.9739,1.0020,1.0753,1.1398,1.1381,1.1133
2690.0000,0.9616,0.9785,1.0109,1.0857,1.1440,1.1357,1.0979
2695.0000,0.9679,0.9850,1.0202,1.0951,1.1492,1.1256,1.0939
2700.0000,0.9735,0.9923,1.0292,1.1051,1.1511,1.1166,1.0824
2705.0000,0.9822,0.9985,1.0394,1.1143,1.1510,1.1060,1.0683
2710.0000,0.9869,1.0082,1.0479,1.1243,1.1475,1.0956,1.0501
2715.0000,0.9936,1.0166,1.0581,1.1318,1.1444,1.0791,1.0395
2720.0000,1.0039,1.0237,1.0690,1.1387,1.1377,1.0643,1.0230
2725.0000,1.0115,1.0329,1.0788,1.1451,1.1279,1.0495,1.0044
2730.0000,1.0155,1.0446,1.0876,1.1503,1.1161,1.0333,0.9863
2735.0000,1.0283,1.0515,1.0993,1.1517,1.1048,1.0133,0.9727
2740.0000,1.0376,1.0608,1.1090,1.1526,1.0895,0.9965,0.9550
2745.0000,1.0468,1.0698,1.1186,1.1512,1.0730,0.9790,0.9385
2750.0000,1.0571,1.0780,1.1282,1.1469,1.0563,0.9603,0.9250
2755.0000,1.0650,1.0882,1.1351,1.1418,1.0369,0.9445,0.9096
2760.0000,1.0737,1.0975,1.1412,1.1342,1.0170,0.9294,0.8943
2765.0000,1.0841,1.1052,1.1468,1.1239,0.9975,0.9146,0.8798
2770.0000,1.0912,1.1147,1.1491,1.1125,0.9768,0.9023,0.8624
2775.0000,1.0999,1.1215,1.1513,1.0975,0.9596,0.8854,0.8566
2780.0000,1.1091,1.1266,1.1516,1.0813,0.9418,0.8722,0.8466
2785.0000,1.1160,1.1320,1.1487,1.0646,0.9235,0.8619,0.8341
2790.0000,1.1201,1.1371,1.1432,1.0466,0.9070,0.8507,0.8264
2795.0000,1.1271,1.1382,1.1371,1.0270,0.8928,0.8389,0.8216
2800.0000,1.1308,1.1393,1.1273,1.0083,0.8776,0.8315,0.8129
2805.0000,1.1322,1.1391,1.1154,0.9893,0.8642,0.8236,0.8079
2810.0000,1.1296,1.1382,1.1009,0.9709,0.8518,0.8170,0.8027
2815.0000,1.1330,1.1316,1.0864,0.9524,0.8402,0.8129,0.7935
2820.0000,1.1292,1.1258,1.0696,0.9344,0.8312,0.8060,0.7936
2825.0000,1.1224,1.1186,1.0513,0.9177,0.8225,0.8014,0.7903
2830.0000,1.1204,1.1060,1.0341,0.9009,0.8158,0.7968,0.7872
2835.0000,1.1125,1.0940,1.0151,0.8862,0.8088,0.7945,0.7815
2840.0000,1.1003,1.0814,0.9958,0.8721,0.8040,0.7899,0.7809
2845.0000,1.0925,1.0644,0.9781,0.8587,0.8001,0.7862,0.7785
2850.0000,1.0787,1.0494,0.9588,0.8478,0.7954,0.7845,0.7737
2855.0000,1.0663,1.0316,0.9414,0.8370,0.7927,0.7808,0.7722
2860.0000,1.0525,1.0130,0.9250,0.8273,0.7906,0.7770,0.7708
2865.0000,1.0346,0.9971,0.9074,0.8202,0.7871,0.7753,0.7668
2870.0000,1.0148,0.9820,0.8904,0.8142,0.7841,0.7727,0.7649
2875.0000,1.0015,0.9631,0.8766,0.8081,0.7819,0.7699,0.7626
2880.0000,0.9855,0.9458,0.8632,0.8035,0.7787,0.7687,0.7572
2885.0000,0.9662,0.9304,0.8507,0.7993,0.7767,0.7649,0.7572
2890.0000,0.9521,0.9131,0.8409,0.7952,0.7746,0.7620,0.7552
2895.0000,0.9373,0.8970,0.8319,0.7919,0.7717,0.7605,0.7503
2900.0000,0.9191,0.8840,0.8232,0.7890,0.7695,0.7571,0.7499
2905.0000,0.9057,0.8700,0.8167,0.7860,0.7672,0.7544,0.7476
2910.0000,0.8906,0.8591,0.8097,0.7841,0.7636,0.7535,0.7424
2915.0000,0.8784,0.8476,0.8048,0.7814,0.7614,0.7503,0.7408
2920.0000,0.8669,0.8369,0.8009,0.7783,0.7596,0.7467,0.7397
2925.0000,0.8546,0.8291,0.7963,0.7765,0.7562,0.7455,0.7346
2930.0000,0.8432,0.8223,0.7924,0.7741,0.7537,0.7424,0.7333
2935.0000,0.8337,0.8157,0.7892,0.7716,0.7514,0.7393,0.7313
2940.0000,0.8277,0.8085,0.7868,0.7691,0.7483,0.7382,0.7252
2945.0000,0.8191,0.8039,0.7840,0.7664,0.7463,0.7340,0.7261
2950.0000,0.8108,0.8004,0.7809,0.7641,0.7436,0.7313,0.7241
2955.0000,0.8074,0.7951,0.7790,0.7613,0.7413,0.7284,0.7219
2960.0000,0.8021,0.7918,0.7762,0.7591,0.7380,0.7270,0.7175
2965.0000,0.7957,0.7893,0.7735,0.7565,0.7357,0.7236,0.7169
2970.0000,0.7938,0.7850,0.7717,0.7536,0.7333,0.7209,0.7149
2975.0000,0.7895,0.7828,0.7688,0.7514,0.7300,0.7197,0.7108
2980.0000,0.7851,0.7806,0.7661,0.7488,0.7275,0.7170,0.7090
2985.0000,0.7839,0.7766,0.7645,0.7456,0.7256,0.7138,0.7078
2990.0000,0.7802,0.7746,0.7616,0.7433,0.7225,0.7125,0.7038
2995.0000,0.7764,0.7726,0.7589,0.7406,0.7202,0.7097,0.7025
3000.0000,0.7753,0.7691,0.7570,0.7376,0.7182,0.7070,0.7007
3005.0000,0.7726,0.7667,0.7542,0.7353,0.7152,0.7060,0.6960
3010.0000,0.7688,0.7648,0.7515,0.7325,0.7134,0.7026,0.6963
3015.0000,0.7676,0.7615,0.7493,0.7296,0.7113,0.7001,0.6946
3020.0000,0.7644,0.7597,0.7460,0.7276,0.7081,0.6993,0.6903
3025.0000,0.7611,0.7576,0.7431,0.7251,0.7062,0.6963,0.6903
3030.0000,0.7601,0.7541,0.7410,0.7223,0.7042,0.6940,0.6887
3035.0000,0.7570,0.7520,0.7379,0.7204,0.7011,0.6934,0.6843
3040.0000,0.7539,0.7497,0.7351,0.7179,0.6991,0.6910,0.6834
3045.0000,0.7526,0.7460,0.7333,0.7149,0.6977,0.6880,0.6829
3050.0000,0.7495,0.7438,0.7303,0.7130,0.6949,0.6873,0.6787
3055.0000,0.7461,0.7416,0.7277,0.7106,0.6931,0.6849,0.6782
3060.0000,0.7420,0.7397,0.7248,0.7083,0.6912,0.6827,0.6770
3065.0000,0.7418,0.7359,0.7228,0.7061,0.6887,0.6823,0.6719
3070.0000,0.7384,0.7337,0.7203,0.7036,0.6874,0.6791,0.6731
3075.0000,0.7344,0.7318,0.7175,0.7016,0.6855,0.6771,0.6719
3080.0000,0.7339,0.7282,0.7157,0.6991,0.6839,0.6751,0.6705
3085.0000,0.7309,0.7261,0.7129,0.6974,0.6814,0.6744,0.6670
3090.0000,0.7268,0.7244,0.7103,0.6953,0.6799,0.6719,0.6669
3095.0000,0.7263,0.7208,0.7086,0.6929,0.6784,0.6699,0.6656
3100.0000,0.7233,0.7189,0.7058,0.6914,0.6759,0.6693,0.6623
3105.0000,0.7199,0.7169,0.7034,0.6894,0.6743,0.6673,0.6614
3110.0000,0.7193,0.7133,0.7020,0.6869,0.6732,0.6649,0.6608
3115.0000,0.7163,0.7113,0.6995,0.6854,0.6709,0.6642,0.6577
3120.0000,0.7129,0.7095,0.6971,0.6836,0.6693,0.6622,0.6571
3125.0000,0.7119,0.7064,0.6956,0.6814,0.6680,0.6603,0.6559
3130.0000,0.7094,0.7045,0.6932,0.6799,0.6657,0.6600,0.6521
3135.0000,0.7061,0.7027,0.6911,0.6780,0.6645,0.6575,0.6527
3140.0000,0.7051,0.6998,0.6896,0.6759,0.6632,0.6556,0.6517
3145.0000,0.7024,0.6982,0.6872,0.6747,0.6608,0.6554,0.6480
3150.0000,0.6995,0.6965,0.6851,0.6729,0.6596,0.6531,0.6486
3155.0000,0.6987,0.6935,0.6838,0.6708,0.6584,0.6514,0.6476
3160.0000,0.6961,0.6919,0.6815,0.6696,0.6561,0.6513,0.6440
3165.0000,0.6934,0.6903,0.6796,0.6679,0.6548,0.6495,0.6436
3170.0000,0.6925,0.6874,0.6784,0.6658,0.6540,0.6473,0.6435
3175.0000,0.6901,0.6859,0.6763,0.6645,0.6519,0.6471,0.6400
3180.0000,0.6874,0.6844,0.6744,0.6629,0.6507,0.6453,0.6398
3185.0000,0.6840,0.6833,0.6723,0.6614,0.6494,0.6436,0.6390
3190.0000,0.6844,0.6803,0.6710,0.6599,0.6475,0.6436,0.6346
3195.0000,0.6819,0.6788,0.6693,0.6581,0.6468,0.6410,0.6360
3200.0000,0.6788,0.6776,0.6674,0.6567,0.6455,0.6394,0.6354
3205.0000,0.6788,0.6749,0.6663,0.6549,0.6444,0.6378,0.6344
3210.0000,0.6765,0.6736,0.6642,0.6539,0.6425,0.6375,0.6316
3215.0000,0.6735,0.6725,0.6623,0.6525,0.6414,0.6355,0.6318
3220.0000,0.6736,0.6697,0.6614,0.6508,0.6404,0.6340,0.6309
3225.0000,0.6713,0.6685,0.6594,0.6498,0.6384,0.6338,0.6282
3230.0000,0.6686,0.6674,0.6576,0.6485,0.6372,0.6323,0.6278
3235.0000,0.6686,0.6646,0.6569,0.6467,0.6364,0.6305,0.6274
3240.0000,0.6664,0.6634,0.6550,0.6456,0.6346,0.6303,0.6247
3245.0000,0.6639,0.6622,0.6535,0.6443,0.6335,0.6287,0.6244
3250.0000,0.6636,0.6599,0.6526,0.6426,0.6326,0.6272,0.6237
3255.0000,0.6618,0.6586,0.6509,0.6416,0.6308,0.6272,0.6203
3260.0000,0.6594,0.6575,0.6495,0.6401,0.6301,0.6251,0.6212
3265.0000,0.6590,0.6552,0.6486,0.6385,0.6293,0.6235,0.6206
3270.0000,0.6570,0.6543,0.6467,0.6376,0.6274,0.6236,0.6175
3275.0000,0.6547,0.6534,0.6451,0.6364,0.6264,0.6221,0.6175
3280.0000,0.6545,0.6511,0.6443,0.6348,0.6258,0.6203,0.6175
3285.0000,0.6527,0.6501,0.6425,0.6340,0.6239,0.6204,0.6145
3290.0000,0.6506,0.6491,0.6410,0.6328,0.6229,0.6190,0.6146
3295.0000,0.6503,0.6469,0.6402,0.6312,0.6223,0.6173,0.6146
3300.0000,0.6485,0.6459,0.6386,0.6304,0.6205,0.6175,0.6115
3305.0000,0.6465,0.6449,0.6372,0.6292,0.6196,0.6161,0.6116
3310.0000,0.6437,0.6442,0.6356,0.6281,0.6186,0.6149,0.6111
3315.0000,0.6446,0.6417,0.6348,0.6270,0.6172,0.6152,0.6070
3320.0000,0.6426,0.6406,0.6336,0.6256,0.6168,0.6130,0.6088
3325.0000,0.6402,0.6398,0.6322,0.6245,0.6159,0.6117,0.6085
3330.0000,0.6405,0.6376,0.6316,0.6230,0.6153,0.6104,0.6079
3335.0000,0.6387,0.6368,0.6300,0.6223,0.6137,0.6104,0.6055
3340.0000,0.6362,0.6362,0.6286,0.6212,0.6130,0.6088,0.6058
3345.0000,0.6367,0.6340,0.6279,0.6199,0.6124,0.6076,0.6052
3350.0000,0.6349,0.6332,0.6263,0.6193,0.6108,0.6076,0.6029
3355.0000,0.6326,0.6326,0.6249,0.6184,0.6099,0.6064,0.6027
3360.0000,0.6331,0.6303,0.6244,0.6169,0.6094,0.6050,0.6026
3365.0000,0.6314,0.6295,0.6230,0.6163,0.6079,0.6050,0.6002
3370.0000,0.6295,0.6287,0.6218,0.6153,0.6072,0.6037,0.6002
3375.0000,0.6295,0.6267,0.6212,0.6140,0.6066,0.6025,0.5998
3380.0000,0.6280,0.6259,0.6198,0.6134,0.6051,0.6027,0.5968
3385.0000,0.6260,0.6251,0.6188,0.6123,0.6046,0.6010,0.5978
3390.0000,0.6260,0.6233,0.6182,0.6110,0.6040,0.5998,0.5974
3395.0000,0.6245,0.6225,0.6169,0.6105,0.6025,0.6001,0.5945
3400.0000,0.6227,0.6219,0.6157,0.6095,0.6018,0.5988,0.5948
3405.0000,0.6227,0.6201,0.6153,0.6082,0.6014,0.5973,0.5949
3410.0000,0.6213,0.6194,0.6139,0.6077,0.5999,0.5975,0.5921
3415.0000,0.6196,0.6188,0.6127,0.6068,0.5992,0.5963,0.5924
3420.0000,0.6170,0.6185,0.6114,0.6059,0.5986,0.5950,0.5926
3425.0000,0.6182,0.6164,0.6109,0.6050,0.5974,0.5951,0.5899
3430.0000,0.6167,0.6157,0.6099,0.6041,0.5968,0.5939,0.5903
3435.0000,0.6142,0.6153,0.6087,0.6033,0.5960,0.5929,0.5901
3440.0000,0.6153,0.6133,0.6081,0.6025,0.5947,0.5934,0.5865
3445.0000,0.6137,0.6126,0.6072,0.6015,0.5943,0.5916,0.5881
3450.0000,0.6116,0.6122,0.6061,0.6007,0.5936,0.5906,0.5879
3455.0000,0.6123,0.6104,0.6057,0.5995,0.5931,0.5896,0.5875
3460.0000,0.6109,0.6099,0.6044,0.5990,0.5918,0.5898,0.5853
3465.0000,0.6089,0.6094,0.6034,0.5981,0.5914,0.5884,0.5858
3470.0000,0.6096,0.6075,0.6031,0.5969,0.5910,0.5874,0.5855
3475.0000,0.6082,0.6070,0.6019,0.5965,0.5897,0.5876,0.5833
3480.0000,0.6063,0.6066,0.6008,0.5957,0.5891,0.5866,0.5834
3485.0000,0.6069,0.6048,0.6006,0.5945,0.5888,0.5853,0.5833
3490.0000,0.6055,0.6043,0.5994,0.5940,0.5876,0.5854,0.5812
3495.0000,0.6039,0.6037,0.5984,0.5933,0.5871,0.5842,0.5816
3500.0000,0.6042,0.6021,0.5980,0.5922,0.5868,0.5829,0.5821
3505.0000,0.6029,0.6017,0.5968,0.5918,0.5854,0.5834,0.5801
3510.0000,0.6013,0.6012,0.5958,0.5910,0.5850,0.5820,0.5823
3515.0000,0.6016,0.5996,0.5955,0.5901,0.5846,0.5811,0.5841
3520.0000,0.6004,0.5991,0.5943,0.5898,0.5830,0.5821,0.5839
3525.0000,0.5988,0.5987,0.5933,0.5892,0.5823,0.5819,0.5878
3530.0000,0.5991,0.5972,0.5929,0.5884,0.5813,0.5831,0.5901
3535.0000,0.5979,0.5967,0.5917,0.5881,0.5797,0.5859,0.5912
3540.0000,0.5964,0.5963,0.5908,0.5875,0.5790,0.5882,0.5945
3545.0000,0.5940,0.5962,0.5899,0.5867,0.5787,0.5907,0.5982
3550.0000,0.5955,0.5942,0.5898,0.5856,0.5785,0.5953,0.5984
3555.0000,0.5943,0.5935,0.5894,0.5842,0.5798,0.5980,0.6034
3560.0000,0.5924,0.5930,0.5890,0.5828,0.5818,0.6008,0.6083
3565.0000,0.5934,0.5913,0.5888,0.5817,0.5834,0.6059,0.6086
3570.0000,0.5923,0.5905,0.5884,0.5803,0.5870,0.6080,0.6159
3575.0000,0.5908,0.5901,0.5877,0.5793,0.5909,0.6106,0.6230
3580.0000,0.5911,0.5890,0.5870,0.5789,0.5949,0.6139,0.6299
3585.0000,0.5898,0.5891,0.5852,0.5797,0.5979,0.6192,0.6356
3590.0000,0.5874,0.5897,0.5830,0.5812,0.6010,0.6248,0.6419
3595.0000,0.5886,0.5882,0.5820,0.5825,0.6051,0.6301,0.6501
3600.0000,0.5872,0.5883,0.5800,0.5851,0.6082,0.6374,0.6569
3605.0000,0.5849,0.5885,0.5784,0.5879,0.6123,0.6442,0.6669
3610.0000,0.5865,0.5863,0.5783,0.5906,0.6164,0.6527,0.6747
3615.0000,0.5854,0.5856,0.5779,0.5939,0.6206,0.6624,0.6817
3620.0000,0.5843,0.5843,0.5788,0.5966,0.6268,0.6702,0.6937
3625.0000,0.5847,0.5823,0.5807,0.5992,0.6338,0.6785,0.7059
3630.0000,0.5840,0.5815,0.5823,0.6028,0.6402,0.6896,0.7151
3635.0000,0.5831,0.5811,0.5844,0.6064,0.6477,0.7003,0.7257
3640.0000,0.5829,0.5806,0.5873,0.6098,0.6568,0.7100,0.7388
3645.0000,0.5823,0.5815,0.5894,0.6146,0.6650,0.7226,0.7480
