150.0000,0.7069,0.7079,0.6968,0.6983,0.7064,0.6905,0.6909
155.0000,0.7074,0.7060,0.6949,0.7009,0.7037,0.6902,0.6879
160.0000,0.7055,0.7055,0.6928,0.7038,0.7000,0.6904,0.6840
165.0000,0.7018,0.7055,0.6912,0.7063,0.6968,0.6893,0.6827
170.0000,0.7033,0.7022,0.6925,0.7068,0.6949,0.6869,0.6830
175.0000,0.7012,0.7015,0.6928,0.7081,0.6911,0.6875,0.6788
180.0000,0.7004,0.6993,0.6952,0.7070,0.6901,0.6836,0.6849
185.0000,0.7007,0.6965,0.6985,0.7053,0.6887,0.6816,0.6893
190.0000,0.7008,0.6943,0.7016,0.7035,0.6863,0.6823,0.6920
195.0000,0.7006,0.6931,0.7044,0.7013,0.6841,0.6836,0.6961
200.0000,0.6979,0.6945,0.7053,0.6998,0.6809,0.6880,0.6968
205.0000,0.6975,0.6958,0.7060,0.6979,0.6784,0.6933,0.6963
210.0000,0.6945,0.6996,0.7049,0.6962,0.6767,0.6986,0.6947
215.0000,0.6899,0.7043,0.7030,0.6941,0.6768,0.7025,0.6935
220.0000,0.6961,0.7038,0.7031,0.6911,0.6778,0.7079,0.6840
225.0000,0.6973,0.7044,0.7029,0.6868,0.6833,0.7054,0.6880
230.0000,0.7007,0.7029,0.7033,0.6824,0.6898,0.7020,0.6893
235.0000,0.7025,0.7016,0.7030,0.6788,0.6965,0.6971,0.6906
240.0000,0.7043,0.7000,0.7015,0.6771,0.7011,0.6943,0.6883
245.0000,0.7032,0.6999,0.6987,0.6767,0.7057,0.6885,0.6925
250.0000,0.7023,0.7002,0.6943,0.6788,0.7068,0.6860,0.6935
255.0000,0.6999,0.7015,0.6887,0.6827,0.7060,0.6839,0.6970
260.0000,0.6931,0.7052,0.6811,0.6892,0.7011,0.6867,0.6943
265.0000,0.6972,0.7024,0.6775,0.6945,0.6962,0.6903,0.6900
270.0000,0.6942,0.7025,0.6734,0.6999,0.6911,0.6935,0.6861
275.0000,0.6926,0.6999,0.6725,0.7033,0.6872,0.6960,0.6807
280.0000,0.6953,0.6933,0.6761,0.7035,0.6867,0.6948,0.6777
285.0000,0.6952,0.6878,0.6803,0.7031,0.6854,0.6960,0.6665
290.0000,0.6966,0.6807,0.6880,0.6990,0.6897,0.6878,0.6710
295.0000,0.6919,0.6783,0.6936,0.6956,0.6928,0.6804,0.6732
300.0000,0.6904,0.6765,0.6984,0.6930,0.6939,0.6758,0.6711
305.0000,0.6880,0.6775,0.7014,0.6907,0.6952,0.6684,0.6787
310.0000,0.6851,0.6813,0.7015,0.6908,0.6927,0.6658,0.6827
315.0000,0.6829,0.6869,0.6993,0.6921,0.6885,0.6647,0.6903
320.0000,0.6806,0.6936,0.6952,0.6950,0.6814,0.6688,0.6936
325.0000,0.6748,0.7017,0.6896,0.6988,0.6722,0.6774,0.6935
330.0000,0.6851,0.7007,0.6891,0.6992,0.6661,0.6855,0.6945
335.0000,0.6866,0.7024,0.6876,0.6992,0.6607,0.6955,0.6902
340.0000,0.6895,0.7008,0.6892,0.6960,0.6599,0.7018,0.6888
345.0000,0.6945,0.6968,0.6924,0.6914,0.6606,0.7105,0.6755
350.0000,0.6983,0.6914,0.6983,0.6828,0.6696,0.7066,0.6829
355.0000,0.7020,0.6863,0.7036,0.6741,0.6802,0.7014,0.6870
360.0000,0.6977,0.6864,0.7050,0.6679,0.6897,0.6964,0.6882
365.0000,0.6983,0.6855,0.7050,0.6637,0.6975,0.6927,0.6860
370.0000,0.6934,0.6895,0.7005,0.6629,0.7034,0.6881,0.6855
375.0000,0.6922,0.6932,0.6939,0.6652,0.7061,0.6854,0.6817
380.0000,0.6885,0.6988,0.6848,0.6703,0.7065,0.6820,0.6796
385.0000,0.6819,0.7052,0.6741,0.6779,0.7037,0.6803,0.6753
390.0000,0.6899,0.7019,0.6692,0.6836,0.7019,0.6760,0.6750
395.0000,0.6888,0.7017,0.6630,0.6911,0.6968,0.6742,0.6732
400.0000,0.6889,0.6976,0.6609,0.6967,0.6923,0.6710,0.6767
405.0000,0.6919,0.6900,0.6626,0.7007,0.6868,0.6702,0.6784
410.0000,0.6916,0.6830,0.6662,0.7034,0.6809,0.6713,0.6803
415.0000,0.6909,0.6760,0.6719,0.7042,0.6752,0.6741,0.6800
420.0000,0.6862,0.6721,0.6779,0.7036,0.6702,0.6777,0.6793
425.0000,0.6835,0.6688,0.6849,0.7012,0.6664,0.6824,0.6760
430.0000,0.6802,0.6683,0.6913,0.6972,0.6652,0.6848,0.6755
435.0000,0.6771,0.6700,0.6969,0.6919,0.6665,0.6849,0.6769
440.0000,0.6749,0.6741,0.7000,0.6875,0.6670,0.6881,0.6701
445.0000,0.6738,0.6789,0.7021,0.6820,0.6708,0.6860,0.6720
450.0000,0.6734,0.6841,0.7027,0.6769,0.6755,0.6825,0.6738
455.0000,0.6787,0.6870,0.7022,0.6730,0.6788,0.6816,0.6690
460.0000,0.6829,0.6895,0.7009,0.6694,0.6839,0.6756,0.6758
465.0000,0.6858,0.6923,0.6974,0.6682,0.6864,0.6722,0.6788
470.0000,0.6885,0.6946,0.6925,0.6689,0.6869,0.6705,0.6816
475.0000,0.6876,0.6986,0.6852,0.6720,0.6846,0.6714,0.6820
480.0000,0.6840,0.7026,0.6773,0.6765,0.6806,0.6744,0.6812
485.0000,0.6905,0.6997,0.6733,0.6795,0.6773,0.6775,0.6801
490.0000,0.6878,0.7004,0.6679,0.6835,0.6731,0.6816,0.6777
495.0000,0.6884,0.6964,0.6667,0.6849,0.6715,0.6830,0.6786
500.0000,0.6919,0.6888,0.6692,0.6839,0.6723,0.6827,0.6808
505.0000,0.6924,0.6821,0.6722,0.6828,0.6723,0.6850,0.6781
510.0000,0.6939,0.6745,0.6774,0.6795,0.6756,0.6828,0.6833
515.0000,0.6879,0.6720,0.6803,0.6774,0.6778,0.6823,0.6859
520.0000,0.6840,0.6706,0.6825,0.6758,0.6792,0.6833,0.6868
525.0000,0.6782,0.6726,0.6824,0.6754,0.6800,0.6849,0.6872
530.0000,0.6768,0.6740,0.6821,0.6752,0.6806,0.6871,0.6856
535.0000,0.6738,0.6776,0.6799,0.6763,0.6805,0.6899,0.6816
540.0000,0.6723,0.6804,0.6781,0.6768,0.6819,0.6899,0.6811
545.0000,0.6756,0.6800,0.6780,0.6765,0.6844,0.6883,0.6809
550.0000,0.6759,0.6813,0.6763,0.6778,0.6851,0.6891,0.6753
555.0000,0.6759,0.6816,0.6757,0.6780,0.6880,0.6845,0.6801
560.0000,0.6784,0.6798,0.6762,0.6782,0.6904,0.6803,0.6843
565.0000,0.6790,0.6790,0.6758,0.6798,0.6904,0.6791,0.6860
570.0000,0.6793,0.6781,0.6757,0.6816,0.6895,0.6785,0.6888
575.0000,0.6779,0.6782,0.6749,0.6843,0.6866,0.6811,0.6877
580.0000,0.6786,0.6772,0.6751,0.6865,0.6838,0.6838,0.6870
585.0000,0.6760,0.6785,0.6745,0.6889,0.6807,0.6874,0.6837
590.0000,0.6722,0.6804,0.6744,0.6903,0.6789,0.6893,0.6829
595.0000,0.6759,0.6782,0.6774,0.6892,0.6801,0.6880,0.6852
600.0000,0.6750,0.6789,0.6786,0.6892,0.6793,0.6902,0.6819
605.0000,0.6766,0.6773,0.6822,0.6867,0.6824,0.6868,0.6889
610.0000,0.6780,0.6762,0.6853,0.6847,0.6842,0.6859,0.6925
615.0000,0.6801,0.6751,0.6880,0.6830,0.6854,0.6864,0.6953
620.0000,0.6806,0.6756,0.6894,0.6822,0.6857,0.6889,0.6955
625.0000,0.6795,0.6777,0.6892,0.6823,0.6852,0.6925,0.6940
630.0000,0.6781,0.6811,0.6878,0.6828,0.6850,0.6958,0.6919
635.0000,0.6734,0.6867,0.6846,0.6843,0.6845,0.6992,0.6873
640.0000,0.6787,0.6866,0.6846,0.6836,0.6874,0.6981,0.6861
645.0000,0.6786,0.6894,0.6823,0.6847,0.6882,0.6997,0.6781
650.0000,0.6801,0.6894,0.6823,0.6839,0.6926,0.6943,0.6806
655.0000,0.6840,0.6870,0.6837,0.6826,0.6976,0.6873,0.6845
660.0000,0.6865,0.6848,0.6843,0.6829,0.6995,0.6837,0.6843
665.0000,0.6887,0.6821,0.6855,0.6831,0.7017,0.6775,0.6933
670.0000,0.6868,0.6823,0.6844,0.6859,0.6996,0.6767,0.6980
675.0000,0.6857,0.6827,0.6832,0.6890,0.6965,0.6767,0.7075
680.0000,0.6810,0.6864,0.6795,0.6946,0.6887,0.6847,0.7062
685.0000,0.6828,0.6865,0.6781,0.6989,0.6811,0.6951,0.7015
690.0000,0.6799,0.6896,0.6762,0.7024,0.6751,0.7044,0.6972
695.0000,0.6785,0.6905,0.6770,0.7031,0.6723,0.7119,0.6923
700.0000,0.6802,0.6879,0.6816,0.6998,0.6752,0.7136,0.6914
705.0000,0.6849,0.6834,0.6875,0.6958,0.6782,0.7186,0.6758
710.0000,0.6896,0.6771,0.6966,0.6874,0.6896,0.7088,0.6875
715.0000,0.6934,0.6729,0.7039,0.6802,0.7004,0.6999,0.6941
720.0000,0.6875,0.6759,0.7056,0.6766,0.7079,0.6930,0.6988
725.0000,0.6871,0.6784,0.7054,0.6754,0.7128,0.6878,0.7041
730.0000,0.6809,0.6868,0.6996,0.6787,0.7126,0.6872,0.7061
735.0000,0.6830,0.6921,0.6933,0.6841,0.7091,0.6903,0.7058
740.0000,0.6805,0.7001,0.6847,0.6911,0.7046,0.6926,0.7105
745.0000,0.6741,0.7089,0.6749,0.7002,0.6961,0.7014,0.7047
750.0000,0.6865,0.7046,0.6737,0.7044,0.6922,0.7062,0.7032
755.0000,0.6882,0.7032,0.6722,0.7085,0.6878,0.7128,0.6967
760.0000,0.6918,0.6974,0.6760,0.7081,0.6890,0.7127,0.6994
765.0000,0.6951,0.6895,0.6831,0.7049,0.6933,0.7095,0.7041
770.0000,0.6979,0.6814,0.6912,0.7014,0.6964,0.7104,0.7010
775.0000,0.6991,0.6754,0.6995,0.6967,0.7021,0.7066,0.7057
780.0000,0.6919,0.6767,0.7031,0.6946,0.7052,0.7062,0.7049
785.0000,0.6904,0.6772,0.7065,0.6927,0.7082,0.7053,0.7037
790.0000,0.6844,0.6838,0.7052,0.6934,0.7092,0.7055,0.7004
795.0000,0.6847,0.6887,0.7036,0.6944,0.7104,0.7041,0.6984
800.0000,0.6824,0.6969,0.6987,0.6980,0.7092,0.7046,0.6930
805.0000,0.6797,0.7044,0.6939,0.7012,0.7091,0.7010,0.6962
810.0000,0.6888,0.7035,0.6934,0.7026,0.7098,0.6964,0.7010
815.0000,0.6921,0.7043,0.6917,0.7057,0.7075,0.6959,0.7023
820.0000,0.6966,0.7020,0.6923,0.7075,0.7056,0.6949,0.7069
825.0000,0.6997,0.6992,0.6937,0.7093,0.7020,0.6976,0.7073
830.0000,0.7006,0.6967,0.6958,0.7104,0.6986,0.7009,0.7082
835.0000,0.7004,0.6949,0.6981,0.7109,0.6954,0.7056,0.7053
840.0000,0.6970,0.6955,0.7001,0.7106,0.6936,0.7090,0.7044
845.0000,0.6972,0.6949,0.7033,0.7085,0.6944,0.7099,0.7053
850.0000,0.6943,0.6977,0.7043,0.7075,0.6940,0.7136,0.7002
855.0000,0.6929,0.6995,0.7065,0.7042,0.6979,0.7105,0.7063
860.0000,0.6965,0.6991,0.7093,0.7007,0.7020,0.7083,0.7100
865.0000,0.6984,0.6998,0.7105,0.6985,0.7045,0.7086,0.7106
870.0000,0.7020,0.6994,0.7118,0.6963,0.7078,0.7075,0.7143
875.0000,0.7019,0.7013,0.7106,0.6961,0.7089,0.7092,0.7141
880.0000,0.7026,0.7030,0.7088,0.6965,0.7098,0.7105,0.7149
885.0000,0.6985,0.7078,0.7043,0.6991,0.7089,0.7140,0.7112
890.0000,0.7020,0.7083,0.7020,0.7006,0.7096,0.7150,0.7096
895.0000,0.6996,0.7123,0.6972,0.7039,0.7085,0.7177,0.7040
900.0000,0.6985,0.7136,0.6947,0.7057,0.7101,0.7156,0.7057
905.0000,0.7042,0.7095,0.6958,0.7056,0.7134,0.7111,0.7097
910.0000,0.7060,0.7066,0.6963,0.7068,0.7140,0.7105,0.7085
915.0000,0.7098,0.7009,0.6996,0.7063,0.7165,0.7061,0.7165
920.0000,0.7072,0.6991,0.7008,0.7078,0.7158,0.7064,0.7196
925.0000,0.7063,0.6970,0.7025,0.7091,0.7147,0.7072,0.7248
930.0000,0.7023,0.6983,0.7021,0.7119,0.7110,0.7124,0.7241
935.0000,0.7012,0.6991,0.7024,0.7141,0.7078,0.7180,0.7230
940.0000,0.6976,0.7028,0.7011,0.7166,0.7046,0.7244,0.7201
945.0000,0.6952,0.7057,0.7012,0.7175,0.7038,0.7284,0.7207
950.0000,0.6944,0.7068,0.7030,0.7165,0.7057,0.7297,0.7232
955.0000,0.7004,0.7043,0.7067,0.7148,0.7074,0.7342,0.7162
960.0000,0.7040,0.7016,0.7116,0.7108,0.7137,0.7307,0.7244
965.0000,0.7073,0.6994,0.7158,0.7075,0.7197,0.7285,0.7288
970.0000,0.7057,0.7005,0.7175,0.7057,0.7244,0.7272,0.7316
975.0000,0.7063,0.7017,0.7182,0.7052,0.7279,0.7272,0.7334
980.0000,0.7032,0.7061,0.7160,0.7069,0.7296,0.7283,0.7340
985.0000,0.7046,0.7091,0.7135,0.7094,0.7303,0.7302,0.7334
990.0000,0.7026,0.7144,0.7089,0.7137,0.7297,0.7326,0.7324
995.0000,0.6981,0.7204,0.7039,0.7185,0.7287,0.7350,0.7309
1000.0000,0.7065,0.7179,0.7039,0.7208,0.7299,0.7347,0.7314
1005.0000,0.7080,0.7180,0.7029,0.7242,0.7293,0.7368,0.7275
1010.0000,0.7112,0.7147,0.7050,0.7255,0.7313,0.7348,0.7300
1015.0000,0.7131,0.7112,0.7083,0.7262,0.7334,0.7325,0.7320
1020.0000,0.7153,0.7071,0.7125,0.7267,0.7344,0.7322,0.7312
1025.0000,0.7144,0.7055,0.7159,0.7274,0.7354,0.7308,0.7331
1030.0000,0.7119,0.7061,0.7183,0.7286,0.7355,0.7303,0.7344
1035.0000,0.7099,0.7082,0.7197,0.7304,0.7343,0.7314,0.7343
1040.0000,0.7062,0.7125,0.7199,0.7325,0.7330,0.7319,0.7373
1045.0000,0.7090,0.7138,0.7217,0.7337,0.7319,0.7332,0.7394
1050.0000,0.7091,0.7173,0.7219,0.7357,0.7295,0.7367,0.7391
1055.0000,0.7097,0.7201,0.7228,0.7367,0.7281,0.7396,0.7397
1060.0000,0.7141,0.7199,0.7256,0.7362,0.7282,0.7419,0.7397
1065.0000,0.7164,0.7208,0.7277,0.7358,0.7280,0.7459,0.7351
1070.0000,0.7186,0.7211,0.7307,0.7340,0.7305,0.7459,0.7366
1075.0000,0.7198,0.7218,0.7335,0.7317,0.7343,0.7440,0.7394
1080.0000,0.7218,0.7227,0.7352,0.7305,0.7364,0.7454,0.7350
1085.0000,0.7229,0.7241,0.7367,0.7287,0.7410,0.7410,0.7438
1090.0000,0.7223,0.7271,0.7362,0.7286,0.7436,0.7389,0.7501
1095.0000,0.7248,0.7290,0.7353,0.7295,0.7447,0.7389,0.7558
1100.0000,0.7238,0.7331,0.7323,0.7321,0.7439,0.7409,0.7626
1105.0000,0.7227,0.7368,0.7288,0.7357,0.7414,0.7463,0.7667
1110.0000,0.7283,0.7357,0.7283,0.7375,0.7409,0.7499,0.7772
1115.0000,0.7292,0.7364,0.7269,0.7402,0.7388,0.7572,0.7873
1120.0000,0.7292,0.7360,0.7275,0.7407,0.7409,0.7589,0.8183
1125.0000,0.7326,0.7322,0.7314,0.7383,0.7475,0.7558,0.8754
1130.0000,0.7328,0.7315,0.7320,0.7401,0.7459,0.7706,0.9334
1135.0000,0.7336,0.7291,0.7360,0.7376,0.7527,0.7757,1.0629
1140.0000,0.7323,0.7316,0.7323,0.7455,0.7391,0.8284,1.1705
1145.0000,0.7309,0.7338,0.7303,0.7506,0.7308,0.8911,1.3251
1150.0000,0.7259,0.7404,0.7229,0.7625,0.7098,1.0068,1.4449
1155.0000,0.7299,0.7445,0.7134,0.7798,0.6766,1.1889,1.4863
1160.0000,0.7246,0.7485,0.7143,0.7785,0.6862,1.3449,1.5648
1165.0000,0.7183,0.7537,0.7135,0.7790,0.6990,1.5573,1.4556
1170.0000,0.7323,0.7365,0.7406,0.7454,0.7893,1.6848,1.3882
1175.0000,0.7370,0.7251,0.7647,0.7118,0.9051,1.8036,1.1794
1180.0000,0.7653,0.6895,0.8175,0.6430,1.1209,1.7492,1.1556
1185.0000,0.7469,0.6815,0.8547,0.5815,1.3767,1.5818,1.2227
1190.0000,0.7613,0.6714,0.8633,0.5734,1.5659,1.4758,1.1174
1195.0000,0.7728,0.6732,0.8549,0.5898,1.7589,1.2642,1.2173
1200.0000,0.7645,0.7072,0.7974,0.6782,1.8570,1.1085,1.2562
1205.0000,0.7321,0.7609,0.7146,0.8138,1.8933,0.9456,1.4227
1210.0000,0.6874,0.8396,0.5926,1.0233,1.7909,0.9456,1.3387
1215.0000,0.6123,0.9215,0.4748,1.2562,1.6218,0.9971,1.2661
1220.0000,0.7048,0.8960,0.4396,1.4564,1.4351,1.0765,1.2028
1225.0000,0.6531,0.9246,0.4203,1.6313,1.2556,1.1367,1.2013
1230.0000,0.6538,0.8901,0.4830,1.7477,1.0911,1.2251,1.1370
1235.0000,0.7461,0.7752,0.6527,1.7698,1.0010,1.2609,1.1262
1240.0000,0.7894,0.6778,0.8584,1.7418,0.9330,1.3271,1.0232
1245.0000,0.9199,0.5362,1.1377,1.6211,0.9714,1.2805,1.0717
1250.0000,0.8132,0.5523,1.3489,1.4985,1.0237,1.2253,1.1178
1255.0000,0.8647,0.5312,1.5697,1.3521,1.0882,1.1957,1.0950
1260.0000,0.8832,0.6033,1.7168,1.2194,1.1653,1.1345,1.1353
1265.0000,0.8054,0.7993,1.7490,1.1407,1.2048,1.1051,1.1438
1270.0000,0.8056,1.0085,1.7209,1.0911,1.2329,1.0718,1.1824
1275.0000,0.7905,1.2550,1.6131,1.0940,1.2155,1.0859,1.1562
1280.0000,0.9580,1.3891,1.5231,1.0963,1.2024,1.0934,1.1471
1285.0000,0.9972,1.5758,1.3682,1.1410,1.1613,1.1124,1.1497
1290.0000,1.1354,1.6350,1.2659,1.1689,1.1305,1.1331,1.1369
1295.0000,1.3087,1.5998,1.2139,1.1762,1.1179,1.1403,1.1385
1300.0000,1.4108,1.5413,1.1800,1.1796,1.1068,1.1525,1.1281
1305.0000,1.4975,1.4440,1.1797,1.1665,1.1129,1.1484,1.1417
1310.0000,1.4755,1.3831,1.1712,1.1596,1.1150,1.1491,1.1498
1315.0000,1.4672,1.3042,1.1834,1.1437,1.1235,1.1504,1.1506
1320.0000,1.4176,1.2606,1.1832,1.1345,1.1297,1.1508,1.1595
1325.0000,1.3637,1.2332,1.1784,1.1291,1.1341,1.1537,1.1652
1330.0000,1.3154,1.2157,1.1710,1.1266,1.1365,1.1602,1.1654
1335.0000,1.2643,1.2131,1.1572,1.1282,1.1382,1.1653,1.1714
1340.0000,1.2312,1.2075,1.1465,1.1294,1.1413,1.1698,1.1776
1345.0000,1.2227,1.1930,1.1422,1.1286,1.1466,1.1736,1.1829
1350.0000,1.2110,1.1814,1.1377,1.1295,1.1506,1.1800,1.1840
1355.0000,1.1999,1.1703,1.1351,1.1301,1.1566,1.1835,1.1885
1360.0000,1.1897,1.1604,1.1334,1.1312,1.1628,1.1869,1.1917
1365.0000,1.1779,1.1542,1.1306,1.1343,1.1673,1.1924,1.1905
1370.0000,1.1663,1.1496,1.1287,1.1372,1.1739,1.1932,1.1969
1375.0000,1.1609,1.1433,1.1288,1.1398,1.1810,1.1926,1.2054
1380.0000,1.1521,1.1415,1.1267,1.1454,1.1844,1.1965,1.2092
1385.0000,1.1447,1.1399,1.1260,1.1506,1.1889,1.1973,1.2229
1390.0000,1.1435,1.1361,1.1271,1.1564,1.1913,1.2021,1.2334
1395.0000,1.1397,1.1349,1.1276,1.1633,1.1918,1.2101,1.2440
1400.0000,1.1353,1.1349,1.1286,1.1705,1.1907,1.2224,1.2481
1405.0000,1.1358,1.1324,1.1327,1.1757,1.1919,1.2338,1.2548
1410.0000,1.1335,1.1328,1.1364,1.1811,1.1928,1.2481,1.2564
1415.0000,1.1312,1.1337,1.1418,1.1840,1.1980,1.2576,1.2651
1420.0000,1.1334,1.1325,1.1500,1.1844,1.2071,1.2642,1.2761
1425.0000,1.1336,1.1343,1.1562,1.1865,1.2141,1.2764,1.2756
1430.0000,1.1347,1.1363,1.1637,1.1863,1.2268,1.2795,1.2926
1435.0000,1.1370,1.1388,1.1703,1.1871,1.2390,1.2846,1.3049
1440.0000,1.1397,1.1429,1.1749,1.1901,1.2492,1.2935,1.3110
1445.0000,1.1427,1.1477,1.1787,1.1936,1.2610,1.2985,1.3273
1450.0000,1.1409,1.1564,1.1791,1.2002,1.2700,1.3067,1.3406
1455.0000,1.1478,1.1616,1.1800,1.2082,1.2774,1.3182,1.3506
1460.0000,1.1488,1.1702,1.1786,1.2184,1.2836,1.3308,1.3602
1465.0000,1.1479,1.1788,1.1775,1.2290,1.2903,1.3427,1.3732
1470.0000,1.1600,1.1795,1.1812,1.2379,1.2984,1.3547,1.3860
1475.0000,1.1616,1.1853,1.1826,1.2490,1.3044,1.3707,1.3940
1480.0000,1.1679,1.1860,1.1890,1.2571,1.3144,1.3825,1.4080
1485.0000,1.1764,1.1839,1.1986,1.2635,1.3267,1.3932,1.4232
1490.0000,1.1822,1.1833,1.2083,1.2708,1.3376,1.4079,1.4322
1495.0000,1.1870,1.1837,1.2191,1.2770,1.3515,1.4184,1.4490
1500.0000,1.1879,1.1878,1.2284,1.2845,1.3645,1.4311,1.4617
1505.0000,1.1892,1.1944,1.2362,1.2934,1.3766,1.4460,1.4706
1510.0000,1.1884,1.2042,1.2428,1.3029,1.3904,1.4569,1.4881
1515.0000,1.1958,1.2111,1.2508,1.3123,1.4047,1.4681,1.5052
1520.0000,1.1984,1.2229,1.2552,1.3250,1.4154,1.4844,1.5158
1525.0000,1.2051,1.2317,1.2620,1.3366,1.4285,1.4973,1.5334
1530.0000,1.2163,1.2371,1.2710,1.3477,1.4423,1.5104,1.5511
1535.0000,1.2245,1.2445,1.2790,1.3607,1.4536,1.5280,1.5631
1540.0000,1.2298,1.2533,1.2872,1.3736,1.4662,1.5437,1.5798
1545.0000,1.2400,1.2593,1.2976,1.3860,1.4791,1.5611,1.5910
1550.0000,1.2475,1.2673,1.3074,1.3992,1.4914,1.5806,1.5958
1555.0000,1.2525,1.2768,1.3180,1.4114,1.5070,1.5943,1.6096
1560.0000,1.2634,1.2830,1.3316,1.4217,1.5257,1.6039,1.6260
1565.0000,1.2720,1.2919,1.3433,1.4346,1.5407,1.6195,1.6294
1570.0000,1.2808,1.3005,1.3570,1.4452,1.5614,1.6231,1.6590
1575.0000,1.2847,1.3131,1.3680,1.4586,1.5784,1.6309,1.6852
1580.0000,1.2979,1.3228,1.3796,1.4737,1.5914,1.6454,1.7058
1585.0000,1.3073,1.3353,1.3895,1.4907,1.6018,1.6637,1.7233
1590.0000,1.3149,1.3491,1.3990,1.5086,1.6108,1.6847,1.7406
1595.0000,1.3294,1.3593,1.4110,1.5254,1.6200,1.7077,1.7563
1600.0000,1.3353,1.3753,1.4207,1.5432,1.6287,1.7332,1.7684
1605.0000,1.3451,1.3881,1.4336,1.5585,1.6408,1.7571,1.7777
1610.0000,1.3636,1.3948,1.4522,1.5689,1.6600,1.7732,1.7935
1615.0000,1.3754,1.4059,1.4685,1.5812,1.6766,1.7955,1.7940
1620.0000,1.3877,1.4156,1.4883,1.5886,1.7035,1.8005,1.8225
1625.0000,1.4019,1.4250,1.5082,1.5963,1.7307,1.8047,1.8518
1630.0000,1.4173,1.4354,1.5256,1.6077,1.7523,1.8172,1.8722
1635.0000,1.4302,1.4487,1.5412,1.6197,1.7762,1.8214,1.9215
1640.0000,1.4399,1.4663,1.5521,1.6368,1.7934,1.8341,1.9757
1645.0000,1.4485,1.4878,1.5584,1.6590,1.8032,1.8579,2.0390
1650.0000,1.4551,1.5121,1.5610,1.6857,1.8055,1.8983,2.0998
1655.0000,1.4772,1.5253,1.5713,1.7075,1.8134,1.9376,2.1985
1660.0000,1.4884,1.5450,1.5775,1.7332,1.8149,1.9989,2.3072
1700.0000,1.6399,1.5877,1.8131,1.7315,2.3311,2.6697,1.6106
1705.0000,1.6308,1.6146,1.8334,1.7275,2.5053,2.5426,1.1158
1710.0000,1.6682,1.6063,1.8875,1.6888,2.7842,2.0947,1.1679
1715.0000,1.6992,1.6246,1.8959,1.7142,2.9761,1.6486,1.1292
1720.0000,1.6750,1.6914,1.8430,1.8229,3.0379,1.2392,1.0801
1725.0000,1.6721,1.7588,1.7663,1.9887,2.9832,0.8479,1.1591
1730.0000,1.6211,1.8670,1.6393,2.2379,2.7385,0.6333,1.1297
1735.0000,1.6885,1.9098,1.5415,2.5109,2.3543,0.5743,1.0617
1740.0000,1.6640,1.9688,1.4826,2.7402,1.9680,0.4655,1.2978
1745.0000,1.5608,2.0596,1.4215,2.9885,1.4159,0.6866,1.0971
1750.0000,1.7304,1.9636,1.5361,3.0854,0.9529,0.8976,0.9722
1755.0000,1.7490,1.9100,1.7102,3.0669,0.5831,1.0899,0.8761
1760.0000,1.8336,1.7859,2.0010,2.8927,0.3584,1.2305,0.8145
1765.0000,1.8431,1.7027,2.3307,2.5925,0.2979,1.2624,0.8357
1770.0000,1.9665,1.5758,2.6908,2.2168,0.3059,1.3607,0.5984
1775.0000,2.1323,1.4644,3.0562,1.7384,0.5219,1.1932,0.7987
1780.0000,1.9405,1.6526,3.1860,1.3502,0.7108,1.0764,0.8699
1785.0000,2.0039,1.7769,3.2529,0.9906,0.9125,0.9718,0.8708
1790.0000,2.0079,2.0213,3.1370,0.7345,1.0859,0.8462,0.9501
1795.0000,2.0210,2.3127,2.8634,0.6036,1.1725,0.7957,0.9428
1800.0000,2.0345,2.6158,2.4755,0.5704,1.2199,0.7194,1.0507
1805.0000,2.0124,2.8942,2.0007,0.6497,1.1601,0.7570,0.9903
1810.0000,1.9124,3.0975,1.5139,0.7888,1.0495,0.8302,0.9254
1815.0000,2.3076,2.9205,1.2264,0.8625,0.9987,0.8402,0.9494
1820.0000,2.3976,2.7438,0.9613,0.9624,0.9128,0.8966,0.9025
1825.0000,2.5263,2.4124,0.8338,1.0108,0.8669,0.9221,0.8887
1830.0000,2.4755,2.0790,0.7708,1.0399,0.8289,0.9550,0.8428
1835.0000,2.4220,1.6952,0.8085,1.0166,0.8400,0.9394,0.8690
1840.0000,2.2480,1.3951,0.8584,0.9876,0.8550,0.9260,0.8797
1845.0000,1.9368,1.2153,0.8880,0.9670,0.8655,0.9157,0.8854
1850.0000,1.7546,1.0258,0.9551,0.9266,0.8891,0.9032,0.8809
1855.0000,1.4875,0.9625,0.9729,0.9086,0.8999,0.8928,0.8863
1860.0000,1.2966,0.9324,0.9799,0.8964,0.9059,0.8875,0.8837
1865.0000,1.1340,0.9465,0.9640,0.8965,0.9037,0.8860,0.8800
1870.0000,1.0482,0.9511,0.9535,0.8949,0.9027,0.8844,0.8722
1875.0000,1.0125,0.9482,0.9463,0.8926,0.9028,0.8805,0.8649
1880.0000,0.9724,0.9609,0.9288,0.8968,0.8980,0.8786,0.8546
1885.0000,0.9557,0.9631,0.9171,0.8989,0.8953,0.8728,0.8477
1890.0000,0.9580,0.9546,0.9120,0.8980,0.8952,0.8624,0.8454
1895.0000,0.9548,0.9478,0.9062,0.8992,0.8911,0.8560,0.8372
1900.0000,0.9505,0.9396,0.9030,0.8988,0.8891,0.8435,0.8446
1905.0000,0.9465,0.9311,0.9006,0.8994,0.8830,0.8367,0.8464
1910.0000,0.9407,0.9240,0.8986,0.9001,0.8750,0.8321,0.8512
1915.0000,0.9350,0.9177,0.8969,0.9014,0.8635,0.8343,0.8471
1920.0000,0.9288,0.9126,0.8958,0.9020,0.8511,0.8403,0.8383
1925.0000,0.9217,0.9093,0.8954,0.9006,0.8409,0.8448,0.8311
1930.0000,0.9136,0.9079,0.8952,0.8974,0.8327,0.8492,0.8203
1935.0000,0.9053,0.9068,0.8967,0.8908,0.8299,0.8474,0.8151
1940.0000,0.9075,0.9017,0.9000,0.8827,0.8275,0.8493,0.7943
1945.0000,0.9062,0.8978,0.9045,0.8706,0.8339,0.8350,0.8060
1950.0000,0.9097,0.8924,0.9085,0.8589,0.8399,0.8224,0.8112
1955.0000,0.9053,0.8921,0.9076,0.8507,0.8418,0.8150,0.8090
1960.0000,0.9047,0.8910,0.9054,0.8433,0.8441,0.8046,0.8178
1965.0000,0.8992,0.8948,0.8974,0.8409,0.8401,0.8019,0.8182
1970.0000,0.8975,0.8977,0.8871,0.8414,0.8322,0.8049,0.8139
1975.0000,0.8903,0.9039,0.8741,0.8435,0.8242,0.8063,0.8148
1980.0000,0.8806,0.9102,0.8598,0.8473,0.8134,0.8131,0.8059
1985.0000,0.8908,0.9028,0.8539,0.8463,0.8077,0.8152,0.8014
1990.0000,0.8882,0.8997,0.8465,0.8463,0.8011,0.8202,0.7895
1995.0000,0.8885,0.8905,0.8452,0.8411,0.8019,0.8152,0.7913
2000.0000,0.8903,0.8776,0.8479,0.8331,0.8062,0.8066,0.7961
2005.0000,0.8904,0.8647,0.8510,0.8260,0.8080,0.8034,0.7920
2010.0000,0.8895,0.8528,0.8546,0.8179,0.8122,0.7957,0.7972
2015.0000,0.8771,0.8497,0.8527,0.8137,0.8124,0.7923,0.7980
2020.0000,0.8714,0.8453,0.8510,0.8099,0.8123,0.7890,0.8012
2025.0000,0.8573,0.8498,0.8427,0.8107,0.8075,0.7910,0.7976
2030.0000,0.8544,0.8499,0.8359,0.8113,0.8030,0.7929,0.7953
2035.0000,0.8463,0.8547,0.8258,0.8140,0.7968,0.7965,0.7916
2040.0000,0.8384,0.8580,0.8169,0.8161,0.7917,0.7989,0.7893
2045.0000,0.8452,0.8504,0.8150,0.8142,0.7904,0.7985,0.7886
2050.0000,0.8450,0.8448,0.8126,0.8130,0.7879,0.8012,0.7802
2055.0000,0.8467,0.8353,0.8146,0.8085,0.7899,0.7980,0.7804
2060.0000,0.8498,0.8244,0.8184,0.8027,0.7935,0.7930,0.7806
2065.0000,0.8419,0.8196,0.8190,0.7992,0.7947,0.7914,0.7732
2070.0000,0.8372,0.8147,0.8202,0.7948,0.7983,0.7839,0.7782
2075.0000,0.8281,0.8152,0.8176,0.7932,0.7988,0.7795,0.7784
2080.0000,0.8238,0.8154,0.8140,0.7930,0.7974,0.7768,0.7769
2085.0000,0.8160,0.8196,0.8075,0.7950,0.7940,0.7752,0.7757
2090.0000,0.8082,0.8237,0.8005,0.7978,0.7891,0.7753,0.7725
2095.0000,0.8140,0.8201,0.7979,0.7986,0.7853,0.7747,0.7697
2100.0000,0.8120,0.8195,0.7940,0.8003,0.7804,0.7755,0.7646
2105.0000,0.8135,0.8147,0.7937,0.7994,0.7779,0.7733,0.7635
2110.0000,0.8147,0.8087,0.7952,0.7972,0.7765,0.7704,0.7623
2115.0000,0.8137,0.8039,0.7966,0.7951,0.7741,0.7696,0.7571
2120.0000,0.8118,0.7996,0.7988,0.7915,0.7742,0.7645,0.7604
2125.0000,0.8083,0.7971,0.8002,0.7882,0.7736,0.7605,0.7630
2130.0000,0.8043,0.7967,0.7998,0.7860,0.7712,0.7592,0.7637
2135.0000,0.8002,0.7976,0.7985,0.7841,0.7687,0.7583,0.7666
2140.0000,0.7998,0.7973,0.7970,0.7825,0.7650,0.7602,0.7664
2145.0000,0.7977,0.7985,0.7944,0.7814,0.7612,0.7630,0.7660
2150.0000,0.7950,0.8001,0.7913,0.7803,0.7575,0.7673,0.7616
2155.0000,0.7971,0.7983,0.7900,0.7777,0.7558,0.7701,0.7566
2160.0000,0.7959,0.7982,0.7876,0.7757,0.7542,0.7741,0.7453
2165.0000,0.7941,0.7974,0.7862,0.7718,0.7567,0.7715,0.7413
2170.0000,0.7959,0.7934,0.7871,0.7661,0.7628,0.7629,0.7432
2175.0000,0.7957,0.7908,0.7860,0.7628,0.7655,0.7593,0.7339
2180.0000,0.7960,0.7872,0.7858,0.7586,0.7709,0.7482,0.7396
2185.0000,0.7945,0.7853,0.7835,0.7567,0.7733,0.7393,0.7430
2190.0000,0.7917,0.7845,0.7794,0.7573,0.7723,0.7331,0.7465
2195.0000,0.7872,0.7858,0.7733,0.7603,0.7677,0.7305,0.7482
2200.0000,0.7796,0.7891,0.7653,0.7654,0.7594,0.7322,0.7475
2205.0000,0.7827,0.7864,0.7608,0.7694,0.7505,0.7362,0.7465
2210.0000,0.7775,0.7876,0.7551,0.7735,0.7413,0.7408,0.7471
2215.0000,0.7739,0.7858,0.7527,0.7755,0.7334,0.7467,0.7448
2220.0000,0.7787,0.7781,0.7555,0.7733,0.7294,0.7504,0.7441
2225.0000,0.7779,0.7725,0.7585,0.7702,0.7260,0.7565,0.7367
2230.0000,0.7795,0.7643,0.7654,0.7626,0.7294,0.7547,0.7396
2235.0000,0.7756,0.7597,0.7711,0.7546,0.7341,0.7523,0.7399
2240.0000,0.7748,0.7552,0.7760,0.7470,0.7385,0.7521,0.7336
2245.0000,0.7738,0.7530,0.7794,0.7393,0.7456,0.7460,0.7361
2250.0000,0.7674,0.7561,0.7781,0.7345,0.7509,0.7408,0.7368
2255.0000,0.7633,0.7608,0.7735,0.7327,0.7537,0.7372,0.7354
2260.0000,0.7578,0.7678,0.7655,0.7336,0.7544,0.7339,0.7352
2265.0000,0.7614,0.7698,0.7586,0.7356,0.7536,0.7315,0.7343
2270.0000,0.7580,0.7757,0.7482,0.7405,0.7497,0.7309,0.7334
2275.0000,0.7570,0.7775,0.7400,0.7452,0.7456,0.7301,0.7344
2280.0000,0.7640,0.7716,0.7368,0.7479,0.7420,0.7293,0.7367
2285.0000,0.7646,0.7671,0.7338,0.7510,0.7369,0.7312,0.7375
2290.0000,0.7653,0.7601,0.7340,0.7523,0.7328,0.7330,0.7402
2295.0000,0.7636,0.7534,0.7357,0.7526,0.7288,0.7368,0.7397
2300.0000,0.7609,0.7472,0.7387,0.7515,0.7257,0.7414,0.7372
2305.0000,0.7565,0.7431,0.7420,0.7492,0.7243,0.7453,0.7338
2310.0000,0.7523,0.7401,0.7458,0.7454,0.7254,0.7468,0.7311
2315.0000,0.7492,0.7384,0.7489,0.7418,0.7266,0.7502,0.7189
2320.0000,0.7462,0.7378,0.7523,0.7361,0.7330,0.7436,0.7257
2325.0000,0.7435,0.7388,0.7538,0.7314,0.7391,0.7369,0.7302
2330.0000,0.7429,0.7403,0.7538,0.7281,0.7440,0.7308,0.7342
2335.0000,0.7418,0.7433,0.7511,0.7274,0.7459,0.7274,0.7370
2340.0000,0.7395,0.7474,0.7462,0.7289,0.7452,0.7262,0.7390
2345.0000,0.7426,0.7487,0.7416,0.7317,0.7423,0.7283,0.7384
2350.0000,0.7420,0.7512,0.7361,0.7352,0.7388,0.7298,0.7410
2355.0000,0.7382,0.7544,0.7298,0.7400,0.7330,0.7355,0.7368
2360.0000,0.7441,0.7506,0.7283,0.7420,0.7299,0.7389,0.7349
2365.0000,0.7432,0.7492,0.7264,0.7442,0.7264,0.7437,0.7288
2370.0000,0.7420,0.7462,0.7273,0.7437,0.7267,0.7434,0.7292
2375.0000,0.7444,0.7399,0.7315,0.7406,0.7301,0.7398,0.7321
2380.0000,0.7442,0.7352,0.7350,0.7382,0.7316,0.7401,0.7275
2385.0000,0.7448,0.7303,0.7398,0.7343,0.7359,0.7357,0.7308
2390.0000,0.7406,0.7294,0.7421,0.7320,0.7386,0.7329,0.7311
2395.0000,0.7401,0.7278,0.7443,0.7301,0.7405,0.7309,0.7302
2400.0000,0.7363,0.7302,0.7434,0.7299,0.7410,0.7291,0.7302
2405.0000,0.7345,0.7330,0.7414,0.7309,0.7404,0.7279,0.7299
2410.0000,0.7314,0.7384,0.7369,0.7337,0.7378,0.7283,0.7284
2415.0000,0.7256,0.7453,0.7311,0.7373,0.7345,0.7285,0.7293
2420.0000,0.7328,0.7437,0.7301,0.7386,0.7326,0.7281,0.7309
2425.0000,0.7337,0.7445,0.7277,0.7410,0.7289,0.7305,0.7292
2430.0000,0.7367,0.7417,0.7284,0.7413,0.7269,0.7317,0.7294
2435.0000,0.7409,0.7368,0.7312,0.7401,0.7260,0.7328,0.7283
2440.0000,0.7407,0.7334,0.7338,0.7388,0.7248,0.7355,0.7222
2445.0000,0.7407,0.7299,0.7375,0.7358,0.7265,0.7338,0.7237
2450.0000,0.7369,0.7299,0.7394,0.7335,0.7281,0.7322,0.7232
2455.0000,0.7353,0.7301,0.7410,0.7308,0.7306,0.7289,0.7240
2460.0000,0.7320,0.7330,0.7400,0.7300,0.7309,0.7283,0.7208
2465.0000,0.7291,0.7362,0.7387,0.7289,0.7326,0.7242,0.7248
2470.0000,0.7324,0.7364,0.7380,0.7283,0.7331,0.7218,0.7269
2475.0000,0.7330,0.7379,0.7358,0.7289,0.7320,0.7210,0.7289
2480.0000,0.7327,0.7394,0.7332,0.7301,0.7299,0.7216,0.7305
2485.0000,0.7355,0.7384,0.7318,0.7311,0.7274,0.7233,0.7320
2490.0000,0.7353,0.7387,0.7297,0.7325,0.7244,0.7262,0.7337
2495.0000,0.7328,0.7396,0.7275,0.7339,0.7212,0.7302,0.7339
2500.0000,0.7357,0.7369,0.7279,0.7336,0.7196,0.7338,0.7338
2505.0000,0.7341,0.7366,0.7273,0.7336,0.7180,0.7387,0.7303
2510.0000,0.7332,0.7351,0.7283,0.7318,0.7193,0.7404,0.7307
2515.0000,0.7345,0.7320,0.7309,0.7286,0.7227,0.7402,0.7309
2520.0000,0.7353,0.7292,0.7331,0.7260,0.7254,0.7421,0.7242
2525.0000,0.7360,0.7264,0.7359,0.7221,0.7315,0.7374,0.7285
2530.0000,0.7333,0.7265,0.7364,0.7198,0.7364,0.7334,0.7303
2535.0000,0.7320,0.7273,0.7354,0.7193,0.7392,0.7315,0.7288
2540.0000,0.7287,0.7302,0.7325,0.7202,0.7415,0.7279,0.7329
2545.0000,0.7295,0.7314,0.7295,0.7224,0.7417,0.7264,0.7346
2550.0000,0.7276,0.7348,0.7246,0.7265,0.7396,0.7265,0.7369
2555.0000,0.7258,0.7374,0.7198,0.7314,0.7356,0.7294,0.7348
2560.0000,0.7231,0.7389,0.7161,0.7360,0.7311,0.7335,0.7308
2565.0000,0.7295,0.7345,0.7166,0.7385,0.7280,0.7374,0.7239
2570.0000,0.7297,0.7317,0.7179,0.7394,0.7273,0.7370,0.7250
2575.0000,0.7302,0.7277,0.7215,0.7384,0.7286,0.7342,0.7286
2580.0000,0.7303,0.7237,0.7261,0.7363,0.7311,0.7302,0.7340
2585.0000,0.7304,0.7209,0.7301,0.7349,0.7315,0.7300,0.7358
2590.0000,0.7284,0.7201,0.7333,0.7334,0.7323,0.7291,0.7413
2595.0000,0.7264,0.7211,0.7348,0.7332,0.7307,0.7326,0.7416
2600.0000,0.7251,0.7230,0.7357,0.7329,0.7298,0.7355,0.7437
2605.0000,0.7217,0.7274,0.7344,0.7339,0.7271,0.7423,0.7375
2610.0000,0.7244,0.7286,0.7350,0.7330,0.7277,0.7450,0.7345
2615.0000,0.7237,0.7323,0.7336,0.7332,0.7277,0.7490,0.7256
2620.0000,0.7220,0.7356,0.7329,0.7318,0.7316,0.7460,0.7267
2625.0000,0.7279,0.7339,0.7350,0.7285,0.7383,0.7386,0.7314
2630.0000,0.7299,0.7341,0.7347,0.7278,0.7412,0.7363,0.7285
2635.0000,0.7325,0.7330,0.7354,0.7265,0.7458,0.7291,0.7365
2640.0000,0.7333,0.7327,0.7346,0.7273,0.7471,0.7255,0.7421
2645.0000,0.7346,0.7321,0.7335,0.7291,0.7466,0.7235,0.7507
2650.0000,0.7335,0.7332,0.7306,0.7331,0.7421,0.7274,0.7528
2655.0000,0.7335,0.7339,0.7279,0.7376,0.7363,0.7339,0.7552
2660.0000,0.7310,0.7362,0.7246,0.7421,0.7305,0.7412,0.7601
2665.0000,0.7250,0.7406,0.7208,0.7467,0.7239,0.7521,0.7588
2670.0000,0.7306,0.7369,0.7230,0.7470,0.7219,0.7604,0.7590
2675.0000,0.7297,0.7368,0.7241,0.7472,0.7203,0.7711,0.7513
2680.0000,0.7319,0.7326,0.7297,0.7430,0.7255,0.7738,0.7543
2685.0000,0.7407,0.7240,0.7390,0.7355,0.7356,0.7720,0.7586
2690.0000,0.7369,0.7222,0.7441,0.7307,0.7431,0.7747,0.7503
2695.0000,0.7394,0.7179,0.7511,0.7237,0.7561,0.7672,0.7607
2700.0000,0.7359,0.7204,0.7523,0.7211,0.7656,0.7625,0.7653
2705.0000,0.7311,0.7265,0.7491,0.7223,0.7714,0.7602,0.7670
2710.0000,0.7252,0.7359,0.7420,0.7271,0.7742,0.7587,0.7700
2715.0000,0.7175,0.7472,0.7318,0.7354,0.7729,0.7607,0.7687
2720.0000,0.7281,0.7475,0.7271,0.7420,0.7727,0.7605,0.7720
2725.0000,0.7291,0.7508,0.7208,0.7507,0.7694,0.7628,0.7751
2730.0000,0.7313,0.7496,0.7191,0.7564,0.7695,0.7588,0.7982
2735.0000,0.7386,0.7425,0.7228,0.7591,0.7720,0.7513,0.8414
2740.0000,0.7410,0.7373,0.7256,0.7643,0.7671,0.7585,0.8861
2745.0000,0.7430,0.7297,0.7345,0.7626,0.7733,0.7481,1.0177
2750.0000,0.7390,0.7287,0.7375,0.7681,0.7636,0.7726,1.1576
2755.0000,0.7373,0.7286,0.7400,0.7747,0.7483,0.8229,1.3417
2760.0000,0.7308,0.7348,0.7375,0.7860,0.7221,0.9196,1.5455
2765.0000,0.7313,0.7424,0.7292,0.8063,0.6737,1.1012,1.6978
2805.0000,0.8066,0.6554,0.9444,0.4915,1.8461,1.9425,1.6717
2810.0000,0.8420,0.6573,0.9253,0.5145,2.1079,1.7592,1.7463
2815.0000,0.7691,0.7305,0.8353,0.6247,2.2820,1.5879,1.8619
2820.0000,0.7357,0.8082,0.7051,0.8210,2.3289,1.5244,1.7933
2825.0000,0.6525,0.9155,0.5410,1.0886,2.2637,1.5375,1.6438
2830.0000,0.7235,0.9265,0.4386,1.3585,2.1508,1.5653,1.4894
2835.0000,0.6459,0.9955,0.3422,1.6294,2.0209,1.5458,1.4096
2840.0000,0.5990,1.0089,0.3188,1.8708,1.8643,1.5538,1.2460
2845.0000,0.7418,0.8775,0.4426,2.0182,1.7563,1.5015,1.1225
2850.0000,0.7652,0.7848,0.6079,2.1247,1.6398,1.4662,0.9188
2855.0000,0.8774,0.6250,0.8843,2.1265,1.6073,1.3117,0.8721
2860.0000,0.8162,0.5718,1.1518,2.0948,1.5828,1.1299,0.8583
2865.0000,0.8815,0.4866,1.4574,2.0198,1.5480,0.9850,0.7866
2870.0000,0.9337,0.4839,1.7259,1.9276,1.5141,0.8179,0.7961
2875.0000,0.8017,0.6719,1.8663,1.8810,1.4124,0.7185,0.7729
2880.0000,0.8095,0.8586,1.9771,1.8217,1.3099,0.6121,0.8394
2885.0000,0.7688,1.1462,1.9773,1.8107,1.1309,0.6219,0.7667
2890.0000,0.9155,1.3530,1.9818,1.7751,0.9628,0.6437,0.7262
2895.0000,0.9481,1.6379,1.9054,1.7552,0.7875,0.6822,0.7166
2900.0000,1.1078,1.7972,1.8712,1.6911,0.6476,0.7332,0.6817
2905.0000,1.3628,1.8339,1.8904,1.5715,0.5694,0.7570,0.6763
2910.0000,1.5572,1.8360,1.9127,1.4315,0.5176,0.7995,0.6130
2915.0000,1.7468,1.7850,1.9557,1.2539,0.5331,0.7812,0.6396
2920.0000,1.7700,1.7984,1.9439,1.0908,0.5659,0.7549,0.6673
2925.0000,1.8399,1.7669,1.9278,0.9301,0.6120,0.7425,0.6432
2930.0000,1.8399,1.7818,1.8540,0.7990,0.6666,0.7060,0.6689
2935.0000,1.7870,1.8283,1.7254,0.7095,0.7054,0.6807,0.6785
2940.0000,1.7909,1.8417,1.5810,0.6457,0.7388,0.6539,0.6977
2945.0000,1.7488,1.8658,1.4011,0.6230,0.7470,0.6469,0.6920
2950.0000,1.7181,1.8505,1.2251,0.6213,0.7442,0.6456,0.6863
2955.0000,1.7489,1.7678,1.0785,0.6276,0.7365,0.6483,0.6795
2960.0000,1.7123,1.6825,0.9387,0.6480,0.7225,0.6473,0.6897
2965.0000,1.6416,1.5828,0.8183,0.6771,0.6968,0.6631,0.6735
2970.0000,1.6069,1.4384,0.7439,0.6941,0.6808,0.6706,0.6670
2975.0000,1.5317,1.2987,0.6917,0.7084,0.6659,0.6787,0.6576
2980.0000,1.4795,1.1385,0.6779,0.7078,0.6632,0.6773,0.6560
2985.0000,1.3503,1.0226,0.6662,0.7085,0.6601,0.6746,0.6562
2990.0000,1.2396,0.9167,0.6699,0.7040,0.6588,0.6752,0.6462
2995.0000,1.1325,0.8345,0.6787,0.6962,0.6622,0.6685,0.6472
3000.0000,1.0233,0.7806,0.6846,0.6898,0.6647,0.6623,0.6459
3005.0000,0.9430,0.7356,0.6945,0.6818,0.6674,0.6574,0.6396
3010.0000,0.8655,0.7142,0.6974,0.6768,0.6690,0.6502,0.6397
3015.0000,0.8110,0.7005,0.6987,0.6730,0.6692,0.6440,0.6378
3020.0000,0.7682,0.6964,0.6960,0.6716,0.6667,0.6396,0.6349
3025.0000,0.7338,0.6986,0.6903,0.6719,0.6632,0.6343,0.6374
3030.0000,0.7210,0.6956,0.6873,0.6713,0.6590,0.6307,0.6396
3035.0000,0.7046,0.7000,0.6798,0.6735,0.6516,0.6303,0.6421
3040.0000,0.6987,0.6989,0.6758,0.6740,0.6445,0.6314,0.6446
3045.0000,0.6987,0.6941,0.6744,0.6732,0.6374,0.6356,0.6438
3050.0000,0.6959,0.6906,0.6732,0.6715,0.6312,0.6402,0.6437
3055.0000,0.6939,0.6861,0.6735,0.6682,0.6267,0.6457,0.6409
3060.0000,0.6915,0.6817,0.6748,0.6631,0.6250,0.6495,0.6384
3065.0000,0.6890,0.6780,0.6759,0.6575,0.6243,0.6549,0.6277
3070.0000,0.6855,0.6752,0.6774,0.6499,0.6289,0.6521,0.6307
3075.0000,0.6815,0.6740,0.6775,0.6428,0.6346,0.6483,0.6311
3080.0000,0.6797,0.6726,0.6768,0.6361,0.6413,0.6425,0.6314
3085.0000,0.6782,0.6721,0.6737,0.6318,0.6457,0.6390,0.6270
3090.0000,0.6762,0.6720,0.6694,0.6288,0.6506,0.6320,0.6293
3095.0000,0.6749,0.6721,0.6633,0.6286,0.6524,0.6274,0.6286
3100.0000,0.6725,0.6727,0.6557,0.6305,0.6521,0.6231,0.6300
3105.0000,0.6667,0.6748,0.6463,0.6350,0.6483,0.6219,0.6287
3110.0000,0.6690,0.6716,0.6397,0.6393,0.6435,0.6219,0.6272
3115.0000,0.6643,0.6714,0.6320,0.6447,0.6372,0.6226,0.6275
3120.0000,0.6603,0.6687,0.6271,0.6492,0.6305,0.6248,0.6263
3125.0000,0.6629,0.6605,0.6271,0.6509,0.6253,0.6270,0.6244
3130.0000,0.6610,0.6536,0.6284,0.6515,0.6204,0.6306,0.6191
3135.0000,0.6603,0.6450,0.6332,0.6488,0.6190,0.6306,0.6183
3140.0000,0.6554,0.6389,0.6383,0.6449,0.6194,0.6293,0.6173
3145.0000,0.6528,0.6331,0.6440,0.6402,0.6198,0.6300,0.6098
3150.0000,0.6503,0.6292,0.6497,0.6338,0.6242,0.6233,0.6156
3155.0000,0.6436,0.6305,0.6518,0.6292,0.6271,0.6183,0.6194
3160.0000,0.6395,0.6337,0.6512,0.6266,0.6277,0.6161,0.6204
3165.0000,0.6350,0.6389,0.6482,0.6254,0.6273,0.6142,0.6238
3170.0000,0.6368,0.6416,0.6448,0.6253,0.6249,0.6160,0.6224
3175.0000,0.6361,0.6460,0.6395,0.6263,0.6220,0.6175,0.6229
3180.0000,0.6362,0.6488,0.6344,0.6278,0.6182,0.6215,0.6181
3185.0000,0.6345,0.6505,0.6300,0.6287,0.6157,0.6238,0.6148
3190.0000,0.6408,0.6469,0.6286,0.6282,0.6140,0.6269,0.6059
3195.0000,0.6415,0.6440,0.6280,0.6263,0.6158,0.6234,0.6097
3200.0000,0.6418,0.6403,0.6283,0.6239,0.6181,0.6197,0.6115
3205.0000,0.6419,0.6362,0.6292,0.6213,0.6205,0.6159,0.6128
3210.0000,0.6416,0.6325,0.6297,0.6196,0.6215,0.6139,0.6116
3215.0000,0.6398,0.6299,0.6298,0.6181,0.6227,0.6106,0.6140
3220.0000,0.6367,0.6289,0.6285,0.6181,0.6217,0.6100,0.6135
3225.0000,0.6341,0.6286,0.6266,0.6186,0.6202,0.6094,0.6144
3230.0000,0.6288,0.6306,0.6230,0.6205,0.6167,0.6117,0.6106
3235.0000,0.6295,0.6297,0.6212,0.6215,0.6140,0.6132,0.6068
3240.0000,0.6260,0.6316,0.6179,0.6233,0.6108,0.6152,0.6009
3245.0000,0.6233,0.6321,0.6162,0.6236,0.6095,0.6144,0.5977
3250.0000,0.6267,0.6281,0.6179,0.6214,0.6111,0.6099,0.5977
3255.0000,0.6269,0.6257,0.6187,0.6203,0.6105,0.6086,0.5910
3260.0000,0.6296,0.6205,0.6222,0.6166,0.6138,0.6004,0.5985
3265.0000,0.6270,0.6188,0.6234,0.6148,0.6141,0.5960,0.6010
3270.0000,0.6266,0.6166,0.6246,0.6133,0.6134,0.5929,0.6044
3275.0000,0.6237,0.6175,0.6233,0.6137,0.6099,0.5935,0.6037
3280.0000,0.6217,0.6191,0.6210,0.6149,0.6049,0.5967,0.5999
3285.0000,0.6182,0.6226,0.6175,0.6163,0.6001,0.5993,0.5978
3290.0000,0.6129,0.6273,0.6133,0.6178,0.5951,0.6030,0.5931
3295.0000,0.6183,0.6246,0.6139,0.6158,0.5944,0.6020,0.5936
3300.0000,0.6189,0.6240,0.6132,0.6146,0.5922,0.6045,0.5865
3305.0000,0.6211,0.6205,0.6154,0.6105,0.5946,0.6001,0.5924
3310.0000,0.6245,0.6159,0.6183,0.6058,0.5976,0.5956,0.5983
3315.0000,0.6226,0.6141,0.6192,0.6027,0.5983,0.5948,0.5997
3320.0000,0.6220,0.6122,0.6198,0.5997,0.5995,0.5932,0.6053
3325.0000,0.6187,0.6133,0.6177,0.5988,0.5980,0.5960,0.6050
3330.0000,0.6170,0.6145,0.6146,0.5990,0.5955,0.6009,0.6019
3335.0000,0.6134,0.6173,0.6103,0.5995,0.5936,0.6047,0.5990
3340.0000,0.6081,0.6209,0.6054,0.6003,0.5925,0.6078,0.5947
3345.0000,0.6129,0.6183,0.6043,0.5987,0.5947,0.6069,0.5927
3350.0000,0.6115,0.6186,0.6011,0.5989,0.5951,0.6086,0.5836
3355.0000,0.6123,0.6155,0.6011,0.5963,0.6004,0.6015,0.5878
3360.0000,0.6143,0.6107,0.6022,0.5937,0.6055,0.5940,0.5918
3365.0000,0.6156,0.6059,0.6029,0.5926,0.6079,0.5897,0.5924
3370.0000,0.6157,0.6021,0.6029,0.5926,0.6089,0.5858,0.5943
3375.0000,0.6111,0.6018,0.6005,0.5950,0.6062,0.5860,0.5922
3380.0000,0.6079,0.6016,0.5981,0.5976,0.6033,0.5852,0.5936
3385.0000,0.6002,0.6056,0.5931,0.6023,0.5972,0.5889,0.5871
3390.0000,0.6020,0.6042,0.5917,0.6047,0.5931,0.5900,0.5840
3395.0000,0.5985,0.6063,0.5888,0.6079,0.5878,0.5931,0.5767
3400.0000,0.5964,0.6060,0.5889,0.6081,0.5861,0.5909,0.5786
3405.0000,0.6003,0.6011,0.5930,0.6056,0.5871,0.5862,0.5836
3410.0000,0.6017,0.5970,0.5967,0.6034,0.5860,0.5859,0.5818
3415.0000,0.6041,0.5918,0.6021,0.5992,0.5875,0.5819,0.5892
3420.0000,0.6066,0.5880,0.6065,0.5958,0.5873,0.5816,0.5920
3425.0000,0.6008,0.5896,0.6077,0.5936,0.5862,0.5826,0.5958
3430.0000,0.5974,0.5924,0.6071,0.5925,0.5839,0.5862,0.5962
3435.0000,0.5891,0.5994,0.6033,0.5928,0.5806,0.5918,0.5944
3440.0000,0.5931,0.6013,0.6015,0.5920,0.5788,0.5971,0.5906
3445.0000,0.5904,0.6066,0.5974,0.5917,0.5781,0.6008,0.5886
3450.0000,0.5907,0.6086,0.5952,0.5900,0.5798,0.6022,0.5866
3455.0000,0.5979,0.6053,0.5960,0.5864,0.5846,0.6002,0.5850
3460.0000,0.6016,0.6023,0.5961,0.5838,0.5882,0.6002,0.5769
3465.0000,0.6068,0.5966,0.5984,0.5793,0.5959,0.5921,0.5805
3470.0000,0.6039,0.5951,0.5978,0.5774,0.6012,0.5855,0.5813
3475.0000,0.6033,0.5932,0.5965,0.5772,0.6043,0.5801,0.5812
3480.0000,0.5987,0.5947,0.5925,0.5794,0.6048,0.5752,0.5831
3485.0000,0.5971,0.5957,0.5876,0.5837,0.6016,0.5743,0.5814
3490.0000,0.5920,0.5994,0.5812,0.5894,0.5969,0.5730,0.5836
3495.0000,0.5874,0.6023,0.5752,0.5959,0.5895,0.5761,0.5796
3500.0000,0.5924,0.5983,0.5741,0.5997,0.5833,0.5789,0.5758
3505.0000,0.5910,0.5969,0.5730,0.6032,0.5770,0.5825,0.5696
3510.0000,0.5922,0.5917,0.5764,0.6028,0.5746,0.5814,0.5708
3515.0000,0.5925,0.5861,0.5819,0.6003,0.5740,0.5792,0.5724
3520.0000,0.5926,0.5810,0.5878,0.5971,0.5729,0.5799,0.5677
3525.0000,0.5931,0.5765,0.5947,0.5918,0.5751,0.5756,0.5730
3530.0000,0.5882,0.5771,0.5985,0.5878,0.5760,0.5735,0.5755
3535.0000,0.5864,0.5781,0.6012,0.5842,0.5762,0.5730,0.5761
3540.0000,0.5840,0.5818,0.6014,0.5816,0.5760,0.5730,0.5773
3545.0000,0.5794,0.5881,0.5988,0.5803,0.5749,0.5738,0.5787
3550.0000,0.5830,0.5911,0.5966,0.5792,0.5737,0.5758,0.5785
3555.0000,0.5827,0.5958,0.5925,0.5789,0.5725,0.5773,0.5805
3560.0000,0.5797,0.6008,0.5875,0.5793,0.5709,0.5800,0.5807
3565.0000,0.5878,0.5991,0.5855,0.5786,0.5702,0.5836,0.5775
3570.0000,0.5898,0.5985,0.5832,0.5777,0.5709,0.5850,0.5777
3575.0000,0.5922,0.5957,0.5823,0.5760,0.5726,0.5857,0.5759
3580.0000,0.5941,0.5918,0.5824,0.5738,0.5759,0.5843,0.5749
3585.0000,0.5955,0.5876,0.5827,0.5721,0.5785,0.5841,0.5695
3590.0000,0.5946,0.5843,0.5831,0.5698,0.5833,0.5786,0.5729
3595.0000,0.5913,0.5830,0.5819,0.5693,0.5862,0.5745,0.5740
3600.0000,0.5877,0.5832,0.5792,0.5705,0.5871,0.5719,0.5742
3605.0000,0.5821,0.5852,0.5752,0.5732,0.5862,0.5701,0.5749
3610.0000,0.5833,0.5840,0.5727,0.5762,0.5837,0.5707,0.5726
3615.0000,0.5807,0.5848,0.5694,0.5797,0.5805,0.5708,0.5720
3620.0000,0.5793,0.5840,0.5675,0.5828,0.5769,0.5722,0.5690
3625.0000,0.5811,0.5805,0.5683,0.5841,0.5748,0.5716,0.5687
3630.0000,0.5804,0.5782,0.5691,0.5854,0.5717,0.5731,0.5647
3635.0000,0.5794,0.5754,0.5717,0.5847,0.5712,0.5706,0.5689
3640.0000,0.5784,0.5730,0.5747,0.5834,0.5706,0.5692,0.5716
3645.0000,0.5766,0.5722,0.5770,0.5825,0.5689,0.5702,0.5715
