150.0000,0.7679,0.7670,0.7599,0.7520,0.7431,0.7407,0.7374
155.0000,0.7679,0.7649,0.7593,0.7504,0.7427,0.7396,0.7373
160.0000,0.7662,0.7642,0.7576,0.7497,0.7411,0.7403,0.7340
165.0000,0.7640,0.7635,0.7563,0.7485,0.7409,0.7386,0.7355
170.0000,0.7642,0.7614,0.7556,0.7471,0.7406,0.7375,0.7355
175.0000,0.7625,0.7607,0.7539,0.7466,0.7391,0.7383,0.7325
180.0000,0.7605,0.7600,0.7525,0.7456,0.7387,0.7371,0.7332
185.0000,0.7607,0.7578,0.7519,0.7442,0.7386,0.7356,0.7338
190.0000,0.7591,0.7570,0.7503,0.7438,0.7372,0.7364,0.7308
195.0000,0.7572,0.7562,0.7490,0.7430,0.7368,0.7352,0.7318
200.0000,0.7540,0.7560,0.7474,0.7425,0.7362,0.7344,0.7320
205.0000,0.7555,0.7535,0.7468,0.7418,0.7350,0.7354,0.7281
210.0000,0.7537,0.7526,0.7458,0.7409,0.7350,0.7336,0.7305
215.0000,0.7507,0.7523,0.7445,0.7403,0.7344,0.7328,0.7309
220.0000,0.7521,0.7499,0.7440,0.7397,0.7332,0.7339,0.7271
225.0000,0.7503,0.7491,0.7431,0.7389,0.7332,0.7324,0.7295
230.0000,0.7478,0.7487,0.7421,0.7383,0.7328,0.7318,0.7298
235.0000,0.7488,0.7466,0.7420,0.7373,0.7326,0.7311,0.7298
240.0000,0.7471,0.7461,0.7408,0.7371,0.7315,0.7319,0.7276
245.0000,0.7449,0.7457,0.7399,0.7364,0.7314,0.7308,0.7287
250.0000,0.7458,0.7437,0.7400,0.7353,0.7315,0.7300,0.7289
255.0000,0.7444,0.7433,0.7389,0.7351,0.7305,0.7307,0.7268
260.0000,0.7421,0.7433,0.7379,0.7346,0.7304,0.7299,0.7277
265.0000,0.7432,0.7413,0.7380,0.7336,0.7306,0.7289,0.7282
270.0000,0.7419,0.7410,0.7369,0.7335,0.7297,0.7297,0.7263
275.0000,0.7402,0.7408,0.7361,0.7331,0.7295,0.7290,0.7272
280.0000,0.7408,0.7393,0.7360,0.7324,0.7295,0.7283,0.7276
285.0000,0.7396,0.7391,0.7348,0.7325,0.7284,0.7296,0.7250
290.0000,0.7380,0.7389,0.7341,0.7321,0.7284,0.7285,0.7269
295.0000,0.7387,0.7373,0.7342,0.7313,0.7285,0.7280,0.7275
300.0000,0.7377,0.7371,0.7332,0.7315,0.7274,0.7293,0.7249
305.0000,0.7362,0.7370,0.7325,0.7311,0.7274,0.7287,0.7264
310.0000,0.7369,0.7353,0.7328,0.7303,0.7278,0.7279,0.7275
315.0000,0.7360,0.7351,0.7320,0.7303,0.7269,0.7292,0.7251
320.0000,0.7347,0.7348,0.7316,0.7299,0.7271,0.7287,0.7267
325.0000,0.7322,0.7352,0.7308,0.7297,0.7271,0.7284,0.7275
330.0000,0.7342,0.7335,0.7309,0.7295,0.7265,0.7301,0.7241
335.0000,0.7330,0.7334,0.7305,0.7290,0.7271,0.7290,0.7269
340.0000,0.7312,0.7336,0.7299,0.7288,0.7272,0.7287,0.7279
345.0000,0.7327,0.7323,0.7298,0.7287,0.7266,0.7304,0.7245
350.0000,0.7316,0.7323,0.7293,0.7284,0.7273,0.7293,0.7272
355.0000,0.7300,0.7324,0.7288,0.7283,0.7275,0.7291,0.7281
360.0000,0.7316,0.7310,0.7291,0.7278,0.7281,0.7288,0.7285
365.0000,0.7305,0.7312,0.7283,0.7282,0.7275,0.7300,0.7267
370.0000,0.7290,0.7313,0.7279,0.7282,0.7280,0.7293,0.7280
375.0000,0.7305,0.7298,0.7283,0.7278,0.7286,0.7289,0.7284
380.0000,0.7296,0.7300,0.7277,0.7283,0.7281,0.7299,0.7266
385.0000,0.7278,0.7305,0.7272,0.7284,0.7283,0.7294,0.7275
390.0000,0.7295,0.7290,0.7278,0.7281,0.7290,0.7287,0.7282
395.0000,0.7287,0.7291,0.7273,0.7286,0.7284,0.7296,0.7264
400.0000,0.7276,0.7293,0.7270,0.7288,0.7286,0.7291,0.7273
405.0000,0.7287,0.7282,0.7276,0.7286,0.7290,0.7286,0.7276
410.0000,0.7279,0.7286,0.7271,0.7293,0.7281,0.7298,0.7249
415.0000,0.7269,0.7288,0.7271,0.7293,0.7285,0.7287,0.7267
420.0000,0.7281,0.7278,0.7277,0.7290,0.7288,0.7281,0.7271
425.0000,0.7276,0.7281,0.7275,0.7296,0.7279,0.7293,0.7244
430.0000,0.7265,0.7286,0.7274,0.7297,0.7280,0.7285,0.7256
435.0000,0.7278,0.7276,0.7282,0.7292,0.7284,0.7275,0.7265
440.0000,0.7274,0.7280,0.7280,0.7297,0.7275,0.7286,0.7239
445.0000,0.7268,0.7284,0.7281,0.7296,0.7276,0.7278,0.7253
450.0000,0.7247,0.7295,0.7277,0.7297,0.7274,0.7273,0.7260
455.0000,0.7274,0.7284,0.7283,0.7297,0.7266,0.7286,0.7225
460.0000,0.7270,0.7287,0.7284,0.7294,0.7269,0.7273,0.7251
465.0000,0.7258,0.7294,0.7282,0.7293,0.7268,0.7269,0.7257
470.0000,0.7278,0.7286,0.7286,0.7293,0.7259,0.7285,0.7222
475.0000,0.7272,0.7291,0.7285,0.7290,0.7262,0.7272,0.7248
480.0000,0.7262,0.7297,0.7283,0.7288,0.7262,0.7268,0.7256
485.0000,0.7282,0.7287,0.7290,0.7282,0.7265,0.7263,0.7260
490.0000,0.7275,0.7294,0.7284,0.7284,0.7257,0.7275,0.7242
495.0000,0.7266,0.7299,0.7282,0.7281,0.7259,0.7267,0.7256
500.0000,0.7285,0.7287,0.7288,0.7274,0.7263,0.7263,0.7261
505.0000,0.7280,0.7292,0.7283,0.7276,0.7256,0.7274,0.7244
510.0000,0.7265,0.7300,0.7277,0.7275,0.7257,0.7269,0.7255
515.0000,0.7285,0.7288,0.7282,0.7269,0.7262,0.7264,0.7263
520.0000,0.7280,0.7291,0.7276,0.7272,0.7256,0.7275,0.7247
525.0000,0.7271,0.7294,0.7272,0.7271,0.7258,0.7271,0.7258
530.0000,0.7284,0.7284,0.7275,0.7266,0.7262,0.7268,0.7265
535.0000,0.7278,0.7288,0.7268,0.7271,0.7253,0.7283,0.7240
540.0000,0.7269,0.7290,0.7266,0.7269,0.7258,0.7274,0.7260
545.0000,0.7281,0.7279,0.7270,0.7264,0.7264,0.7270,0.7269
550.0000,0.7276,0.7281,0.7264,0.7269,0.7256,0.7285,0.7245
555.0000,0.7265,0.7284,0.7261,0.7268,0.7260,0.7280,0.7262
560.0000,0.7277,0.7272,0.7266,0.7264,0.7267,0.7274,0.7273
565.0000,0.7272,0.7274,0.7261,0.7268,0.7260,0.7288,0.7251
570.0000,0.7264,0.7276,0.7259,0.7268,0.7264,0.7284,0.7268
575.0000,0.7241,0.7285,0.7254,0.7270,0.7265,0.7283,0.7277
580.0000,0.7266,0.7271,0.7257,0.7272,0.7260,0.7300,0.7244
585.0000,0.7259,0.7273,0.7257,0.7271,0.7267,0.7291,0.7271
590.0000,0.7247,0.7277,0.7255,0.7272,0.7270,0.7289,0.7280
595.0000,0.7265,0.7264,0.7262,0.7268,0.7276,0.7286,0.7286
600.0000,0.7256,0.7270,0.7257,0.7274,0.7271,0.7300,0.7269
605.0000,0.7244,0.7274,0.7256,0.7274,0.7277,0.7293,0.7284
610.0000,0.7262,0.7263,0.7263,0.7271,0.7283,0.7290,0.7290
615.0000,0.7254,0.7269,0.7259,0.7277,0.7278,0.7302,0.7273
620.0000,0.7242,0.7273,0.7258,0.7278,0.7283,0.7296,0.7287
625.0000,0.7261,0.7262,0.7265,0.7276,0.7289,0.7293,0.7292
630.0000,0.7256,0.7267,0.7262,0.7281,0.7284,0.7305,0.7274
635.0000,0.7240,0.7276,0.7259,0.7284,0.7286,0.7301,0.7285
640.0000,0.7260,0.7265,0.7267,0.7282,0.7293,0.7295,0.7293
645.0000,0.7256,0.7270,0.7264,0.7288,0.7288,0.7305,0.7276
650.0000,0.7249,0.7274,0.7264,0.7290,0.7290,0.7301,0.7287
655.0000,0.7263,0.7266,0.7271,0.7288,0.7295,0.7297,0.7294
660.0000,0.7258,0.7272,0.7268,0.7295,0.7287,0.7311,0.7269
665.0000,0.7252,0.7276,0.7269,0.7295,0.7291,0.7302,0.7289
670.0000,0.7266,0.7268,0.7277,0.7293,0.7296,0.7298,0.7296
675.0000,0.7263,0.7273,0.7275,0.7299,0.7288,0.7312,0.7273
680.0000,0.7253,0.7281,0.7275,0.7300,0.7290,0.7308,0.7288
685.0000,0.7269,0.7273,0.7283,0.7297,0.7295,0.7301,0.7299
690.0000,0.7267,0.7278,0.7281,0.7301,0.7288,0.7316,0.7275
695.0000,0.7262,0.7283,0.7283,0.7301,0.7291,0.7311,0.7292
700.0000,0.7243,0.7295,0.7280,0.7303,0.7292,0.7308,0.7302
705.0000,0.7271,0.7284,0.7286,0.7303,0.7287,0.7325,0.7269
710.0000,0.7268,0.7288,0.7287,0.7301,0.7294,0.7315,0.7298
715.0000,0.7259,0.7294,0.7287,0.7302,0.7296,0.7313,0.7308
720.0000,0.7279,0.7285,0.7294,0.7298,0.7302,0.7311,0.7315
725.0000,0.7272,0.7294,0.7289,0.7303,0.7296,0.7324,0.7300
730.0000,0.7263,0.7301,0.7288,0.7303,0.7300,0.7320,0.7317
735.0000,0.7284,0.7291,0.7295,0.7299,0.7306,0.7319,0.7324
740.0000,0.7280,0.7296,0.7291,0.7304,0.7301,0.7333,0.7310
745.0000,0.7267,0.7305,0.7288,0.7305,0.7305,0.7330,0.7325
750.0000,0.7288,0.7294,0.7295,0.7302,0.7312,0.7328,0.7333
755.0000,0.7285,0.7298,0.7292,0.7307,0.7308,0.7343,0.7317
760.0000,0.7271,0.7306,0.7289,0.7309,0.7313,0.7341,0.7331
765.0000,0.7291,0.7294,0.7297,0.7305,0.7321,0.7338,0.7340
770.0000,0.7287,0.7299,0.7294,0.7311,0.7318,0.7351,0.7325
775.0000,0.7279,0.7303,0.7293,0.7312,0.7324,0.7349,0.7338
780.0000,0.7293,0.7295,0.7299,0.7311,0.7331,0.7346,0.7346
785.0000,0.7288,0.7301,0.7295,0.7318,0.7326,0.7363,0.7322
790.0000,0.7281,0.7305,0.7295,0.7319,0.7334,0.7356,0.7343
795.0000,0.7295,0.7297,0.7301,0.7319,0.7341,0.7353,0.7350
800.0000,0.7291,0.7302,0.7298,0.7327,0.7336,0.7368,0.7326
805.0000,0.7282,0.7309,0.7297,0.7330,0.7341,0.7363,0.7342
810.0000,0.7297,0.7300,0.7305,0.7329,0.7349,0.7357,0.7354
815.0000,0.7295,0.7304,0.7304,0.7336,0.7344,0.7371,0.7329
820.0000,0.7289,0.7308,0.7305,0.7339,0.7348,0.7365,0.7346
825.0000,0.7269,0.7320,0.7303,0.7344,0.7350,0.7363,0.7354
830.0000,0.7297,0.7309,0.7310,0.7348,0.7345,0.7379,0.7320
835.0000,0.7293,0.7313,0.7314,0.7349,0.7352,0.7368,0.7348
840.0000,0.7284,0.7319,0.7315,0.7352,0.7354,0.7365,0.7357
845.0000,0.7304,0.7311,0.7325,0.7350,0.7359,0.7361,0.7362
850.0000,0.7298,0.7320,0.7323,0.7357,0.7352,0.7374,0.7345
855.0000,0.7288,0.7328,0.7325,0.7359,0.7356,0.7368,0.7360
860.0000,0.7310,0.7319,0.7335,0.7356,0.7360,0.7365,0.7366
865.0000,0.7308,0.7326,0.7334,0.7362,0.7354,0.7377,0.7349
870.0000,0.7297,0.7337,0.7334,0.7364,0.7356,0.7374,0.7361
875.0000,0.7319,0.7328,0.7345,0.7360,0.7362,0.7369,0.7369
880.0000,0.7317,0.7335,0.7344,0.7364,0.7357,0.7381,0.7352
885.0000,0.7304,0.7346,0.7342,0.7366,0.7359,0.7378,0.7363
890.0000,0.7327,0.7337,0.7352,0.7361,0.7366,0.7373,0.7371
895.0000,0.7326,0.7344,0.7349,0.7366,0.7361,0.7385,0.7353
900.0000,0.7321,0.7351,0.7350,0.7366,0.7365,0.7381,0.7365
905.0000,0.7337,0.7345,0.7356,0.7363,0.7370,0.7377,0.7370
910.0000,0.7334,0.7353,0.7352,0.7369,0.7363,0.7391,0.7344
915.0000,0.7329,0.7358,0.7352,0.7369,0.7369,0.7382,0.7362
920.0000,0.7345,0.7351,0.7359,0.7366,0.7375,0.7377,0.7367
925.0000,0.7343,0.7356,0.7355,0.7372,0.7368,0.7390,0.7340
930.0000,0.7334,0.7364,0.7353,0.7374,0.7371,0.7382,0.7353
935.0000,0.7350,0.7356,0.7360,0.7370,0.7378,0.7373,0.7360
940.0000,0.7349,0.7360,0.7357,0.7376,0.7370,0.7384,0.7332
945.0000,0.7344,0.7364,0.7357,0.7377,0.7373,0.7375,0.7344
950.0000,0.7324,0.7375,0.7353,0.7381,0.7372,0.7369,0.7347
955.0000,0.7352,0.7363,0.7359,0.7383,0.7365,0.7382,0.7308
960.0000,0.7348,0.7366,0.7360,0.7382,0.7370,0.7365,0.7331
965.0000,0.7337,0.7372,0.7360,0.7383,0.7369,0.7358,0.7333
970.0000,0.7357,0.7362,0.7368,0.7380,0.7371,0.7349,0.7332
975.0000,0.7350,0.7370,0.7364,0.7385,0.7360,0.7356,0.7308
980.0000,0.7340,0.7375,0.7364,0.7384,0.7361,0.7342,0.7317
985.0000,0.7360,0.7365,0.7373,0.7380,0.7361,0.7333,0.7316
990.0000,0.7357,0.7370,0.7370,0.7383,0.7350,0.7338,0.7293
995.0000,0.7343,0.7380,0.7368,0.7383,0.7346,0.7328,0.7297
1000.0000,0.7363,0.7369,0.7376,0.7376,0.7346,0.7315,0.7298
1005.0000,0.7360,0.7374,0.7373,0.7378,0.7334,0.7320,0.7275
1010.0000,0.7353,0.7380,0.7372,0.7375,0.7330,0.7310,0.7278
1015.0000,0.7368,0.7372,0.7379,0.7368,0.7329,0.7297,0.7279
1020.0000,0.7364,0.7378,0.7374,0.7369,0.7316,0.7302,0.7255
1025.0000,0.7357,0.7383,0.7372,0.7364,0.7312,0.7291,0.7261
1030.0000,0.7371,0.7374,0.7377,0.7356,0.7310,0.7280,0.7261
1035.0000,0.7366,0.7380,0.7370,0.7356,0.7295,0.7288,0.7230
1040.0000,0.7360,0.7383,0.7368,0.7349,0.7293,0.7272,0.7245
1045.0000,0.7373,0.7374,0.7371,0.7340,0.7291,0.7262,0.7245
1050.0000,0.7370,0.7377,0.7364,0.7339,0.7276,0.7271,0.7216
1055.0000,0.7359,0.7382,0.7358,0.7333,0.7272,0.7260,0.7224
1060.0000,0.7372,0.7371,0.7360,0.7322,0.7272,0.7246,0.7232
1065.0000,0.7368,0.7373,0.7352,0.7320,0.7259,0.7255,0.7204
1070.0000,0.7360,0.7373,0.7346,0.7313,0.7255,0.7245,0.7215
1075.0000,0.7337,0.7381,0.7336,0.7309,0.7249,0.7238,0.7218
1080.0000,0.7362,0.7365,0.7335,0.7303,0.7238,0.7250,0.7180
1085.0000,0.7354,0.7363,0.7330,0.7294,0.7239,0.7233,0.7206
1090.0000,0.7339,0.7364,0.7322,0.7288,0.7236,0.7227,0.7211
1095.0000,0.7355,0.7348,0.7323,0.7277,0.7235,0.7220,0.7213
1100.0000,0.7343,0.7349,0.7311,0.7276,0.7224,0.7229,0.7192
1105.0000,0.7327,0.7349,0.7303,0.7269,0.7223,0.7220,0.7205
1110.0000,0.7341,0.7333,0.7304,0.7259,0.7224,0.7214,0.7208
1115.0000,0.7331,0.7332,0.7293,0.7258,0.7214,0.7223,0.7189
1120.0000,0.7312,0.7333,0.7283,0.7254,0.7213,0.7217,0.7197
1125.0000,0.7326,0.7315,0.7284,0.7244,0.7216,0.7209,0.7202
1130.0000,0.7316,0.7313,0.7274,0.7243,0.7208,0.7219,0.7183
1135.0000,0.7302,0.7311,0.7267,0.7239,0.7208,0.7212,0.7192
1140.0000,0.7310,0.7296,0.7267,0.7231,0.7212,0.7205,0.7198
1145.0000,0.7299,0.7294,0.7256,0.7231,0.7204,0.7214,0.7179
1150.0000,0.7283,0.7293,0.7249,0.7228,0.7204,0.7208,0.7187
1155.0000,0.7291,0.7278,0.7249,0.7222,0.7207,0.7201,0.7191
1160.0000,0.7280,0.7277,0.7239,0.7224,0.7198,0.7214,0.7164
1165.0000,0.7266,0.7275,0.7233,0.7221,0.7201,0.7202,0.7181
1170.0000,0.7273,0.7260,0.7235,0.7216,0.7204,0.7196,0.7184
1175.0000,0.7264,0.7259,0.7227,0.7219,0.7194,0.7207,0.7157
1180.0000,0.7249,0.7259,0.7221,0.7217,0.7195,0.7199,0.7168
1185.0000,0.7257,0.7244,0.7224,0.7211,0.7199,0.7188,0.7176
1190.0000,0.7248,0.7244,0.7217,0.7214,0.7190,0.7198,0.7149
1195.0000,0.7237,0.7243,0.7214,0.7213,0.7190,0.7190,0.7160
1200.0000,0.7213,0.7248,0.7207,0.7213,0.7188,0.7184,0.7162
1205.0000,0.7235,0.7232,0.7210,0.7213,0.7180,0.7196,0.7124
1210.0000,0.7225,0.7231,0.7208,0.7209,0.7184,0.7180,0.7146
1215.0000,0.7209,0.7233,0.7205,0.7208,0.7182,0.7173,0.7149
1220.0000,0.7225,0.7220,0.7210,0.7202,0.7184,0.7164,0.7149
1225.0000,0.7215,0.7223,0.7204,0.7205,0.7174,0.7171,0.7125
1230.0000,0.7200,0.7226,0.7201,0.7202,0.7174,0.7158,0.7136
1235.0000,0.7216,0.7213,0.7207,0.7197,0.7174,0.7149,0.7136
1240.0000,0.7209,0.7216,0.7201,0.7199,0.7164,0.7155,0.7114
1245.0000,0.7193,0.7222,0.7196,0.7197,0.7160,0.7146,0.7119
1250.0000,0.7211,0.7209,0.7202,0.7190,0.7161,0.7135,0.7123
1255.0000,0.7204,0.7211,0.7197,0.7191,0.7150,0.7140,0.7102
1260.0000,0.7194,0.7214,0.7193,0.7189,0.7146,0.7132,0.7107
1265.0000,0.7206,0.7204,0.7197,0.7182,0.7145,0.7123,0.7109
1270.0000,0.7199,0.7208,0.7190,0.7183,0.7131,0.7133,0.7080
1275.0000,0.7190,0.7209,0.7188,0.7178,0.7131,0.7119,0.7098
1280.0000,0.7202,0.7199,0.7192,0.7170,0.7129,0.7112,0.7101
1285.0000,0.7195,0.7202,0.7185,0.7170,0.7116,0.7122,0.7074
1290.0000,0.7186,0.7203,0.7182,0.7164,0.7116,0.7110,0.7090
1295.0000,0.7197,0.7193,0.7185,0.7155,0.7116,0.7103,0.7094
1300.0000,0.7192,0.7194,0.7178,0.7154,0.7104,0.7115,0.7068
1305.0000,0.7180,0.7198,0.7172,0.7149,0.7103,0.7107,0.7081
1310.0000,0.7191,0.7186,0.7174,0.7139,0.7106,0.7097,0.7090
1315.0000,0.7185,0.7188,0.7166,0.7139,0.7095,0.7109,0.7065
1320.0000,0.7177,0.7188,0.7160,0.7133,0.7095,0.7102,0.7079
1325.0000,0.7154,0.7195,0.7151,0.7130,0.7093,0.7098,0.7086
1330.0000,0.7178,0.7179,0.7150,0.7126,0.7085,0.7112,0.7052
1335.0000,0.7169,0.7177,0.7145,0.7120,0.7090,0.7100,0.7079
1340.0000,0.7154,0.7178,0.7138,0.7117,0.7089,0.7096,0.7086
1345.0000,0.7169,0.7163,0.7139,0.7110,0.7092,0.7093,0.7090
1350.0000,0.7158,0.7165,0.7129,0.7111,0.7084,0.7104,0.7072
1355.0000,0.7142,0.7165,0.7123,0.7108,0.7087,0.7098,0.7083
1360.0000,0.7157,0.7149,0.7125,0.7101,0.7091,0.7093,0.7087
1365.0000,0.7148,0.7149,0.7117,0.7103,0.7085,0.7104,0.7068
1370.0000,0.7130,0.7151,0.7110,0.7101,0.7087,0.7098,0.7077
1375.0000,0.7144,0.7134,0.7113,0.7095,0.7093,0.7090,0.7084
1380.0000,0.7135,0.7134,0.7106,0.7098,0.7088,0.7099,0.7065
1385.0000,0.7122,0.7134,0.7101,0.7097,0.7090,0.7093,0.7074
1390.0000,0.7131,0.7121,0.7103,0.7094,0.7093,0.7087,0.7077
1395.0000,0.7122,0.7122,0.7095,0.7099,0.7085,0.7099,0.7050
1400.0000,0.7109,0.7123,0.7092,0.7098,0.7088,0.7088,0.7066
1405.0000,0.7118,0.7110,0.7095,0.7095,0.7091,0.7082,0.7068
1410.0000,0.7111,0.7111,0.7089,0.7100,0.7081,0.7093,0.7039
1415.0000,0.7098,0.7113,0.7087,0.7099,0.7084,0.7080,0.7055
1420.0000,0.7108,0.7101,0.7092,0.7095,0.7086,0.7072,0.7057
1425.0000,0.7102,0.7102,0.7088,0.7100,0.7077,0.7082,0.7029
1430.0000,0.7090,0.7105,0.7086,0.7099,0.7077,0.7072,0.7039
1435.0000,0.7100,0.7094,0.7093,0.7094,0.7080,0.7060,0.7046
1440.0000,0.7095,0.7097,0.7089,0.7098,0.7069,0.7068,0.7019
1445.0000,0.7087,0.7099,0.7089,0.7096,0.7068,0.7058,0.7030
1450.0000,0.7066,0.7108,0.7084,0.7097,0.7064,0.7052,0.7034
1455.0000,0.7090,0.7096,0.7088,0.7096,0.7054,0.7063,0.6998
1460.0000,0.7083,0.7099,0.7088,0.7092,0.7055,0.7048,0.7023
1465.0000,0.7071,0.7104,0.7085,0.7091,0.7051,0.7042,0.7028
1470.0000,0.7090,0.7093,0.7092,0.7084,0.7051,0.7036,0.7031
1475.0000,0.7083,0.7099,0.7086,0.7085,0.7039,0.7045,0.7012
1480.0000,0.7072,0.7103,0.7085,0.7081,0.7039,0.7036,0.7026
1485.0000,0.7090,0.7091,0.7091,0.7073,0.7039,0.7031,0.7031
1490.0000,0.7086,0.7094,0.7086,0.7072,0.7030,0.7041,0.7016
1495.0000,0.7071,0.7101,0.7081,0.7068,0.7028,0.7037,0.7028
1500.0000,0.7089,0.7089,0.7086,0.7060,0.7030,0.7032,0.7037
1505.0000,0.7083,0.7093,0.7079,0.7059,0.7022,0.7044,0.7023
1510.0000,0.7074,0.7096,0.7074,0.7055,0.7023,0.7042,0.7038
1515.0000,0.7087,0.7086,0.7076,0.7047,0.7026,0.7041,0.7049
1520.0000,0.7081,0.7090,0.7067,0.7048,0.7018,0.7058,0.7029
1525.0000,0.7071,0.7091,0.7063,0.7043,0.7023,0.7054,0.7052
1530.0000,0.7083,0.7079,0.7064,0.7036,0.7029,0.7055,0.7064
1535.0000,0.7078,0.7080,0.7056,0.7038,0.7024,0.7074,0.7046
1540.0000,0.7066,0.7082,0.7049,0.7036,0.7030,0.7073,0.7067
1545.0000,0.7076,0.7069,0.7051,0.7030,0.7039,0.7072,0.7082
1550.0000,0.7069,0.7070,0.7043,0.7033,0.7037,0.7092,0.7064
1555.0000,0.7057,0.7071,0.7037,0.7033,0.7044,0.7092,0.7086
1560.0000,0.7066,0.7058,0.7039,0.7029,0.7056,0.7092,0.7102
1565.0000,0.7059,0.7058,0.7032,0.7035,0.7055,0.7111,0.7084
1570.0000,0.7050,0.7057,0.7028,0.7037,0.7064,0.7111,0.7106
1575.0000,0.7026,0.7064,0.7021,0.7041,0.7071,0.7115,0.7120
1580.0000,0.7048,0.7048,0.7023,0.7046,0.7072,0.7137,0.7092
1585.0000,0.7039,0.7047,0.7022,0.7048,0.7084,0.7132,0.7123
1590.0000,0.7025,0.7049,0.7020,0.7053,0.7093,0.7134,0.7137
1595.0000,0.7040,0.7036,0.7027,0.7055,0.7105,0.7135,0.7148
1600.0000,0.7031,0.7039,0.7023,0.7065,0.7105,0.7152,0.7137
1605.0000,0.7017,0.7043,0.7024,0.7071,0.7115,0.7151,0.7157
1610.0000,0.7033,0.7031,0.7033,0.7074,0.7125,0.7153,0.7168
1615.0000,0.7027,0.7035,0.7032,0.7086,0.7124,0.7169,0.7158
1620.0000,0.7012,0.7043,0.7033,0.7094,0.7131,0.7172,0.7175
1625.0000,0.7030,0.7033,0.7045,0.7097,0.7142,0.7173,0.7188
1630.0000,0.7027,0.7039,0.7046,0.7107,0.7141,0.7191,0.7177
1635.0000,0.7020,0.7045,0.7051,0.7114,0.7149,0.7192,0.7197
1640.0000,0.7034,0.7039,0.7063,0.7117,0.7159,0.7195,0.7211
1645.0000,0.7031,0.7049,0.7065,0.7128,0.7157,0.7216,0.7194
1650.0000,0.7027,0.7056,0.7072,0.7133,0.7167,0.7215,0.7221
1655.0000,0.7043,0.7052,0.7085,0.7135,0.7178,0.7218,0.7239
1660.0000,0.7044,0.7061,0.7088,0.7145,0.7177,0.7240,0.7226
1665.0000,0.7038,0.7073,0.7093,0.7151,0.7187,0.7242,0.7255
1670.0000,0.7056,0.7070,0.7105,0.7153,0.7198,0.7247,0.7275
1675.0000,0.7059,0.7080,0.7108,0.7163,0.7198,0.7271,0.7264
1680.0000,0.7059,0.7090,0.7113,0.7169,0.7209,0.7278,0.7293
1685.0000,0.7043,0.7108,0.7114,0.7177,0.7217,0.7288,0.7314
1690.0000,0.7076,0.7102,0.7125,0.7183,0.7222,0.7314,0.7302
1695.0000,0.7078,0.7111,0.7131,0.7188,0.7236,0.7320,0.7337
1700.0000,0.7064,0.7127,0.7133,0.7195,0.7249,0.7330,0.7364
1705.0000,0.7097,0.7121,0.7144,0.7202,0.7255,0.7361,0.7349
1710.0000,0.7099,0.7128,0.7151,0.7208,0.7273,0.7367,0.7390
1715.0000,0.7095,0.7139,0.7155,0.7215,0.7288,0.7380,0.7418
1720.0000,0.7118,0.7135,0.7168,0.7220,0.7307,0.7394,0.7444
1725.0000,0.7116,0.7149,0.7168,0.7234,0.7314,0.7424,0.7446
1730.0000,0.7111,0.7161,0.7171,0.7244,0.7333,0.7439,0.7477
1735.0000,0.7136,0.7156,0.7185,0.7250,0.7354,0.7453,0.7505
1740.0000,0.7138,0.7166,0.7187,0.7266,0.7365,0.7485,0.7509
1745.0000,0.7130,0.7180,0.7191,0.7278,0.7385,0.7501,0.7546
1750.0000,0.7156,0.7175,0.7205,0.7287,0.7409,0.7518,0.7574
1755.0000,0.7158,0.7185,0.7210,0.7305,0.7422,0.7552,0.7579
1760.0000,0.7157,0.7195,0.7218,0.7319,0.7445,0.7569,0.7618
1765.0000,0.7177,0.7194,0.7234,0.7331,0.7471,0.7588,0.7653
1770.0000,0.7178,0.7207,0.7239,0.7353,0.7483,0.7627,0.7656
1775.0000,0.7179,0.7218,0.7249,0.7369,0.7508,0.7646,0.7698
1780.0000,0.7199,0.7217,0.7267,0.7383,0.7536,0.7667,0.7737
1785.0000,0.7203,0.7231,0.7275,0.7407,0.7551,0.7709,0.7741
1790.0000,0.7198,0.7249,0.7286,0.7426,0.7578,0.7730,0.7792
1795.0000,0.7223,0.7250,0.7306,0.7442,0.7606,0.7756,0.7830
1800.0000,0.7231,0.7264,0.7318,0.7467,0.7624,0.7801,0.7836
1805.0000,0.7237,0.7277,0.7335,0.7486,0.7655,0.7824,0.7893
1810.0000,0.7227,0.7299,0.7348,0.7509,0.7684,0.7853,0.7938
1815.0000,0.7264,0.7301,0.7370,0.7532,0.7708,0.7901,0.7948
1820.0000,0.7272,0.7317,0.7389,0.7553,0.7742,0.7927,0.8014
1825.0000,0.7260,0.7345,0.7402,0.7578,0.7773,0.7960,0.8070
1830.0000,0.7302,0.7349,0.7425,0.7604,0.7798,0.8017,0.8084
1835.0000,0.7313,0.7369,0.7444,0.7629,0.7833,0.8053,0.8149
1840.0000,0.7319,0.7390,0.7464,0.7654,0.7870,0.8092,0.8214
1845.0000,0.7354,0.7396,0.7493,0.7677,0.7911,0.8133,0.8278
1850.0000,0.7361,0.7424,0.7509,0.7710,0.7940,0.8196,0.8319
1855.0000,0.7370,0.7448,0.7530,0.7739,0.7980,0.8247,0.8385
1860.0000,0.7408,0.7455,0.7562,0.7763,0.8029,0.8294,0.8461
1865.0000,0.7423,0.7480,0.7583,0.7798,0.8066,0.8366,0.8511
1870.0000,0.7424,0.7510,0.7604,0.7829,0.8117,0.8418,0.8612
1875.0000,0.7466,0.7521,0.7636,0.7860,0.8167,0.8486,0.8696
1880.0000,0.7484,0.7548,0.7659,0.7899,0.8211,0.8571,0.8762
1885.0000,0.7500,0.7573,0.7687,0.7933,0.8273,0.8633,0.8899
1890.0000,0.7535,0.7590,0.7720,0.7969,0.8334,0.8714,0.9027
1895.0000,0.7549,0.7625,0.7741,0.8018,0.8382,0.8826,0.9132
1900.0000,0.7564,0.7658,0.7765,0.8067,0.8436,0.8949,0.9227
1905.0000,0.7606,0.7673,0.7804,0.8106,0.8511,0.9058,0.9357
1910.0000,0.7629,0.7704,0.7834,0.8158,0.8578,0.9201,0.9441
1915.0000,0.7642,0.7738,0.7870,0.8200,0.8675,0.9306,0.9617
1920.0000,0.7686,0.7756,0.7917,0.8244,0.8778,0.9431,0.9760
1925.0000,0.7715,0.7786,0.7955,0.8300,0.8875,0.9583,0.9860
1930.0000,0.7744,0.7815,0.8002,0.8348,0.9004,0.9694,1.0072
1935.0000,0.7752,0.7859,0.8041,0.8410,0.9131,0.9821,1.0279
1940.0000,0.7805,0.7888,0.8083,0.8484,0.9246,0.9990,1.0438
1945.0000,0.7832,0.7934,0.8119,0.8567,0.9368,1.0164,1.0608
1950.0000,0.7831,0.7994,0.8152,0.8658,0.9501,1.0331,1.0816
1955.0000,0.7903,0.8024,0.8200,0.8757,0.9628,1.0539,1.0965
1960.0000,0.7935,0.8075,0.8245,0.8862,0.9770,1.0735,1.1142
1965.0000,0.7964,0.8122,0.8303,0.8964,0.9935,1.0913,1.1351
1970.0000,0.8035,0.8149,0.8380,0.9067,1.0111,1.1097,1.1547
1975.0000,0.8066,0.8206,0.8444,0.9190,1.0277,1.1310,1.1695
1980.0000,0.8114,0.8254,0.8524,0.9312,1.0458,1.1516,1.1820
1985.0000,0.8181,0.8292,0.8622,0.9432,1.0663,1.1694,1.1945
1990.0000,0.8236,0.8347,0.8716,0.9567,1.0861,1.1884,1.1997
1995.0000,0.8273,0.8419,0.8816,0.9704,1.1084,1.2018,1.2083
2000.0000,0.8344,0.8484,0.8925,0.9849,1.1310,1.2131,1.2116
2005.0000,0.8406,0.8569,0.9027,1.0017,1.1517,1.2242,1.2059
2010.0000,0.8460,0.8668,0.9131,1.0192,1.1728,1.2295,1.1992
2050.0000,0.9260,0.9573,1.0279,1.1855,1.2489,1.0839,0.9716
2055.0000,0.9378,0.9721,1.0463,1.2058,1.2353,1.0439,0.9240
2060.0000,0.9427,0.9917,1.0634,1.2253,1.2138,1.0015,0.8715
2065.0000,0.9638,1.0047,1.0854,1.2399,1.1874,0.9549,0.8155
2070.0000,0.9797,1.0200,1.1087,1.2492,1.1589,0.8968,0.7830
2075.0000,0.9960,1.0365,1.1309,1.2565,1.1189,0.8475,0.7317
2080.0000,1.0141,1.0527,1.1541,1.2579,1.0749,0.7957,0.6850
2085.0000,1.0287,1.0724,1.1754,1.2539,1.0264,0.7424,0.6490
2090.0000,1.0465,1.0917,1.1950,1.2454,0.9703,0.6984,0.6009
2095.0000,1.0664,1.1097,1.2141,1.2292,0.9127,0.6553,0.5560
2100.0000,1.0815,1.1311,1.2292,1.2066,0.8545,0.6132,0.5139
2105.0000,1.1029,1.1473,1.2446,1.1741,0.8008,0.5662,0.4891
2110.0000,1.1226,1.1636,1.2547,1.1370,0.7447,0.5283,0.4584
2115.0000,1.1420,1.1783,1.2600,1.0940,0.6905,0.4937,0.4310
2120.0000,1.1549,1.1949,1.2575,1.0473,0.6380,0.4635,0.4050
2125.0000,1.1720,1.2059,1.2508,0.9949,0.5912,0.4332,0.3879
2130.0000,1.1862,1.2148,1.2365,0.9408,0.5461,0.4094,0.3704
2135.0000,1.1972,1.2207,1.2149,0.8852,0.5048,0.3890,0.3556
2140.0000,1.2060,1.2220,1.1866,0.8288,0.4679,0.3721,0.3425
2145.0000,1.2093,1.2200,1.1510,0.7734,0.4346,0.3590,0.3293
2150.0000,1.2064,1.2141,1.1091,0.7191,0.4067,0.3458,0.3238
2155.0000,1.2069,1.1980,1.0645,0.6658,0.3834,0.3355,0.3175
2160.0000,1.1973,1.1798,1.0135,0.6167,0.3626,0.3291,0.3090
2165.0000,1.1860,1.1526,0.9617,0.5694,0.3476,0.3215,0.3058
2170.0000,1.1697,1.1192,0.9086,0.5253,0.3363,0.3145,0.3039
2175.0000,1.1435,1.0848,0.8517,0.4871,0.3259,0.3109,0.2990
2180.0000,1.1120,1.0461,0.7948,0.4532,0.3183,0.3071,0.2960
2185.0000,1.0871,0.9968,0.7427,0.4212,0.3149,0.3013,0.2968
2190.0000,1.0493,0.9482,0.6904,0.3948,0.3114,0.2978,0.2957
2195.0000,1.0025,0.9022,0.6376,0.3740,0.3081,0.2946,0.2980
2200.0000,0.9491,0.8581,0.5856,0.3587,0.3034,0.2943,0.2979
2205.0000,0.9107,0.8049,0.5415,0.3448,0.3003,0.2946,0.2974
2210.0000,0.8671,0.7522,0.5019,0.3335,0.2980,0.2947,0.2981
2215.0000,0.8122,0.7057,0.4640,0.3260,0.2946,0.2967,0.2964
2220.0000,0.7692,0.6551,0.4339,0.3185,0.2935,0.2975,0.2960
2225.0000,0.7282,0.6043,0.4099,0.3115,0.2935,0.2982,0.2945
2230.0000,0.6754,0.5638,0.3864,0.3071,0.2933,0.2982,0.2948
2235.0000,0.6319,0.5237,0.3683,0.3028,0.2943,0.2976,0.2950
2240.0000,0.5873,0.4903,0.3515,0.3006,0.2942,0.2983,0.2930
2245.0000,0.5557,0.4541,0.3414,0.2967,0.2965,0.2963,0.2942
2250.0000,0.5171,0.4265,0.3313,0.2948,0.2978,0.2950,0.2944
2255.0000,0.4820,0.4036,0.3222,0.2941,0.2982,0.2944,0.2939
2260.0000,0.4496,0.3852,0.3139,0.2943,0.2980,0.2939,0.2938
2265.0000,0.4251,0.3678,0.3081,0.2946,0.2978,0.2934,0.2935
2270.0000,0.4040,0.3524,0.3038,0.2950,0.2973,0.2932,0.2928
2275.0000,0.3819,0.3420,0.2991,0.2963,0.2962,0.2932,0.2925
2280.0000,0.3667,0.3313,0.2967,0.2970,0.2953,0.2930,0.2922
2285.0000,0.3516,0.3241,0.2941,0.2983,0.2937,0.2939,0.2904
2290.0000,0.3408,0.3165,0.2935,0.2984,0.2931,0.2934,0.2906
2295.0000,0.3319,0.3098,0.2941,0.2980,0.2930,0.2926,0.2910
2300.0000,0.3239,0.3046,0.2948,0.2977,0.2924,0.2929,0.2895
2305.0000,0.3178,0.3003,0.2960,0.2967,0.2925,0.2920,0.2901
2310.0000,0.3126,0.2973,0.2971,0.2958,0.2926,0.2913,0.2903
2315.0000,0.3073,0.2960,0.2976,0.2953,0.2921,0.2915,0.2889
2320.0000,0.3015,0.2969,0.2970,0.2951,0.2918,0.2909,0.2896
2325.0000,0.2984,0.2974,0.2966,0.2948,0.2914,0.2906,0.2896
2330.0000,0.2983,0.2968,0.2968,0.2942,0.2913,0.2902,0.2895
2335.0000,0.2972,0.2971,0.2963,0.2940,0.2907,0.2905,0.2885
2340.0000,0.2964,0.2972,0.2959,0.2935,0.2906,0.2899,0.2889
2345.0000,0.2970,0.2966,0.2959,0.2929,0.2906,0.2895,0.2889
2350.0000,0.2965,0.2967,0.2954,0.2927,0.2901,0.2898,0.2879
2355.0000,0.2958,0.2969,0.2948,0.2924,0.2900,0.2893,0.2882
2360.0000,0.2964,0.2962,0.2947,0.2919,0.2899,0.2889,0.2881
2365.0000,0.2960,0.2962,0.2941,0.2917,0.2895,0.2891,0.2871
2370.0000,0.2953,0.2961,0.2936,0.2914,0.2894,0.2886,0.2872
2375.0000,0.2959,0.2953,0.2935,0.2910,0.2894,0.2880,0.2873
2380.0000,0.2954,0.2951,0.2929,0.2909,0.2890,0.2881,0.2864
2385.0000,0.2947,0.2950,0.2924,0.2907,0.2888,0.2877,0.2866
2390.0000,0.2950,0.2943,0.2923,0.2903,0.2887,0.2873,0.2865
2395.0000,0.2944,0.2941,0.2917,0.2904,0.2881,0.2876,0.2853
2400.0000,0.2937,0.2939,0.2913,0.2901,0.2880,0.2870,0.2859
2405.0000,0.2939,0.2931,0.2913,0.2898,0.2878,0.2865,0.2859
2410.0000,0.2934,0.2929,0.2908,0.2898,0.2872,0.2869,0.2847
2415.0000,0.2927,0.2927,0.2906,0.2895,0.2870,0.2864,0.2852
2420.0000,0.2929,0.2919,0.2906,0.2891,0.2870,0.2858,0.2858
2425.0000,0.2924,0.2918,0.2902,0.2890,0.2864,0.2862,0.2850
2430.0000,0.2918,0.2916,0.2900,0.2887,0.2863,0.2858,0.2861
2435.0000,0.2907,0.2916,0.2897,0.2884,0.2862,0.2852,0.2881
2440.0000,0.2914,0.2909,0.2897,0.2882,0.2857,0.2859,0.2887
2445.0000,0.2909,0.2908,0.2894,0.2879,0.2855,0.2857,0.2927
2450.0000,0.2901,0.2909,0.2890,0.2878,0.2850,0.2867,0.2966
2455.0000,0.2906,0.2902,0.2891,0.2873,0.2850,0.2875,0.3028
2460.0000,0.2901,0.2903,0.2885,0.2874,0.2842,0.2904,0.3094
2465.0000,0.2891,0.2905,0.2878,0.2875,0.2833,0.2947,0.3168
2470.0000,0.2898,0.2898,0.2878,0.2873,0.2829,0.3002,0.3258
2475.0000,0.2893,0.2898,0.2873,0.2872,0.2827,0.3073,0.3360
2480.0000,0.2884,0.2900,0.2868,0.2871,0.2828,0.3169,0.3451
2485.0000,0.2893,0.2888,0.2875,0.2857,0.2855,0.3252,0.3594
2490.0000,0.2890,0.2884,0.2876,0.2849,0.2884,0.3367,0.3728
2495.0000,0.2887,0.2879,0.2880,0.2836,0.2935,0.3479,0.3914
2500.0000,0.2887,0.2874,0.2879,0.2831,0.2984,0.3636,0.4060
2505.0000,0.2884,0.2872,0.2877,0.2827,0.3055,0.3800,0.4219
2510.0000,0.2883,0.2865,0.2883,0.2814,0.3169,0.3924,0.4516
2515.0000,0.2880,0.2862,0.2883,0.2812,0.3294,0.4068,0.4857
2520.0000,0.2877,0.2864,0.2870,0.2833,0.3407,0.4274,0.5203
2525.0000,0.2864,0.2877,0.2842,0.2880,0.3508,0.4556,0.5497
2530.0000,0.2869,0.2874,0.2832,0.2920,0.3657,0.4810,0.5958
2535.0000,0.2861,0.2882,0.2810,0.2987,0.3797,0.5141,0.6435
2540.0000,0.2845,0.2891,0.2792,0.3064,0.3959,0.5513,0.7006
2545.0000,0.2859,0.2888,0.2775,0.3174,0.4091,0.6049,0.7397
2550.0000,0.2851,0.2888,0.2778,0.3272,0.4297,0.6568,0.7891
2555.0000,0.2848,0.2876,0.2809,0.3363,0.4567,0.7097,0.8458
2560.0000,0.2861,0.2849,0.2873,0.3438,0.4927,0.7595,0.9168
2565.0000,0.2866,0.2836,0.2933,0.3546,0.5294,0.8209,0.9767
2570.0000,0.2878,0.2825,0.3010,0.3664,0.5725,0.8838,1.0384
2575.0000,0.2907,0.2814,0.3108,0.3784,0.6251,0.9409,1.1185
2580.0000,0.2886,0.2848,0.3190,0.3946,0.6817,1.0001,1.2058
2585.0000,0.2904,0.2891,0.3260,0.4170,0.7375,1.0696,1.2912
2590.0000,0.2895,0.2980,0.3302,0.4469,0.7918,1.1513,1.3632
2595.0000,0.2933,0.3054,0.3377,0.4785,0.8546,1.2270,1.4542
2600.0000,0.2966,0.3151,0.3448,0.5167,0.9174,1.3112,1.5433
2605.0000,0.2972,0.3273,0.3534,0.5591,0.9847,1.3955,1.6457
2610.0000,0.3085,0.3357,0.3656,0.6076,1.0493,1.4963,1.7260
2615.0000,0.3149,0.3466,0.3819,0.6582,1.1214,1.5948,1.8104
2620.0000,0.3216,0.3572,0.4048,0.7091,1.2033,1.6852,1.9149
2625.0000,0.3367,0.3654,0.4335,0.7638,1.2864,1.7848,2.0016
2630.0000,0.3518,0.3749,0.4675,0.8212,1.3742,1.8858,2.0798
2635.0000,0.3693,0.3850,0.5096,0.8771,1.4752,1.9689,2.1899
2640.0000,0.3788,0.4051,0.5508,0.9403,1.5751,2.0569,2.2917
2645.0000,0.3932,0.4304,0.5928,1.0109,1.6716,2.1528,2.3815
2650.0000,0.4141,0.4591,0.6371,1.0875,1.7663,2.2542,2.4501
2655.0000,0.4349,0.4928,0.6854,1.1661,1.8680,2.3415,2.5351
2660.0000,0.4601,0.5311,0.7352,1.2516,1.9647,2.4346,2.6010
2665.0000,0.4772,0.5807,0.7851,1.3416,2.0635,2.5172,2.6773
2670.0000,0.5201,0.6216,0.8446,1.4334,2.1604,2.6009,2.7311
2675.0000,0.5618,0.6665,0.9082,1.5285,2.2549,2.6814,2.7675
2680.0000,0.6091,0.7099,0.9819,1.6201,2.3574,2.7373,2.8350
2720.0000,1.0641,1.2451,1.6715,2.4087,2.9418,2.9714,2.9103
2725.0000,1.1417,1.3274,1.7694,2.5012,2.9766,2.9658,2.8762
2730.0000,1.1986,1.4268,1.8616,2.5918,3.0017,2.9481,2.8441
2735.0000,1.2938,1.5106,1.9647,2.6714,3.0215,2.9194,2.8067
2740.0000,1.3853,1.5976,2.0672,2.7459,3.0283,2.8894,2.7535
2745.0000,1.4823,1.6823,2.1726,2.8105,3.0288,2.8480,2.7003
2750.0000,1.5677,1.7750,2.2743,2.8668,3.0227,2.7936,2.6544
2755.0000,1.6507,1.8761,2.3673,2.9198,3.0001,2.7440,2.5931
2760.0000,1.7490,1.9695,2.4613,2.9618,2.9694,2.6917,2.5205
2765.0000,1.8417,2.0654,2.5500,2.9943,2.9317,2.6332,2.4449
2770.0000,1.9237,2.1712,2.6262,3.0214,2.8828,2.5750,2.3561
2775.0000,2.0281,2.2583,2.7085,3.0291,2.8412,2.4907,2.3104
2780.0000,2.1235,2.3471,2.7797,3.0321,2.7844,2.4200,2.2353
2785.0000,2.2183,2.4312,2.8440,3.0254,2.7221,2.3485,2.1563
2790.0000,2.2912,2.5248,2.8921,3.0134,2.6525,2.2766,2.0765
2795.0000,2.3862,2.5988,2.9408,2.9861,2.5879,2.1907,2.0202
2800.0000,2.4739,2.6681,2.9780,2.9540,2.5130,2.1168,1.9499
2805.0000,2.5508,2.7345,3.0036,2.9155,2.4339,2.0465,1.8749
2810.0000,2.6007,2.8055,3.0136,2.8727,2.3514,1.9777,1.8022
2815.0000,2.6832,2.8509,3.0230,2.8192,2.2701,1.9117,1.7229
2820.0000,2.7512,2.8878,3.0257,2.7558,2.1969,1.8310,1.6865
2825.0000,2.7943,2.9267,3.0117,2.6936,2.1143,1.7693,1.6221
2830.0000,2.8462,2.9484,2.9940,2.6238,2.0359,1.7079,1.5609
2835.0000,2.8745,2.9717,2.9617,2.5535,1.9567,1.6518,1.4968
2840.0000,2.9101,2.9746,2.9299,2.4738,1.8889,1.5842,1.4611
2845.0000,2.9346,2.9696,2.8887,2.3949,1.8178,1.5304,1.4101
2850.0000,2.9430,2.9614,2.8378,2.3161,1.7487,1.4800,1.3600
2855.0000,2.9378,2.9480,2.7789,2.2374,1.6826,1.4323,1.3103
2860.0000,2.9401,2.9174,2.7207,2.1542,1.6268,1.3761,1.2800
2865.0000,2.9255,2.8856,2.6523,2.0766,1.5675,1.3320,1.2414
2870.0000,2.8982,2.8498,2.5780,2.0016,1.5105,1.2908,1.2056
2875.0000,2.8756,2.8003,2.5042,1.9270,1.4571,1.2531,1.1691
2880.0000,2.8363,2.7511,2.4242,1.8570,1.4049,1.2194,1.1317
2885.0000,2.7875,2.6966,2.3436,1.7881,1.3591,1.1809,1.1128
2890.0000,2.7479,2.6292,2.2662,1.7212,1.3146,1.1499,1.0854
2895.0000,2.7010,2.5561,2.1904,1.6564,1.2733,1.1216,1.0581
2900.0000,2.6287,2.4922,2.1091,1.5971,1.2341,1.0932,1.0406
2905.0000,2.5719,2.4160,2.0343,1.5386,1.1984,1.0682,1.0216
2910.0000,2.5011,2.3461,1.9560,1.4863,1.1620,1.0489,0.9998
2915.0000,2.4425,2.2637,1.8877,1.4321,1.1336,1.0248,0.9924
2920.0000,2.3704,2.1859,1.8194,1.3821,1.1061,1.0051,0.9849
2925.0000,2.2915,2.1148,1.7495,1.3378,1.0776,0.9917,0.9759
2930.0000,2.2120,2.0456,1.6813,1.2971,1.0501,0.9829,0.9640
2935.0000,2.1500,1.9673,1.6221,1.2559,1.0277,0.9748,0.9531
2940.0000,2.0783,1.8937,1.5648,1.2176,1.0076,0.9695,0.9387
2945.0000,1.9961,1.8305,1.5064,1.1829,0.9909,0.9617,0.9332
2950.0000,1.9184,1.7684,1.4517,1.1504,0.9771,0.9549,0.9249
2955.0000,1.8592,1.7001,1.4047,1.1174,0.9688,0.9455,0.9182
2960.0000,1.8019,1.6321,1.3616,1.0870,0.9615,0.9388,0.9055
2965.0000,1.7264,1.5781,1.3159,1.0609,0.9568,0.9267,0.9044
2970.0000,1.6685,1.5205,1.2752,1.0371,0.9526,0.9166,0.8989
2975.0000,1.6062,1.4711,1.2333,1.0187,0.9463,0.9090,0.8912
2980.0000,1.5591,1.4163,1.1983,1.0009,0.9421,0.8996,0.8864
2985.0000,1.5033,1.3693,1.1630,0.9875,0.9360,0.8915,0.8813
2990.0000,1.4445,1.3308,1.1265,0.9787,0.9273,0.8856,0.8758
2995.0000,1.3869,1.2961,1.0918,0.9727,0.9170,0.8814,0.8690
3000.0000,1.3503,1.2532,1.0662,0.9650,0.9087,0.8764,0.8627
3005.0000,1.3127,1.2123,1.0444,0.9578,0.9001,0.8727,0.8540
3010.0000,1.2676,1.1789,1.0240,0.9514,0.8924,0.8667,0.8514
3015.0000,1.2331,1.1435,1.0093,0.9438,0.8857,0.8614,0.8467
3020.0000,1.1960,1.1145,0.9950,0.9374,0.8776,0.8588,0.8374
3025.0000,1.1701,1.0818,0.9877,0.9275,0.8740,0.8510,0.8368
3030.0000,1.1370,1.0574,0.9790,0.9192,0.8690,0.8455,0.8325
3035.0000,1.1069,1.0375,0.9701,0.9119,0.8630,0.8421,0.8247
3040.0000,1.0807,1.0202,0.9621,0.9042,0.8586,0.8364,0.8216
3045.0000,1.0582,1.0051,0.9546,0.8966,0.8547,0.8301,0.8193
3050.0000,1.0352,0.9956,0.9443,0.8913,0.8483,0.8271,0.8125
3055.0000,1.0174,0.9855,0.9356,0.8853,0.8434,0.8222,0.8096
3060.0000,1.0023,0.9755,0.9276,0.8794,0.8387,0.8176,0.8060
3065.0000,0.9928,0.9640,0.9207,0.8736,0.8334,0.8149,0.7982
3070.0000,0.9791,0.9560,0.9130,0.8680,0.8293,0.8091,0.7985
3075.0000,0.9668,0.9482,0.9055,0.8629,0.8246,0.8051,0.7954
3080.0000,0.9601,0.9382,0.8996,0.8572,0.8205,0.8011,0.7921
3085.0000,0.9512,0.9300,0.8931,0.8523,0.8154,0.7986,0.7867
3090.0000,0.9395,0.9237,0.8864,0.8473,0.8115,0.7941,0.7857
3095.0000,0.9339,0.9148,0.8812,0.8420,0.8077,0.7905,0.7830
3100.0000,0.9250,0.9087,0.8747,0.8377,0.8029,0.7887,0.7782
3105.0000,0.9172,0.9020,0.8690,0.8329,0.7992,0.7853,0.7760
3110.0000,0.9118,0.8940,0.8646,0.8275,0.7964,0.7814,0.7745
3115.0000,0.9037,0.8884,0.8587,0.8234,0.7922,0.7798,0.7700
3120.0000,0.8955,0.8832,0.8531,0.8191,0.7890,0.7767,0.7683
3125.0000,0.8910,0.8761,0.8488,0.8143,0.7863,0.7736,0.7661
3130.0000,0.8852,0.8703,0.8437,0.8104,0.7827,0.7724,0.7606
3135.0000,0.8774,0.8655,0.8386,0.8062,0.7804,0.7684,0.7608
3140.0000,0.8731,0.8592,0.8343,0.8020,0.7781,0.7655,0.7589
3145.0000,0.8665,0.8550,0.8287,0.7990,0.7744,0.7645,0.7539
3150.0000,0.8606,0.8502,0.8241,0.7953,0.7724,0.7609,0.7538
3155.0000,0.8568,0.8441,0.8201,0.7916,0.7701,0.7583,0.7517
3160.0000,0.8510,0.8398,0.8152,0.7890,0.7667,0.7574,0.7465
3165.0000,0.8454,0.8352,0.8109,0.7859,0.7644,0.7545,0.7451
3170.0000,0.8418,0.8294,0.8076,0.7823,0.7629,0.7509,0.7442
3175.0000,0.8361,0.8255,0.8032,0.7800,0.7597,0.7497,0.7393
3180.0000,0.8305,0.8216,0.7992,0.7773,0.7575,0.7467,0.7383
3185.0000,0.8247,0.8178,0.7954,0.7747,0.7553,0.7439,0.7366
3190.0000,0.8228,0.8123,0.7925,0.7721,0.7523,0.7429,0.7307
3195.0000,0.8174,0.8087,0.7892,0.7694,0.7506,0.7389,0.7319
3200.0000,0.8115,0.8056,0.7857,0.7672,0.7480,0.7364,0.7303
3205.0000,0.8098,0.8007,0.7833,0.7644,0.7458,0.7339,0.7283
3210.0000,0.8055,0.7974,0.7801,0.7624,0.7426,0.7328,0.7243
3215.0000,0.7999,0.7948,0.7770,0.7601,0.7404,0.7298,0.7241
3220.0000,0.7984,0.7902,0.7750,0.7573,0.7383,0.7274,0.7226
3225.0000,0.7942,0.7877,0.7719,0.7553,0.7351,0.7266,0.7190
3230.0000,0.7901,0.7850,0.7692,0.7529,0.7328,0.7243,0.7179
3235.0000,0.7887,0.7807,0.7677,0.7498,0.7312,0.7216,0.7172
3240.0000,0.7849,0.7784,0.7649,0.7476,0.7284,0.7209,0.7138
3245.0000,0.7808,0.7761,0.7623,0.7451,0.7264,0.7187,0.7132
3250.0000,0.7794,0.7726,0.7605,0.7422,0.7248,0.7167,0.7121
3255.0000,0.7765,0.7702,0.7578,0.7401,0.7222,0.7164,0.7080
3260.0000,0.7725,0.7683,0.7552,0.7375,0.7208,0.7138,0.7086
3265.0000,0.7712,0.7650,0.7533,0.7348,0.7194,0.7118,0.7076
3270.0000,0.7680,0.7632,0.7501,0.7331,0.7168,0.7117,0.7036
3275.0000,0.7647,0.7613,0.7473,0.7309,0.7154,0.7097,0.7033
3280.0000,0.7637,0.7578,0.7455,0.7282,0.7145,0.7073,0.7030
3285.0000,0.7608,0.7558,0.7426,0.7266,0.7122,0.7071,0.6991
3290.0000,0.7577,0.7536,0.7400,0.7246,0.7110,0.7050,0.6989
3295.0000,0.7564,0.7502,0.7382,0.7222,0.7102,0.7027,0.6985
3300.0000,0.7534,0.7482,0.7354,0.7209,0.7080,0.7024,0.6947
3305.0000,0.7501,0.7462,0.7328,0.7192,0.7066,0.7005,0.6942
3310.0000,0.7461,0.7446,0.7302,0.7177,0.7052,0.6986,0.6932
3315.0000,0.7462,0.7409,0.7285,0.7161,0.7032,0.6985,0.6882
3320.0000,0.7430,0.7389,0.7264,0.7143,0.7024,0.6954,0.6898
3325.0000,0.7392,0.7372,0.7241,0.7129,0.7009,0.6936,0.6891
3330.0000,0.7389,0.7338,0.7228,0.7111,0.6997,0.6917,0.6880
3335.0000,0.7362,0.7319,0.7206,0.7100,0.6975,0.6912,0.6849
3340.0000,0.7325,0.7304,0.7186,0.7086,0.6962,0.6890,0.6851
3345.0000,0.7322,0.7272,0.7176,0.7068,0.6948,0.6873,0.6842
3350.0000,0.7294,0.7257,0.7155,0.7057,0.6925,0.6871,0.6814
3355.0000,0.7264,0.7243,0.7138,0.7043,0.6910,0.6855,0.6809
3360.0000,0.7261,0.7212,0.7130,0.7022,0.6900,0.6836,0.6807
3365.0000,0.7236,0.7199,0.7112,0.7010,0.6879,0.6834,0.6779
3370.0000,0.7207,0.7187,0.7095,0.6995,0.6866,0.6820,0.6778
3375.0000,0.7203,0.7162,0.7087,0.6975,0.6856,0.6805,0.6772
3380.0000,0.7182,0.7149,0.7068,0.6962,0.6836,0.6807,0.6736
3385.0000,0.7157,0.7137,0.7053,0.6944,0.6829,0.6786,0.6748
3390.0000,0.7153,0.7113,0.7044,0.6925,0.6821,0.6772,0.6744
3395.0000,0.7133,0.7102,0.7024,0.6913,0.6803,0.6775,0.6712
3400.0000,0.7109,0.7092,0.7006,0.6898,0.6794,0.6760,0.6715
3405.0000,0.7106,0.7068,0.6996,0.6880,0.6790,0.6742,0.6717
3410.0000,0.7086,0.7058,0.6975,0.6870,0.6772,0.6745,0.6686
3415.0000,0.7064,0.7048,0.6956,0.6858,0.6764,0.6732,0.6690
3420.0000,0.7030,0.7042,0.6936,0.6846,0.6756,0.6718,0.6691
3425.0000,0.7042,0.7013,0.6925,0.6834,0.6743,0.6720,0.6660
3430.0000,0.7020,0.7000,0.6909,0.6822,0.6735,0.6707,0.6663
3435.0000,0.6989,0.6992,0.6891,0.6812,0.6727,0.6696,0.6658
3440.0000,0.6997,0.6964,0.6881,0.6802,0.6713,0.6702,0.6615
3445.0000,0.6974,0.6951,0.6867,0.6789,0.6711,0.6679,0.6633
3450.0000,0.6946,0.6941,0.6852,0.6779,0.6704,0.6667,0.6630
3455.0000,0.6950,0.6916,0.6845,0.6766,0.6699,0.6653,0.6623
3460.0000,0.6929,0.6906,0.6829,0.6760,0.6685,0.6653,0.6595
3465.0000,0.6902,0.6897,0.6815,0.6751,0.6680,0.6635,0.6599
3470.0000,0.6905,0.6873,0.6810,0.6738,0.6674,0.6621,0.6591
3475.0000,0.6886,0.6865,0.6794,0.6734,0.6659,0.6620,0.6564
3480.0000,0.6861,0.6858,0.6781,0.6727,0.6650,0.6605,0.6561
3485.0000,0.6865,0.6834,0.6778,0.6714,0.6645,0.6587,0.6559
3490.0000,0.6847,0.6827,0.6764,0.6710,0.6629,0.6585,0.6533
3495.0000,0.6825,0.6820,0.6752,0.6702,0.6619,0.6571,0.6531
3500.0000,0.6827,0.6801,0.6748,0.6690,0.6611,0.6557,0.6524
3505.0000,0.6812,0.6793,0.6736,0.6685,0.6592,0.6558,0.6489
3510.0000,0.6792,0.6786,0.6727,0.6675,0.6585,0.6538,0.6498
3515.0000,0.6794,0.6768,0.6725,0.6662,0.6577,0.6523,0.6493
3520.0000,0.6780,0.6762,0.6713,0.6656,0.6558,0.6525,0.6460
3525.0000,0.6762,0.6756,0.6703,0.6645,0.6549,0.6509,0.6461
3530.0000,0.6764,0.6739,0.6701,0.6630,0.6544,0.6491,0.6461
3535.0000,0.6751,0.6734,0.6689,0.6622,0.6526,0.6492,0.6429
3540.0000,0.6735,0.6729,0.6678,0.6611,0.6517,0.6477,0.6431
3545.0000,0.6707,0.6730,0.6665,0.6601,0.6506,0.6464,0.6425
3550.0000,0.6723,0.6710,0.6659,0.6590,0.6490,0.6467,0.6383
3555.0000,0.6709,0.6703,0.6650,0.6577,0.6486,0.6444,0.6400
3560.0000,0.6683,0.6703,0.6635,0.6567,0.6476,0.6431,0.6396
3565.0000,0.6697,0.6682,0.6629,0.6556,0.6460,0.6434,0.6356
3570.0000,0.6682,0.6676,0.6617,0.6543,0.6455,0.6412,0.6373
3575.0000,0.6661,0.6672,0.6604,0.6533,0.6444,0.6400,0.6370
3580.0000,0.6670,0.6652,0.6598,0.6520,0.6437,0.6388,0.6363
3585.0000,0.6655,0.6647,0.6583,0.6513,0.6420,0.6389,0.6338
3590.0000,0.6634,0.6641,0.6570,0.6502,0.6412,0.6373,0.6343
3595.0000,0.6642,0.6620,0.6565,0.6487,0.6406,0.6361,0.6338
3600.0000,0.6627,0.6613,0.6551,0.6480,0.6390,0.6363,0.6313
3605.0000,0.6605,0.6608,0.6537,0.6470,0.6381,0.6350,0.6313
3610.0000,0.6611,0.6586,0.6534,0.6454,0.6378,0.6335,0.6313
3615.0000,0.6596,0.6579,0.6519,0.6447,0.6363,0.6336,0.6291
3620.0000,0.6577,0.6572,0.6507,0.6436,0.6356,0.6324,0.6292
3625.0000,0.6578,0.6553,0.6501,0.6423,0.6351,0.6312,0.6289
3630.0000,0.6564,0.6546,0.6486,0.6417,0.6335,0.6317,0.6260
3635.0000,0.6545,0.6539,0.6474,0.6406,0.6331,0.6301,0.6270
3640.0000,0.6546,0.6520,0.6468,0.6393,0.6326,0.6290,0.6268
3645.0000,0.6531,0.6514,0.6453,0.6388,0.6311,0.6295,0.6239
