150.0000,0.4820,0.4851,0.4749,0.4719,0.4706,0.4648,0.4618
155.0000,0.4832,0.4832,0.4739,0.4719,0.4700,0.4633,0.4615
160.0000,0.4824,0.4821,0.4723,0.4726,0.4683,0.4632,0.4594
165.0000,0.4814,0.4806,0.4716,0.4726,0.4675,0.4614,0.4608
170.0000,0.4812,0.4783,0.4715,0.4724,0.4663,0.4604,0.4612
175.0000,0.4799,0.4768,0.4712,0.4725,0.4644,0.4607,0.4604
180.0000,0.4784,0.4755,0.4712,0.4721,0.4630,0.4604,0.4614
185.0000,0.4776,0.4739,0.4717,0.4714,0.4616,0.4607,0.4618
190.0000,0.4761,0.4733,0.4717,0.4708,0.4598,0.4621,0.4605
195.0000,0.4744,0.4730,0.4717,0.4699,0.4588,0.4629,0.4603
200.0000,0.4722,0.4732,0.4716,0.4687,0.4582,0.4635,0.4597
205.0000,0.4732,0.4721,0.4721,0.4672,0.4577,0.4652,0.4555
210.0000,0.4724,0.4719,0.4723,0.4652,0.4588,0.4638,0.4569
215.0000,0.4713,0.4720,0.4721,0.4634,0.4602,0.4623,0.4574
220.0000,0.4722,0.4713,0.4718,0.4620,0.4607,0.4624,0.4538
225.0000,0.4719,0.4711,0.4713,0.4604,0.4626,0.4593,0.4570
230.0000,0.4707,0.4716,0.4699,0.4597,0.4633,0.4576,0.4579
235.0000,0.4714,0.4712,0.4684,0.4595,0.4634,0.4565,0.4582
240.0000,0.4702,0.4718,0.4660,0.4602,0.4626,0.4562,0.4583
245.0000,0.4682,0.4727,0.4633,0.4613,0.4611,0.4564,0.4584
250.0000,0.4700,0.4711,0.4621,0.4620,0.4598,0.4568,0.4584
255.0000,0.4689,0.4708,0.4602,0.4631,0.4579,0.4580,0.4576
260.0000,0.4673,0.4701,0.4590,0.4637,0.4565,0.4588,0.4576
265.0000,0.4686,0.4673,0.4595,0.4633,0.4560,0.4591,0.4577
270.0000,0.4678,0.4656,0.4598,0.4631,0.4550,0.4605,0.4557
275.0000,0.4669,0.4637,0.4608,0.4620,0.4554,0.4602,0.4560
280.0000,0.4662,0.4620,0.4620,0.4606,0.4562,0.4597,0.4556
285.0000,0.4655,0.4606,0.4629,0.4595,0.4565,0.4603,0.4524
290.0000,0.4641,0.4601,0.4637,0.4580,0.4581,0.4584,0.4530
295.0000,0.4631,0.4600,0.4639,0.4569,0.4593,0.4568,0.4524
300.0000,0.4619,0.4608,0.4632,0.4567,0.4595,0.4562,0.4494
305.0000,0.4602,0.4621,0.4619,0.4566,0.4601,0.4538,0.4498
310.0000,0.4612,0.4621,0.4612,0.4565,0.4605,0.4513,0.4506
315.0000,0.4605,0.4632,0.4593,0.4575,0.4593,0.4503,0.4496
320.0000,0.4601,0.4638,0.4577,0.4585,0.4581,0.4489,0.4508
325.0000,0.4588,0.4643,0.4562,0.4597,0.4561,0.4486,0.4511
330.0000,0.4613,0.4626,0.4559,0.4604,0.4538,0.4491,0.4505
335.0000,0.4609,0.4618,0.4556,0.4610,0.4516,0.4497,0.4508
340.0000,0.4604,0.4606,0.4564,0.4601,0.4515,0.4469,0.4600
345.0000,0.4608,0.4591,0.4571,0.4599,0.4493,0.4486,0.4654
350.0000,0.4603,0.4578,0.4587,0.4580,0.4504,0.4447,0.4943
355.0000,0.4596,0.4569,0.4600,0.4562,0.4507,0.4435,0.5345
360.0000,0.4593,0.4563,0.4610,0.4546,0.4503,0.4464,0.5926
365.0000,0.4584,0.4572,0.4598,0.4555,0.4448,0.4634,0.6637
370.0000,0.4550,0.4609,0.4553,0.4599,0.4322,0.5027,0.7325
375.0000,0.4571,0.4611,0.4535,0.4616,0.4238,0.5501,0.8305
380.0000,0.4555,0.4631,0.4512,0.4626,0.4177,0.6135,0.9520
385.0000,0.4520,0.4650,0.4501,0.4611,0.4179,0.6922,1.1085
390.0000,0.4561,0.4652,0.4463,0.4648,0.4088,0.8252,1.2260
395.0000,0.4553,0.4645,0.4480,0.4590,0.4248,0.9576,1.3838
400.0000,0.4554,0.4620,0.4513,0.4509,0.4538,1.1170,1.5297
405.0000,0.4584,0.4569,0.4574,0.4389,0.5036,1.2948,1.6640
410.0000,0.4613,0.4502,0.4663,0.4227,0.5814,1.4793,1.7849
450.0000,0.4459,0.4600,0.4148,0.6236,2.0774,1.9024,1.6710
455.0000,0.4436,0.4758,0.3740,0.7800,2.2123,1.7826,1.6191
460.0000,0.4277,0.4986,0.3336,0.9712,2.2926,1.6464,1.6025
465.0000,0.3974,0.5277,0.2968,1.1984,2.2932,1.5453,1.5430
470.0000,0.4355,0.5126,0.3101,1.4187,2.2606,1.4170,1.5847
475.0000,0.4048,0.5392,0.3219,1.6653,2.1314,1.3868,1.4774
480.0000,0.3910,0.5449,0.3881,1.8839,1.9715,1.3758,1.3847
485.0000,0.4473,0.5102,0.5269,2.0484,1.8121,1.3618,1.3226
490.0000,0.4622,0.5016,0.7026,2.1644,1.6567,1.3473,1.2811
495.0000,0.5197,0.4800,0.9319,2.2160,1.5222,1.3324,1.2495
500.0000,0.5281,0.5075,1.1716,2.2184,1.4064,1.3209,1.2224
505.0000,0.5954,0.5365,1.4323,2.1664,1.3153,1.3223,1.1639
510.0000,0.6831,0.5986,1.6852,2.0671,1.2692,1.2896,1.1603
515.0000,0.6844,0.7529,1.8774,1.9562,1.2379,1.2543,1.1625
520.0000,0.7786,0.9026,2.0409,1.8297,1.2173,1.2385,1.1254
525.0000,0.8881,1.0820,2.1491,1.7007,1.2171,1.2025,1.1260
530.0000,0.9815,1.2916,2.1908,1.5870,1.2173,1.1716,1.1193
535.0000,1.0809,1.5132,2.1691,1.4966,1.2102,1.1514,1.1011
540.0000,1.2132,1.7016,2.1125,1.4194,1.2066,1.1254,1.1000
545.0000,1.3949,1.8293,2.0401,1.3535,1.2021,1.1049,1.0903
550.0000,1.5303,1.9386,1.9375,1.3084,1.1909,1.0869,1.0871
555.0000,1.6077,2.0324,1.8110,1.2850,1.1672,1.0819,1.0694
560.0000,1.7550,2.0320,1.7149,1.2555,1.1536,1.0700,1.0599
565.0000,1.8385,2.0111,1.6186,1.2359,1.1367,1.0603,1.0536
570.0000,1.9014,1.9508,1.5410,1.2160,1.1220,1.0521,1.0433
575.0000,1.9057,1.8876,1.4670,1.2026,1.1042,1.0473,1.0316
580.0000,1.8932,1.8106,1.4062,1.1895,1.0881,1.0428,1.0190
585.0000,1.8558,1.7326,1.3548,1.1768,1.0744,1.0353,1.0145
590.0000,1.7978,1.6590,1.3105,1.1654,1.0609,1.0293,1.0080
595.0000,1.7429,1.5824,1.2782,1.1513,1.0508,1.0219,1.0028
600.0000,1.6880,1.5071,1.2550,1.1360,1.0419,1.0168,0.9930
605.0000,1.6222,1.4441,1.2349,1.1205,1.0359,1.0072,0.9929
610.0000,1.5553,1.3913,1.2163,1.1065,1.0291,1.0005,0.9896
615.0000,1.5034,1.3393,1.2036,1.0914,1.0236,0.9948,0.9848
620.0000,1.4278,1.3126,1.1818,1.0821,1.0152,0.9907,0.9818
625.0000,1.3844,1.2804,1.1662,1.0712,1.0086,0.9870,0.9774
630.0000,1.3399,1.2570,1.1484,1.0628,1.0007,0.9857,0.9705
635.0000,1.3068,1.2323,1.1344,1.0531,0.9954,0.9820,0.9663
640.0000,1.2788,1.2085,1.1225,1.0429,0.9920,0.9769,0.9635
645.0000,1.2483,1.1914,1.1083,1.0354,0.9866,0.9750,0.9552
650.0000,1.2227,1.1743,1.0962,1.0272,0.9836,0.9698,0.9520
655.0000,1.2044,1.1557,1.0863,1.0186,0.9817,0.9637,0.9483
660.0000,1.1869,1.1387,1.0766,1.0115,0.9785,0.9600,0.9398
665.0000,1.1655,1.1260,1.0660,1.0050,0.9766,0.9521,0.9402
670.0000,1.1506,1.1121,1.0567,0.9992,0.9738,0.9460,0.9375
675.0000,1.1338,1.1018,1.0457,0.9957,0.9687,0.9422,0.9321
680.0000,1.1198,1.0908,1.0362,0.9920,0.9640,0.9373,0.9300
685.0000,1.1087,1.0788,1.0282,0.9884,0.9590,0.9329,0.9278
690.0000,1.0946,1.0704,1.0189,0.9864,0.9521,0.9312,0.9228
695.0000,1.0813,1.0621,1.0108,0.9838,0.9458,0.9288,0.9201
700.0000,1.0706,1.0525,1.0049,0.9804,0.9403,0.9264,0.9170
705.0000,1.0646,1.0408,1.0010,0.9762,0.9345,0.9263,0.9084
710.0000,1.0542,1.0320,0.9973,0.9711,0.9312,0.9219,0.9096
715.0000,1.0436,1.0243,0.9939,0.9659,0.9279,0.9187,0.9076
720.0000,1.0372,1.0156,0.9918,0.9597,0.9257,0.9149,0.9053
725.0000,1.0300,1.0086,0.9888,0.9543,0.9225,0.9132,0.8995
730.0000,1.0205,1.0038,0.9852,0.9487,0.9212,0.9083,0.8997
735.0000,1.0149,0.9983,0.9817,0.9433,0.9193,0.9046,0.8976
740.0000,1.0073,0.9956,0.9761,0.9396,0.9161,0.9027,0.8931
745.0000,0.9995,0.9933,0.9703,0.9358,0.9137,0.8988,0.8926
750.0000,0.9976,0.9880,0.9657,0.9320,0.9113,0.8957,0.8907
755.0000,0.9918,0.9853,0.9593,0.9296,0.9073,0.8944,0.8867
760.0000,0.9856,0.9823,0.9534,0.9271,0.9042,0.8917,0.8860
765.0000,0.9847,0.9759,0.9495,0.9237,0.9017,0.8888,0.8854
770.0000,0.9794,0.9719,0.9441,0.9216,0.8977,0.8882,0.8821
775.0000,0.9741,0.9674,0.9397,0.9190,0.8946,0.8865,0.8813
780.0000,0.9718,0.9609,0.9368,0.9157,0.8922,0.8849,0.8800
785.0000,0.9674,0.9557,0.9335,0.9130,0.8888,0.8853,0.8749
790.0000,0.9615,0.9512,0.9305,0.9097,0.8873,0.8829,0.8749
795.0000,0.9580,0.9457,0.9283,0.9060,0.8860,0.8810,0.8730
800.0000,0.9527,0.9422,0.9249,0.9034,0.8834,0.8812,0.8666
805.0000,0.9477,0.9387,0.9221,0.9000,0.8829,0.8780,0.8658
810.0000,0.9447,0.9340,0.9201,0.8962,0.8831,0.8737,0.8654
815.0000,0.9400,0.9314,0.9164,0.8941,0.8812,0.8724,0.8597
820.0000,0.9353,0.9290,0.9129,0.8917,0.8804,0.8684,0.8593
825.0000,0.9298,0.9270,0.9091,0.8899,0.8790,0.8647,0.8582
830.0000,0.9295,0.9226,0.9062,0.8883,0.8765,0.8631,0.8528
835.0000,0.9251,0.9204,0.9025,0.8870,0.8747,0.8588,0.8549
840.0000,0.9197,0.9187,0.8985,0.8863,0.8716,0.8563,0.8544
845.0000,0.9198,0.9141,0.8962,0.8851,0.8683,0.8548,0.8529
850.0000,0.9159,0.9118,0.8929,0.8845,0.8640,0.8547,0.8500
855.0000,0.9108,0.9096,0.8902,0.8834,0.8604,0.8537,0.8488
860.0000,0.9109,0.9046,0.8895,0.8810,0.8577,0.8526,0.8471
865.0000,0.9075,0.9018,0.8878,0.8792,0.8542,0.8534,0.8422
870.0000,0.9042,0.8986,0.8872,0.8760,0.8529,0.8512,0.8418
875.0000,0.9030,0.8943,0.8876,0.8719,0.8528,0.8478,0.8422
880.0000,0.8998,0.8921,0.8865,0.8689,0.8511,0.8473,0.8383
885.0000,0.8963,0.8904,0.8853,0.8654,0.8508,0.8441,0.8396
890.0000,0.8950,0.8879,0.8842,0.8619,0.8507,0.8410,0.8407
895.0000,0.8917,0.8875,0.8812,0.8600,0.8488,0.8403,0.8395
900.0000,0.8880,0.8875,0.8778,0.8582,0.8472,0.8389,0.8409
905.0000,0.8881,0.8854,0.8750,0.8565,0.8453,0.8386,0.8415
910.0000,0.8854,0.8852,0.8707,0.8559,0.8422,0.8402,0.8401
915.0000,0.8820,0.8847,0.8668,0.8551,0.8399,0.8410,0.8407
920.0000,0.8831,0.8809,0.8648,0.8533,0.8385,0.8419,0.8405
925.0000,0.8810,0.8788,0.8618,0.8523,0.8361,0.8449,0.8362
930.0000,0.8784,0.8761,0.8600,0.8502,0.8361,0.8448,0.8368
935.0000,0.8780,0.8716,0.8596,0.8472,0.8375,0.8434,0.8377
940.0000,0.8756,0.8685,0.8582,0.8453,0.8375,0.8449,0.8324
945.0000,0.8730,0.8655,0.8574,0.8425,0.8397,0.8423,0.8345
950.0000,0.8696,0.8632,0.8561,0.8403,0.8418,0.8395,0.8358
955.0000,0.8682,0.8606,0.8545,0.8392,0.8423,0.8393,0.8319
960.0000,0.8642,0.8598,0.8519,0.8385,0.8435,0.8362,0.8355
965.0000,0.8589,0.8603,0.8482,0.8392,0.8430,0.8349,0.8363
970.0000,0.8599,0.8578,0.8460,0.8397,0.8422,0.8343,0.8364
975.0000,0.8563,0.8580,0.8422,0.8415,0.8398,0.8352,0.8354
980.0000,0.8529,0.8574,0.8394,0.8429,0.8379,0.8355,0.8358
985.0000,0.8550,0.8532,0.8390,0.8432,0.8366,0.8358,0.8360
990.0000,0.8529,0.8513,0.8379,0.8441,0.8342,0.8378,0.8337
995.0000,0.8505,0.8490,0.8379,0.8438,0.8335,0.8378,0.8349
1000.0000,0.8508,0.8451,0.8397,0.8424,0.8338,0.8371,0.8362
1005.0000,0.8489,0.8429,0.8405,0.8416,0.8330,0.8388,0.8338
1010.0000,0.8466,0.8413,0.8418,0.8399,0.8339,0.8379,0.8360
1015.0000,0.8454,0.8398,0.8432,0.8382,0.8349,0.8373,0.8373
1020.0000,0.8437,0.8396,0.8433,0.8372,0.8349,0.8385,0.8357
1025.0000,0.8409,0.8407,0.8428,0.8364,0.8356,0.8382,0.8369
1030.0000,0.8414,0.8404,0.8427,0.8354,0.8365,0.8380,0.8373
1035.0000,0.8399,0.8421,0.8409,0.8358,0.8359,0.8398,0.8342
1040.0000,0.8382,0.8435,0.8393,0.8357,0.8367,0.8389,0.8361
1045.0000,0.8406,0.8424,0.8389,0.8352,0.8377,0.8381,0.8370
1050.0000,0.8403,0.8428,0.8372,0.8360,0.8371,0.8395,0.8339
1055.0000,0.8393,0.8429,0.8361,0.8362,0.8378,0.8382,0.8365
1060.0000,0.8411,0.8410,0.8362,0.8360,0.8386,0.8370,0.8384
1065.0000,0.8407,0.8403,0.8353,0.8368,0.8379,0.8383,0.8368
1070.0000,0.8398,0.8396,0.8350,0.8372,0.8379,0.8378,0.8396
1075.0000,0.8366,0.8400,0.8341,0.8381,0.8374,0.8383,0.8414
1080.0000,0.8388,0.8380,0.8344,0.8387,0.8363,0.8408,0.8393
1085.0000,0.8372,0.8380,0.8343,0.8390,0.8361,0.8412,0.8428
1090.0000,0.8351,0.8382,0.8342,0.8394,0.8359,0.8424,0.8448
1095.0000,0.8370,0.8364,0.8354,0.8390,0.8363,0.8437,0.8465
1100.0000,0.8357,0.8368,0.8354,0.8393,0.8357,0.8468,0.8453
1105.0000,0.8345,0.8368,0.8360,0.8388,0.8369,0.8478,0.8475
1110.0000,0.8362,0.8353,0.8376,0.8377,0.8386,0.8489,0.8483
1115.0000,0.8358,0.8355,0.8379,0.8375,0.8394,0.8516,0.8456
1120.0000,0.8345,0.8362,0.8383,0.8369,0.8419,0.8514,0.8472
1125.0000,0.8360,0.8354,0.8394,0.8358,0.8451,0.8502,0.8491
1130.0000,0.8355,0.8364,0.8388,0.8363,0.8465,0.8513,0.8469
1135.0000,0.8344,0.8376,0.8382,0.8367,0.8490,0.8498,0.8499
1140.0000,0.8361,0.8373,0.8380,0.8374,0.8509,0.8487,0.8520
1145.0000,0.8353,0.8389,0.8363,0.8395,0.8510,0.8496,0.8520
1150.0000,0.8345,0.8400,0.8350,0.8416,0.8512,0.8496,0.8547
1155.0000,0.8369,0.8390,0.8350,0.8434,0.8511,0.8505,0.8567
1160.0000,0.8363,0.8397,0.8340,0.8462,0.8496,0.8533,0.8566
1165.0000,0.8355,0.8399,0.8339,0.8482,0.8488,0.8553,0.8586
1170.0000,0.8375,0.8381,0.8355,0.8493,0.8487,0.8573,0.8602
1175.0000,0.8372,0.8379,0.8365,0.8508,0.8476,0.8616,0.8577
1180.0000,0.8362,0.8378,0.8383,0.8511,0.8485,0.8630,0.8600
1185.0000,0.8375,0.8364,0.8413,0.8504,0.8506,0.8637,0.8617
1190.0000,0.8375,0.8365,0.8434,0.8504,0.8516,0.8670,0.8576
1195.0000,0.8374,0.8367,0.8459,0.8494,0.8548,0.8664,0.8599
1200.0000,0.8362,0.8382,0.8476,0.8487,0.8581,0.8652,0.8617
1205.0000,0.8382,0.8388,0.8490,0.8488,0.8600,0.8666,0.8572
1210.0000,0.8381,0.8407,0.8497,0.8488,0.8635,0.8637,0.8625
1215.0000,0.8369,0.8438,0.8490,0.8500,0.8654,0.8621,0.8654
1220.0000,0.8402,0.8447,0.8490,0.8515,0.8667,0.8613,0.8678
1225.0000,0.8393,0.8483,0.8469,0.8546,0.8658,0.8625,0.8693
1230.0000,0.8386,0.8511,0.8453,0.8577,0.8648,0.8637,0.8722
1235.0000,0.8438,0.8499,0.8459,0.8599,0.8640,0.8654,0.8755
1240.0000,0.8446,0.8507,0.8457,0.8626,0.8621,0.8692,0.8775
1245.0000,0.8442,0.8512,0.8463,0.8646,0.8609,0.8725,0.8818
1250.0000,0.8476,0.8492,0.8490,0.8653,0.8606,0.8765,0.8851
1255.0000,0.8479,0.8490,0.8510,0.8661,0.8600,0.8823,0.8858
1260.0000,0.8479,0.8487,0.8540,0.8655,0.8617,0.8859,0.8905
1265.0000,0.8491,0.8480,0.8575,0.8641,0.8646,0.8893,0.8946
1270.0000,0.8494,0.8487,0.8599,0.8635,0.8669,0.8953,0.8933
1275.0000,0.8494,0.8498,0.8624,0.8619,0.8719,0.8974,0.8984
1280.0000,0.8505,0.8509,0.8645,0.8606,0.8773,0.8993,0.9021
1285.0000,0.8507,0.8536,0.8647,0.8610,0.8813,0.9037,0.9003
1290.0000,0.8507,0.8564,0.8646,0.8612,0.8874,0.9039,0.9059
1295.0000,0.8535,0.8578,0.8645,0.8622,0.8929,0.9045,0.9097
1300.0000,0.8543,0.8607,0.8626,0.8653,0.8963,0.9075,0.9096
1305.0000,0.8533,0.8641,0.8603,0.8690,0.8999,0.9086,0.9139
1310.0000,0.8576,0.8638,0.8598,0.8727,0.9031,0.9103,0.9164
1315.0000,0.8585,0.8651,0.8582,0.8778,0.9044,0.9138,0.9160
1320.0000,0.8590,0.8655,0.8580,0.8825,0.9065,0.9154,0.9196
1325.0000,0.8573,0.8663,0.8583,0.8873,0.9080,0.9175,0.9226
1330.0000,0.8617,0.8639,0.8608,0.8916,0.9087,0.9218,0.9206
1335.0000,0.8616,0.8634,0.8636,0.8952,0.9107,0.9230,0.9255
1340.0000,0.8610,0.8633,0.8672,0.8984,0.9128,0.9244,0.9299
1345.0000,0.8630,0.8623,0.8720,0.9007,0.9152,0.9260,0.9340
1350.0000,0.8628,0.8635,0.8759,0.9037,0.9161,0.9299,0.9354
1355.0000,0.8627,0.8652,0.8803,0.9058,0.9183,0.9321,0.9401
1360.0000,0.8649,0.8665,0.8852,0.9074,0.9208,0.9346,0.9449
1365.0000,0.8658,0.8697,0.8888,0.9098,0.9221,0.9394,0.9471
1370.0000,0.8650,0.8745,0.8917,0.9118,0.9244,0.9424,0.9538
1375.0000,0.8697,0.8769,0.8957,0.9132,0.9271,0.9465,0.9589
1380.0000,0.8719,0.8814,0.8980,0.9155,0.9288,0.9526,0.9617
1385.0000,0.8740,0.8856,0.9005,0.9171,0.9321,0.9567,0.9693
1390.0000,0.8791,0.8880,0.9038,0.9183,0.9361,0.9610,0.9770
1395.0000,0.8814,0.8924,0.9052,0.9209,0.9386,0.9687,0.9804
1400.0000,0.8846,0.8956,0.9074,0.9226,0.9429,0.9744,0.9877
1405.0000,0.8895,0.8973,0.9103,0.9241,0.9481,0.9801,0.9946
1410.0000,0.8926,0.9001,0.9119,0.9267,0.9521,0.9886,0.9970
1415.0000,0.8939,0.9036,0.9134,0.9291,0.9581,0.9942,1.0044
1420.0000,0.8983,0.9049,0.9161,0.9311,0.9651,0.9994,1.0113
1425.0000,0.9005,0.9078,0.9172,0.9347,0.9705,1.0074,1.0126
1430.0000,0.9014,0.9110,0.9186,0.9381,0.9779,1.0118,1.0208
1435.0000,0.9057,0.9120,0.9211,0.9415,0.9856,1.0162,1.0273
1440.0000,0.9079,0.9144,0.9224,0.9466,0.9915,1.0232,1.0287
1445.0000,0.9096,0.9165,0.9246,0.9512,0.9993,1.0258,1.0399
1450.0000,0.9086,0.9201,0.9261,0.9570,1.0061,1.0295,1.0503
1455.0000,0.9141,0.9208,0.9288,0.9634,1.0110,1.0367,1.0561
1460.0000,0.9154,0.9235,0.9311,0.9704,1.0160,1.0429,1.0665
1465.0000,0.9157,0.9267,0.9338,0.9774,1.0207,1.0496,1.0790
1470.0000,0.9207,0.9276,0.9383,0.9842,1.0251,1.0583,1.0909
1475.0000,0.9211,0.9316,0.9415,0.9920,1.0281,1.0699,1.1019
1480.0000,0.9225,0.9349,0.9461,0.9990,1.0318,1.0829,1.1114
1485.0000,0.9284,0.9356,0.9535,1.0039,1.0383,1.0941,1.1246
1490.0000,0.9312,0.9386,0.9600,1.0094,1.0440,1.1090,1.1334
1495.0000,0.9329,0.9425,0.9674,1.0133,1.0534,1.1200,1.1505
1500.0000,0.9382,0.9452,0.9756,1.0169,1.0635,1.1331,1.1640
1505.0000,0.9423,0.9495,0.9829,1.0212,1.0736,1.1486,1.1734
1510.0000,0.9462,0.9546,0.9902,1.0247,1.0871,1.1599,1.1915
1515.0000,0.9508,0.9601,0.9969,1.0289,1.1016,1.1711,1.2105
1520.0000,0.9542,0.9681,1.0009,1.0359,1.1138,1.1871,1.2238
1525.0000,0.9582,0.9759,1.0048,1.0433,1.1275,1.2014,1.2413
1530.0000,0.9659,0.9815,1.0095,1.0511,1.1424,1.2150,1.2616
1535.0000,0.9713,0.9890,1.0123,1.0616,1.1550,1.2331,1.2773
1540.0000,0.9740,0.9974,1.0151,1.0725,1.1697,1.2473,1.3065
1545.0000,0.9835,1.0015,1.0201,1.0840,1.1836,1.2659,1.3318
1550.0000,0.9890,1.0075,1.0243,1.0973,1.1960,1.2886,1.3557
1555.0000,0.9930,1.0134,1.0300,1.1102,1.2110,1.3087,1.3945
1560.0000,1.0015,1.0164,1.0380,1.1234,1.2253,1.3348,1.4305
1565.0000,1.0073,1.0211,1.0462,1.1376,1.2390,1.3665,1.4664
1570.0000,1.0125,1.0255,1.0568,1.1499,1.2577,1.3946,1.5253
1575.0000,1.0134,1.0336,1.0659,1.1647,1.2740,1.4342,1.5783
1580.0000,1.0230,1.0385,1.0777,1.1789,1.2918,1.4812,1.6326
1585.0000,1.0284,1.0471,1.0879,1.1950,1.3089,1.5414,1.6644
1590.0000,1.0342,1.0548,1.1023,1.2067,1.3385,1.5911,1.7236
1595.0000,1.0442,1.0613,1.1184,1.2174,1.3737,1.6435,1.7827
1600.0000,1.0505,1.0721,1.1320,1.2310,1.4106,1.7043,1.8329
1605.0000,1.0616,1.0812,1.1473,1.2446,1.4543,1.7654,1.8784
1610.0000,1.0716,1.0913,1.1629,1.2587,1.5060,1.8220,1.9255
1615.0000,1.0825,1.1029,1.1767,1.2772,1.5599,1.8824,1.9576
1655.0000,1.1828,1.2186,1.2943,1.5809,2.0931,1.9213,1.6054
1660.0000,1.1984,1.2349,1.3162,1.6464,2.1329,1.8344,1.4747
1665.0000,1.2090,1.2561,1.3402,1.7174,2.1558,1.7194,1.3457
1670.0000,1.2290,1.2728,1.3741,1.7869,2.1659,1.5649,1.2554
1675.0000,1.2458,1.2969,1.4066,1.8660,2.1362,1.4162,1.1479
1680.0000,1.2616,1.3264,1.4418,1.9480,2.0702,1.2713,1.0287
1685.0000,1.2603,1.3690,1.4774,2.0291,1.9698,1.1298,0.9242
1690.0000,1.3037,1.3926,1.5339,2.0925,1.8497,0.9833,0.8594
1695.0000,1.3241,1.4332,1.5886,2.1500,1.6894,0.8779,0.7502
1700.0000,1.3347,1.4808,1.6511,2.1865,1.5113,0.7898,0.6494
1705.0000,1.3979,1.5034,1.7399,2.1840,1.3394,0.6981,0.5867
1710.0000,1.4494,1.5324,1.8340,2.1518,1.1657,0.6259,0.5234
1715.0000,1.5064,1.5625,1.9331,2.0856,1.0023,0.5645,0.4774
1720.0000,1.5403,1.6114,2.0210,1.9922,0.8501,0.5184,0.4379
1725.0000,1.5910,1.6610,2.1005,1.8708,0.7164,0.4850,0.3997
1730.0000,1.6627,1.7059,2.1688,1.7228,0.6102,0.4507,0.3827
1735.0000,1.6919,1.7790,2.1993,1.5667,0.5200,0.4278,0.3652
1740.0000,1.7505,1.8400,2.2066,1.4011,0.4496,0.4165,0.3352
1745.0000,1.7960,1.9070,2.1790,1.2332,0.4055,0.3927,0.3390
1750.0000,1.8414,1.9675,2.1176,1.0722,0.3771,0.3715,0.3456
1755.0000,1.8861,2.0154,2.0230,0.9263,0.3546,0.3642,0.3376
1760.0000,1.9085,2.0541,1.8975,0.7972,0.3430,0.3527,0.3480
1765.0000,1.9557,2.0513,1.7614,0.6815,0.3397,0.3453,0.3545
1770.0000,1.9624,2.0404,1.6014,0.5896,0.3362,0.3433,0.3618
1775.0000,1.9649,1.9937,1.4399,0.5140,0.3352,0.3465,0.3609
1780.0000,1.9609,1.9127,1.2841,0.4521,0.3383,0.3493,0.3615
1785.0000,1.9077,1.8308,1.1214,0.4111,0.3384,0.3538,0.3643
1790.0000,1.8599,1.7125,0.9799,0.3773,0.3427,0.3577,0.3634
1795.0000,1.7897,1.5803,0.8532,0.3529,0.3483,0.3602,0.3630
1800.0000,1.6956,1.4453,0.7392,0.3381,0.3534,0.3620,0.3628
1805.0000,1.5735,1.3191,0.6344,0.3335,0.3556,0.3645,0.3623
1810.0000,1.4814,1.1721,0.5585,0.3272,0.3625,0.3627,0.3640
1815.0000,1.3593,1.0393,0.4943,0.3265,0.3669,0.3617,0.3648
1820.0000,1.2298,0.9216,0.4406,0.3302,0.3690,0.3614,0.3653
1825.0000,1.1303,0.8007,0.4068,0.3319,0.3726,0.3598,0.3660
1830.0000,1.0041,0.7066,0.3766,0.3381,0.3727,0.3593,0.3678
1835.0000,0.8907,0.6263,0.3542,0.3455,0.3707,0.3609,0.3659
1840.0000,0.7788,0.5653,0.3352,0.3549,0.3663,0.3638,0.3639
1845.0000,0.6978,0.5070,0.3272,0.3609,0.3639,0.3652,0.3629
1850.0000,0.6242,0.4607,0.3237,0.3662,0.3610,0.3675,0.3596
1855.0000,0.5658,0.4199,0.3270,0.3680,0.3611,0.3664,0.3608
1860.0000,0.5123,0.3898,0.3323,0.3688,0.3613,0.3654,0.3611
1865.0000,0.4696,0.3668,0.3394,0.3687,0.3613,0.3657,0.3585
1870.0000,0.4380,0.3491,0.3483,0.3665,0.3635,0.3628,0.3610
1875.0000,0.4063,0.3418,0.3542,0.3655,0.3644,0.3611,0.3625
1880.0000,0.3816,0.3408,0.3577,0.3654,0.3640,0.3609,0.3628
1885.0000,0.3655,0.3421,0.3604,0.3652,0.3636,0.3606,0.3643
1890.0000,0.3576,0.3437,0.3629,0.3649,0.3631,0.3608,0.3658
1895.0000,0.3497,0.3495,0.3627,0.3658,0.3614,0.3624,0.3666
1900.0000,0.3479,0.3533,0.3631,0.3660,0.3602,0.3640,0.3676
1905.0000,0.3503,0.3551,0.3642,0.3655,0.3597,0.3657,0.3685
1910.0000,0.3515,0.3579,0.3645,0.3653,0.3589,0.3684,0.3679
1915.0000,0.3522,0.3605,0.3646,0.3647,0.3591,0.3702,0.3685
1920.0000,0.3556,0.3611,0.3656,0.3633,0.3604,0.3711,0.3692
1925.0000,0.3578,0.3620,0.3660,0.3624,0.3614,0.3731,0.3667
1930.0000,0.3598,0.3622,0.3667,0.3609,0.3640,0.3727,0.3680
1935.0000,0.3607,0.3630,0.3668,0.3597,0.3667,0.3718,0.3688
1940.0000,0.3620,0.3634,0.3664,0.3593,0.3685,0.3721,0.3665
1945.0000,0.3625,0.3641,0.3657,0.3591,0.3711,0.3701,0.3690
1950.0000,0.3614,0.3657,0.3640,0.3599,0.3725,0.3689,0.3702
1955.0000,0.3632,0.3657,0.3627,0.3612,0.3732,0.3686,0.3701
1960.0000,0.3626,0.3668,0.3606,0.3632,0.3732,0.3681,0.3716
1965.0000,0.3617,0.3675,0.3587,0.3656,0.3723,0.3685,0.3724
1970.0000,0.3639,0.3661,0.3582,0.3676,0.3713,0.3693,0.3731
1975.0000,0.3635,0.3658,0.3576,0.3698,0.3699,0.3708,0.3735
1980.0000,0.3628,0.3650,0.3578,0.3714,0.3686,0.3723,0.3741
1985.0000,0.3639,0.3629,0.3595,0.3720,0.3682,0.3734,0.3751
1990.0000,0.3635,0.3617,0.3611,0.3725,0.3675,0.3755,0.3744
1995.0000,0.3633,0.3605,0.3635,0.3721,0.3682,0.3759,0.3768
2000.0000,0.3629,0.3597,0.3660,0.3712,0.3693,0.3763,0.3791
2005.0000,0.3625,0.3597,0.3680,0.3706,0.3700,0.3780,0.3796
2010.0000,0.3622,0.3603,0.3698,0.3696,0.3716,0.3784,0.3830
2015.0000,0.3620,0.3614,0.3710,0.3690,0.3730,0.3794,0.3861
2020.0000,0.3619,0.3633,0.3712,0.3690,0.3739,0.3816,0.3881
2025.0000,0.3613,0.3658,0.3708,0.3694,0.3747,0.3841,0.3901
2030.0000,0.3632,0.3669,0.3707,0.3697,0.3758,0.3867,0.3919
2035.0000,0.3639,0.3688,0.3698,0.3705,0.3766,0.3901,0.3923
2040.0000,0.3639,0.3706,0.3689,0.3714,0.3781,0.3928,0.3936
2045.0000,0.3665,0.3703,0.3691,0.3717,0.3804,0.3949,0.3945
2050.0000,0.3675,0.3706,0.3688,0.3726,0.3823,0.3978,0.3923
2055.0000,0.3684,0.3703,0.3693,0.3729,0.3857,0.3981,0.3939
2060.0000,0.3689,0.3699,0.3699,0.3733,0.3894,0.3976,0.3954
2065.0000,0.3698,0.3693,0.3704,0.3745,0.3920,0.3985,0.3933
2070.0000,0.3700,0.3690,0.3710,0.3756,0.3955,0.3967,0.3963
2075.0000,0.3692,0.3696,0.3710,0.3776,0.3978,0.3958,0.3977
2080.0000,0.3696,0.3699,0.3710,0.3802,0.3990,0.3958,0.3978
2085.0000,0.3686,0.3712,0.3706,0.3834,0.3995,0.3956,0.3993
2090.0000,0.3673,0.3727,0.3702,0.3868,0.3991,0.3961,0.4003
2095.0000,0.3695,0.3723,0.3712,0.3898,0.3986,0.3968,0.4015
2100.0000,0.3690,0.3735,0.3717,0.3930,0.3973,0.3984,0.4024
2105.0000,0.3692,0.3739,0.3734,0.3955,0.3963,0.3999,0.4040
2110.0000,0.3714,0.3731,0.3764,0.3970,0.3958,0.4013,0.4060
2115.0000,0.3723,0.3731,0.3793,0.3982,0.3951,0.4039,0.4067
2120.0000,0.3730,0.3734,0.3829,0.3984,0.3956,0.4053,0.4101
2125.0000,0.3739,0.3739,0.3865,0.3982,0.3964,0.4072,0.4127
2130.0000,0.3749,0.3751,0.3897,0.3978,0.3971,0.4102,0.4140
2135.0000,0.3757,0.3770,0.3925,0.3972,0.3988,0.4122,0.4175
2140.0000,0.3768,0.3793,0.3948,0.3965,0.4008,0.4144,0.4206
2145.0000,0.3777,0.3826,0.3958,0.3965,0.4023,0.4180,0.4218
2150.0000,0.3788,0.3858,0.3965,0.3964,0.4047,0.4205,0.4244
2155.0000,0.3818,0.3879,0.3973,0.3963,0.4076,0.4228,0.4271
2160.0000,0.3838,0.3906,0.3970,0.3970,0.4099,0.4262,0.4272
2165.0000,0.3849,0.3933,0.3965,0.3978,0.4131,0.4280,0.4303
2170.0000,0.3882,0.3941,0.3967,0.3986,0.4166,0.4296,0.4324
2175.0000,0.3902,0.3953,0.3962,0.4003,0.4193,0.4322,0.4322
2180.0000,0.3917,0.3960,0.3960,0.4020,0.4228,0.4331,0.4351
2185.0000,0.3915,0.3973,0.3956,0.4043,0.4258,0.4340,0.4377
2190.0000,0.3940,0.3969,0.3958,0.4068,0.4280,0.4360,0.4378
2195.0000,0.3945,0.3973,0.3961,0.4096,0.4305,0.4366,0.4416
2200.0000,0.3943,0.3979,0.3964,0.4127,0.4324,0.4378,0.4448
2205.0000,0.3959,0.3975,0.3976,0.4158,0.4339,0.4395,0.4476
2210.0000,0.3957,0.3982,0.3985,0.4193,0.4346,0.4422,0.4500
2215.0000,0.3954,0.3988,0.4000,0.4225,0.4354,0.4450,0.4528
2220.0000,0.3972,0.3985,0.4027,0.4251,0.4366,0.4476,0.4564
2225.0000,0.3972,0.3994,0.4050,0.4278,0.4372,0.4515,0.4587
2230.0000,0.3975,0.4004,0.4080,0.4298,0.4387,0.4548,0.4623
2235.0000,0.3993,0.4008,0.4117,0.4312,0.4408,0.4578,0.4664
2240.0000,0.4004,0.4022,0.4150,0.4327,0.4427,0.4622,0.4686
2245.0000,0.4010,0.4043,0.4182,0.4337,0.4457,0.4651,0.4742
2250.0000,0.4030,0.4061,0.4215,0.4346,0.4488,0.4688,0.4783
2255.0000,0.4045,0.4088,0.4240,0.4359,0.4517,0.4735,0.4809
2260.0000,0.4062,0.4117,0.4264,0.4371,0.4555,0.4771,0.4859
2265.0000,0.4088,0.4142,0.4286,0.4384,0.4597,0.4806,0.4908
2270.0000,0.4104,0.4179,0.4296,0.4407,0.4630,0.4857,0.4933
2275.0000,0.4124,0.4210,0.4308,0.4429,0.4673,0.4894,0.4983
2280.0000,0.4160,0.4230,0.4324,0.4450,0.4719,0.4929,0.5035
2285.0000,0.4183,0.4256,0.4332,0.4482,0.4756,0.4979,0.5063
2290.0000,0.4196,0.4285,0.4341,0.4513,0.4800,0.5014,0.5130
2295.0000,0.4232,0.4297,0.4358,0.4545,0.4844,0.5056,0.5184
2300.0000,0.4255,0.4314,0.4372,0.4584,0.4880,0.5110,0.5222
2305.0000,0.4275,0.4329,0.4391,0.4621,0.4924,0.5153,0.5293
2310.0000,0.4277,0.4352,0.4408,0.4664,0.4963,0.5206,0.5352
2315.0000,0.4311,0.4360,0.4435,0.4705,0.4999,0.5272,0.5389
2320.0000,0.4326,0.4377,0.4462,0.4745,0.5044,0.5323,0.5467
2325.0000,0.4336,0.4398,0.4493,0.4785,0.5093,0.5375,0.5552
2330.0000,0.4365,0.4411,0.4531,0.4823,0.5141,0.5435,0.5632
2335.0000,0.4378,0.4437,0.4562,0.4867,0.5184,0.5511,0.5701
2340.0000,0.4397,0.4462,0.4600,0.4908,0.5236,0.5583,0.5787
2345.0000,0.4429,0.4480,0.4646,0.4942,0.5301,0.5642,0.5909
2350.0000,0.4453,0.4509,0.4685,0.4986,0.5354,0.5730,0.6011
2355.0000,0.4467,0.4548,0.4720,0.5032,0.5410,0.5825,0.6123
2360.0000,0.4505,0.4577,0.4763,0.5075,0.5475,0.5923,0.6252
2365.0000,0.4534,0.4615,0.4800,0.5124,0.5537,0.6041,0.6374
2370.0000,0.4546,0.4664,0.4836,0.5173,0.5613,0.6148,0.6556
2375.0000,0.4597,0.4697,0.4875,0.5228,0.5680,0.6302,0.6681
2380.0000,0.4631,0.4739,0.4913,0.5283,0.5758,0.6459,0.6814
2385.0000,0.4669,0.4777,0.4958,0.5335,0.5856,0.6611,0.6968
2390.0000,0.4716,0.4807,0.5011,0.5383,0.5974,0.6759,0.7136
2395.0000,0.4749,0.4850,0.5054,0.5444,0.6088,0.6936,0.7258
2400.0000,0.4790,0.4888,0.5105,0.5503,0.6225,0.7100,0.7390
2405.0000,0.4835,0.4923,0.5163,0.5560,0.6387,0.7239,0.7547
2410.0000,0.4877,0.4966,0.5212,0.5635,0.6541,0.7406,0.7641
2415.0000,0.4909,0.5015,0.5264,0.5712,0.6724,0.7522,0.7831
2420.0000,0.4957,0.5064,0.5310,0.5812,0.6887,0.7677,0.7922
2425.0000,0.4999,0.5119,0.5354,0.5925,0.7051,0.7824,0.7987
2430.0000,0.5040,0.5175,0.5403,0.6046,0.7227,0.7935,0.8092
2435.0000,0.5062,0.5241,0.5455,0.6178,0.7405,0.8020,0.8217
2440.0000,0.5137,0.5288,0.5516,0.6327,0.7559,0.8131,0.8268
2445.0000,0.5182,0.5353,0.5576,0.6493,0.7694,0.8248,0.8232
2450.0000,0.5218,0.5420,0.5650,0.6661,0.7832,0.8330,0.8187
2455.0000,0.5304,0.5459,0.5760,0.6812,0.7990,0.8345,0.8163
2460.0000,0.5357,0.5526,0.5865,0.6982,0.8113,0.8370,0.8050
2465.0000,0.5434,0.5578,0.6000,0.7135,0.8252,0.8315,0.7990
2470.0000,0.5503,0.5649,0.6134,0.7303,0.8344,0.8280,0.7800
2475.0000,0.5572,0.5733,0.6276,0.7467,0.8421,0.8201,0.7566
2480.0000,0.5633,0.5834,0.6430,0.7616,0.8504,0.8020,0.7422
2485.0000,0.5727,0.5937,0.6589,0.7767,0.8544,0.7824,0.7219
2490.0000,0.5830,0.6051,0.6746,0.7919,0.8534,0.7618,0.6968
2495.0000,0.5878,0.6218,0.6876,0.8086,0.8455,0.7429,0.6586
2500.0000,0.6024,0.6339,0.7048,0.8205,0.8393,0.7118,0.6327
2505.0000,0.6139,0.6492,0.7198,0.8329,0.8255,0.6828,0.5997
2510.0000,0.6285,0.6628,0.7366,0.8422,0.8089,0.6499,0.5691
2515.0000,0.6431,0.6768,0.7530,0.8496,0.7867,0.6181,0.5329
2520.0000,0.6548,0.6935,0.7681,0.8544,0.7606,0.5845,0.4972
2525.0000,0.6702,0.7077,0.7847,0.8542,0.7337,0.5457,0.4730
2530.0000,0.6861,0.7220,0.7998,0.8518,0.7001,0.5135,0.4386
2535.0000,0.7019,0.7358,0.8145,0.8447,0.6652,0.4798,0.4083
2540.0000,0.7131,0.7528,0.8256,0.8349,0.6263,0.4510,0.3691
2545.0000,0.7299,0.7653,0.8382,0.8174,0.5917,0.4139,0.3473
2550.0000,0.7455,0.7780,0.8472,0.7972,0.5537,0.3829,0.3210
2555.0000,0.7608,0.7898,0.8532,0.7733,0.5153,0.3546,0.2931
2560.0000,0.7655,0.8060,0.8527,0.7476,0.4757,0.3302,0.2618
2565.0000,0.7826,0.8145,0.8520,0.7165,0.4395,0.3051,0.2316
2570.0000,0.7955,0.8214,0.8482,0.6811,0.4087,0.2729,0.2241
2575.0000,0.8111,0.8239,0.8404,0.6446,0.3769,0.2481,0.2078
2580.0000,0.8164,0.8281,0.8257,0.6086,0.3443,0.2285,0.1888
2585.0000,0.8176,0.8317,0.8054,0.5723,0.3139,0.2097,0.1729
2590.0000,0.8164,0.8324,0.7809,0.5357,0.2858,0.1918,0.1618
2595.0000,0.8214,0.8249,0.7551,0.4984,0.2604,0.1756,0.1525
2600.0000,0.8207,0.8147,0.7256,0.4622,0.2364,0.1625,0.1440
2605.0000,0.8139,0.8019,0.6928,0.4275,0.2138,0.1525,0.1345
2610.0000,0.8073,0.7832,0.6595,0.3932,0.1943,0.1437,0.1266
2615.0000,0.7898,0.7664,0.6214,0.3620,0.1758,0.1373,0.1186
2620.0000,0.7795,0.7393,0.5870,0.3297,0.1625,0.1286,0.1174
2625.0000,0.7620,0.7103,0.5518,0.2996,0.1509,0.1221,0.1152
2630.0000,0.7417,0.6786,0.5168,0.2713,0.1412,0.1171,0.1134
2635.0000,0.7077,0.6526,0.4776,0.2479,0.1308,0.1156,0.1086
2640.0000,0.6840,0.6190,0.4423,0.2250,0.1241,0.1126,0.1068
2645.0000,0.6581,0.5834,0.4086,0.2041,0.1188,0.1105,0.1042
2650.0000,0.6249,0.5504,0.3747,0.1860,0.1150,0.1078,0.1049
2655.0000,0.5942,0.5154,0.3432,0.1699,0.1121,0.1061,0.1042
2660.0000,0.5589,0.4836,0.3114,0.1573,0.1089,0.1054,0.1032
2665.0000,0.5315,0.4465,0.2849,0.1450,0.1079,0.1039,0.1032
2670.0000,0.4972,0.4133,0.2592,0.1354,0.1067,0.1030,0.1035
2675.0000,0.4616,0.3830,0.2344,0.1282,0.1053,0.1027,0.1035
2680.0000,0.4255,0.3553,0.2113,0.1230,0.1037,0.1030,0.1032
2685.0000,0.4049,0.3206,0.1952,0.1166,0.1041,0.1024,0.1034
2690.0000,0.3718,0.2931,0.1788,0.1127,0.1037,0.1025,0.1034
2695.0000,0.3395,0.2692,0.1637,0.1102,0.1029,0.1031,0.1026
2700.0000,0.3043,0.2503,0.1489,0.1093,0.1017,0.1038,0.1019
2705.0000,0.2831,0.2277,0.1392,0.1073,0.1020,0.1035,0.1018
2710.0000,0.2650,0.2049,0.1327,0.1050,0.1027,0.1032,0.1011
2715.0000,0.2424,0.1875,0.1262,0.1038,0.1033,0.1024,0.1014
2720.0000,0.2213,0.1727,0.1207,0.1030,0.1036,0.1018,0.1015
2725.0000,0.2006,0.1617,0.1150,0.1032,0.1032,0.1017,0.1012
2730.0000,0.1867,0.1497,0.1120,0.1027,0.1034,0.1010,0.1019
2735.0000,0.1727,0.1401,0.1093,0.1027,0.1032,0.1007,0.1023
2740.0000,0.1615,0.1313,0.1078,0.1025,0.1031,0.1005,0.1030
2745.0000,0.1486,0.1262,0.1053,0.1032,0.1022,0.1010,0.1035
2750.0000,0.1401,0.1209,0.1040,0.1035,0.1014,0.1017,0.1038
2755.0000,0.1311,0.1181,0.1022,0.1042,0.1003,0.1028,0.1041
2760.0000,0.1270,0.1134,0.1023,0.1040,0.1001,0.1036,0.1046
2765.0000,0.1220,0.1102,0.1025,0.1037,0.0999,0.1046,0.1047
2770.0000,0.1182,0.1072,0.1031,0.1031,0.1001,0.1056,0.1042
2775.0000,0.1131,0.1062,0.1031,0.1026,0.1005,0.1062,0.1042
2780.0000,0.1107,0.1048,0.1036,0.1018,0.1015,0.1063,0.1043
2785.0000,0.1088,0.1038,0.1039,0.1012,0.1024,0.1068,0.1029
2790.0000,0.1078,0.1027,0.1044,0.1004,0.1040,0.1060,0.1033
2795.0000,0.1061,0.1026,0.1043,0.0999,0.1053,0.1050,0.1036
2800.0000,0.1047,0.1030,0.1037,0.1001,0.1061,0.1044,0.1031
2805.0000,0.1035,0.1036,0.1028,0.1005,0.1068,0.1035,0.1033
2810.0000,0.1027,0.1041,0.1018,0.1013,0.1069,0.1029,0.1033
2815.0000,0.1032,0.1039,0.1011,0.1021,0.1068,0.1024,0.1035
2820.0000,0.1027,0.1042,0.1002,0.1033,0.1062,0.1021,0.1037
2825.0000,0.1023,0.1042,0.0995,0.1045,0.1054,0.1022,0.1038
2830.0000,0.1029,0.1034,0.0995,0.1054,0.1044,0.1024,0.1040
2835.0000,0.1027,0.1029,0.0996,0.1062,0.1034,0.1029,0.1043
2840.0000,0.1024,0.1023,0.1001,0.1067,0.1024,0.1036,0.1045
2845.0000,0.1025,0.1015,0.1011,0.1067,0.1018,0.1042,0.1047
2850.0000,0.1024,0.1010,0.1022,0.1065,0.1013,0.1052,0.1043
2855.0000,0.1024,0.1004,0.1036,0.1058,0.1014,0.1056,0.1043
2860.0000,0.1019,0.1004,0.1047,0.1050,0.1019,0.1058,0.1044
2865.0000,0.1019,0.1006,0.1057,0.1042,0.1023,0.1063,0.1034
2870.0000,0.1018,0.1011,0.1064,0.1033,0.1033,0.1060,0.1033
2875.0000,0.1017,0.1018,0.1068,0.1025,0.1043,0.1053,0.1032
2880.0000,0.1018,0.1029,0.1066,0.1021,0.1051,0.1049,0.1023
2885.0000,0.1020,0.1038,0.1062,0.1018,0.1060,0.1037,0.1030
2890.0000,0.1027,0.1045,0.1056,0.1018,0.1065,0.1028,0.1034
2895.0000,0.1029,0.1054,0.1045,0.1024,0.1065,0.1022,0.1037
2900.0000,0.1032,0.1061,0.1035,0.1031,0.1061,0.1019,0.1041
2905.0000,0.1042,0.1060,0.1027,0.1039,0.1054,0.1021,0.1042
2910.0000,0.1044,0.1060,0.1020,0.1048,0.1044,0.1023,0.1048
2915.0000,0.1042,0.1059,0.1014,0.1057,0.1033,0.1032,0.1046
2920.0000,0.1048,0.1051,0.1015,0.1061,0.1024,0.1040,0.1046
2925.0000,0.1047,0.1045,0.1018,0.1063,0.1017,0.1050,0.1040
2930.0000,0.1046,0.1037,0.1025,0.1061,0.1014,0.1056,0.1041
2935.0000,0.1048,0.1028,0.1036,0.1054,0.1018,0.1058,0.1044
2940.0000,0.1043,0.1023,0.1045,0.1048,0.1020,0.1064,0.1031
2945.0000,0.1042,0.1018,0.1055,0.1038,0.1030,0.1058,0.1042
2950.0000,0.1039,0.1019,0.1062,0.1029,0.1040,0.1053,0.1048
2955.0000,0.1034,0.1024,0.1064,0.1024,0.1048,0.1048,0.1053
2960.0000,0.1031,0.1031,0.1062,0.1021,0.1054,0.1047,0.1055
2965.0000,0.1026,0.1042,0.1055,0.1023,0.1057,0.1046,0.1060
2970.0000,0.1032,0.1047,0.1048,0.1026,0.1057,0.1048,0.1061
2975.0000,0.1031,0.1056,0.1038,0.1032,0.1056,0.1050,0.1065
2980.0000,0.1028,0.1064,0.1028,0.1039,0.1051,0.1057,0.1062
2985.0000,0.1041,0.1059,0.1024,0.1044,0.1049,0.1062,0.1060
2990.0000,0.1043,0.1057,0.1020,0.1049,0.1047,0.1068,0.1055
2995.0000,0.1046,0.1051,0.1021,0.1052,0.1047,0.1071,0.1050
3000.0000,0.1048,0.1043,0.1026,0.1051,0.1051,0.1069,0.1048
3005.0000,0.1050,0.1034,0.1031,0.1051,0.1054,0.1070,0.1035
3010.0000,0.1048,0.1028,0.1039,0.1047,0.1062,0.1059,0.1042
3015.0000,0.1042,0.1026,0.1043,0.1046,0.1068,0.1051,0.1044
3020.0000,0.1039,0.1026,0.1046,0.1047,0.1070,0.1045,0.1043
3025.0000,0.1034,0.1029,0.1047,0.1049,0.1071,0.1038,0.1048
3030.0000,0.1033,0.1033,0.1047,0.1053,0.1068,0.1036,0.1049
3035.0000,0.1031,0.1039,0.1044,0.1058,0.1063,0.1035,0.1052
3040.0000,0.1026,0.1047,0.1040,0.1065,0.1054,0.1040,0.1050
3045.0000,0.1034,0.1047,0.1040,0.1068,0.1046,0.1044,0.1047
3050.0000,0.1035,0.1050,0.1040,0.1072,0.1038,0.1051,0.1041
3055.0000,0.1037,0.1050,0.1042,0.1072,0.1034,0.1053,0.1040
3060.0000,0.1040,0.1048,0.1048,0.1069,0.1034,0.1053,0.1042
3065.0000,0.1045,0.1044,0.1055,0.1065,0.1033,0.1058,0.1032
3070.0000,0.1049,0.1040,0.1063,0.1057,0.1038,0.1052,0.1041
3075.0000,0.1051,0.1039,0.1070,0.1050,0.1043,0.1047,0.1048
3080.0000,0.1049,0.1042,0.1073,0.1045,0.1048,0.1043,0.1054
3085.0000,0.1048,0.1046,0.1073,0.1041,0.1050,0.1043,0.1060
3090.0000,0.1045,0.1054,0.1069,0.1040,0.1050,0.1044,0.1068
3095.0000,0.1049,0.1058,0.1065,0.1041,0.1049,0.1047,0.1076
3100.0000,0.1048,0.1065,0.1057,0.1043,0.1046,0.1053,0.1087
3105.0000,0.1043,0.1073,0.1048,0.1047,0.1041,0.1064,0.1094
3110.0000,0.1054,0.1070,0.1045,0.1049,0.1038,0.1077,0.1098
3115.0000,0.1055,0.1070,0.1040,0.1051,0.1037,0.1091,0.1101
3120.0000,0.1058,0.1066,0.1040,0.1051,0.1039,0.1103,0.1103
3125.0000,0.1061,0.1059,0.1043,0.1048,0.1045,0.1113,0.1103
3130.0000,0.1063,0.1051,0.1046,0.1044,0.1053,0.1125,0.1091
3135.0000,0.1063,0.1045,0.1051,0.1038,0.1069,0.1123,0.1094
3140.0000,0.1057,0.1042,0.1054,0.1034,0.1085,0.1120,0.1093
3145.0000,0.1054,0.1041,0.1054,0.1034,0.1098,0.1119,0.1079
3150.0000,0.1051,0.1042,0.1054,0.1034,0.1114,0.1107,0.1081
3155.0000,0.1048,0.1044,0.1050,0.1038,0.1126,0.1096,0.1077
3160.0000,0.1045,0.1048,0.1044,0.1047,0.1132,0.1086,0.1070
3165.0000,0.1040,0.1054,0.1036,0.1059,0.1134,0.1075,0.1066
3170.0000,0.1045,0.1053,0.1032,0.1072,0.1132,0.1064,0.1063
3175.0000,0.1043,0.1056,0.1027,0.1087,0.1124,0.1056,0.1062
3180.0000,0.1041,0.1057,0.1024,0.1102,0.1113,0.1051,0.1060
3185.0000,0.1035,0.1057,0.1024,0.1116,0.1098,0.1049,0.1058
3190.0000,0.1045,0.1050,0.1032,0.1125,0.1084,0.1049,0.1057
3195.0000,0.1045,0.1045,0.1042,0.1131,0.1069,0.1050,0.1059
3200.0000,0.1047,0.1041,0.1056,0.1132,0.1056,0.1054,0.1059
3205.0000,0.1047,0.1038,0.1072,0.1129,0.1046,0.1059,0.1059
3210.0000,0.1048,0.1038,0.1088,0.1122,0.1038,0.1066,0.1053
3215.0000,0.1051,0.1039,0.1104,0.1110,0.1037,0.1067,0.1057
3220.0000,0.1050,0.1046,0.1117,0.1098,0.1038,0.1068,0.1058
3225.0000,0.1053,0.1055,0.1126,0.1085,0.1039,0.1072,0.1051
3230.0000,0.1054,0.1067,0.1131,0.1072,0.1046,0.1068,0.1056
3235.0000,0.1061,0.1078,0.1132,0.1060,0.1054,0.1064,0.1059
3240.0000,0.1067,0.1090,0.1127,0.1053,0.1058,0.1063,0.1057
3245.0000,0.1073,0.1102,0.1119,0.1047,0.1064,0.1060,0.1060
3250.0000,0.1084,0.1108,0.1109,0.1044,0.1068,0.1056,0.1064
3255.0000,0.1089,0.1116,0.1095,0.1045,0.1069,0.1056,0.1066
3260.0000,0.1091,0.1121,0.1081,0.1048,0.1068,0.1056,0.1071
3265.0000,0.1102,0.1117,0.1071,0.1051,0.1067,0.1057,0.1076
3270.0000,0.1102,0.1115,0.1059,0.1056,0.1063,0.1061,0.1081
3275.0000,0.1100,0.1110,0.1050,0.1061,0.1058,0.1067,0.1086
3280.0000,0.1103,0.1099,0.1047,0.1064,0.1055,0.1076,0.1087
3285.0000,0.1100,0.1089,0.1045,0.1067,0.1052,0.1085,0.1086
3290.0000,0.1097,0.1078,0.1047,0.1067,0.1052,0.1093,0.1085
3295.0000,0.1090,0.1068,0.1051,0.1065,0.1056,0.1098,0.1083
3300.0000,0.1084,0.1060,0.1055,0.1062,0.1060,0.1106,0.1070
3305.0000,0.1077,0.1054,0.1060,0.1058,0.1069,0.1103,0.1069
3310.0000,0.1071,0.1051,0.1065,0.1054,0.1081,0.1096,0.1069
3315.0000,0.1065,0.1050,0.1066,0.1052,0.1089,0.1093,0.1055
3320.0000,0.1060,0.1052,0.1067,0.1051,0.1100,0.1078,0.1066
3325.0000,0.1054,0.1056,0.1064,0.1054,0.1106,0.1067,0.1071
3330.0000,0.1056,0.1058,0.1061,0.1059,0.1107,0.1060,0.1073
3335.0000,0.1053,0.1063,0.1055,0.1067,0.1104,0.1055,0.1080
3340.0000,0.1048,0.1070,0.1048,0.1079,0.1095,0.1057,0.1078
3345.0000,0.1056,0.1068,0.1045,0.1088,0.1085,0.1061,0.1078
3350.0000,0.1054,0.1070,0.1043,0.1097,0.1074,0.1066,0.1081
3355.0000,0.1050,0.1071,0.1043,0.1104,0.1062,0.1075,0.1081
3360.0000,0.1059,0.1064,0.1050,0.1105,0.1056,0.1080,0.1084
3365.0000,0.1060,0.1059,0.1059,0.1104,0.1051,0.1090,0.1079
3370.0000,0.1064,0.1053,0.1071,0.1097,0.1052,0.1091,0.1087
3375.0000,0.1062,0.1050,0.1083,0.1089,0.1057,0.1092,0.1096
3380.0000,0.1065,0.1048,0.1094,0.1080,0.1062,0.1098,0.1095
3385.0000,0.1065,0.1049,0.1102,0.1071,0.1070,0.1098,0.1105
3390.0000,0.1061,0.1057,0.1105,0.1065,0.1076,0.1101,0.1109
3395.0000,0.1061,0.1065,0.1104,0.1061,0.1082,0.1105,0.1111
3400.0000,0.1057,0.1078,0.1097,0.1060,0.1087,0.1110,0.1112
3405.0000,0.1066,0.1084,0.1092,0.1060,0.1092,0.1113,0.1113
3410.0000,0.1068,0.1094,0.1082,0.1064,0.1096,0.1119,0.1107
3415.0000,0.1071,0.1099,0.1074,0.1067,0.1101,0.1120,0.1108
3420.0000,0.1072,0.1101,0.1067,0.1071,0.1107,0.1118,0.1109
3425.0000,0.1083,0.1095,0.1065,0.1075,0.1111,0.1119,0.1101
3430.0000,0.1087,0.1089,0.1063,0.1078,0.1117,0.1114,0.1104
3435.0000,0.1088,0.1083,0.1063,0.1083,0.1122,0.1109,0.1106
3440.0000,0.1088,0.1078,0.1063,0.1088,0.1123,0.1107,0.1102
3445.0000,0.1084,0.1074,0.1064,0.1094,0.1124,0.1103,0.1105
3450.0000,0.1077,0.1074,0.1064,0.1101,0.1122,0.1100,0.1107
3455.0000,0.1076,0.1071,0.1067,0.1107,0.1119,0.1099,0.1110
3460.0000,0.1071,0.1073,0.1068,0.1115,0.1113,0.1101,0.1112
3465.0000,0.1066,0.1074,0.1071,0.1120,0.1107,0.1103,0.1115
3470.0000,0.1070,0.1072,0.1078,0.1123,0.1103,0.1106,0.1121
3475.0000,0.1070,0.1072,0.1084,0.1125,0.1098,0.1112,0.1124
3480.0000,0.1071,0.1073,0.1091,0.1124,0.1095,0.1117,0.1133
3485.0000,0.1073,0.1073,0.1100,0.1122,0.1094,0.1124,0.1139
3490.0000,0.1076,0.1075,0.1107,0.1118,0.1094,0.1133,0.1142
3495.0000,0.1077,0.1079,0.1114,0.1114,0.1096,0.1140,0.1149
3500.0000,0.1079,0.1083,0.1119,0.1109,0.1101,0.1147,0.1153
3505.0000,0.1081,0.1090,0.1121,0.1105,0.1105,0.1158,0.1149
3510.0000,0.1083,0.1097,0.1123,0.1101,0.1114,0.1162,0.1152
3515.0000,0.1090,0.1101,0.1123,0.1097,0.1124,0.1164,0.1154
3520.0000,0.1094,0.1107,0.1121,0.1096,0.1133,0.1169,0.1144
3525.0000,0.1096,0.1113,0.1117,0.1095,0.1144,0.1168,0.1141
3530.0000,0.1103,0.1114,0.1115,0.1096,0.1156,0.1161,0.1140
3535.0000,0.1106,0.1117,0.1109,0.1100,0.1164,0.1158,0.1128
3540.0000,0.1108,0.1118,0.1104,0.1105,0.1172,0.1148,0.1127
3545.0000,0.1105,0.1121,0.1098,0.1114,0.1177,0.1138,0.1123
3550.0000,0.1111,0.1118,0.1095,0.1123,0.1177,0.1130,0.1115
3555.0000,0.1110,0.1117,0.1091,0.1134,0.1175,0.1119,0.1117
3560.0000,0.1104,0.1118,0.1088,0.1146,0.1168,0.1113,0.1114
3565.0000,0.1110,0.1112,0.1091,0.1156,0.1159,0.1108,0.1113
3570.0000,0.1107,0.1110,0.1093,0.1166,0.1147,0.1105,0.1112
3575.0000,0.1104,0.1108,0.1099,0.1173,0.1135,0.1104,0.1112
3580.0000,0.1107,0.1104,0.1109,0.1177,0.1123,0.1105,0.1113
3585.0000,0.1106,0.1103,0.1119,0.1178,0.1111,0.1109,0.1112
3590.0000,0.1107,0.1101,0.1132,0.1174,0.1103,0.1111,0.1116
3595.0000,0.1107,0.1102,0.1145,0.1167,0.1097,0.1114,0.1120
3600.0000,0.1109,0.1105,0.1156,0.1159,0.1092,0.1121,0.1119
3605.0000,0.1110,0.1111,0.1166,0.1148,0.1092,0.1124,0.1125
3610.0000,0.1113,0.1118,0.1173,0.1137,0.1095,0.1126,0.1131
3615.0000,0.1118,0.1127,0.1177,0.1127,0.1097,0.1133,0.1130
3620.0000,0.1121,0.1136,0.1177,0.1117,0.1103,0.1134,0.1136
3625.0000,0.1128,0.1144,0.1174,0.1108,0.1110,0.1136,0.1141
3630.0000,0.1132,0.1154,0.1166,0.1103,0.1114,0.1142,0.1139
3635.0000,0.1136,0.1162,0.1157,0.1100,0.1121,0.1143,0.1144
3640.0000,0.1146,0.1163,0.1148,0.1097,0.1128,0.1144,0.1146
3645.0000,0.1149,0.1166,0.1136,0.1099,0.1132,0.1148,0.1144
