150.0000,2.2094,2.2003,2.0744,1.9534,2.1537,2.3936,2.3778
155.0000,2.2047,2.1773,2.0486,1.9583,2.2034,2.4269,2.3526
160.0000,2.1953,2.1515,2.0256,1.9693,2.2568,2.4491,2.3020
165.0000,2.1751,2.1284,2.0049,1.9853,2.3172,2.4446,2.2525
170.0000,2.1566,2.1033,1.9885,2.0076,2.3781,2.4193,2.1841
175.0000,2.1309,2.0858,1.9694,2.0431,2.4263,2.3864,2.0709
180.0000,2.1083,2.0659,1.9585,2.0819,2.4743,2.3170,1.9633
185.0000,2.0922,2.0420,1.9582,2.1219,2.5207,2.2049,1.8777
190.0000,2.0692,2.0289,1.9544,2.1778,2.5344,2.0966,1.7471
195.0000,2.0488,2.0172,1.9585,2.2368,2.5311,1.9608,1.6370
200.0000,2.0305,2.0092,1.9678,2.3014,2.4982,1.8189,1.5191
205.0000,2.0237,2.0002,1.9873,2.3652,2.4384,1.6686,1.4136
210.0000,2.0068,2.0028,2.0122,2.4255,2.3533,1.5073,1.3633
215.0000,1.9726,2.0243,2.0335,2.4900,2.2203,1.3881,1.2739
220.0000,1.9950,2.0232,2.0812,2.5296,2.0780,1.2621,1.2468
225.0000,1.9929,2.0431,2.1255,2.5622,1.8977,1.1919,1.1586
230.0000,1.9988,2.0615,2.1840,2.5673,1.7113,1.1410,1.0865
235.0000,2.0289,2.0712,2.2598,2.5361,1.5343,1.1003,1.0338
240.0000,2.0507,2.0909,2.3391,2.4719,1.3722,1.0693,0.9930
245.0000,2.0947,2.1034,2.4264,2.3702,1.2360,1.0417,0.9677
250.0000,2.1117,2.1375,2.4985,2.2439,1.1219,1.0224,0.9462
255.0000,2.1545,2.1674,2.5597,2.0953,1.0304,1.0187,0.9029
260.0000,2.1984,2.2051,2.6000,1.9268,0.9782,0.9913,0.9086
265.0000,2.2132,2.2651,2.6010,1.7581,0.9459,0.9643,0.9194
270.0000,2.2563,2.3133,2.5721,1.5951,0.9227,0.9562,0.9032
275.0000,2.2862,2.3667,2.5043,1.4434,0.9176,0.9363,0.9178
280.0000,2.3173,2.4096,2.4028,1.3108,0.9167,0.9250,0.9219
285.0000,2.3297,2.4486,2.2661,1.2037,0.9156,0.9198,0.9241
290.0000,2.3408,2.4614,2.1114,1.1176,0.9155,0.9193,0.9201
295.0000,2.3737,2.4275,1.9580,1.0458,0.9205,0.9170,0.9173
300.0000,2.3539,2.3915,1.7878,0.9994,0.9200,0.9181,0.9140
305.0000,2.3201,2.3246,1.6262,0.9664,0.9202,0.9184,0.9104
310.0000,2.3056,2.2098,1.4907,0.9378,0.9261,0.9134,0.9110
315.0000,2.2477,2.0893,1.3642,0.9221,0.9280,0.9111,0.9086
320.0000,2.1681,1.9581,1.2560,0.9129,0.9296,0.9072,0.9093
325.0000,2.1025,1.8059,1.1747,0.9044,0.9329,0.9025,0.9094
330.0000,1.9844,1.6728,1.1017,0.9039,0.9318,0.8997,0.9111
335.0000,1.8608,1.5503,1.0413,0.9077,0.9274,0.8997,0.9092
340.0000,1.7199,1.4492,0.9874,0.9166,0.9189,0.9025,0.9068
345.0000,1.6145,1.3443,0.9534,0.9221,0.9122,0.9055,0.9031
350.0000,1.5204,1.2442,0.9353,0.9235,0.9089,0.9054,0.9046
355.0000,1.4069,1.1719,0.9178,0.9276,0.9031,0.9076,0.9042
360.0000,1.3186,1.1055,0.9110,0.9279,0.9001,0.9083,0.9048
365.0000,1.2427,1.0491,0.9102,0.9266,0.8975,0.9114,0.9003
370.0000,1.1699,1.0076,0.9118,0.9234,0.8981,0.9098,0.9038
375.0000,1.1110,0.9749,0.9157,0.9191,0.8995,0.9086,0.9054
380.0000,1.0638,0.9504,0.9199,0.9148,0.9004,0.9098,0.9024
385.0000,1.0280,0.9321,0.9248,0.9095,0.9038,0.9073,0.9056
390.0000,0.9937,0.9236,0.9262,0.9060,0.9058,0.9062,0.9067
395.0000,0.9640,0.9238,0.9230,0.9054,0.9055,0.9075,0.9050
400.0000,0.9429,0.9256,0.9191,0.9051,0.9055,0.9079,0.9048
405.0000,0.9371,0.9230,0.9176,0.9040,0.9065,0.9077,0.9036
410.0000,0.9277,0.9253,0.9128,0.9052,0.9053,0.9098,0.8980
415.0000,0.9248,0.9237,0.9108,0.9047,0.9068,0.9075,0.8989
420.0000,0.9248,0.9204,0.9099,0.9040,0.9084,0.9050,0.8984
425.0000,0.9224,0.9188,0.9078,0.9048,0.9080,0.9049,0.8930
430.0000,0.9195,0.9173,0.9064,0.9050,0.9090,0.9011,0.8950
435.0000,0.9191,0.9142,0.9061,0.9050,0.9097,0.8973,0.8967
440.0000,0.9166,0.9130,0.9045,0.9064,0.9079,0.8964,0.8947
445.0000,0.9140,0.9119,0.9035,0.9076,0.9064,0.8943,0.8971
450.0000,0.9099,0.9117,0.9022,0.9092,0.9037,0.8938,0.8983
455.0000,0.9115,0.9090,0.9025,0.9102,0.9003,0.8954,0.8968
460.0000,0.9088,0.9087,0.9022,0.9110,0.8973,0.8961,0.8992
465.0000,0.9052,0.9090,0.9020,0.9115,0.8942,0.8980,0.9001
470.0000,0.9074,0.9066,0.9035,0.9111,0.8911,0.9022,0.8960
475.0000,0.9060,0.9061,0.9050,0.9094,0.8904,0.9031,0.8989
480.0000,0.9047,0.9055,0.9068,0.9071,0.8905,0.9043,0.8996
485.0000,0.9061,0.9037,0.9094,0.9037,0.8921,0.9046,0.8997
490.0000,0.9059,0.9035,0.9106,0.9011,0.8930,0.9070,0.8951
495.0000,0.9054,0.9035,0.9120,0.8975,0.8967,0.9046,0.8972
500.0000,0.9058,0.9036,0.9125,0.8945,0.9003,0.9024,0.8974
505.0000,0.9052,0.9053,0.9110,0.8933,0.9021,0.9020,0.8940
510.0000,0.9025,0.9082,0.9082,0.8927,0.9046,0.8989,0.8959
515.0000,0.9052,0.9082,0.9061,0.8926,0.9063,0.8961,0.8968
520.0000,0.9041,0.9105,0.9017,0.8946,0.9057,0.8954,0.8960
525.0000,0.9027,0.9121,0.8976,0.8970,0.9046,0.8942,0.8972
530.0000,0.9063,0.9098,0.8955,0.8989,0.9032,0.8937,0.8982
535.0000,0.9054,0.9096,0.8925,0.9020,0.9000,0.8954,0.8972
540.0000,0.9042,0.9080,0.8911,0.9041,0.8976,0.8959,0.8995
545.0000,0.9059,0.9039,0.8920,0.9049,0.8958,0.8968,0.9018
550.0000,0.9045,0.9017,0.8925,0.9060,0.8928,0.9004,0.9004
555.0000,0.9028,0.8993,0.8943,0.9055,0.8920,0.9015,0.9051
560.0000,0.9022,0.8964,0.8972,0.9041,0.8920,0.9031,0.9091
565.0000,0.9006,0.8951,0.8993,0.9030,0.8911,0.9075,0.9085
570.0000,0.8990,0.8944,0.9017,0.9007,0.8926,0.9092,0.9146
575.0000,0.8961,0.8954,0.9031,0.8988,0.8943,0.9118,0.9194
580.0000,0.8972,0.8953,0.9044,0.8971,0.8954,0.9173,0.9186
585.0000,0.8958,0.8972,0.9045,0.8954,0.8984,0.9199,0.9243
590.0000,0.8939,0.8998,0.9036,0.8944,0.9015,0.9230,0.9287
595.0000,0.8969,0.8999,0.9034,0.8931,0.9056,0.9258,0.9327
600.0000,0.8961,0.9025,0.9009,0.8938,0.9083,0.9308,0.9331
605.0000,0.8955,0.9041,0.8990,0.8941,0.9129,0.9328,0.9385
610.0000,0.8994,0.9027,0.8984,0.8943,0.9181,0.9344,0.9443
615.0000,0.8993,0.9033,0.8960,0.8966,0.9213,0.9387,0.9468
620.0000,0.8986,0.9032,0.8944,0.8987,0.9258,0.9405,0.9547
625.0000,0.9009,0.9010,0.8941,0.9010,0.9300,0.9430,0.9632
630.0000,0.9000,0.9007,0.8926,0.9050,0.9322,0.9484,0.9704
635.0000,0.8971,0.9010,0.8914,0.9092,0.9348,0.9533,0.9829
640.0000,0.8991,0.8988,0.8919,0.9134,0.9365,0.9615,0.9932
645.0000,0.8974,0.8988,0.8919,0.9182,0.9377,0.9717,1.0042
650.0000,0.8956,0.8985,0.8933,0.9221,0.9405,0.9812,1.0218
655.0000,0.8973,0.8963,0.8967,0.9249,0.9447,0.9920,1.0426
660.0000,0.8964,0.8964,0.8993,0.9287,0.9477,1.0082,1.0610
665.0000,0.8955,0.8968,0.9027,0.9316,0.9525,1.0262,1.0814
670.0000,0.8969,0.8962,0.9076,0.9335,0.9598,1.0452,1.1049
675.0000,0.8972,0.8974,0.9116,0.9360,0.9676,1.0690,1.1250
680.0000,0.8968,0.8998,0.9154,0.9385,0.9778,1.0950,1.1418
685.0000,0.8989,0.9020,0.9187,0.9421,0.9880,1.1285,1.1377
690.0000,0.9001,0.9050,0.9225,0.9444,1.0047,1.1562,1.1284
695.0000,0.9014,0.9084,0.9261,0.9470,1.0257,1.1807,1.0993
700.0000,0.9016,0.9122,0.9303,0.9488,1.0541,1.1933,1.0559
705.0000,0.9075,0.9136,0.9351,0.9519,1.0855,1.1979,0.9778
710.0000,0.9128,0.9131,0.9438,0.9510,1.1325,1.1605,0.9435
715.0000,0.9189,0.9133,0.9506,0.9544,1.1781,1.1066,0.8954
720.0000,0.9191,0.9173,0.9542,0.9633,1.2204,1.0301,0.8538
725.0000,0.9227,0.9231,0.9514,0.9855,1.2406,0.9578,0.7928
730.0000,0.9238,0.9302,0.9483,1.0118,1.2537,0.8570,0.7919
735.0000,0.9255,0.9410,0.9380,1.0537,1.2312,0.7806,0.7727
740.0000,0.9231,0.9543,0.9278,1.1002,1.1896,0.7029,0.7948
745.0000,0.9049,0.9791,0.9089,1.1611,1.1035,0.6785,0.7666
750.0000,0.9287,0.9787,0.9098,1.2120,1.0030,0.6748,0.7456
755.0000,0.9266,0.9858,0.9206,1.2469,0.9067,0.6655,0.7705
760.0000,0.9182,0.9937,0.9401,1.2708,0.7970,0.7005,0.7383
765.0000,0.9482,0.9756,0.9892,1.2612,0.7109,0.7298,0.7231
770.0000,0.9617,0.9637,1.0474,1.2280,0.6428,0.7642,0.6972
775.0000,0.9879,0.9446,1.1211,1.1639,0.6094,0.7796,0.6952
780.0000,0.9811,0.9499,1.1858,1.0827,0.6039,0.7793,0.7030
785.0000,1.0096,0.9446,1.2491,0.9905,0.6112,0.7918,0.6645
790.0000,1.0385,0.9514,1.2981,0.8888,0.6513,0.7614,0.7003
795.0000,1.0163,1.0048,1.2999,0.8075,0.6854,0.7412,0.7126
800.0000,1.0324,1.0484,1.2821,0.7377,0.7197,0.7241,0.7143
805.0000,1.0306,1.1109,1.2272,0.6916,0.7461,0.7062,0.7258
810.0000,1.0589,1.1562,1.1552,0.6648,0.7614,0.6984,0.7248
815.0000,1.0686,1.2041,1.0607,0.6595,0.7671,0.6886,0.7404
820.0000,1.0748,1.2328,0.9609,0.6708,0.7583,0.6946,0.7319
825.0000,1.0636,1.2424,0.8650,0.6913,0.7427,0.7049,0.7243
830.0000,1.1214,1.1911,0.8023,0.7038,0.7342,0.7080,0.7270
835.0000,1.1257,1.1384,0.7472,0.7207,0.7208,0.7171,0.7202
840.0000,1.1251,1.0645,0.7162,0.7301,0.7132,0.7217,0.7192
845.0000,1.0989,0.9904,0.6993,0.7354,0.7086,0.7244,0.7198
850.0000,1.0779,0.9068,0.7016,0.7333,0.7083,0.7271,0.7158
855.0000,1.0298,0.8425,0.7065,0.7298,0.7107,0.7255,0.7192
860.0000,0.9611,0.8005,0.7094,0.7277,0.7119,0.7254,0.7199
865.0000,0.9057,0.7670,0.7148,0.7247,0.7133,0.7270,0.7158
870.0000,0.8616,0.7416,0.7216,0.7201,0.7175,0.7243,0.7180
875.0000,0.8184,0.7286,0.7250,0.7172,0.7206,0.7220,0.7190
880.0000,0.7826,0.7247,0.7246,0.7167,0.7215,0.7222,0.7164
885.0000,0.7569,0.7236,0.7238,0.7162,0.7232,0.7200,0.7183
890.0000,0.7454,0.7211,0.7239,0.7156,0.7248,0.7178,0.7199
895.0000,0.7329,0.7237,0.7208,0.7173,0.7239,0.7179,0.7197
900.0000,0.7262,0.7250,0.7186,0.7188,0.7233,0.7173,0.7218
905.0000,0.7260,0.7234,0.7178,0.7198,0.7224,0.7175,0.7235
910.0000,0.7234,0.7239,0.7160,0.7218,0.7201,0.7195,0.7238
915.0000,0.7212,0.7239,0.7149,0.7233,0.7184,0.7211,0.7256
920.0000,0.7225,0.7216,0.7156,0.7237,0.7172,0.7230,0.7274
925.0000,0.7213,0.7210,0.7157,0.7246,0.7154,0.7269,0.7262
930.0000,0.7201,0.7201,0.7167,0.7242,0.7153,0.7289,0.7282
935.0000,0.7207,0.7180,0.7189,0.7228,0.7164,0.7306,0.7296
940.0000,0.7201,0.7172,0.7204,0.7219,0.7169,0.7342,0.7260
945.0000,0.7194,0.7167,0.7222,0.7201,0.7195,0.7347,0.7271
950.0000,0.7178,0.7171,0.7233,0.7184,0.7227,0.7346,0.7267
955.0000,0.7187,0.7171,0.7241,0.7174,0.7250,0.7363,0.7200
960.0000,0.7179,0.7182,0.7243,0.7162,0.7293,0.7329,0.7221
965.0000,0.7165,0.7201,0.7233,0.7161,0.7327,0.7299,0.7216
970.0000,0.7185,0.7204,0.7226,0.7165,0.7357,0.7262,0.7209
975.0000,0.7174,0.7228,0.7200,0.7188,0.7363,0.7241,0.7179
980.0000,0.7160,0.7248,0.7175,0.7214,0.7369,0.7200,0.7191
985.0000,0.7196,0.7237,0.7164,0.7240,0.7360,0.7172,0.7190
990.0000,0.7195,0.7243,0.7145,0.7277,0.7333,0.7157,0.7190
995.0000,0.7178,0.7249,0.7130,0.7314,0.7295,0.7152,0.7190
1000.0000,0.7208,0.7223,0.7140,0.7339,0.7257,0.7154,0.7190
1005.0000,0.7202,0.7215,0.7149,0.7362,0.7212,0.7168,0.7185
1010.0000,0.7193,0.7205,0.7169,0.7372,0.7175,0.7180,0.7196
1015.0000,0.7203,0.7184,0.7205,0.7366,0.7148,0.7192,0.7206
1020.0000,0.7197,0.7178,0.7237,0.7356,0.7120,0.7223,0.7187
1025.0000,0.7195,0.7173,0.7277,0.7329,0.7115,0.7232,0.7205
1030.0000,0.7196,0.7173,0.7315,0.7294,0.7120,0.7239,0.7216
1035.0000,0.7201,0.7181,0.7343,0.7262,0.7122,0.7266,0.7180
1040.0000,0.7203,0.7197,0.7366,0.7221,0.7149,0.7256,0.7206
1045.0000,0.7210,0.7218,0.7375,0.7186,0.7177,0.7249,0.7212
1050.0000,0.7217,0.7249,0.7365,0.7165,0.7193,0.7260,0.7176
1055.0000,0.7210,0.7289,0.7342,0.7149,0.7220,0.7240,0.7197
1060.0000,0.7243,0.7303,0.7322,0.7135,0.7248,0.7216,0.7217
1065.0000,0.7252,0.7330,0.7281,0.7143,0.7253,0.7216,0.7204
1070.0000,0.7256,0.7347,0.7240,0.7154,0.7260,0.7202,0.7232
1075.0000,0.7239,0.7364,0.7197,0.7175,0.7255,0.7198,0.7253
1080.0000,0.7290,0.7335,0.7174,0.7193,0.7243,0.7211,0.7254
1085.0000,0.7289,0.7321,0.7150,0.7214,0.7230,0.7219,0.7286
1090.0000,0.7274,0.7303,0.7134,0.7234,0.7212,0.7240,0.7305
1095.0000,0.7288,0.7264,0.7136,0.7246,0.7199,0.7266,0.7321
1100.0000,0.7270,0.7242,0.7137,0.7258,0.7182,0.7306,0.7319
1105.0000,0.7244,0.7221,0.7148,0.7259,0.7182,0.7330,0.7340
1110.0000,0.7243,0.7188,0.7175,0.7247,0.7196,0.7347,0.7363
1115.0000,0.7225,0.7174,0.7193,0.7241,0.7203,0.7385,0.7347
1120.0000,0.7211,0.7161,0.7217,0.7222,0.7235,0.7388,0.7386
1125.0000,0.7203,0.7153,0.7240,0.7205,0.7270,0.7392,0.7415
1130.0000,0.7192,0.7158,0.7249,0.7198,0.7295,0.7415,0.7410
1135.0000,0.7175,0.7175,0.7250,0.7194,0.7327,0.7420,0.7438
1140.0000,0.7181,0.7184,0.7249,0.7195,0.7358,0.7427,0.7455
1145.0000,0.7172,0.7211,0.7231,0.7211,0.7375,0.7448,0.7450
1150.0000,0.7161,0.7236,0.7212,0.7229,0.7395,0.7456,0.7467
1155.0000,0.7192,0.7234,0.7205,0.7247,0.7415,0.7464,0.7476
1160.0000,0.7187,0.7252,0.7184,0.7278,0.7419,0.7489,0.7454
1165.0000,0.7189,0.7256,0.7177,0.7302,0.7436,0.7487,0.7476
1170.0000,0.7217,0.7237,0.7186,0.7321,0.7455,0.7484,0.7493
1175.0000,0.7220,0.7231,0.7191,0.7348,0.7458,0.7502,0.7474
1180.0000,0.7218,0.7222,0.7204,0.7367,0.7473,0.7495,0.7507
1185.0000,0.7225,0.7209,0.7226,0.7384,0.7484,0.7494,0.7529
1190.0000,0.7221,0.7207,0.7243,0.7407,0.7482,0.7513,0.7523
1195.0000,0.7212,0.7212,0.7262,0.7425,0.7485,0.7519,0.7551
1200.0000,0.7187,0.7231,0.7276,0.7445,0.7484,0.7532,0.7570
1205.0000,0.7214,0.7231,0.7301,0.7461,0.7478,0.7565,0.7552
1210.0000,0.7208,0.7250,0.7320,0.7473,0.7482,0.7577,0.7577
1215.0000,0.7205,0.7271,0.7340,0.7482,0.7488,0.7593,0.7590
1220.0000,0.7239,0.7274,0.7372,0.7481,0.7504,0.7601,0.7604
1225.0000,0.7248,0.7294,0.7391,0.7487,0.7510,0.7628,0.7584
1230.0000,0.7262,0.7309,0.7416,0.7482,0.7537,0.7621,0.7618
1235.0000,0.7290,0.7318,0.7442,0.7477,0.7565,0.7615,0.7648
1240.0000,0.7303,0.7340,0.7454,0.7483,0.7578,0.7630,0.7650
1245.0000,0.7300,0.7373,0.7458,0.7490,0.7596,0.7629,0.7694
1250.0000,0.7335,0.7386,0.7466,0.7499,0.7608,0.7642,0.7720
1255.0000,0.7346,0.7414,0.7462,0.7518,0.7610,0.7668,0.7738
1260.0000,0.7351,0.7441,0.7456,0.7537,0.7612,0.7694,0.7767
1265.0000,0.7388,0.7445,0.7462,0.7551,0.7618,0.7723,0.7793
1270.0000,0.7393,0.7468,0.7456,0.7574,0.7613,0.7771,0.7790
1275.0000,0.7401,0.7478,0.7463,0.7586,0.7627,0.7797,0.7827
1280.0000,0.7435,0.7468,0.7484,0.7589,0.7652,0.7816,0.7868
1285.0000,0.7445,0.7473,0.7495,0.7600,0.7665,0.7863,0.7860
1290.0000,0.7457,0.7469,0.7518,0.7598,0.7703,0.7871,0.7927
1295.0000,0.7469,0.7466,0.7541,0.7598,0.7741,0.7886,0.7985
1300.0000,0.7473,0.7474,0.7553,0.7609,0.7765,0.7927,0.8009
1305.0000,0.7469,0.7490,0.7563,0.7620,0.7799,0.7950,0.8087
1310.0000,0.7483,0.7500,0.7571,0.7637,0.7825,0.7993,0.8138
1315.0000,0.7485,0.7522,0.7570,0.7663,0.7843,0.8052,0.8173
1320.0000,0.7482,0.7547,0.7568,0.7689,0.7868,0.8103,0.8241
1325.0000,0.7454,0.7582,0.7561,0.7719,0.7894,0.8161,0.8305
1330.0000,0.7511,0.7576,0.7575,0.7745,0.7919,0.8242,0.8324
1335.0000,0.7519,0.7587,0.7585,0.7769,0.7961,0.8298,0.8397
1340.0000,0.7532,0.7589,0.7606,0.7787,0.8014,0.8349,0.8477
1345.0000,0.7563,0.7579,0.7638,0.7801,0.8078,0.8395,0.8562
1350.0000,0.7574,0.7584,0.7660,0.7827,0.8129,0.8469,0.8614
1355.0000,0.7579,0.7591,0.7686,0.7850,0.8196,0.8522,0.8710
1360.0000,0.7594,0.7598,0.7715,0.7875,0.8268,0.8572,0.8824
1365.0000,0.7596,0.7621,0.7729,0.7916,0.8323,0.8653,0.8917
1370.0000,0.7578,0.7659,0.7738,0.7962,0.8387,0.8719,0.9082
1375.0000,0.7616,0.7673,0.7758,0.8011,0.8443,0.8815,0.9236
1380.0000,0.7624,0.7707,0.7767,0.8074,0.8489,0.8938,0.9399
1385.0000,0.7633,0.7734,0.7787,0.8128,0.8556,0.9042,0.9687
1390.0000,0.7677,0.7741,0.7824,0.8180,0.8627,0.9173,1.0033
1395.0000,0.7689,0.7772,0.7846,0.8251,0.8674,0.9382,1.0394
1400.0000,0.7705,0.7800,0.7874,0.8324,0.8717,0.9663,1.0747
1405.0000,0.7747,0.7809,0.7924,0.8383,0.8789,0.9974,1.1189
1410.0000,0.7768,0.7833,0.7971,0.8445,0.8874,1.0357,1.1657
1415.0000,0.7769,0.7882,0.8003,0.8528,0.8940,1.0902,1.1851
1420.0000,0.7818,0.7898,0.8069,0.8579,0.9085,1.1450,1.1998
1425.0000,0.7846,0.7927,0.8146,0.8610,0.9321,1.1971,1.2040
1430.0000,0.7865,0.7970,0.8216,0.8650,0.9602,1.2544,1.1583
1435.0000,0.7920,0.7980,0.8334,0.8634,1.0069,1.2867,1.1024
1440.0000,0.7976,0.7998,0.8443,0.8636,1.0607,1.3068,0.9958
1445.0000,0.8059,0.7990,0.8592,0.8597,1.1354,1.2775,0.9049
1450.0000,0.8206,0.7954,0.8761,0.8558,1.2242,1.1972,0.8233
1455.0000,0.8142,0.8081,0.8761,0.8735,1.2881,1.1171,0.6683
1460.0000,0.8234,0.8109,0.8840,0.8881,1.3686,0.9450,0.6808
1465.0000,0.8250,0.8261,0.8744,0.9307,1.4020,0.7916,0.6474
1470.0000,0.8240,0.8481,0.8524,0.9987,1.3845,0.6582,0.6091
1475.0000,0.8149,0.8765,0.8262,1.0804,1.3301,0.5240,0.6308
1480.0000,0.7918,0.9153,0.7902,1.1847,1.2076,0.4613,0.5942
1485.0000,0.8300,0.9166,0.7824,1.2795,1.0520,0.4374,0.5631
1490.0000,0.8257,0.9290,0.7911,1.3513,0.8974,0.4039,0.6185
1495.0000,0.8077,0.9445,0.8112,1.4126,0.7056,0.4606,0.5604
1500.0000,0.8588,0.9129,0.8838,1.4198,0.5465,0.5144,0.5289
1505.0000,0.8778,0.8907,0.9774,1.3839,0.4194,0.5698,0.4978
1510.0000,0.9176,0.8547,1.1014,1.2951,0.3439,0.6063,0.4882
1515.0000,0.9081,0.8550,1.2187,1.1717,0.3172,0.6166,0.4989
1520.0000,0.9537,0.8393,1.3382,1.0241,0.3162,0.6473,0.4338
1525.0000,1.0046,0.8412,1.4398,0.8532,0.3755,0.6045,0.4927
1530.0000,0.9624,0.9260,1.4653,0.7104,0.4313,0.5754,0.5150
1535.0000,0.9924,0.9926,1.4615,0.5814,0.4919,0.5515,0.5121
1540.0000,0.9991,1.0938,1.3950,0.4879,0.5466,0.5185,0.5363
1545.0000,1.0347,1.1848,1.2870,0.4308,0.5814,0.5028,0.5375
1550.0000,1.0558,1.2736,1.1418,0.4081,0.6032,0.4819,0.5650
1555.0000,1.0402,1.3580,0.9663,0.4243,0.5934,0.4913,0.5487
1560.0000,1.1414,1.3352,0.8317,0.4398,0.5846,0.5000,0.5343
1565.0000,1.1608,1.3125,0.6933,0.4728,0.5671,0.5045,0.5409
1570.0000,1.1737,1.2403,0.5891,0.5043,0.5464,0.5177,0.5274
1575.0000,1.1910,1.1239,0.5260,0.5250,0.5333,0.5240,0.5225
1580.0000,1.1605,1.0026,0.4869,0.5412,0.5215,0.5311,0.5131
1585.0000,1.1162,0.8740,0.4764,0.5464,0.5185,0.5293,0.5174
1590.0000,1.0454,0.7631,0.4782,0.5476,0.5172,0.5277,0.5196
1595.0000,0.9407,0.6833,0.4822,0.5484,0.5156,0.5267,0.5212
1600.0000,0.8733,0.6004,0.5034,0.5407,0.5189,0.5250,0.5200
1605.0000,0.7770,0.5589,0.5135,0.5375,0.5196,0.5234,0.5228
1610.0000,0.6977,0.5341,0.5215,0.5347,0.5196,0.5232,0.5240
1615.0000,0.6329,0.5246,0.5250,0.5337,0.5180,0.5252,0.5228
1620.0000,0.5916,0.5178,0.5300,0.5308,0.5186,0.5252,0.5245
1625.0000,0.5655,0.5143,0.5344,0.5275,0.5197,0.5252,0.5257
1630.0000,0.5436,0.5179,0.5346,0.5262,0.5195,0.5270,0.5244
1635.0000,0.5305,0.5219,0.5345,0.5245,0.5204,0.5274,0.5254
1640.0000,0.5280,0.5231,0.5352,0.5222,0.5221,0.5273,0.5259
1645.0000,0.5251,0.5266,0.5338,0.5213,0.5228,0.5286,0.5235
1650.0000,0.5239,0.5293,0.5322,0.5203,0.5245,0.5279,0.5245
1655.0000,0.5262,0.5301,0.5309,0.5195,0.5262,0.5272,0.5241
1660.0000,0.5267,0.5317,0.5284,0.5199,0.5267,0.5276,0.5211
1665.0000,0.5266,0.5329,0.5259,0.5205,0.5278,0.5263,0.5208
1670.0000,0.5290,0.5318,0.5245,0.5207,0.5291,0.5242,0.5208
1675.0000,0.5293,0.5315,0.5224,0.5221,0.5289,0.5236,0.5181
1680.0000,0.5290,0.5306,0.5210,0.5233,0.5291,0.5214,0.5191
1685.0000,0.5276,0.5298,0.5197,0.5247,0.5287,0.5193,0.5201
1690.0000,0.5289,0.5274,0.5195,0.5260,0.5273,0.5187,0.5196
1695.0000,0.5274,0.5263,0.5191,0.5274,0.5258,0.5176,0.5217
1700.0000,0.5249,0.5258,0.5189,0.5289,0.5235,0.5179,0.5232
1705.0000,0.5259,0.5237,0.5198,0.5297,0.5209,0.5194,0.5234
1710.0000,0.5243,0.5231,0.5206,0.5303,0.5186,0.5209,0.5250
1715.0000,0.5225,0.5228,0.5217,0.5303,0.5166,0.5231,0.5262
1720.0000,0.5232,0.5215,0.5238,0.5292,0.5156,0.5251,0.5274
1725.0000,0.5224,0.5215,0.5253,0.5281,0.5146,0.5284,0.5263
1730.0000,0.5218,0.5215,0.5272,0.5259,0.5157,0.5296,0.5282
1735.0000,0.5225,0.5212,0.5292,0.5232,0.5176,0.5304,0.5297
1740.0000,0.5226,0.5219,0.5301,0.5212,0.5191,0.5326,0.5280
1745.0000,0.5224,0.5229,0.5307,0.5189,0.5223,0.5322,0.5303
1750.0000,0.5233,0.5237,0.5307,0.5170,0.5255,0.5318,0.5317
1755.0000,0.5235,0.5253,0.5293,0.5165,0.5277,0.5326,0.5308
1760.0000,0.5229,0.5272,0.5271,0.5165,0.5299,0.5323,0.5315
1765.0000,0.5247,0.5276,0.5252,0.5171,0.5318,0.5321,0.5314
1770.0000,0.5242,0.5293,0.5220,0.5190,0.5324,0.5329,0.5294
1775.0000,0.5235,0.5303,0.5192,0.5211,0.5334,0.5322,0.5298
1780.0000,0.5260,0.5285,0.5179,0.5228,0.5342,0.5314,0.5293
1785.0000,0.5257,0.5279,0.5162,0.5255,0.5337,0.5319,0.5266
1790.0000,0.5250,0.5266,0.5156,0.5276,0.5337,0.5308,0.5266
1795.0000,0.5258,0.5239,0.5165,0.5290,0.5339,0.5293,0.5264
1800.0000,0.5251,0.5220,0.5173,0.5308,0.5330,0.5292,0.5237
1805.0000,0.5239,0.5205,0.5188,0.5320,0.5326,0.5277,0.5234
1810.0000,0.5220,0.5197,0.5204,0.5330,0.5320,0.5262,0.5230
1815.0000,0.5220,0.5187,0.5225,0.5338,0.5307,0.5258,0.5201
1820.0000,0.5204,0.5191,0.5243,0.5342,0.5297,0.5243,0.5200
1825.0000,0.5181,0.5205,0.5256,0.5346,0.5286,0.5228,0.5198
1830.0000,0.5198,0.5207,0.5276,0.5347,0.5269,0.5227,0.5165
1835.0000,0.5196,0.5221,0.5291,0.5342,0.5260,0.5206,0.5186
1840.0000,0.5195,0.5237,0.5303,0.5338,0.5247,0.5194,0.5193
1845.0000,0.5218,0.5244,0.5319,0.5329,0.5234,0.5186,0.5198
1850.0000,0.5222,0.5263,0.5324,0.5324,0.5215,0.5191,0.5193
1855.0000,0.5228,0.5279,0.5330,0.5314,0.5202,0.5189,0.5207
1860.0000,0.5253,0.5284,0.5338,0.5299,0.5192,0.5191,0.5219
1865.0000,0.5261,0.5298,0.5337,0.5289,0.5176,0.5206,0.5219
1870.0000,0.5257,0.5317,0.5331,0.5277,0.5168,0.5215,0.5236
1875.0000,0.5284,0.5316,0.5334,0.5259,0.5166,0.5226,0.5248
1880.0000,0.5291,0.5325,0.5326,0.5246,0.5160,0.5249,0.5241
1885.0000,0.5296,0.5330,0.5319,0.5229,0.5166,0.5259,0.5255
1890.0000,0.5312,0.5324,0.5316,0.5210,0.5179,0.5268,0.5265
1895.0000,0.5314,0.5325,0.5304,0.5199,0.5186,0.5290,0.5244
1900.0000,0.5312,0.5323,0.5293,0.5184,0.5208,0.5287,0.5263
1905.0000,0.5319,0.5313,0.5283,0.5171,0.5231,0.5284,0.5273
1910.0000,0.5314,0.5312,0.5263,0.5170,0.5243,0.5295,0.5253
1915.0000,0.5302,0.5311,0.5244,0.5170,0.5263,0.5287,0.5267
1920.0000,0.5307,0.5296,0.5230,0.5172,0.5282,0.5278,0.5277
1925.0000,0.5296,0.5292,0.5207,0.5185,0.5287,0.5282,0.5264
1930.0000,0.5281,0.5287,0.5188,0.5199,0.5294,0.5276,0.5275
1935.0000,0.5255,0.5283,0.5169,0.5218,0.5295,0.5274,0.5281
1940.0000,0.5270,0.5258,0.5164,0.5234,0.5291,0.5282,0.5264
1945.0000,0.5254,0.5246,0.5159,0.5251,0.5289,0.5277,0.5285
1950.0000,0.5229,0.5238,0.5156,0.5267,0.5284,0.5278,0.5298
1955.0000,0.5238,0.5214,0.5166,0.5280,0.5273,0.5294,0.5285
1960.0000,0.5223,0.5204,0.5176,0.5289,0.5270,0.5294,0.5313
1965.0000,0.5207,0.5197,0.5189,0.5295,0.5266,0.5303,0.5328
1970.0000,0.5210,0.5184,0.5209,0.5296,0.5264,0.5314,0.5339
1975.0000,0.5201,0.5184,0.5225,0.5298,0.5259,0.5337,0.5334
1980.0000,0.5190,0.5188,0.5242,0.5294,0.5264,0.5348,0.5344
1985.0000,0.5196,0.5187,0.5261,0.5286,0.5274,0.5357,0.5348
1990.0000,0.5193,0.5199,0.5271,0.5283,0.5280,0.5377,0.5327
1995.0000,0.5184,0.5217,0.5279,0.5276,0.5299,0.5374,0.5340
2000.0000,0.5203,0.5221,0.5292,0.5265,0.5324,0.5364,0.5356
2005.0000,0.5208,0.5237,0.5291,0.5266,0.5336,0.5371,0.5343
2010.0000,0.5213,0.5252,0.5290,0.5265,0.5356,0.5358,0.5368
2015.0000,0.5231,0.5258,0.5289,0.5269,0.5370,0.5350,0.5387
2020.0000,0.5235,0.5274,0.5277,0.5283,0.5371,0.5357,0.5392
2025.0000,0.5235,0.5288,0.5265,0.5298,0.5371,0.5363,0.5408
2030.0000,0.5257,0.5286,0.5261,0.5313,0.5367,0.5376,0.5414
2035.0000,0.5258,0.5293,0.5252,0.5333,0.5356,0.5399,0.5409
2040.0000,0.5250,0.5302,0.5245,0.5350,0.5349,0.5420,0.5404
2045.0000,0.5272,0.5288,0.5257,0.5356,0.5353,0.5430,0.5403
2050.0000,0.5273,0.5284,0.5264,0.5365,0.5350,0.5455,0.5365
2055.0000,0.5274,0.5276,0.5281,0.5363,0.5366,0.5450,0.5370
2060.0000,0.5275,0.5269,0.5302,0.5357,0.5388,0.5436,0.5373
2065.0000,0.5282,0.5262,0.5320,0.5356,0.5400,0.5440,0.5325
2070.0000,0.5283,0.5261,0.5339,0.5349,0.5426,0.5408,0.5348
2075.0000,0.5275,0.5271,0.5347,0.5350,0.5441,0.5386,0.5342
2080.0000,0.5279,0.5282,0.5351,0.5358,0.5445,0.5375,0.5309
2085.0000,0.5272,0.5304,0.5347,0.5370,0.5448,0.5349,0.5313
2090.0000,0.5258,0.5331,0.5336,0.5388,0.5439,0.5330,0.5304
2095.0000,0.5289,0.5334,0.5337,0.5401,0.5429,0.5310,0.5298
2100.0000,0.5284,0.5357,0.5326,0.5424,0.5404,0.5303,0.5282
2105.0000,0.5285,0.5368,0.5323,0.5439,0.5383,0.5287,0.5291
2110.0000,0.5320,0.5356,0.5337,0.5446,0.5362,0.5276,0.5298
2115.0000,0.5330,0.5354,0.5347,0.5453,0.5333,0.5279,0.5298
2120.0000,0.5334,0.5352,0.5362,0.5452,0.5309,0.5279,0.5316
2125.0000,0.5347,0.5343,0.5384,0.5444,0.5286,0.5288,0.5327
2130.0000,0.5350,0.5343,0.5402,0.5433,0.5264,0.5308,0.5329
2135.0000,0.5347,0.5350,0.5418,0.5416,0.5250,0.5326,0.5340
2140.0000,0.5354,0.5354,0.5435,0.5394,0.5244,0.5344,0.5347
2145.0000,0.5352,0.5369,0.5441,0.5374,0.5237,0.5377,0.5321
2150.0000,0.5352,0.5383,0.5447,0.5346,0.5251,0.5381,0.5337
2155.0000,0.5369,0.5388,0.5453,0.5316,0.5274,0.5383,0.5342
2160.0000,0.5377,0.5401,0.5445,0.5295,0.5289,0.5400,0.5304
2165.0000,0.5382,0.5412,0.5436,0.5272,0.5321,0.5383,0.5321
2170.0000,0.5397,0.5413,0.5425,0.5254,0.5356,0.5359,0.5339
2175.0000,0.5403,0.5420,0.5400,0.5251,0.5373,0.5354,0.5323
2180.0000,0.5399,0.5428,0.5371,0.5254,0.5392,0.5332,0.5349
2185.0000,0.5374,0.5443,0.5332,0.5270,0.5396,0.5322,0.5366
2190.0000,0.5402,0.5427,0.5306,0.5288,0.5392,0.5322,0.5374
2195.0000,0.5387,0.5427,0.5273,0.5315,0.5378,0.5328,0.5392
2200.0000,0.5368,0.5422,0.5246,0.5343,0.5358,0.5343,0.5405
2205.0000,0.5389,0.5388,0.5242,0.5362,0.5341,0.5364,0.5417
2210.0000,0.5374,0.5369,0.5237,0.5382,0.5320,0.5394,0.5419
2215.0000,0.5358,0.5344,0.5246,0.5390,0.5310,0.5420,0.5426
2220.0000,0.5359,0.5310,0.5270,0.5387,0.5311,0.5440,0.5431
2225.0000,0.5348,0.5287,0.5294,0.5381,0.5313,0.5472,0.5406
2230.0000,0.5334,0.5268,0.5325,0.5363,0.5338,0.5473,0.5417
2235.0000,0.5319,0.5260,0.5353,0.5345,0.5367,0.5471,0.5416
2240.0000,0.5307,0.5262,0.5370,0.5333,0.5390,0.5479,0.5379
2245.0000,0.5292,0.5275,0.5382,0.5320,0.5426,0.5456,0.5386
2250.0000,0.5293,0.5287,0.5388,0.5312,0.5461,0.5426,0.5393
2255.0000,0.5288,0.5313,0.5377,0.5320,0.5477,0.5412,0.5375
2260.0000,0.5281,0.5341,0.5360,0.5334,0.5490,0.5386,0.5385
2265.0000,0.5306,0.5350,0.5347,0.5352,0.5493,0.5365,0.5394
2270.0000,0.5303,0.5375,0.5321,0.5384,0.5478,0.5358,0.5397
2275.0000,0.5301,0.5391,0.5301,0.5415,0.5457,0.5353,0.5415
2280.0000,0.5335,0.5378,0.5300,0.5439,0.5433,0.5356,0.5436
2285.0000,0.5339,0.5376,0.5296,0.5466,0.5400,0.5375,0.5453
2290.0000,0.5339,0.5369,0.5305,0.5482,0.5373,0.5389,0.5506
2295.0000,0.5353,0.5347,0.5330,0.5483,0.5357,0.5404,0.5589
2300.0000,0.5354,0.5336,0.5354,0.5484,0.5332,0.5452,0.5655
2305.0000,0.5351,0.5327,0.5384,0.5473,0.5324,0.5493,0.5791
2310.0000,0.5344,0.5327,0.5412,0.5457,0.5320,0.5556,0.5946
2315.0000,0.5348,0.5329,0.5437,0.5441,0.5315,0.5660,0.6096
2320.0000,0.5346,0.5339,0.5458,0.5417,0.5332,0.5760,0.6355
2325.0000,0.5340,0.5359,0.5470,0.5394,0.5359,0.5894,0.6659
2330.0000,0.5354,0.5376,0.5474,0.5377,0.5385,0.6088,0.6982
2335.0000,0.5350,0.5408,0.5463,0.5367,0.5422,0.6332,0.7353
2340.0000,0.5349,0.5435,0.5449,0.5356,0.5488,0.6610,0.7814
2345.0000,0.5386,0.5434,0.5451,0.5333,0.5601,0.6908,0.8413
2350.0000,0.5396,0.5448,0.5431,0.5334,0.5712,0.7316,0.9053
2355.0000,0.5386,0.5473,0.5391,0.5364,0.5815,0.7880,0.9586
2360.0000,0.5423,0.5452,0.5392,0.5359,0.6034,0.8402,1.0364
2365.0000,0.5429,0.5446,0.5377,0.5381,0.6274,0.9046,1.1155
2370.0000,0.5431,0.5431,0.5373,0.5403,0.6598,0.9725,1.2112
2375.0000,0.5432,0.5429,0.5340,0.5488,0.6893,1.0664,1.2775
2380.0000,0.5422,0.5419,0.5333,0.5558,0.7333,1.1563,1.3544
2385.0000,0.5414,0.5399,0.5348,0.5630,0.7903,1.2439,1.4422
2390.0000,0.5413,0.5377,0.5370,0.5733,0.8566,1.3351,1.5220
2395.0000,0.5410,0.5363,0.5388,0.5890,0.9297,1.4318,1.5849
2400.0000,0.5407,0.5352,0.5416,0.6090,1.0131,1.5248,1.6333
2440.0000,0.5499,0.5804,0.6114,1.0753,1.7836,1.8441,1.7981
2445.0000,0.5529,0.5974,0.6365,1.1778,1.8408,1.8382,1.7714
2450.0000,0.5576,0.6154,0.6725,1.2829,1.8848,1.8205,1.7439
2455.0000,0.5807,0.6276,0.7244,1.3863,1.9150,1.7942,1.7124
2460.0000,0.5942,0.6506,0.7841,1.4893,1.9282,1.7635,1.6765
2465.0000,0.6162,0.6740,0.8587,1.5842,1.9298,1.7243,1.6465
2470.0000,0.6437,0.7027,0.9441,1.6714,1.9159,1.6871,1.6091
2475.0000,0.6725,0.7408,1.0376,1.7481,1.8909,1.6472,1.5768
2480.0000,0.7103,0.7858,1.1385,1.8119,1.8560,1.6082,1.5464
2485.0000,0.7481,0.8434,1.2406,1.8641,1.8098,1.5771,1.5093
2490.0000,0.8011,0.9037,1.3481,1.8985,1.7622,1.5441,1.4785
2495.0000,0.8392,0.9866,1.4454,1.9222,1.7084,1.5172,1.4436
2500.0000,0.9060,1.0655,1.5444,1.9268,1.6598,1.4855,1.4201
2505.0000,0.9827,1.1458,1.6375,1.9181,1.6106,1.4614,1.3892
2510.0000,1.0667,1.2270,1.7227,1.8954,1.5671,1.4359,1.3633
2515.0000,1.1376,1.3182,1.7920,1.8634,1.5290,1.4077,1.3453
2520.0000,1.2086,1.4148,1.8421,1.8279,1.4890,1.3897,1.3142
2525.0000,1.3034,1.4930,1.8872,1.7801,1.4627,1.3585,1.3130
2530.0000,1.3815,1.5746,1.9110,1.7338,1.4338,1.3379,1.2989
2535.0000,1.4602,1.6472,1.9203,1.6869,1.4069,1.3214,1.2818
2540.0000,1.5150,1.7241,1.9080,1.6445,1.3806,1.3062,1.2700
2545.0000,1.5950,1.7727,1.8930,1.5990,1.3608,1.2892,1.2629
2550.0000,1.6617,1.8101,1.8672,1.5575,1.3405,1.2780,1.2500
2555.0000,1.7094,1.8400,1.8311,1.5201,1.3218,1.2676,1.2395
2560.0000,1.7243,1.8695,1.7833,1.4889,1.3027,1.2595,1.2281
2565.0000,1.7770,1.8645,1.7436,1.4557,1.2881,1.2528,1.2097
2570.0000,1.8036,1.8525,1.7019,1.4242,1.2787,1.2384,1.2103
2575.0000,1.8190,1.8298,1.6612,1.3955,1.2696,1.2272,1.2041
2580.0000,1.8205,1.8011,1.6208,1.3699,1.2613,1.2168,1.1971
2585.0000,1.8069,1.7721,1.5787,1.3490,1.2514,1.2092,1.1873
2590.0000,1.7874,1.7383,1.5394,1.3298,1.2436,1.1987,1.1843
2595.0000,1.7665,1.7000,1.5031,1.3132,1.2348,1.1911,1.1778
2600.0000,1.7356,1.6644,1.4669,1.3001,1.2247,1.1853,1.1703
2605.0000,1.7004,1.6288,1.4334,1.2887,1.2147,1.1801,1.1626
2610.0000,1.6717,1.5881,1.4063,1.2767,1.2068,1.1733,1.1566
2615.0000,1.6335,1.5540,1.3787,1.2678,1.1967,1.1697,1.1462
2620.0000,1.6019,1.5164,1.3574,1.2572,1.1896,1.1632,1.1396
2625.0000,1.5692,1.4799,1.3400,1.2462,1.1843,1.1547,1.1344
2630.0000,1.5324,1.4500,1.3221,1.2375,1.1768,1.1498,1.1233
2635.0000,1.4989,1.4213,1.3074,1.2280,1.1714,1.1415,1.1176
2640.0000,1.4694,1.3939,1.2950,1.2185,1.1667,1.1323,1.1120
2645.0000,1.4433,1.3681,1.2841,1.2098,1.1607,1.1257,1.1014
2650.0000,1.4085,1.3519,1.2705,1.2026,1.1551,1.1153,1.1012
2655.0000,1.3871,1.3325,1.2599,1.1954,1.1486,1.1073,1.0973
2660.0000,1.3646,1.3174,1.2481,1.1900,1.1399,1.1021,1.0911
2665.0000,1.3449,1.3028,1.2377,1.1842,1.1317,1.0962,1.0887
2670.0000,1.3290,1.2877,1.2291,1.1779,1.1237,1.0908,1.0870
2675.0000,1.3099,1.2776,1.2185,1.1733,1.1136,1.0892,1.0821
2680.0000,1.2938,1.2669,1.2098,1.1674,1.1049,1.0867,1.0811
2685.0000,1.2809,1.2550,1.2031,1.1604,1.0975,1.0848,1.0800
2690.0000,1.2723,1.2418,1.1980,1.1527,1.0900,1.0862,1.0728
2695.0000,1.2591,1.2320,1.1925,1.1440,1.0858,1.0831,1.0770
2700.0000,1.2458,1.2236,1.1868,1.1354,1.0820,1.0819,1.0780
2705.0000,1.2384,1.2134,1.1822,1.1261,1.0798,1.0807,1.0786
2710.0000,1.2296,1.2052,1.1763,1.1178,1.0772,1.0822,1.0752
2715.0000,1.2174,1.1996,1.1692,1.1097,1.0766,1.0809,1.0771
2720.0000,1.2114,1.1918,1.1627,1.1019,1.0769,1.0802,1.0770
2725.0000,1.2019,1.1872,1.1536,1.0964,1.0758,1.0818,1.0730
2730.0000,1.1932,1.1819,1.1447,1.0910,1.0766,1.0808,1.0726
2735.0000,1.1893,1.1737,1.1373,1.0857,1.0785,1.0788,1.0717
2740.0000,1.1809,1.1685,1.1275,1.0831,1.0783,1.0792,1.0661
2745.0000,1.1717,1.1631,1.1182,1.0810,1.0793,1.0767,1.0643
2750.0000,1.1683,1.1537,1.1116,1.0784,1.0813,1.0724,1.0631
2755.0000,1.1612,1.1465,1.1038,1.0781,1.0808,1.0708,1.0571
2760.0000,1.1525,1.1393,1.0971,1.0778,1.0811,1.0661,1.0562
2765.0000,1.1476,1.1300,1.0924,1.0776,1.0809,1.0612,1.0549
2770.0000,1.1402,1.1226,1.0873,1.0789,1.0783,1.0588,1.0500
2775.0000,1.1304,1.1167,1.0829,1.0801,1.0761,1.0538,1.0520
2780.0000,1.1254,1.1088,1.0806,1.0810,1.0726,1.0508,1.0516
2785.0000,1.1176,1.1038,1.0775,1.0829,1.0671,1.0504,1.0492
2790.0000,1.1103,1.0991,1.0759,1.0837,1.0620,1.0495,1.0495
2795.0000,1.1065,1.0927,1.0765,1.0832,1.0575,1.0490,1.0495
2800.0000,1.1004,1.0893,1.0764,1.0828,1.0518,1.0514,1.0456
2805.0000,1.0948,1.0862,1.0774,1.0808,1.0481,1.0520,1.0456
2810.0000,1.0898,1.0836,1.0790,1.0776,1.0457,1.0524,1.0447
2815.0000,1.0892,1.0799,1.0813,1.0738,1.0431,1.0556,1.0358
2820.0000,1.0860,1.0782,1.0834,1.0684,1.0443,1.0525,1.0390
2825.0000,1.0822,1.0781,1.0841,1.0633,1.0456,1.0502,1.0384
2830.0000,1.0820,1.0772,1.0847,1.0581,1.0478,1.0469,1.0371
2835.0000,1.0802,1.0783,1.0828,1.0546,1.0483,1.0459,1.0311
2840.0000,1.0773,1.0801,1.0802,1.0511,1.0507,1.0401,1.0333
2845.0000,1.0792,1.0796,1.0773,1.0485,1.0519,1.0356,1.0334
2850.0000,1.0775,1.0814,1.0718,1.0483,1.0506,1.0334,1.0315
2855.0000,1.0737,1.0836,1.0655,1.0490,1.0486,1.0305,1.0330
2860.0000,1.0777,1.0807,1.0616,1.0493,1.0461,1.0286,1.0339
2865.0000,1.0759,1.0802,1.0561,1.0512,1.0417,1.0290,1.0343
2870.0000,1.0731,1.0787,1.0515,1.0528,1.0370,1.0301,1.0353
2875.0000,1.0752,1.0733,1.0499,1.0529,1.0328,1.0322,1.0353
2880.0000,1.0729,1.0698,1.0480,1.0533,1.0280,1.0365,1.0319
2885.0000,1.0698,1.0655,1.0481,1.0517,1.0259,1.0381,1.0328
2890.0000,1.0688,1.0600,1.0498,1.0486,1.0254,1.0393,1.0324
2895.0000,1.0663,1.0560,1.0511,1.0457,1.0244,1.0432,1.0248
2900.0000,1.0630,1.0526,1.0533,1.0408,1.0278,1.0403,1.0280
2905.0000,1.0602,1.0501,1.0549,1.0361,1.0314,1.0376,1.0284
2910.0000,1.0573,1.0494,1.0544,1.0332,1.0332,1.0378,1.0219
2915.0000,1.0544,1.0496,1.0534,1.0301,1.0369,1.0330,1.0244
2920.0000,1.0534,1.0494,1.0516,1.0280,1.0400,1.0284,1.0261
2925.0000,1.0510,1.0512,1.0473,1.0285,1.0400,1.0268,1.0235
2930.0000,1.0481,1.0533,1.0423,1.0298,1.0396,1.0238,1.0255
2935.0000,1.0423,1.0564,1.0361,1.0327,1.0371,1.0228,1.0258
2940.0000,1.0481,1.0530,1.0332,1.0349,1.0340,1.0235,1.0236
2945.0000,1.0459,1.0527,1.0292,1.0376,1.0305,1.0234,1.0252
2950.0000,1.0434,1.0510,1.0267,1.0398,1.0267,1.0245,1.0253
2955.0000,1.0469,1.0453,1.0275,1.0401,1.0241,1.0256,1.0252
2960.0000,1.0454,1.0418,1.0280,1.0405,1.0207,1.0287,1.0216
2965.0000,1.0434,1.0378,1.0304,1.0388,1.0202,1.0285,1.0230
2970.0000,1.0426,1.0335,1.0338,1.0360,1.0207,1.0280,1.0233
2975.0000,1.0401,1.0314,1.0360,1.0338,1.0202,1.0300,1.0186
2980.0000,1.0375,1.0303,1.0384,1.0304,1.0224,1.0276,1.0206
2985.0000,1.0362,1.0294,1.0404,1.0270,1.0250,1.0249,1.0222
2990.0000,1.0338,1.0310,1.0399,1.0254,1.0255,1.0251,1.0194
2995.0000,1.0309,1.0337,1.0385,1.0240,1.0269,1.0227,1.0219
3000.0000,1.0327,1.0343,1.0372,1.0229,1.0278,1.0208,1.0237
3005.0000,1.0314,1.0372,1.0336,1.0239,1.0264,1.0218,1.0225
3010.0000,1.0300,1.0395,1.0301,1.0248,1.0256,1.0211,1.0259
3015.0000,1.0338,1.0380,1.0284,1.0253,1.0245,1.0217,1.0278
3020.0000,1.0335,1.0384,1.0253,1.0271,1.0218,1.0248,1.0269
3025.0000,1.0321,1.0383,1.0230,1.0282,1.0200,1.0269,1.0285
3030.0000,1.0347,1.0347,1.0233,1.0279,1.0193,1.0292,1.0286
3035.0000,1.0339,1.0328,1.0229,1.0282,1.0177,1.0338,1.0237
3040.0000,1.0327,1.0306,1.0237,1.0270,1.0188,1.0347,1.0235
3045.0000,1.0327,1.0272,1.0259,1.0246,1.0218,1.0335,1.0242
3050.0000,1.0313,1.0256,1.0268,1.0234,1.0231,1.0354,1.0166
3055.0000,1.0293,1.0245,1.0280,1.0213,1.0272,1.0318,1.0184
3060.0000,1.0259,1.0250,1.0282,1.0199,1.0309,1.0274,1.0194
3065.0000,1.0269,1.0243,1.0279,1.0199,1.0324,1.0263,1.0134
3070.0000,1.0249,1.0257,1.0266,1.0201,1.0348,1.0205,1.0187
3075.0000,1.0216,1.0281,1.0238,1.0221,1.0346,1.0174,1.0199
3080.0000,1.0247,1.0274,1.0223,1.0243,1.0331,1.0157,1.0202
3085.0000,1.0224,1.0298,1.0189,1.0280,1.0295,1.0158,1.0203
3090.0000,1.0198,1.0314,1.0163,1.0315,1.0253,1.0166,1.0206
3095.0000,1.0247,1.0282,1.0169,1.0333,1.0218,1.0177,1.0208
3100.0000,1.0238,1.0277,1.0167,1.0353,1.0172,1.0209,1.0188
3105.0000,1.0221,1.0268,1.0179,1.0357,1.0144,1.0225,1.0196
3110.0000,1.0250,1.0229,1.0219,1.0339,1.0137,1.0230,1.0208
3115.0000,1.0248,1.0210,1.0251,1.0321,1.0122,1.0263,1.0167
3120.0000,1.0245,1.0193,1.0291,1.0286,1.0138,1.0254,1.0191
3125.0000,1.0238,1.0187,1.0325,1.0247,1.0161,1.0242,1.0208
3130.0000,1.0234,1.0193,1.0343,1.0220,1.0171,1.0260,1.0166
3135.0000,1.0219,1.0214,1.0351,1.0189,1.0202,1.0234,1.0204
3140.0000,1.0227,1.0232,1.0349,1.0167,1.0225,1.0220,1.0216
3145.0000,1.0221,1.0269,1.0322,1.0165,1.0228,1.0231,1.0188
3150.0000,1.0201,1.0313,1.0285,1.0168,1.0237,1.0216,1.0215
3155.0000,1.0246,1.0312,1.0264,1.0169,1.0246,1.0208,1.0228
3160.0000,1.0250,1.0331,1.0224,1.0188,1.0232,1.0225,1.0206
3165.0000,1.0242,1.0343,1.0190,1.0205,1.0227,1.0222,1.0234
3170.0000,1.0282,1.0312,1.0181,1.0212,1.0227,1.0220,1.0258
3175.0000,1.0283,1.0298,1.0164,1.0229,1.0208,1.0247,1.0241
3180.0000,1.0275,1.0277,1.0160,1.0237,1.0204,1.0254,1.0275
3185.0000,1.0249,1.0262,1.0159,1.0243,1.0200,1.0266,1.0302
3190.0000,1.0267,1.0225,1.0172,1.0245,1.0189,1.0307,1.0271
3195.0000,1.0246,1.0210,1.0183,1.0241,1.0197,1.0316,1.0310
3200.0000,1.0213,1.0205,1.0192,1.0237,1.0205,1.0334,1.0324
3205.0000,1.0221,1.0184,1.0212,1.0225,1.0225,1.0344,1.0336
3210.0000,1.0202,1.0189,1.0216,1.0223,1.0232,1.0377,1.0304
3215.0000,1.0178,1.0197,1.0223,1.0213,1.0263,1.0369,1.0331
3220.0000,1.0196,1.0187,1.0237,1.0202,1.0297,1.0361,1.0343
3225.0000,1.0188,1.0200,1.0232,1.0206,1.0312,1.0376,1.0313
3230.0000,1.0169,1.0218,1.0224,1.0210,1.0339,1.0360,1.0337
3235.0000,1.0196,1.0211,1.0227,1.0214,1.0365,1.0345,1.0351
3240.0000,1.0192,1.0226,1.0211,1.0235,1.0369,1.0353,1.0334
3245.0000,1.0180,1.0240,1.0197,1.0255,1.0377,1.0341,1.0361
3250.0000,1.0207,1.0230,1.0197,1.0274,1.0381,1.0335,1.0382
3255.0000,1.0197,1.0245,1.0181,1.0307,1.0363,1.0356,1.0372
3260.0000,1.0187,1.0251,1.0176,1.0332,1.0354,1.0361,1.0403
3265.0000,1.0215,1.0230,1.0191,1.0347,1.0347,1.0373,1.0426
3270.0000,1.0213,1.0228,1.0198,1.0369,1.0326,1.0413,1.0411
3275.0000,1.0203,1.0227,1.0215,1.0378,1.0322,1.0428,1.0447
3280.0000,1.0220,1.0209,1.0247,1.0375,1.0328,1.0444,1.0475
3285.0000,1.0217,1.0209,1.0270,1.0378,1.0322,1.0490,1.0449
3290.0000,1.0211,1.0215,1.0296,1.0370,1.0339,1.0504,1.0482
3295.0000,1.0222,1.0213,1.0327,1.0354,1.0366,1.0513,1.0505
3300.0000,1.0223,1.0229,1.0342,1.0351,1.0379,1.0552,1.0463
3305.0000,1.0221,1.0249,1.0356,1.0340,1.0415,1.0549,1.0494
3310.0000,1.0196,1.0286,1.0356,1.0337,1.0448,1.0545,1.0511
3315.0000,1.0243,1.0292,1.0362,1.0340,1.0469,1.0568,1.0456
3320.0000,1.0247,1.0317,1.0357,1.0343,1.0507,1.0542,1.0507
3325.0000,1.0247,1.0342,1.0346,1.0357,1.0533,1.0528,1.0529
3330.0000,1.0290,1.0340,1.0344,1.0372,1.0553,1.0518,1.0541
3335.0000,1.0287,1.0365,1.0323,1.0404,1.0551,1.0529,1.0531
3340.0000,1.0277,1.0383,1.0308,1.0435,1.0552,1.0526,1.0548
3345.0000,1.0323,1.0365,1.0315,1.0459,1.0551,1.0529,1.0556
3350.0000,1.0323,1.0370,1.0311,1.0493,1.0535,1.0551,1.0540
3355.0000,1.0306,1.0378,1.0314,1.0519,1.0525,1.0560,1.0551
3360.0000,1.0343,1.0352,1.0343,1.0530,1.0526,1.0562,1.0561
3365.0000,1.0342,1.0349,1.0363,1.0547,1.0514,1.0589,1.0531
3370.0000,1.0338,1.0346,1.0392,1.0549,1.0520,1.0586,1.0551
3375.0000,1.0351,1.0338,1.0429,1.0544,1.0533,1.0579,1.0569
3380.0000,1.0347,1.0350,1.0452,1.0549,1.0529,1.0602,1.0531
3385.0000,1.0346,1.0361,1.0481,1.0540,1.0549,1.0582,1.0583
3390.0000,1.0362,1.0370,1.0508,1.0532,1.0564,1.0573,1.0613
3395.0000,1.0368,1.0396,1.0517,1.0537,1.0560,1.0595,1.0604
3400.0000,1.0357,1.0434,1.0517,1.0542,1.0564,1.0597,1.0647
3405.0000,1.0394,1.0447,1.0527,1.0543,1.0568,1.0610,1.0674
3410.0000,1.0402,1.0479,1.0519,1.0557,1.0556,1.0649,1.0665
3415.0000,1.0409,1.0506,1.0513,1.0565,1.0557,1.0671,1.0697
3420.0000,1.0393,1.0537,1.0505,1.0573,1.0559,1.0698,1.0714
3425.0000,1.0460,1.0522,1.0517,1.0574,1.0562,1.0744,1.0679
3430.0000,1.0472,1.0527,1.0525,1.0570,1.0585,1.0755,1.0709
3435.0000,1.0464,1.0536,1.0531,1.0566,1.0612,1.0762,1.0728
3440.0000,1.0506,1.0521,1.0545,1.0565,1.0630,1.0799,1.0666
3445.0000,1.0511,1.0519,1.0559,1.0555,1.0678,1.0772,1.0738
3450.0000,1.0501,1.0528,1.0562,1.0555,1.0716,1.0755,1.0785
3455.0000,1.0522,1.0524,1.0569,1.0559,1.0748,1.0744,1.0826
3460.0000,1.0510,1.0545,1.0554,1.0583,1.0756,1.0761,1.0847
3465.0000,1.0489,1.0570,1.0537,1.0611,1.0762,1.0775,1.0892
3470.0000,1.0526,1.0562,1.0537,1.0635,1.0765,1.0799,1.0936
3475.0000,1.0518,1.0579,1.0522,1.0672,1.0752,1.0846,1.0969
3480.0000,1.0490,1.0602,1.0509,1.0708,1.0740,1.0896,1.1011
3485.0000,1.0540,1.0577,1.0528,1.0727,1.0740,1.0953,1.1038
3490.0000,1.0539,1.0577,1.0540,1.0749,1.0737,1.1027,1.1032
3495.0000,1.0540,1.0570,1.0567,1.0754,1.0761,1.1073,1.1064
3500.0000,1.0560,1.0549,1.0610,1.0745,1.0806,1.1104,1.1094
3505.0000,1.0565,1.0545,1.0642,1.0745,1.0840,1.1167,1.1044
3510.0000,1.0568,1.0542,1.0683,1.0729,1.0914,1.1160,1.1101
3515.0000,1.0571,1.0549,1.0716,1.0720,1.0988,1.1151,1.1137
3520.0000,1.0572,1.0572,1.0728,1.0731,1.1038,1.1174,1.1106
3525.0000,1.0562,1.0607,1.0732,1.0745,1.1103,1.1146,1.1180
3530.0000,1.0588,1.0629,1.0734,1.0772,1.1152,1.1133,1.1230
3535.0000,1.0591,1.0671,1.0714,1.0822,1.1169,1.1150,1.1253
3540.0000,1.0588,1.0715,1.0691,1.0880,1.1180,1.1161,1.1319
3545.0000,1.0549,1.0770,1.0661,1.0950,1.1171,1.1194,1.1383
3550.0000,1.0640,1.0752,1.0672,1.1007,1.1156,1.1252,1.1421
3555.0000,1.0651,1.0764,1.0679,1.1064,1.1141,1.1313,1.1487
3560.0000,1.0639,1.0775,1.0699,1.1111,1.1130,1.1383,1.1556
3565.0000,1.0706,1.0743,1.0750,1.1143,1.1121,1.1488,1.1563
3570.0000,1.0722,1.0731,1.0811,1.1154,1.1146,1.1553,1.1659
3575.0000,1.0727,1.0726,1.0878,1.1152,1.1191,1.1615,1.1758
3580.0000,1.0745,1.0722,1.0955,1.1135,1.1263,1.1654,1.1900
3585.0000,1.0756,1.0741,1.1011,1.1133,1.1316,1.1749,1.1984
3590.0000,1.0768,1.0765,1.1071,1.1113,1.1419,1.1765,1.2283
3595.0000,1.0788,1.0790,1.1135,1.1077,1.1573,1.1704,1.2858
3600.0000,1.0803,1.0851,1.1141,1.1107,1.1625,1.1826,1.3431
3605.0000,1.0795,1.0927,1.1136,1.1139,1.1703,1.1916,1.4538
3610.0000,1.0848,1.1000,1.1081,1.1256,1.1616,1.2387,1.5533
3615.0000,1.0858,1.1087,1.1022,1.1369,1.1555,1.2961,1.6946
3620.0000,1.0859,1.1155,1.0985,1.1466,1.1533,1.3680,1.8968
3625.0000,1.0964,1.1159,1.0970,1.1576,1.1466,1.4826,2.1216
3630.0000,1.0955,1.1216,1.0945,1.1680,1.1451,1.6324,2.3967
3635.0000,1.0915,1.1307,1.0857,1.1885,1.1259,1.8826,2.5489
3640.0000,1.1055,1.1218,1.0973,1.1872,1.1523,2.1298,2.7694
3645.0000,1.1081,1.1166,1.1128,1.1772,1.2124,2.4012,2.9891
