150.0000,1.4048,1.3969,1.3747,1.3545,1.3474,1.3531,1.3528
155.0000,1.4024,1.3911,1.3722,1.3520,1.3486,1.3529,1.3551
160.0000,1.3970,1.3879,1.3679,1.3515,1.3478,1.3564,1.3519
165.0000,1.3903,1.3853,1.3641,1.3503,1.3491,1.3559,1.3565
170.0000,1.3890,1.3799,1.3621,1.3489,1.3506,1.3560,1.3594
175.0000,1.3842,1.3773,1.3582,1.3495,1.3499,1.3599,1.3565
180.0000,1.3791,1.3746,1.3554,1.3493,1.3512,1.3602,1.3611
185.0000,1.3780,1.3694,1.3543,1.3486,1.3531,1.3607,1.3644
190.0000,1.3738,1.3670,1.3517,1.3498,1.3527,1.3650,1.3615
195.0000,1.3691,1.3648,1.3500,1.3501,1.3544,1.3655,1.3667
200.0000,1.3625,1.3637,1.3481,1.3509,1.3558,1.3669,1.3702
205.0000,1.3645,1.3588,1.3482,1.3516,1.3561,1.3718,1.3660
210.0000,1.3607,1.3571,1.3477,1.3520,1.3586,1.3721,1.3720
215.0000,1.3549,1.3567,1.3469,1.3529,1.3606,1.3735,1.3753
220.0000,1.3572,1.3530,1.3476,1.3540,1.3613,1.3785,1.3702
225.0000,1.3540,1.3524,1.3479,1.3545,1.3646,1.3780,1.3769
230.0000,1.3502,1.3524,1.3478,1.3556,1.3673,1.3788,1.3805
235.0000,1.3523,1.3498,1.3495,1.3561,1.3704,1.3794,1.3835
240.0000,1.3499,1.3507,1.3490,1.3584,1.3713,1.3831,1.3820
245.0000,1.3469,1.3516,1.3492,1.3600,1.3739,1.3833,1.3868
250.0000,1.3499,1.3496,1.3511,1.3611,1.3767,1.3840,1.3903
255.0000,1.3487,1.3507,1.3511,1.3639,1.3773,1.3878,1.3899
260.0000,1.3459,1.3525,1.3513,1.3663,1.3791,1.3891,1.3951
265.0000,1.3496,1.3508,1.3536,1.3678,1.3813,1.3905,1.3996
270.0000,1.3489,1.3523,1.3541,1.3708,1.3815,1.3953,1.4003
275.0000,1.3475,1.3539,1.3552,1.3729,1.3832,1.3975,1.4071
280.0000,1.3509,1.3530,1.3579,1.3743,1.3853,1.4004,1.4131
285.0000,1.3506,1.3548,1.3589,1.3772,1.3853,1.4074,1.4138
290.0000,1.3503,1.3563,1.3610,1.3787,1.3878,1.4109,1.4218
295.0000,1.3536,1.3557,1.3645,1.3793,1.3913,1.4147,1.4298
300.0000,1.3541,1.3576,1.3661,1.3815,1.3926,1.4231,1.4314
305.0000,1.3535,1.3601,1.3681,1.3827,1.3967,1.4276,1.4422
310.0000,1.3571,1.3602,1.3713,1.3834,1.4012,1.4337,1.4497
315.0000,1.3581,1.3627,1.3726,1.3856,1.4042,1.4434,1.4512
320.0000,1.3585,1.3652,1.3744,1.3869,1.4102,1.4487,1.4630
325.0000,1.3557,1.3695,1.3751,1.3890,1.4163,1.4551,1.4733
330.0000,1.3627,1.3694,1.3773,1.3915,1.4212,1.4659,1.4748
335.0000,1.3638,1.3719,1.3786,1.3940,1.4286,1.4723,1.4858
340.0000,1.3639,1.3746,1.3797,1.3969,1.4366,1.4787,1.4966
345.0000,1.3691,1.3749,1.3814,1.4010,1.4427,1.4900,1.4976
350.0000,1.3694,1.3777,1.3826,1.4050,1.4517,1.4954,1.5118
355.0000,1.3693,1.3802,1.3839,1.4097,1.4605,1.5018,1.5243
360.0000,1.3747,1.3798,1.3869,1.4144,1.4695,1.5090,1.5360
365.0000,1.3747,1.3830,1.3877,1.4216,1.4759,1.5200,1.5440
370.0000,1.3743,1.3859,1.3896,1.4285,1.4839,1.5289,1.5572
375.0000,1.3800,1.3854,1.3939,1.4348,1.4926,1.5379,1.5712
380.0000,1.3809,1.3882,1.3966,1.4431,1.4990,1.5512,1.5815
385.0000,1.3796,1.3921,1.3999,1.4511,1.5070,1.5625,1.5980
390.0000,1.3858,1.3922,1.4059,1.4583,1.5157,1.5755,1.6127
395.0000,1.3873,1.3956,1.4107,1.4668,1.5232,1.5919,1.6237
400.0000,1.3885,1.3991,1.4170,1.4740,1.5338,1.6046,1.6446
405.0000,1.3939,1.4008,1.4250,1.4806,1.5454,1.6188,1.6646
410.0000,1.3962,1.4057,1.4312,1.4892,1.5550,1.6385,1.6782
415.0000,1.3991,1.4106,1.4386,1.4968,1.5676,1.6558,1.6972
420.0000,1.4050,1.4141,1.4475,1.5035,1.5828,1.6717,1.7198
425.0000,1.4089,1.4205,1.4543,1.5126,1.5956,1.6938,1.7337
430.0000,1.4111,1.4284,1.4613,1.5212,1.6124,1.7108,1.7604
435.0000,1.4192,1.4337,1.4694,1.5304,1.6290,1.7316,1.7798
440.0000,1.4249,1.4414,1.4759,1.5416,1.6448,1.7558,1.7928
445.0000,1.4301,1.4491,1.4834,1.5522,1.6646,1.7742,1.8186
450.0000,1.4298,1.4601,1.4892,1.5648,1.6843,1.7940,1.8414
455.0000,1.4435,1.4650,1.4978,1.5781,1.7029,1.8190,1.8525
460.0000,1.4507,1.4725,1.5061,1.5918,1.7246,1.8385,1.8727
465.0000,1.4571,1.4802,1.5152,1.6062,1.7474,1.8566,1.8922
470.0000,1.4676,1.4864,1.5249,1.6228,1.7676,1.8800,1.8973
475.0000,1.4726,1.4960,1.5343,1.6397,1.7908,1.8963,1.9119
480.0000,1.4795,1.5044,1.5457,1.6568,1.8154,1.9088,1.9265
485.0000,1.4911,1.5109,1.5592,1.6743,1.8400,1.9193,1.9389
490.0000,1.4973,1.5221,1.5702,1.6956,1.8599,1.9335,1.9421
495.0000,1.5043,1.5333,1.5826,1.7173,1.8794,1.9446,1.9428
500.0000,1.5175,1.5416,1.5983,1.7382,1.8995,1.9509,1.9426
505.0000,1.5262,1.5539,1.6125,1.7617,1.9152,1.9585,1.9326
510.0000,1.5322,1.5683,1.6282,1.7840,1.9325,1.9564,1.9326
515.0000,1.5484,1.5784,1.6473,1.8058,1.9471,1.9533,1.9245
520.0000,1.5600,1.5925,1.6652,1.8291,1.9567,1.9510,1.9074
525.0000,1.5707,1.6080,1.6843,1.8515,1.9646,1.9433,1.8898
530.0000,1.5873,1.6211,1.7066,1.8713,1.9718,1.9295,1.8721
535.0000,1.5992,1.6397,1.7262,1.8928,1.9720,1.9181,1.8414
575.0000,1.7329,1.8012,1.8961,1.9789,1.8637,1.6954,1.6059
580.0000,1.7625,1.8183,1.9148,1.9765,1.8331,1.6649,1.5625
585.0000,1.7841,1.8373,1.9321,1.9684,1.8049,1.6235,1.5453
590.0000,1.8037,1.8565,1.9458,1.9585,1.7704,1.5907,1.5120
595.0000,1.8268,1.8722,1.9588,1.9438,1.7352,1.5576,1.4797
600.0000,1.8429,1.8913,1.9662,1.9271,1.6972,1.5275,1.4448
605.0000,1.8604,1.9066,1.9728,1.9045,1.6626,1.4912,1.4247
610.0000,1.8804,1.9187,1.9760,1.8797,1.6249,1.4623,1.3956
615.0000,1.8907,1.9345,1.9725,1.8535,1.5861,1.4361,1.3654
620.0000,1.9057,1.9432,1.9690,1.8214,1.5530,1.4034,1.3521
625.0000,1.9216,1.9479,1.9615,1.7883,1.5178,1.3786,1.3314
630.0000,1.9325,1.9512,1.9493,1.7541,1.4829,1.3570,1.3106
635.0000,1.9299,1.9582,1.9296,1.7203,1.4486,1.3381,1.2903
640.0000,1.9413,1.9528,1.9122,1.6816,1.4211,1.3144,1.2811
645.0000,1.9422,1.9490,1.8877,1.6456,1.3914,1.2989,1.2659
650.0000,1.9424,1.9394,1.8620,1.6079,1.3662,1.2816,1.2607
655.0000,1.9405,1.9256,1.8336,1.5711,1.3421,1.2688,1.2536
660.0000,1.9307,1.9120,1.8006,1.5366,1.3183,1.2609,1.2445
665.0000,1.9142,1.8969,1.7651,1.5029,1.2984,1.2518,1.2446
670.0000,1.9061,1.8712,1.7333,1.4669,1.2858,1.2373,1.2629
675.0000,1.8893,1.8470,1.6965,1.4364,1.2690,1.2353,1.2751
680.0000,1.8722,1.8176,1.6614,1.4059,1.2572,1.2315,1.3110
685.0000,1.8495,1.7882,1.6232,1.3812,1.2402,1.2459,1.3333
690.0000,1.8188,1.7619,1.5828,1.3593,1.2257,1.2643,1.3680
695.0000,1.7879,1.7324,1.5445,1.3382,1.2154,1.2878,1.4176
700.0000,1.7618,1.6972,1.5102,1.3175,1.2088,1.3207,1.4726
705.0000,1.7362,1.6589,1.4790,1.2978,1.2062,1.3649,1.5307
710.0000,1.6975,1.6281,1.4451,1.2821,1.2059,1.4238,1.5765
715.0000,1.6614,1.5935,1.4181,1.2623,1.2221,1.4744,1.6580
720.0000,1.6354,1.5534,1.3974,1.2408,1.2503,1.5267,1.7573
725.0000,1.6087,1.5143,1.3766,1.2247,1.2801,1.5982,1.8535
730.0000,1.5707,1.4842,1.3522,1.2152,1.3134,1.6861,1.9415
735.0000,1.5380,1.4533,1.3313,1.2066,1.3610,1.7723,2.0527
740.0000,1.5046,1.4273,1.3082,1.2058,1.4132,1.8729,2.1629
745.0000,1.4740,1.4027,1.2854,1.2118,1.4718,1.9872,2.2605
750.0000,1.4467,1.3773,1.2672,1.2200,1.5473,2.0956,2.3760
755.0000,1.4132,1.3601,1.2457,1.2390,1.6272,2.2164,2.4792
760.0000,1.3892,1.3386,1.2308,1.2620,1.7216,2.3321,2.5927
765.0000,1.3691,1.3178,1.2173,1.2966,1.8172,2.4648,2.6652
770.0000,1.3431,1.3025,1.2068,1.3384,1.9254,2.5890,2.7249
810.0000,1.2477,1.2680,1.3555,1.9978,2.9464,2.8918,2.7292
815.0000,1.2540,1.2905,1.4003,2.1331,3.0180,2.8416,2.6634
820.0000,1.2621,1.3198,1.4552,2.2749,3.0634,2.7774,2.5867
825.0000,1.2565,1.3647,1.5167,2.4217,3.0783,2.7045,2.5009
830.0000,1.3020,1.3938,1.6032,2.5595,3.0710,2.6187,2.4160
835.0000,1.3375,1.4343,1.7031,2.6879,3.0422,2.5166,2.3642
840.0000,1.3755,1.4842,1.8140,2.8079,2.9797,2.4317,2.2833
845.0000,1.4252,1.5394,1.9398,2.9087,2.8983,2.3467,2.2147
850.0000,1.4630,1.6181,2.0679,2.9917,2.7987,2.2660,2.1609
855.0000,1.5348,1.6899,2.2130,3.0447,2.6923,2.1888,2.1273
860.0000,1.6080,1.7738,2.3588,3.0744,2.5723,2.1352,2.0867
865.0000,1.7003,1.8571,2.5106,3.0715,2.4572,2.0864,2.0670
870.0000,1.7782,1.9653,2.6461,3.0475,2.3405,2.0567,2.0485
875.0000,1.8652,2.0822,2.7685,2.9991,2.2325,2.0388,2.0390
880.0000,1.9723,2.1962,2.8783,2.9272,2.1371,2.0344,2.0311
885.0000,2.0612,2.3267,2.9599,2.8399,2.0570,2.0370,2.0341
890.0000,2.1754,2.4433,3.0260,2.7326,2.0034,2.0349,2.0574
895.0000,2.2956,2.5506,3.0661,2.6197,1.9602,2.0536,2.0597
900.0000,2.4138,2.6470,3.0820,2.4994,1.9435,2.0592,2.1004
905.0000,2.5086,2.7420,3.0635,2.3870,1.9355,2.0780,2.1286
910.0000,2.5882,2.8313,3.0117,2.2871,1.9339,2.1093,2.1419
915.0000,2.6664,2.8963,2.9408,2.1954,1.9469,2.1380,2.1558
920.0000,2.7502,2.9291,2.8576,2.1142,1.9708,2.1670,2.1555
925.0000,2.8055,2.9468,2.7565,2.0504,1.9998,2.1960,2.1355
965.0000,2.6332,2.4647,2.0239,2.0227,2.2813,1.8991,1.6341
970.0000,2.5647,2.3760,1.9807,2.0675,2.2670,1.7989,1.5255
975.0000,2.4929,2.2916,1.9527,2.1151,2.2339,1.6868,1.4182
980.0000,2.3887,2.2336,1.9296,2.1660,2.1807,1.5600,1.3398
985.0000,2.3281,2.1670,1.9269,2.2141,2.0984,1.4504,1.2367
990.0000,2.2541,2.1197,1.9343,2.2543,2.0003,1.3341,1.1571
995.0000,2.1977,2.0754,1.9578,2.2831,1.8809,1.2351,1.0614
1000.0000,2.1550,2.0347,1.9988,2.2910,1.7562,1.1332,0.9945
1005.0000,2.1106,2.0116,2.0454,2.2819,1.6220,1.0421,0.9432
1010.0000,2.0854,1.9941,2.0996,2.2528,1.4798,0.9753,0.8733
1015.0000,2.0581,1.9928,2.1539,2.2013,1.3427,0.9141,0.8241
1020.0000,2.0492,1.9966,2.2086,2.1267,1.2143,0.8624,0.7856
1025.0000,2.0385,2.0184,2.2501,2.0360,1.0932,0.8249,0.7468
1030.0000,2.0394,2.0464,2.2805,1.9272,0.9880,0.7928,0.7165
1035.0000,2.0544,2.0746,2.2972,1.8052,0.8971,0.7724,0.6768
1040.0000,2.0797,2.0997,2.3000,1.6691,0.8322,0.7400,0.6742
1045.0000,2.0931,2.1329,2.2756,1.5333,0.7791,0.7166,0.6660
1050.0000,2.1151,2.1584,2.2289,1.4004,0.7360,0.7044,0.6439
1055.0000,2.1293,2.1799,2.1591,1.2721,0.7096,0.6837,0.6483
1060.0000,2.1466,2.1870,2.0706,1.1529,0.6926,0.6652,0.6557
1065.0000,2.1485,2.1887,1.9582,1.0509,0.6763,0.6576,0.6547
1070.0000,2.1410,2.1738,1.8332,0.9622,0.6660,0.6497,0.6647
1075.0000,2.1293,2.1362,1.7020,0.8879,0.6568,0.6496,0.6672
1080.0000,2.1209,2.0716,1.5732,0.8241,0.6529,0.6489,0.6764
1085.0000,2.0715,2.0069,1.4360,0.7789,0.6442,0.6589,0.6690
1090.0000,2.0052,1.9275,1.3054,0.7433,0.6393,0.6666,0.6671
1095.0000,1.9643,1.8160,1.1956,0.7103,0.6421,0.6696,0.6687
1100.0000,1.9006,1.6977,1.0967,0.6848,0.6459,0.6736,0.6660
1105.0000,1.8042,1.5861,1.0052,0.6671,0.6515,0.6737,0.6700
1110.0000,1.7146,1.4669,0.9301,0.6526,0.6593,0.6724,0.6732
1115.0000,1.6103,1.3581,0.8623,0.6454,0.6642,0.6735,0.6729
1120.0000,1.5330,1.2369,0.8162,0.6362,0.6739,0.6694,0.6788
1125.0000,1.4177,1.1423,0.7698,0.6359,0.6775,0.6700,0.6802
1130.0000,1.3070,1.0612,0.7292,0.6397,0.6790,0.6707,0.6838
1135.0000,1.2025,0.9917,0.6945,0.6469,0.6776,0.6739,0.6850
1140.0000,1.1206,0.9233,0.6713,0.6532,0.6763,0.6774,0.6861
1145.0000,1.0481,0.8605,0.6570,0.6584,0.6757,0.6805,0.6878
1150.0000,0.9650,0.8178,0.6422,0.6664,0.6727,0.6852,0.6898
1155.0000,0.9090,0.7735,0.6378,0.6705,0.6725,0.6882,0.6931
1160.0000,0.8603,0.7353,0.6384,0.6733,0.6722,0.6933,0.6920
1165.0000,0.8144,0.7061,0.6418,0.6745,0.6743,0.6952,0.6970
1170.0000,0.7749,0.6840,0.6469,0.6747,0.6772,0.6971,0.7012
1175.0000,0.7429,0.6680,0.6526,0.6748,0.6794,0.7015,0.7005
1180.0000,0.7210,0.6547,0.6603,0.6731,0.6846,0.7019,0.7069
1185.0000,0.6977,0.6503,0.6648,0.6729,0.6885,0.7039,0.7110
1190.0000,0.6801,0.6507,0.6671,0.6741,0.6911,0.7079,0.7119
1195.0000,0.6653,0.6551,0.6674,0.6761,0.6940,0.7104,0.7169
1200.0000,0.6544,0.6607,0.6669,0.6785,0.6968,0.7132,0.7215
1205.0000,0.6577,0.6613,0.6686,0.6805,0.6994,0.7178,0.7223
1210.0000,0.6583,0.6633,0.6698,0.6826,0.7029,0.7203,0.7282
1215.0000,0.6585,0.6654,0.6708,0.6849,0.7063,0.7231,0.7339
1220.0000,0.6618,0.6660,0.6727,0.6871,0.7099,0.7262,0.7399
1225.0000,0.6622,0.6685,0.6733,0.6905,0.7122,0.7313,0.7441
1230.0000,0.6627,0.6706,0.6744,0.6936,0.7151,0.7358,0.7503
1235.0000,0.6664,0.6708,0.6768,0.6962,0.7187,0.7403,0.7576
1240.0000,0.6676,0.6725,0.6784,0.6996,0.7212,0.7469,0.7631
1245.0000,0.6675,0.6747,0.6803,0.7027,0.7249,0.7522,0.7732
1250.0000,0.6710,0.6751,0.6832,0.7055,0.7286,0.7593,0.7816
1255.0000,0.6723,0.6769,0.6856,0.7088,0.7320,0.7681,0.7889
1260.0000,0.6735,0.6786,0.6886,0.7115,0.7371,0.7754,0.8013
1265.0000,0.6761,0.6797,0.6921,0.7139,0.7429,0.7836,0.8144
1270.0000,0.6773,0.6823,0.6946,0.7175,0.7477,0.7951,0.8249
1275.0000,0.6786,0.6850,0.6975,0.7206,0.7541,0.8059,0.8390
1280.0000,0.6817,0.6866,0.7012,0.7233,0.7623,0.8161,0.8571
1285.0000,0.6831,0.6901,0.7034,0.7276,0.7692,0.8309,0.8718
1290.0000,0.6851,0.6931,0.7062,0.7315,0.7780,0.8448,0.8917
1295.0000,0.6888,0.6949,0.7100,0.7350,0.7892,0.8575,0.9187
1300.0000,0.6913,0.6982,0.7125,0.7404,0.7986,0.8764,0.9428
1305.0000,0.6925,0.7021,0.7150,0.7460,0.8103,0.8944,0.9792
1310.0000,0.6966,0.7049,0.7173,0.7536,0.8195,0.9220,1.0061
1315.0000,0.6991,0.7086,0.7197,0.7614,0.8309,0.9511,1.0373
1320.0000,0.7014,0.7120,0.7230,0.7690,0.8454,0.9811,1.0762
1325.0000,0.7011,0.7169,0.7260,0.7778,0.8607,1.0168,1.1113
1330.0000,0.7081,0.7181,0.7315,0.7862,0.8791,1.0565,1.1428
1335.0000,0.7109,0.7217,0.7363,0.7959,0.8992,1.1019,1.1569
1340.0000,0.7142,0.7243,0.7434,0.8042,0.9270,1.1417,1.1725
1345.0000,0.7193,0.7264,0.7517,0.8129,0.9592,1.1808,1.1724
1350.0000,0.7230,0.7298,0.7603,0.8225,0.9968,1.2145,1.1547
1355.0000,0.7293,0.7315,0.7716,0.8310,1.0442,1.2308,1.1344
1360.0000,0.7323,0.7361,0.7819,0.8422,1.0957,1.2333,1.0987
1365.0000,0.7378,0.7416,0.7902,0.8595,1.1439,1.2289,1.0313
1370.0000,0.7428,0.7484,0.7990,0.8791,1.1966,1.1957,0.9675
1375.0000,0.7470,0.7561,0.8087,0.9016,1.2513,1.1295,0.9171
1380.0000,0.7526,0.7674,0.8125,0.9375,1.2840,1.0656,0.8324
1385.0000,0.7565,0.7809,0.8159,0.9797,1.3058,0.9787,0.7625
1390.0000,0.7659,0.7928,0.8202,1.0293,1.3069,0.8837,0.6896
1395.0000,0.7679,0.8111,0.8227,1.0861,1.2843,0.7837,0.6240
1400.0000,0.7710,0.8281,0.8307,1.1439,1.2403,0.6785,0.5848
1405.0000,0.7913,0.8361,0.8470,1.2022,1.1651,0.5962,0.5283
1410.0000,0.7993,0.8498,0.8703,1.2520,1.0761,0.5098,0.5159
1415.0000,0.8016,0.8686,0.8972,1.2974,0.9571,0.4637,0.4641
1420.0000,0.8274,0.8730,0.9434,1.3213,0.8323,0.4320,0.4241
1425.0000,0.8432,0.8829,1.0000,1.3209,0.7134,0.4019,0.4147
1430.0000,0.8608,0.8956,1.0630,1.2988,0.5951,0.3972,0.3809
1435.0000,0.8805,0.9107,1.1326,1.2487,0.4956,0.3923,0.3661
1440.0000,0.9103,0.9248,1.2043,1.1746,0.4128,0.3982,0.3415
1445.0000,0.9454,0.9440,1.2707,1.0781,0.3565,0.3964,0.3395
1450.0000,0.9834,0.9721,1.3223,0.9673,0.3237,0.3901,0.3438
1455.0000,0.9895,1.0252,1.3415,0.8588,0.2980,0.3995,0.3166
1460.0000,1.0278,1.0655,1.3481,0.7416,0.3010,0.3844,0.3384
1465.0000,1.0584,1.1144,1.3223,0.6352,0.3104,0.3742,0.3466
1470.0000,1.0815,1.1639,1.2675,0.5429,0.3247,0.3646,0.3517
1475.0000,1.0985,1.2104,1.1851,0.4696,0.3374,0.3598,0.3504
1480.0000,1.1135,1.2420,1.0853,0.4131,0.3506,0.3530,0.3543
1485.0000,1.1532,1.2390,0.9827,0.3698,0.3632,0.3475,0.3552
1490.0000,1.1555,1.2316,0.8673,0.3456,0.3701,0.3424,0.3611
1495.0000,1.1442,1.2034,0.7540,0.3349,0.3706,0.3437,0.3581
1500.0000,1.1547,1.1368,0.6592,0.3286,0.3713,0.3448,0.3551
1505.0000,1.1267,1.0665,0.5705,0.3310,0.3694,0.3441,0.3586
1510.0000,1.0833,0.9845,0.4967,0.3375,0.3643,0.3474,0.3554
1515.0000,1.0373,0.8910,0.4415,0.3435,0.3601,0.3498,0.3538
1520.0000,0.9860,0.7904,0.4053,0.3469,0.3583,0.3503,0.3542
1525.0000,0.9105,0.7049,0.3759,0.3525,0.3544,0.3524,0.3529
1530.0000,0.8300,0.6292,0.3558,0.3573,0.3511,0.3541,0.3525
1535.0000,0.7524,0.5634,0.3434,0.3610,0.3477,0.3571,0.3489
1540.0000,0.6944,0.4971,0.3443,0.3591,0.3493,0.3555,0.3514
1545.0000,0.6208,0.4533,0.3432,0.3591,0.3492,0.3550,0.3526
1550.0000,0.5586,0.4197,0.3440,0.3589,0.3486,0.3565,0.3501
1555.0000,0.5131,0.3904,0.3490,0.3563,0.3506,0.3549,0.3523
1560.0000,0.4684,0.3733,0.3518,0.3547,0.3518,0.3541,0.3534
1565.0000,0.4327,0.3635,0.3532,0.3541,0.3519,0.3547,0.3522
1570.0000,0.4048,0.3587,0.3537,0.3536,0.3524,0.3543,0.3535
1575.0000,0.3854,0.3559,0.3542,0.3531,0.3529,0.3540,0.3544
1580.0000,0.3749,0.3533,0.3549,0.3526,0.3531,0.3547,0.3534
1585.0000,0.3649,0.3539,0.3543,0.3527,0.3534,0.3545,0.3548
1590.0000,0.3587,0.3545,0.3537,0.3528,0.3535,0.3547,0.3555
1595.0000,0.3575,0.3538,0.3538,0.3526,0.3538,0.3549,0.3561
1600.0000,0.3551,0.3544,0.3531,0.3531,0.3535,0.3559,0.3557
1605.0000,0.3534,0.3549,0.3526,0.3533,0.3537,0.3561,0.3566
1610.0000,0.3542,0.3541,0.3528,0.3532,0.3542,0.3563,0.3572
1615.0000,0.3537,0.3541,0.3525,0.3535,0.3541,0.3574,0.3567
1620.0000,0.3530,0.3542,0.3523,0.3536,0.3545,0.3576,0.3576
1625.0000,0.3538,0.3534,0.3527,0.3535,0.3552,0.3578,0.3582
1630.0000,0.3535,0.3533,0.3526,0.3537,0.3553,0.3587,0.3574
1635.0000,0.3529,0.3533,0.3527,0.3538,0.3560,0.3588,0.3582
1640.0000,0.3533,0.3528,0.3531,0.3538,0.3567,0.3587,0.3587
1645.0000,0.3529,0.3530,0.3529,0.3543,0.3569,0.3596,0.3576
1650.0000,0.3523,0.3532,0.3529,0.3545,0.3576,0.3592,0.3589
1655.0000,0.3529,0.3529,0.3532,0.3547,0.3584,0.3590,0.3597
1660.0000,0.3527,0.3532,0.3530,0.3553,0.3583,0.3597,0.3590
1665.0000,0.3521,0.3535,0.3530,0.3558,0.3590,0.3590,0.3619
1670.0000,0.3529,0.3530,0.3537,0.3557,0.3602,0.3573,0.3683
1675.0000,0.3528,0.3533,0.3536,0.3566,0.3597,0.3585,0.3732
1680.0000,0.3528,0.3533,0.3541,0.3567,0.3608,0.3566,0.3918
1685.0000,0.3517,0.3543,0.3536,0.3581,0.3592,0.3602,0.4092
1690.0000,0.3530,0.3541,0.3536,0.3594,0.3569,0.3672,0.4318
1695.0000,0.3524,0.3549,0.3532,0.3609,0.3544,0.3777,0.4631
1700.0000,0.3507,0.3562,0.3528,0.3620,0.3523,0.3922,0.5060
1705.0000,0.3530,0.3556,0.3533,0.3629,0.3498,0.4152,0.5562
1710.0000,0.3522,0.3571,0.3523,0.3650,0.3454,0.4524,0.5984
1715.0000,0.3517,0.3572,0.3536,0.3641,0.3475,0.4910,0.6626
1720.0000,0.3542,0.3554,0.3567,0.3609,0.3551,0.5359,0.7411
1725.0000,0.3546,0.3550,0.3589,0.3581,0.3655,0.5940,0.8274
1730.0000,0.3545,0.3557,0.3593,0.3572,0.3767,0.6737,0.8953
1735.0000,0.3557,0.3545,0.3624,0.3524,0.4022,0.7523,0.9839
1740.0000,0.3567,0.3539,0.3648,0.3483,0.4361,0.8414,1.0724
1745.0000,0.3586,0.3527,0.3674,0.3440,0.4825,0.9348,1.1649
1750.0000,0.3571,0.3548,0.3658,0.3455,0.5334,1.0465,1.2255
1755.0000,0.3580,0.3549,0.3657,0.3468,0.6025,1.1510,1.2819
1795.0000,0.3585,0.3641,0.3451,0.6506,1.4588,1.4749,1.3869
1800.0000,0.3558,0.3713,0.3464,0.7500,1.5336,1.4427,1.3577
1805.0000,0.3498,0.3824,0.3532,0.8620,1.5847,1.4019,1.3245
1810.0000,0.3351,0.3995,0.3674,0.9836,1.6092,1.3572,1.2910
1815.0000,0.3579,0.3998,0.4053,1.1018,1.6153,1.3036,1.2724
1820.0000,0.3616,0.4129,0.4520,1.2226,1.5901,1.2664,1.2242
1825.0000,0.3603,0.4322,0.5150,1.3348,1.5458,1.2332,1.1774
1830.0000,0.3922,0.4409,0.6049,1.4262,1.4951,1.1932,1.1494
1835.0000,0.4158,0.4617,0.7076,1.5008,1.4327,1.1614,1.1160
1840.0000,0.4532,0.4864,0.8259,1.5529,1.3656,1.1370,1.0783
1845.0000,0.4770,0.5314,0.9480,1.5830,1.2997,1.1133,1.0469
1850.0000,0.5190,0.5842,1.0746,1.5898,1.2382,1.0933,1.0122
1855.0000,0.5808,0.6431,1.2024,1.5716,1.1903,1.0623,1.0024
1860.0000,0.6191,0.7320,1.3093,1.5430,1.1430,1.0403,0.9858
1865.0000,0.6921,0.8167,1.4082,1.4985,1.1029,1.0239,0.9612
1870.0000,0.7519,0.9223,1.4810,1.4475,1.0709,1.0029,0.9512
1875.0000,0.8269,1.0282,1.5333,1.3909,1.0459,0.9817,0.9452
1880.0000,0.9145,1.1282,1.5645,1.3340,1.0224,0.9686,0.9301
1885.0000,1.0009,1.2233,1.5739,1.2784,1.0040,0.9540,0.9217
1890.0000,1.0885,1.3060,1.5658,1.2255,0.9890,0.9408,0.9124
1895.0000,1.1512,1.3922,1.5309,1.1834,0.9707,0.9341,0.8968
1900.0000,1.2300,1.4457,1.4940,1.1403,0.9606,0.9200,0.8950
1905.0000,1.3086,1.4740,1.4529,1.1008,0.9522,0.9086,0.8885
1910.0000,1.3658,1.4888,1.4050,1.0676,0.9433,0.8994,0.8800
1915.0000,1.3926,1.4987,1.3490,1.0420,0.9331,0.8914,0.8729
1920.0000,1.4276,1.4828,1.2996,1.0171,0.9262,0.8816,0.8684
1925.0000,1.4406,1.4605,1.2489,0.9980,0.9172,0.8746,0.8617
1930.0000,1.4410,1.4287,1.2017,0.9818,0.9085,0.8679,0.8558
1935.0000,1.4268,1.3923,1.1577,0.9687,0.8994,0.8624,0.8489
1940.0000,1.4111,1.3478,1.1203,0.9564,0.8908,0.8578,0.8401
1945.0000,1.3791,1.3070,1.0847,0.9466,0.8825,0.8516,0.8369
1950.0000,1.3511,1.2610,1.0562,0.9366,0.8751,0.8460,0.8318
1955.0000,1.3159,1.2169,1.0316,0.9277,0.8671,0.8426,0.8223
1960.0000,1.2737,1.1786,1.0092,0.9193,0.8606,0.8360,0.8211
1965.0000,1.2329,1.1425,0.9904,0.9113,0.8541,0.8309,0.8167
1970.0000,1.1985,1.1068,0.9758,0.9026,0.8487,0.8255,0.8125
1975.0000,1.1686,1.0718,0.9650,0.8935,0.8436,0.8212,0.8060
1980.0000,1.1276,1.0480,0.9520,0.8861,0.8387,0.8151,0.8046
1985.0000,1.0978,1.0242,0.9416,0.8785,0.8338,0.8102,0.8012
1990.0000,1.0668,1.0067,0.9298,0.8728,0.8275,0.8074,0.7958
1995.0000,1.0437,0.9884,0.9207,0.8660,0.8228,0.8030,0.7935
2000.0000,1.0231,0.9716,0.9127,0.8592,0.8186,0.7985,0.7915
2005.0000,1.0009,0.9597,0.9031,0.8541,0.8128,0.7965,0.7869
2010.0000,0.9816,0.9487,0.8944,0.8487,0.8080,0.7934,0.7847
2015.0000,0.9692,0.9358,0.8878,0.8425,0.8042,0.7902,0.7821
2020.0000,0.9568,0.9243,0.8812,0.8370,0.7998,0.7889,0.7763
2025.0000,0.9418,0.9157,0.8743,0.8314,0.7968,0.7849,0.7765
2030.0000,0.9321,0.9057,0.8686,0.8257,0.7940,0.7818,0.7746
2035.0000,0.9206,0.8986,0.8615,0.8213,0.7900,0.7809,0.7691
2040.0000,0.9115,0.8905,0.8557,0.8162,0.7878,0.7775,0.7682
2045.0000,0.9038,0.8821,0.8506,0.8110,0.7860,0.7738,0.7672
2050.0000,0.8944,0.8761,0.8440,0.8074,0.7827,0.7726,0.7623
2055.0000,0.8853,0.8704,0.8378,0.8036,0.7803,0.7697,0.7612
2060.0000,0.8772,0.8644,0.8321,0.8000,0.7781,0.7668,0.7594
2065.0000,0.8730,0.8568,0.8273,0.7966,0.7751,0.7658,0.7534
2070.0000,0.8650,0.8515,0.8220,0.7934,0.7734,0.7619,0.7546
2075.0000,0.8563,0.8470,0.8164,0.7908,0.7708,0.7592,0.7533
2080.0000,0.8531,0.8401,0.8122,0.7882,0.7677,0.7585,0.7481
2085.0000,0.8469,0.8348,0.8079,0.7854,0.7658,0.7550,0.7494
2090.0000,0.8395,0.8303,0.8035,0.7831,0.7631,0.7529,0.7484
2095.0000,0.8364,0.8238,0.8006,0.7802,0.7609,0.7507,0.7474
2100.0000,0.8310,0.8191,0.7971,0.7781,0.7578,0.7502,0.7443
2105.0000,0.8240,0.8153,0.7936,0.7756,0.7557,0.7480,0.7448
2110.0000,0.8212,0.8097,0.7915,0.7727,0.7538,0.7465,0.7442
2115.0000,0.8158,0.8064,0.7881,0.7707,0.7508,0.7467,0.7416
2120.0000,0.8106,0.8030,0.7854,0.7681,0.7491,0.7454,0.7416
2125.0000,0.8083,0.7982,0.7837,0.7649,0.7480,0.7439,0.7417
2130.0000,0.8036,0.7955,0.7807,0.7628,0.7458,0.7443,0.7391
2135.0000,0.7990,0.7929,0.7781,0.7602,0.7448,0.7432,0.7396
2140.0000,0.7970,0.7890,0.7762,0.7573,0.7443,0.7420,0.7397
2145.0000,0.7936,0.7864,0.7734,0.7554,0.7427,0.7428,0.7364
2150.0000,0.7893,0.7843,0.7706,0.7531,0.7426,0.7410,0.7382
2155.0000,0.7877,0.7808,0.7686,0.7508,0.7424,0.7400,0.7385
2160.0000,0.7843,0.7790,0.7653,0.7496,0.7410,0.7408,0.7357
2165.0000,0.7808,0.7770,0.7624,0.7481,0.7407,0.7397,0.7369
2170.0000,0.7796,0.7734,0.7605,0.7464,0.7408,0.7385,0.7378
2175.0000,0.7764,0.7715,0.7574,0.7458,0.7395,0.7395,0.7352
2180.0000,0.7731,0.7694,0.7549,0.7449,0.7392,0.7387,0.7365
2185.0000,0.7690,0.7676,0.7524,0.7443,0.7387,0.7383,0.7370
2190.0000,0.7692,0.7637,0.7510,0.7436,0.7376,0.7397,0.7334
2195.0000,0.7659,0.7616,0.7492,0.7428,0.7377,0.7385,0.7358
2200.0000,0.7620,0.7600,0.7474,0.7423,0.7374,0.7383,0.7359
2205.0000,0.7618,0.7565,0.7468,0.7412,0.7376,0.7379,0.7355
2210.0000,0.7590,0.7548,0.7453,0.7410,0.7368,0.7388,0.7327
2215.0000,0.7556,0.7533,0.7443,0.7403,0.7373,0.7375,0.7333
2220.0000,0.7554,0.7505,0.7442,0.7393,0.7378,0.7364,0.7326
2225.0000,0.7529,0.7494,0.7430,0.7393,0.7372,0.7368,0.7293
2230.0000,0.7496,0.7487,0.7420,0.7388,0.7377,0.7347,0.7298
2235.0000,0.7499,0.7464,0.7420,0.7381,0.7381,0.7329,0.7289
2240.0000,0.7479,0.7459,0.7408,0.7384,0.7372,0.7325,0.7257
2245.0000,0.7453,0.7457,0.7397,0.7385,0.7368,0.7305,0.7252
2250.0000,0.7460,0.7437,0.7398,0.7381,0.7367,0.7280,0.7250
2255.0000,0.7443,0.7435,0.7386,0.7387,0.7350,0.7274,0.7223
2260.0000,0.7423,0.7433,0.7378,0.7389,0.7338,0.7254,0.7223
2265.0000,0.7431,0.7417,0.7380,0.7387,0.7325,0.7237,0.7220
2270.0000,0.7418,0.7415,0.7372,0.7392,0.7299,0.7239,0.7191
2275.0000,0.7403,0.7413,0.7371,0.7388,0.7284,0.7220,0.7207
2280.0000,0.7411,0.7397,0.7377,0.7380,0.7267,0.7210,0.7210
2285.0000,0.7401,0.7395,0.7375,0.7377,0.7240,0.7220,0.7187
2290.0000,0.7388,0.7394,0.7376,0.7367,0.7224,0.7215,0.7199
2295.0000,0.7396,0.7381,0.7385,0.7349,0.7214,0.7209,0.7209
2300.0000,0.7389,0.7381,0.7384,0.7337,0.7195,0.7226,0.7185
2305.0000,0.7379,0.7382,0.7384,0.7318,0.7189,0.7223,0.7203
2310.0000,0.7357,0.7390,0.7379,0.7300,0.7186,0.7223,0.7214
2315.0000,0.7379,0.7379,0.7378,0.7281,0.7178,0.7244,0.7179
2320.0000,0.7372,0.7381,0.7371,0.7260,0.7186,0.7235,0.7209
2325.0000,0.7358,0.7386,0.7359,0.7243,0.7192,0.7233,0.7220
2330.0000,0.7375,0.7374,0.7352,0.7224,0.7202,0.7231,0.7226
2335.0000,0.7365,0.7378,0.7331,0.7216,0.7202,0.7244,0.7207
2340.0000,0.7349,0.7380,0.7311,0.7207,0.7213,0.7236,0.7222
2345.0000,0.7366,0.7362,0.7298,0.7197,0.7225,0.7230,0.7228
2350.0000,0.7354,0.7359,0.7273,0.7199,0.7224,0.7240,0.7211
2355.0000,0.7332,0.7357,0.7251,0.7201,0.7231,0.7232,0.7226
2360.0000,0.7346,0.7331,0.7241,0.7200,0.7238,0.7226,0.7233
2365.0000,0.7329,0.7322,0.7221,0.7209,0.7232,0.7236,0.7220
2370.0000,0.7306,0.7313,0.7205,0.7216,0.7233,0.7232,0.7236
2375.0000,0.7314,0.7284,0.7204,0.7218,0.7236,0.7229,0.7248
2380.0000,0.7295,0.7273,0.7194,0.7228,0.7227,0.7242,0.7240
2385.0000,0.7272,0.7262,0.7189,0.7234,0.7225,0.7244,0.7257
2390.0000,0.7272,0.7240,0.7195,0.7235,0.7225,0.7249,0.7270
2395.0000,0.7256,0.7231,0.7194,0.7242,0.7215,0.7272,0.7255
2400.0000,0.7236,0.7225,0.7198,0.7242,0.7219,0.7275,0.7280
2405.0000,0.7237,0.7210,0.7210,0.7237,0.7225,0.7281,0.7294
2410.0000,0.7224,0.7209,0.7212,0.7240,0.7221,0.7307,0.7274
2415.0000,0.7211,0.7210,0.7218,0.7236,0.7232,0.7310,0.7298
2420.0000,0.7216,0.7202,0.7229,0.7228,0.7247,0.7311,0.7315
2425.0000,0.7210,0.7207,0.7230,0.7230,0.7251,0.7333,0.7292
2430.0000,0.7202,0.7213,0.7231,0.7228,0.7267,0.7332,0.7315
2435.0000,0.7180,0.7229,0.7227,0.7229,0.7281,0.7333,0.7331
2440.0000,0.7207,0.7222,0.7229,0.7233,0.7288,0.7352,0.7301
2445.0000,0.7203,0.7229,0.7226,0.7236,0.7305,0.7343,0.7335
2450.0000,0.7193,0.7240,0.7220,0.7244,0.7317,0.7343,0.7350
2455.0000,0.7216,0.7231,0.7223,0.7249,0.7328,0.7343,0.7361
2460.0000,0.7209,0.7241,0.7214,0.7266,0.7327,0.7359,0.7352
2465.0000,0.7200,0.7247,0.7210,0.7278,0.7334,0.7359,0.7369
2470.0000,0.7224,0.7234,0.7219,0.7286,0.7341,0.7362,0.7379
2475.0000,0.7220,0.7237,0.7218,0.7301,0.7337,0.7380,0.7368
2480.0000,0.7207,0.7242,0.7221,0.7312,0.7343,0.7382,0.7385
2485.0000,0.7227,0.7228,0.7236,0.7316,0.7351,0.7385,0.7395
2490.0000,0.7224,0.7231,0.7243,0.7327,0.7349,0.7404,0.7381
2495.0000,0.7212,0.7238,0.7252,0.7334,0.7356,0.7405,0.7397
2500.0000,0.7230,0.7230,0.7271,0.7333,0.7369,0.7403,0.7411
2505.0000,0.7227,0.7238,0.7279,0.7342,0.7369,0.7419,0.7398
2510.0000,0.7223,0.7248,0.7289,0.7345,0.7380,0.7417,0.7420
2515.0000,0.7238,0.7248,0.7303,0.7346,0.7391,0.7416,0.7437
2520.0000,0.7237,0.7263,0.7305,0.7356,0.7389,0.7436,0.7424
2525.0000,0.7235,0.7278,0.7310,0.7361,0.7398,0.7435,0.7454
2530.0000,0.7256,0.7279,0.7321,0.7364,0.7406,0.7439,0.7473
2535.0000,0.7260,0.7294,0.7321,0.7376,0.7402,0.7464,0.7463
2540.0000,0.7256,0.7311,0.7322,0.7384,0.7407,0.7472,0.7490
2545.0000,0.7281,0.7308,0.7334,0.7387,0.7416,0.7482,0.7509
2550.0000,0.7287,0.7318,0.7336,0.7396,0.7415,0.7511,0.7494
2555.0000,0.7291,0.7325,0.7343,0.7400,0.7427,0.7519,0.7523
2560.0000,0.7278,0.7340,0.7346,0.7404,0.7439,0.7529,0.7544
2565.0000,0.7311,0.7333,0.7358,0.7408,0.7446,0.7560,0.7518
2570.0000,0.7314,0.7339,0.7367,0.7409,0.7467,0.7560,0.7558
2575.0000,0.7310,0.7348,0.7373,0.7413,0.7486,0.7566,0.7580
2580.0000,0.7332,0.7345,0.7384,0.7414,0.7507,0.7572,0.7599
2585.0000,0.7329,0.7359,0.7383,0.7427,0.7515,0.7595,0.7592
2590.0000,0.7323,0.7373,0.7384,0.7436,0.7534,0.7599,0.7617
2595.0000,0.7348,0.7369,0.7393,0.7443,0.7553,0.7604,0.7636
2600.0000,0.7349,0.7381,0.7391,0.7461,0.7559,0.7626,0.7632
2605.0000,0.7337,0.7398,0.7389,0.7477,0.7571,0.7634,0.7655
2610.0000,0.7366,0.7390,0.7400,0.7488,0.7586,0.7643,0.7671
2615.0000,0.7368,0.7399,0.7402,0.7508,0.7590,0.7667,0.7664
2620.0000,0.7359,0.7410,0.7407,0.7523,0.7601,0.7676,0.7686
2625.0000,0.7385,0.7401,0.7426,0.7532,0.7618,0.7682,0.7705
2630.0000,0.7388,0.7408,0.7435,0.7549,0.7623,0.7706,0.7695
2635.0000,0.7386,0.7415,0.7448,0.7560,0.7639,0.7710,0.7721
2640.0000,0.7403,0.7414,0.7468,0.7569,0.7656,0.7716,0.7741
2645.0000,0.7404,0.7427,0.7477,0.7585,0.7660,0.7742,0.7726
2650.0000,0.7403,0.7439,0.7491,0.7596,0.7676,0.7744,0.7757
2655.0000,0.7423,0.7442,0.7511,0.7604,0.7693,0.7749,0.7778
2660.0000,0.7428,0.7459,0.7519,0.7621,0.7696,0.7776,0.7766
2665.0000,0.7425,0.7479,0.7529,0.7633,0.7710,0.7781,0.7798
2670.0000,0.7451,0.7483,0.7547,0.7641,0.7726,0.7787,0.7822
2675.0000,0.7460,0.7500,0.7555,0.7658,0.7728,0.7815,0.7812
2680.0000,0.7467,0.7516,0.7567,0.7670,0.7743,0.7823,0.7849
2685.0000,0.7454,0.7542,0.7573,0.7684,0.7753,0.7836,0.7878
2690.0000,0.7497,0.7541,0.7590,0.7697,0.7758,0.7870,0.7863
2695.0000,0.7506,0.7554,0.7603,0.7706,0.7775,0.7879,0.7908
2700.0000,0.7510,0.7570,0.7615,0.7716,0.7791,0.7893,0.7942
2705.0000,0.7540,0.7571,0.7635,0.7722,0.7810,0.7910,0.7973
2710.0000,0.7544,0.7590,0.7642,0.7738,0.7818,0.7945,0.7980
2715.0000,0.7545,0.7607,0.7652,0.7748,0.7836,0.7965,0.8015
2720.0000,0.7577,0.7608,0.7672,0.7754,0.7860,0.7984,0.8048
2725.0000,0.7584,0.7625,0.7679,0.7770,0.7873,0.8023,0.8054
2730.0000,0.7577,0.7647,0.7686,0.7782,0.7897,0.8043,0.8096
2735.0000,0.7612,0.7647,0.7704,0.7791,0.7925,0.8066,0.8128
2740.0000,0.7622,0.7662,0.7712,0.7808,0.7943,0.8106,0.8134
2745.0000,0.7627,0.7677,0.7722,0.7822,0.7972,0.8127,0.8176
2750.0000,0.7651,0.7680,0.7738,0.7835,0.8004,0.8150,0.8206
2755.0000,0.7656,0.7699,0.7743,0.7858,0.8024,0.8190,0.8207
2760.0000,0.7659,0.7714,0.7752,0.7876,0.8056,0.8210,0.8243
2765.0000,0.7686,0.7716,0.7770,0.7893,0.8091,0.8229,0.8270
2770.0000,0.7690,0.7735,0.7776,0.7922,0.8111,0.8269,0.8259
2775.0000,0.7696,0.7749,0.7789,0.7945,0.8144,0.8283,0.8287
2780.0000,0.7722,0.7750,0.7811,0.7965,0.8180,0.8295,0.8305
2785.0000,0.7730,0.7766,0.7822,0.7997,0.8200,0.8326,0.8281
2790.0000,0.7729,0.7785,0.7837,0.8024,0.8232,0.8327,0.8308
2795.0000,0.7757,0.7788,0.7863,0.8047,0.8266,0.8325,0.8328
2800.0000,0.7767,0.7806,0.7879,0.8082,0.8281,0.8344,0.8304
2805.0000,0.7775,0.7824,0.7900,0.8111,0.8305,0.8337,0.8335
2810.0000,0.7762,0.7855,0.7916,0.8145,0.8321,0.8335,0.8356
2815.0000,0.7808,0.7860,0.7944,0.8178,0.8325,0.8354,0.8336
2820.0000,0.7819,0.7881,0.7969,0.8208,0.8336,0.8349,0.8375
2825.0000,0.7824,0.7907,0.7993,0.8238,0.8339,0.8354,0.8403
2830.0000,0.7864,0.7916,0.8028,0.8262,0.8341,0.8364,0.8427
2835.0000,0.7871,0.7949,0.8051,0.8292,0.8331,0.8394,0.8433
2840.0000,0.7885,0.7975,0.8081,0.8312,0.8330,0.8412,0.8461
2845.0000,0.7929,0.7985,0.8123,0.8321,0.8335,0.8431,0.8489
2850.0000,0.7949,0.8012,0.8154,0.8335,0.8332,0.8471,0.8489
2855.0000,0.7955,0.8046,0.8185,0.8340,0.8344,0.8491,0.8527
2860.0000,0.8001,0.8061,0.8224,0.8337,0.8364,0.8512,0.8557
2865.0000,0.8026,0.8090,0.8251,0.8340,0.8376,0.8553,0.8553
2870.0000,0.8048,0.8119,0.8277,0.8336,0.8405,0.8568,0.8592
2875.0000,0.8084,0.8142,0.8303,0.8331,0.8440,0.8582,0.8628
2880.0000,0.8102,0.8180,0.8310,0.8339,0.8459,0.8621,0.8619
2885.0000,0.8121,0.8214,0.8318,0.8344,0.8495,0.8631,0.8666
2890.0000,0.8163,0.8232,0.8328,0.8350,0.8530,0.8644,0.8700
2895.0000,0.8177,0.8268,0.8319,0.8372,0.8547,0.8682,0.8697
2900.0000,0.8193,0.8294,0.8316,0.8391,0.8578,0.8694,0.8743
2905.0000,0.8235,0.8298,0.8323,0.8408,0.8609,0.8708,0.8784
2910.0000,0.8252,0.8315,0.8318,0.8439,0.8622,0.8746,0.8790
2915.0000,0.8252,0.8334,0.8317,0.8468,0.8645,0.8765,0.8845
2920.0000,0.8287,0.8328,0.8330,0.8493,0.8667,0.8793,0.8885
2925.0000,0.8297,0.8335,0.8337,0.8526,0.8677,0.8842,0.8894
2930.0000,0.8302,0.8340,0.8353,0.8551,0.8700,0.8870,0.8954
2935.0000,0.8287,0.8355,0.8367,0.8578,0.8722,0.8906,0.9006
2940.0000,0.8324,0.8346,0.8395,0.8602,0.8738,0.8967,0.9008
2945.0000,0.8328,0.8354,0.8422,0.8622,0.8770,0.9002,0.9069
2950.0000,0.8325,0.8368,0.8449,0.8641,0.8805,0.9039,0.9123
2955.0000,0.8352,0.8371,0.8484,0.8654,0.8847,0.9074,0.9176
2960.0000,0.8353,0.8396,0.8505,0.8679,0.8877,0.9133,0.9195
2965.0000,0.8358,0.8419,0.8531,0.8697,0.8923,0.9168,0.9251
2970.0000,0.8391,0.8430,0.8563,0.8714,0.8975,0.9202,0.9305
2975.0000,0.8404,0.8458,0.8580,0.8743,0.9013,0.9258,0.9327
2980.0000,0.8401,0.8496,0.8595,0.8772,0.9063,0.9289,0.9400
2985.0000,0.8446,0.8509,0.8621,0.8800,0.9113,0.9329,0.9456
2990.0000,0.8464,0.8540,0.8633,0.8841,0.9150,0.9387,0.9488
2995.0000,0.8477,0.8570,0.8650,0.8879,0.9196,0.9427,0.9563
3000.0000,0.8518,0.8583,0.8676,0.8916,0.9244,0.9469,0.9640
3005.0000,0.8530,0.8617,0.8689,0.8968,0.9274,0.9542,0.9681
3010.0000,0.8545,0.8643,0.8711,0.9013,0.9316,0.9599,0.9759
3015.0000,0.8589,0.8650,0.8749,0.9052,0.9364,0.9657,0.9841
3020.0000,0.8610,0.8673,0.8778,0.9101,0.9399,0.9744,0.9883
3025.0000,0.8621,0.8700,0.8812,0.9143,0.9450,0.9810,0.9972
3030.0000,0.8659,0.8711,0.8862,0.9176,0.9514,0.9869,1.0075
3035.0000,0.8681,0.8739,0.8900,0.9222,0.9562,0.9965,1.0128
3040.0000,0.8692,0.8774,0.8942,0.9261,0.9630,1.0031,1.0260
3045.0000,0.8732,0.8798,0.8989,0.9301,0.9695,1.0119,1.0353
3050.0000,0.8760,0.8835,0.9027,0.9351,0.9754,1.0230,1.0414
3055.0000,0.8785,0.8874,0.9071,0.9392,0.9838,1.0303,1.0576
3060.0000,0.8782,0.8930,0.9104,0.9442,0.9920,1.0389,1.0740
3065.0000,0.8852,0.8958,0.9147,0.9498,0.9989,1.0519,1.0851
3070.0000,0.8883,0.9005,0.9183,0.9559,1.0067,1.0646,1.0995
3075.0000,0.8909,0.9052,0.9222,0.9618,1.0158,1.0767,1.1178
3080.0000,0.8974,0.9079,0.9273,0.9676,1.0257,1.0901,1.1367
3085.0000,0.8997,0.9135,0.9306,0.9751,1.0342,1.1074,1.1533
3090.0000,0.9028,0.9182,0.9348,0.9825,1.0439,1.1260,1.1690
3095.0000,0.9098,0.9205,0.9412,0.9887,1.0567,1.1427,1.1886
3100.0000,0.9139,0.9247,0.9465,0.9965,1.0688,1.1633,1.2037
3105.0000,0.9161,0.9298,0.9524,1.0035,1.0845,1.1797,1.2287
3110.0000,0.9226,0.9331,0.9593,1.0112,1.1003,1.1998,1.2479
3115.0000,0.9270,0.9381,0.9653,1.0204,1.1162,1.2218,1.2639
3120.0000,0.9312,0.9432,0.9721,1.0292,1.1355,1.2397,1.2888
3125.0000,0.9369,0.9480,0.9793,1.0392,1.1554,1.2588,1.3124
3130.0000,0.9405,0.9555,0.9846,1.0519,1.1734,1.2820,1.3302
3135.0000,0.9447,0.9628,0.9905,1.0655,1.1925,1.3051,1.3457
3140.0000,0.9526,0.9678,0.9987,1.0788,1.2144,1.3249,1.3641
3145.0000,0.9583,0.9749,1.0059,1.0947,1.2344,1.3480,1.3738
3150.0000,0.9621,0.9832,1.0138,1.1108,1.2570,1.3659,1.3885
3155.0000,0.9712,0.9887,1.0243,1.1271,1.2803,1.3828,1.3973
3160.0000,0.9779,0.9964,1.0344,1.1457,1.3019,1.4008,1.3961
3165.0000,0.9829,1.0052,1.0457,1.1642,1.3259,1.4109,1.4006
3205.0000,1.0628,1.0955,1.1724,1.3409,1.4472,1.3493,1.2526
3210.0000,1.0716,1.1146,1.1898,1.3653,1.4430,1.3227,1.2084
3215.0000,1.0871,1.1298,1.2121,1.3848,1.4388,1.2820,1.1795
3220.0000,1.1057,1.1446,1.2351,1.4039,1.4253,1.2443,1.1372
3225.0000,1.1224,1.1614,1.2584,1.4206,1.4056,1.2037,1.0927
3230.0000,1.1326,1.1837,1.2794,1.4360,1.3777,1.1638,1.0394
3235.0000,1.1549,1.2001,1.3055,1.4434,1.3504,1.1122,1.0002
3240.0000,1.1736,1.2200,1.3291,1.4488,1.3140,1.0650,0.9548
3245.0000,1.1929,1.2403,1.3521,1.4494,1.2724,1.0185,0.9059
3250.0000,1.2136,1.2602,1.3746,1.4442,1.2269,0.9721,0.8563
3255.0000,1.2303,1.2841,1.3932,1.4344,1.1777,0.9262,0.8064
3260.0000,1.2530,1.3032,1.4131,1.4154,1.1311,0.8719,0.7784
3265.0000,1.2748,1.3228,1.4282,1.3932,1.0777,0.8287,0.7365
3270.0000,1.2964,1.3410,1.4404,1.3647,1.0244,0.7860,0.6990
3275.0000,1.3117,1.3623,1.4455,1.3326,0.9691,0.7485,0.6569
3280.0000,1.3330,1.3772,1.4495,1.2922,0.9201,0.7040,0.6349
3285.0000,1.3517,1.3911,1.4464,1.2497,0.8685,0.6689,0.6076
3290.0000,1.3651,1.4045,1.4363,1.2045,0.8178,0.6384,0.5808
3295.0000,1.3808,1.4116,1.4224,1.1551,0.7709,0.6095,0.5590
3300.0000,1.3906,1.4175,1.4009,1.1048,0.7257,0.5855,0.5375
3305.0000,1.3980,1.4183,1.3744,1.0527,0.6843,0.5641,0.5186
3310.0000,1.4039,1.4127,1.3438,0.9990,0.6478,0.5441,0.5032
3315.0000,1.4066,1.4014,1.3088,0.9456,0.6146,0.5283,0.4844
3320.0000,1.3985,1.3893,1.2675,0.8931,0.5869,0.5101,0.4788
3325.0000,1.3846,1.3733,1.2213,0.8433,0.5612,0.4966,0.4690
3330.0000,1.3780,1.3464,1.1750,0.7941,0.5407,0.4834,0.4620
3335.0000,1.3643,1.3151,1.1260,0.7482,0.5222,0.4734,0.4536
3340.0000,1.3366,1.2843,1.0729,0.7065,0.5067,0.4632,0.4507
3345.0000,1.3134,1.2455,1.0207,0.6678,0.4932,0.4559,0.4459
3350.0000,1.2775,1.2094,0.9645,0.6351,0.4800,0.4510,0.4412
3355.0000,1.2487,1.1629,0.9134,0.6036,0.4709,0.4448,0.4411
3360.0000,1.2126,1.1150,0.8634,0.5760,0.4627,0.4407,0.4406
3365.0000,1.1684,1.0692,0.8134,0.5532,0.4546,0.4387,0.4402
3370.0000,1.1179,1.0251,0.7644,0.5344,0.4468,0.4386,0.4394
3375.0000,1.0789,0.9734,0.7227,0.5163,0.4417,0.4384,0.4393
3380.0000,1.0383,0.9204,0.6857,0.4999,0.4381,0.4391,0.4384
3385.0000,0.9856,0.8751,0.6488,0.4873,0.4347,0.4402,0.4383
3390.0000,0.9412,0.8271,0.6182,0.4751,0.4337,0.4406,0.4385
3395.0000,0.8933,0.7847,0.5888,0.4660,0.4322,0.4428,0.4354
3400.0000,0.8578,0.7367,0.5680,0.4552,0.4348,0.4411,0.4373
3405.0000,0.8107,0.6987,0.5463,0.4478,0.4366,0.4400,0.4385
3410.0000,0.7654,0.6662,0.5255,0.4432,0.4373,0.4407,0.4367
3415.0000,0.7211,0.6388,0.5058,0.4404,0.4381,0.4400,0.4382
3420.0000,0.6932,0.6065,0.4926,0.4368,0.4403,0.4385,0.4395
3425.0000,0.6601,0.5799,0.4800,0.4352,0.4411,0.4382,0.4394
3430.0000,0.6265,0.5589,0.4678,0.4353,0.4412,0.4381,0.4404
3435.0000,0.5983,0.5391,0.4580,0.4360,0.4408,0.4384,0.4409
3440.0000,0.5758,0.5201,0.4508,0.4368,0.4402,0.4395,0.4403
3445.0000,0.5521,0.5056,0.4441,0.4383,0.4393,0.4402,0.4410
3450.0000,0.5313,0.4926,0.4392,0.4397,0.4383,0.4413,0.4412
3455.0000,0.5168,0.4793,0.4372,0.4401,0.4382,0.4418,0.4416
3460.0000,0.5030,0.4682,0.4361,0.4406,0.4378,0.4433,0.4401
3465.0000,0.4887,0.4599,0.4358,0.4405,0.4384,0.4431,0.4414
3470.0000,0.4784,0.4523,0.4366,0.4399,0.4393,0.4428,0.4423
3475.0000,0.4696,0.4465,0.4375,0.4396,0.4398,0.4435,0.4412
3480.0000,0.4620,0.4422,0.4387,0.4389,0.4411,0.4427,0.4430
3485.0000,0.4552,0.4396,0.4395,0.4386,0.4420,0.4424,0.4441
3490.0000,0.4482,0.4398,0.4389,0.4392,0.4419,0.4432,0.4440
3495.0000,0.4442,0.4395,0.4387,0.4395,0.4423,0.4433,0.4455
3500.0000,0.4428,0.4388,0.4389,0.4397,0.4426,0.4437,0.4468
3505.0000,0.4405,0.4394,0.4382,0.4406,0.4421,0.4453,0.4466
3510.0000,0.4384,0.4402,0.4377,0.4414,0.4420,0.4462,0.4482
3515.0000,0.4393,0.4394,0.4381,0.4416,0.4424,0.4471,0.4495
3520.0000,0.4389,0.4394,0.4381,0.4422,0.4421,0.4493,0.4487
3525.0000,0.4384,0.4395,0.4384,0.4423,0.4427,0.4502,0.4503
3530.0000,0.4391,0.4386,0.4394,0.4421,0.4439,0.4509,0.4515
3535.0000,0.4390,0.4386,0.4398,0.4423,0.4444,0.4529,0.4501
3540.0000,0.4387,0.4386,0.4405,0.4421,0.4460,0.4530,0.4520
3545.0000,0.4378,0.4391,0.4409,0.4421,0.4476,0.4531,0.4535
3550.0000,0.4389,0.4389,0.4414,0.4424,0.4486,0.4546,0.4520
3555.0000,0.4386,0.4395,0.4416,0.4426,0.4504,0.4542,0.4547
3560.0000,0.4370,0.4409,0.4411,0.4435,0.4515,0.4544,0.4561
3565.0000,0.4389,0.4408,0.4412,0.4444,0.4521,0.4557,0.4552
3570.0000,0.4387,0.4416,0.4409,0.4455,0.4530,0.4558,0.4574
3575.0000,0.4383,0.4424,0.4406,0.4468,0.4536,0.4564,0.4589
3580.0000,0.4401,0.4419,0.4411,0.4479,0.4543,0.4571,0.4600
3585.0000,0.4400,0.4424,0.4411,0.4494,0.4542,0.4588,0.4601
3590.0000,0.4397,0.4428,0.4415,0.4506,0.4547,0.4597,0.4615
3595.0000,0.4413,0.4419,0.4428,0.4513,0.4554,0.4605,0.4628
3600.0000,0.4413,0.4422,0.4436,0.4523,0.4556,0.4624,0.4625
3605.0000,0.4409,0.4426,0.4447,0.4530,0.4566,0.4630,0.4645
3610.0000,0.4421,0.4422,0.4464,0.4532,0.4578,0.4637,0.4661
3615.0000,0.4422,0.4428,0.4475,0.4539,0.4585,0.4655,0.4660
3620.0000,0.4422,0.4436,0.4487,0.4543,0.4598,0.4661,0.4681
3625.0000,0.4431,0.4441,0.4499,0.4547,0.4611,0.4669,0.4698
3630.0000,0.4432,0.4455,0.4504,0.4556,0.4617,0.4689,0.4695
3635.0000,0.4433,0.4469,0.4510,0.4563,0.4631,0.4696,0.4719
3640.0000,0.4450,0.4474,0.4520,0.4569,0.4646,0.4704,0.4739
3645.0000,0.4456,0.4488,0.4523,0.4581,0.4652,0.4726,0.4739
