 0.000000e+00  4.982289e-01
 7.351643e+00  5.006490e-01
 1.470329e+01  5.038187e-01
 2.205493e+01  5.083951e-01
 2.940657e+01  5.141972e-01
 3.675822e+01  5.208119e-01
 4.410986e+01  5.283293e-01
 5.146150e+01  5.378066e-01
 5.881314e+01  5.483753e-01
 6.616479e+01  5.600386e-01
 7.351643e+01  5.741534e-01
 8.086807e+01  5.902195e-01
 8.821972e+01  6.077021e-01
 9.557136e+01  6.271682e-01
 1.029230e+02  6.494044e-01
 1.102746e+02  6.731268e-01
 1.176263e+02  6.983562e-01
 1.249779e+02  7.263410e-01
 1.323296e+02  7.555621e-01
 1.396812e+02  7.858533e-01
 1.470329e+02  8.176267e-01
 1.543845e+02  8.502006e-01
 1.617361e+02  8.829869e-01
 1.690878e+02  9.160134e-01
 1.764394e+02  9.482976e-01
 1.837911e+02  9.797355e-01
 1.911427e+02  1.010368e+00
 1.984944e+02  1.038808e+00
 2.058460e+02  1.064793e+00
 2.131976e+02  1.089058e+00
 2.205493e+02  1.110939e+00
 2.279009e+02  1.128455e+00
 2.352526e+02  1.143711e+00
 2.426042e+02  1.156722e+00
 2.499559e+02  1.165095e+00
 2.573075e+02  1.170786e+00
 2.646591e+02  1.174335e+00
 2.720108e+02  1.174756e+00
 2.793624e+02  1.172094e+00
 2.867141e+02  1.167832e+00
 2.940657e+02  1.161983e+00
 3.014174e+02  1.153531e+00
 3.087690e+02  1.144253e+00
 3.161206e+02  1.134137e+00
 3.234723e+02  1.123001e+00
 3.308239e+02  1.111634e+00
 3.381756e+02  1.100135e+00
 3.455272e+02  1.088541e+00
 3.528789e+02  1.077322e+00
 3.602305e+02  1.066359e+00
 3.675822e+02  1.055681e+00
 3.749338e+02  1.045549e+00
 3.822854e+02  1.035710e+00
 3.896371e+02  1.026116e+00
 3.969887e+02  1.016789e+00
 4.043404e+02  1.008444e+00
 4.116920e+02  1.000890e+00
 4.190437e+02  9.942013e-01
 4.263953e+02  9.892356e-01
 4.337469e+02  9.849806e-01
 4.410986e+02  9.813939e-01
 4.484502e+02  9.786354e-01
 4.558019e+02  9.766685e-01
 4.631535e+02  9.752063e-01
 4.705052e+02  9.742930e-01
 4.778568e+02  9.742565e-01
 4.852084e+02  9.748063e-01
 4.925601e+02  9.758812e-01
 4.999117e+02  9.776072e-01
 5.072634e+02  9.801233e-01
 5.146150e+02  9.832508e-01
 5.219667e+02  9.870540e-01
 5.293183e+02  9.917634e-01
 5.366699e+02  9.971722e-01
 5.440216e+02  1.003266e+00
 5.513732e+02  1.010216e+00
 5.587249e+02  1.017963e+00
 5.660765e+02  1.026500e+00
 5.734282e+02  1.035968e+00
 5.807798e+02  1.046396e+00
 5.881314e+02  1.057649e+00
 5.954831e+02  1.069769e+00
 6.028347e+02  1.082653e+00
 6.101864e+02  1.096085e+00
 6.175380e+02  1.110111e+00
 6.248897e+02  1.124593e+00
 6.322413e+02  1.138714e+00
 6.395929e+02  1.152767e+00
 6.469446e+02  1.166593e+00
 6.542962e+02  1.179008e+00
 6.616479e+02  1.190003e+00
 6.689995e+02  1.199655e+00
 6.763512e+02  1.207248e+00
 6.837028e+02  1.214787e+00
 6.910544e+02  1.223215e+00
 6.984061e+02  1.232537e+00
 7.057577e+02  1.239290e+00
 7.131094e+02  1.245338e+00
 7.204610e+02  1.251103e+00
 7.278127e+02  1.258854e+00
 7.351643e+02  1.267918e+00
 7.425159e+02  1.278954e+00
 7.498676e+02  1.293800e+00
 7.572192e+02  1.313292e+00
 7.645709e+02  1.336400e+00
 7.719225e+02  1.363580e+00
 7.792742e+02  1.397225e+00
 7.866258e+02  1.434568e+00
 7.939774e+02  1.474983e+00
 8.013291e+02  1.518713e+00
 8.086807e+02  1.564425e+00
 8.160324e+02  1.610000e+00
 8.233840e+02  1.654133e+00
 8.307357e+02  1.693808e+00
 8.380873e+02  1.731073e+00
 8.454389e+02  1.765311e+00
 8.527906e+02  1.793719e+00
 8.601422e+02  1.830048e+00
 8.674939e+02  1.869780e+00
 8.748455e+02  1.905059e+00
 8.821972e+02  1.939142e+00
 8.895488e+02  1.973955e+00
 8.969004e+02  2.010794e+00
 9.042521e+02  2.055162e+00
 9.116037e+02  2.106640e+00
 9.189554e+02  2.165767e+00
 9.263070e+02  2.237679e+00
 9.336587e+02  2.322410e+00
 9.410103e+02  2.417408e+00
 9.483619e+02  2.524134e+00
 9.557136e+02  2.644619e+00
 9.630652e+02  2.772270e+00
 9.704169e+02  2.905830e+00
 9.777685e+02  3.042707e+00
 9.851202e+02  3.176250e+00
 9.924718e+02  3.306642e+00
 9.998234e+02  3.432465e+00
 1.007175e+03  3.545538e+00
 1.014527e+03  3.646396e+00
 1.021878e+03  3.733736e+00
 1.029230e+03  3.795549e+00
 1.036582e+03  3.840141e+00
 1.043933e+03  3.867893e+00
 1.051285e+03  3.873250e+00
 1.058637e+03  3.859074e+00
 1.065988e+03  3.831081e+00
 1.073340e+03  3.789164e+00
 1.080692e+03  3.732131e+00
 1.088043e+03  3.667620e+00
 1.095395e+03  3.596829e+00
 1.102746e+03  3.520458e+00
 1.110098e+03  3.441925e+00
 1.117450e+03  3.362860e+00
 1.124801e+03  3.284603e+00
 1.132153e+03  3.208886e+00
 1.139505e+03  3.135742e+00
 1.146856e+03  3.065335e+00
 1.154208e+03  2.995489e+00
 1.161560e+03  2.924631e+00
 1.168911e+03  2.857738e+00
 1.176263e+03  2.803464e+00
 1.183615e+03  2.754994e+00
 1.190966e+03  2.710296e+00
 1.198318e+03  2.669105e+00
 1.205669e+03  2.632290e+00
 1.213021e+03  2.597947e+00
 1.220373e+03  2.565948e+00
 1.227724e+03  2.537150e+00
 1.235076e+03  2.511040e+00
 1.242428e+03  2.486965e+00
 1.249779e+03  2.465246e+00
 1.257131e+03  2.446634e+00
 1.264483e+03  2.429768e+00
 1.271834e+03  2.414596e+00
 1.279186e+03  2.402191e+00
 1.286538e+03  2.391279e+00
 1.293889e+03  2.381601e+00
 1.301241e+03  2.373434e+00
 1.308592e+03  2.366878e+00
 1.315944e+03  2.361161e+00
 1.323296e+03  2.356303e+00
 1.330647e+03  2.352823e+00
 1.337999e+03  2.350068e+00
 1.345351e+03  2.347983e+00
 1.352702e+03  2.346602e+00
 1.360054e+03  2.345803e+00
 1.367406e+03  2.345652e+00
 1.374757e+03  2.346357e+00
 1.382109e+03  2.347806e+00
 1.389461e+03  2.350497e+00
 1.396812e+03  2.354913e+00
 1.404164e+03  2.360604e+00
 1.411515e+03  2.368420e+00
 1.418867e+03  2.378672e+00
 1.426219e+03  2.390779e+00
 1.433570e+03  2.404122e+00
 1.440922e+03  2.419003e+00
 1.448274e+03  2.434910e+00
 1.455625e+03  2.448260e+00
 1.462977e+03  2.459829e+00
 1.470329e+03  2.468742e+00
 1.477680e+03  2.471928e+00
 1.485032e+03  2.467828e+00
 1.492384e+03  2.457813e+00
 1.499735e+03  2.440867e+00
 1.507087e+03  2.414132e+00
 1.514438e+03  2.381173e+00
 1.521790e+03  2.342516e+00
 1.529142e+03  2.297625e+00
 1.536493e+03  2.248883e+00
 1.543845e+03  2.197834e+00
 1.551197e+03  2.145187e+00
 1.558548e+03  2.092857e+00
 1.565900e+03  2.041495e+00
 1.573252e+03  1.991369e+00
 1.580603e+03  1.944399e+00
 1.587955e+03  1.900117e+00
 1.595307e+03  1.858103e+00
 1.602658e+03  1.819283e+00
 1.610010e+03  1.784083e+00
 1.617361e+03  1.751047e+00
 1.624713e+03  1.720154e+00
 1.632065e+03  1.693480e+00
 1.639416e+03  1.668533e+00
 1.646768e+03  1.645238e+00
 1.654120e+03  1.624824e+00
 1.661471e+03  1.606363e+00
 1.668823e+03  1.589174e+00
 1.676175e+03  1.573619e+00
 1.683526e+03  1.560470e+00
 1.690878e+03  1.548504e+00
 1.698230e+03  1.537650e+00
 1.705581e+03  1.528907e+00
 1.712933e+03  1.521328e+00
 1.720284e+03  1.514650e+00
 1.727636e+03  1.509253e+00
 1.734988e+03  1.505156e+00
 1.742339e+03  1.501567e+00
 1.749691e+03  1.498515e+00
 1.757043e+03  1.496221e+00
 1.764394e+03  1.494115e+00
 1.771746e+03  1.492163e+00
 1.779098e+03  1.490358e+00
 1.786449e+03  1.488786e+00
 1.793801e+03  1.487357e+00
 1.801153e+03  1.486062e+00
 1.808504e+03  1.485079e+00
 1.815856e+03  1.484220e+00
 1.823207e+03  1.483533e+00
 1.830559e+03  1.483187e+00
 1.837911e+03  1.483148e+00
 1.845262e+03  1.483394e+00
 1.852614e+03  1.483921e+00
 1.859966e+03  1.484793e+00
 1.867317e+03  1.485888e+00
 1.874669e+03  1.487203e+00
 1.882021e+03  1.488794e+00
 1.889372e+03  1.490636e+00
 1.896724e+03  1.492726e+00
 1.904076e+03  1.495110e+00
 1.911427e+03  1.497837e+00
 1.918779e+03  1.500858e+00
 1.926130e+03  1.504231e+00
 1.933482e+03  1.508243e+00
 1.940834e+03  1.512690e+00
 1.948185e+03  1.517653e+00
 1.955537e+03  1.523368e+00
 1.962889e+03  1.530078e+00
 1.970240e+03  1.537665e+00
 1.977592e+03  1.546313e+00
 1.984944e+03  1.556631e+00
 1.992295e+03  1.568343e+00
 1.999647e+03  1.581589e+00
 2.006999e+03  1.597430e+00
 2.014350e+03  1.616027e+00
 2.021702e+03  1.637619e+00
 2.029053e+03  1.663755e+00
 2.036405e+03  1.689788e+00
 2.043757e+03  1.716984e+00
 2.051108e+03  1.745535e+00
 2.058460e+03  1.775315e+00
 2.065812e+03  1.804472e+00
 2.073163e+03  1.832113e+00
 2.080515e+03  1.857105e+00
 2.087867e+03  1.877115e+00
 2.095218e+03  1.891563e+00
 2.102570e+03  1.899410e+00
 2.109922e+03  1.897996e+00
 2.117273e+03  1.888331e+00
 2.124625e+03  1.870784e+00
 2.131976e+03  1.843933e+00
 2.139328e+03  1.809562e+00
 2.146680e+03  1.769612e+00
 2.154031e+03  1.724521e+00
 2.161383e+03  1.675763e+00
 2.168735e+03  1.625823e+00
 2.176086e+03  1.575493e+00
 2.183438e+03  1.525550e+00
 2.190790e+03  1.477886e+00
 2.198141e+03  1.432266e+00
 2.205493e+03  1.389247e+00
 2.212845e+03  1.350366e+00
 2.220196e+03  1.314216e+00
 2.227548e+03  1.280742e+00
 2.234899e+03  1.251811e+00
 2.242251e+03  1.225769e+00
 2.249603e+03  1.202170e+00
 2.256954e+03  1.182665e+00
 2.264306e+03  1.166566e+00
 2.271658e+03  1.152758e+00
 2.279009e+03  1.141884e+00
 2.286361e+03  1.134918e+00
 2.293713e+03  1.129899e+00
 2.301064e+03  1.126799e+00
 2.308416e+03  1.127083e+00
 2.315768e+03  1.128942e+00
 2.323119e+03  1.132049e+00
 2.330471e+03  1.136889e+00
 2.337822e+03  1.143294e+00
 2.345174e+03  1.153260e+00
 2.352526e+03  1.168003e+00
 2.359877e+03  1.187600e+00
 2.367229e+03  1.208843e+00
 2.374581e+03  1.232117e+00
 2.381932e+03  1.258628e+00
 2.389284e+03  1.288487e+00
 2.396636e+03  1.321706e+00
 2.403987e+03  1.358863e+00
 2.411339e+03  1.400472e+00
 2.418691e+03  1.445636e+00
 2.426042e+03  1.494326e+00
 2.433394e+03  1.546366e+00
 2.440745e+03  1.600336e+00
 2.448097e+03  1.655870e+00
 2.455449e+03  1.711887e+00
 2.462800e+03  1.765842e+00
 2.470152e+03  1.817878e+00
 2.477504e+03  1.867352e+00
 2.484855e+03  1.909340e+00
 2.492207e+03  1.945933e+00
 2.499559e+03  1.977043e+00
 2.506910e+03  1.999735e+00
 2.514262e+03  2.013982e+00
 2.521614e+03  2.022365e+00
 2.528965e+03  2.024451e+00
 2.536317e+03  2.018215e+00
 2.543668e+03  2.007934e+00
 2.551020e+03  1.994104e+00
 2.558372e+03  1.975852e+00
 2.565723e+03  1.955531e+00
 2.573075e+03  1.934262e+00
 2.580427e+03  1.912208e+00
 2.587778e+03  1.889959e+00
 2.595130e+03  1.868404e+00
 2.602482e+03  1.847459e+00
 2.609833e+03  1.826806e+00
 2.617185e+03  1.806591e+00
 2.624537e+03  1.787297e+00
 2.631888e+03  1.769976e+00
 2.639240e+03  1.754904e+00
 2.646591e+03  1.741299e+00
 2.653943e+03  1.728873e+00
 2.661295e+03  1.717771e+00
 2.668646e+03  1.707404e+00
 2.675998e+03  1.697747e+00
 2.683350e+03  1.689094e+00
 2.690701e+03  1.681429e+00
 2.698053e+03  1.674540e+00
 2.705405e+03  1.668591e+00
 2.712756e+03  1.663926e+00
 2.720108e+03  1.660331e+00
 2.727460e+03  1.657798e+00
 2.734811e+03  1.656962e+00
 2.742163e+03  1.657899e+00
 2.749514e+03  1.660302e+00
 2.756866e+03  1.664503e+00
 2.764218e+03  1.671070e+00
 2.771569e+03  1.679155e+00
 2.778921e+03  1.688606e+00
 2.786273e+03  1.699619e+00
 2.793624e+03  1.710777e+00
 2.800976e+03  1.721426e+00
 2.808328e+03  1.730766e+00
 2.815679e+03  1.737152e+00
 2.823031e+03  1.739958e+00
 2.830383e+03  1.738266e+00
 2.837734e+03  1.730075e+00
 2.845086e+03  1.715630e+00
 2.852437e+03  1.695189e+00
 2.859789e+03  1.668235e+00
 2.867141e+03  1.635652e+00
 2.874492e+03  1.599329e+00
 2.881844e+03  1.560293e+00
 2.889196e+03  1.520154e+00
 2.896547e+03  1.480766e+00
 2.903899e+03  1.443135e+00
 2.911251e+03  1.409069e+00
 2.918602e+03  1.379136e+00
 2.925954e+03  1.353297e+00
 2.933306e+03  1.332132e+00
 2.940657e+03  1.316009e+00
 2.948009e+03  1.303470e+00
 2.955360e+03  1.294197e+00
 2.962712e+03  1.288266e+00
 2.970064e+03  1.284482e+00
 2.977415e+03  1.282276e+00
 2.984767e+03  1.281392e+00
 2.992119e+03  1.281282e+00
 2.999470e+03  1.281627e+00
 3.006822e+03  1.282326e+00
 3.014174e+03  1.283237e+00
 3.021525e+03  1.284146e+00
 3.028877e+03  1.285053e+00
 3.036229e+03  1.286054e+00
 3.043580e+03  1.287111e+00
 3.050932e+03  1.288246e+00
 3.058283e+03  1.289523e+00
 3.065635e+03  1.290969e+00
 3.072987e+03  1.292590e+00
 3.080338e+03  1.294429e+00
 3.087690e+03  1.296632e+00
 3.095042e+03  1.299091e+00
 3.102393e+03  1.301806e+00
 3.109745e+03  1.304838e+00
 3.117097e+03  1.308203e+00
 3.124448e+03  1.311827e+00
 3.131800e+03  1.315737e+00
 3.139152e+03  1.319946e+00
 3.146503e+03  1.324376e+00
 3.153855e+03  1.328985e+00
 3.161206e+03  1.333915e+00
 3.168558e+03  1.339023e+00
 3.175910e+03  1.344273e+00
 3.183261e+03  1.349737e+00
 3.190613e+03  1.355601e+00
 3.197965e+03  1.361637e+00
 3.205316e+03  1.367834e+00
 3.212668e+03  1.374678e+00
 3.220020e+03  1.381762e+00
 3.227371e+03  1.389080e+00
 3.234723e+03  1.396959e+00
 3.242075e+03  1.405753e+00
 3.249426e+03  1.415121e+00
 3.256778e+03  1.425176e+00
 3.264129e+03  1.437101e+00
 3.271481e+03  1.449835e+00
 3.278833e+03  1.463383e+00
 3.286184e+03  1.478151e+00
 3.293536e+03  1.493489e+00
 3.300888e+03  1.509327e+00
 3.308239e+03  1.525695e+00
 3.315591e+03  1.542783e+00
 3.322943e+03  1.560218e+00
 3.330294e+03  1.578025e+00
 3.337646e+03  1.596477e+00
 3.344998e+03  1.614966e+00
 3.352349e+03  1.633436e+00
 3.359701e+03  1.651657e+00
 3.367052e+03  1.668865e+00
 3.374404e+03  1.685246e+00
 3.381756e+03  1.700750e+00
 3.389107e+03  1.713348e+00
 3.396459e+03  1.724007e+00
 3.403811e+03  1.732887e+00
 3.411162e+03  1.738053e+00
 3.418514e+03  1.739425e+00
 3.425866e+03  1.738225e+00
 3.433217e+03  1.733663e+00
 3.440569e+03  1.723420e+00
 3.447921e+03  1.710345e+00
 3.455272e+03  1.694532e+00
 3.462624e+03  1.673017e+00
 3.469975e+03  1.648387e+00
 3.477327e+03  1.621472e+00
 3.484679e+03  1.591114e+00
 3.492030e+03  1.557357e+00
 3.499382e+03  1.522268e+00
 3.506734e+03  1.485737e+00
 3.514085e+03  1.447115e+00
 3.521437e+03  1.408303e+00
 3.528789e+03  1.369252e+00
 3.536140e+03  1.330387e+00
 3.543492e+03  1.292663e+00
 3.550844e+03  1.255893e+00
 3.558195e+03  1.220324e+00
 3.565547e+03  1.187849e+00
 3.572899e+03  1.157068e+00
 3.580250e+03  1.127919e+00
 3.587602e+03  1.102420e+00
 3.594953e+03  1.079540e+00
 3.602305e+03  1.058530e+00
 3.609657e+03  1.040172e+00
 3.617008e+03  1.025283e+00
 3.624360e+03  1.012038e+00
 3.631712e+03  1.000445e+00
 3.639063e+03  9.922439e-01
 3.646415e+03  9.854508e-01
