 0.000000e+00  1.028978e+00
 7.351643e+00  1.050353e+00
 1.470329e+01  1.075554e+00
 2.205493e+01  1.102006e+00
 2.940657e+01  1.128665e+00
 3.675822e+01  1.164452e+00
 4.410986e+01  1.201607e+00
 5.146150e+01  1.239376e+00
 5.881314e+01  1.279544e+00
 6.616479e+01  1.317650e+00
 7.351643e+01  1.350476e+00
 8.086807e+01  1.381994e+00
 8.821972e+01  1.407191e+00
 9.557136e+01  1.431073e+00
 1.029230e+02  1.461938e+00
 1.102746e+02  1.492758e+00
 1.176263e+02  1.517425e+00
 1.249779e+02  1.536286e+00
 1.323296e+02  1.557647e+00
 1.396812e+02  1.557678e+00
 1.470329e+02  1.552837e+00
 1.543845e+02  1.553133e+00
 1.617361e+02  1.527353e+00
 1.690878e+02  1.497090e+00
 1.764394e+02  1.464641e+00
 1.837911e+02  1.425090e+00
 1.911427e+02  1.375737e+00
 1.984944e+02  1.324021e+00
 2.058460e+02  1.272853e+00
 2.131976e+02  1.203634e+00
 2.205493e+02  1.142376e+00
 2.279009e+02  1.081285e+00
 2.352526e+02  1.015473e+00
 2.426042e+02  9.537908e-01
 2.499559e+02  8.898339e-01
 2.573075e+02  8.165636e-01
 2.646591e+02  7.514507e-01
 2.720108e+02  6.888532e-01
 2.793624e+02  6.221305e-01
 2.867141e+02  5.656812e-01
 2.940657e+02  5.136080e-01
 3.014174e+02  4.637135e-01
 3.087690e+02  4.162574e-01
 3.161206e+02  3.792768e-01
 3.234723e+02  3.450744e-01
 3.308239e+02  3.084377e-01
 3.381756e+02  2.870390e-01
 3.455272e+02  2.641168e-01
 3.528789e+02  2.425976e-01
 3.602305e+02  2.267509e-01
 3.675822e+02  2.129071e-01
 3.749338e+02  2.016542e-01
 3.822854e+02  1.904521e-01
 3.896371e+02  1.855309e-01
 3.969887e+02  1.795603e-01
 4.043404e+02  1.736851e-01
 4.116920e+02  1.705297e-01
 4.190437e+02  1.671012e-01
 4.263953e+02  1.648686e-01
 4.337469e+02  1.637196e-01
 4.410986e+02  1.630843e-01
 4.484502e+02  1.620490e-01
 4.558019e+02  1.606450e-01
 4.631535e+02  1.601219e-01
 4.705052e+02  1.593531e-01
 4.778568e+02  1.586871e-01
 4.852084e+02  1.576009e-01
 4.925601e+02  1.557861e-01
 4.999117e+02  1.547780e-01
 5.072634e+02  1.545413e-01
 5.146150e+02  1.547584e-01
 5.219667e+02  1.546624e-01
 5.293183e+02  1.536619e-01
 5.366699e+02  1.523704e-01
 5.440216e+02  1.514053e-01
 5.513732e+02  1.509919e-01
 5.587249e+02  1.506542e-01
 5.660765e+02  1.499195e-01
 5.734282e+02  1.493266e-01
 5.807798e+02  1.493900e-01
 5.881314e+02  1.505444e-01
 5.954831e+02  1.522484e-01
 6.028347e+02  1.535020e-01
 6.101864e+02  1.539276e-01
 6.175380e+02  1.540700e-01
 6.248897e+02  1.542658e-01
 6.322413e+02  1.546429e-01
 6.395929e+02  1.547053e-01
 6.469446e+02  1.539583e-01
 6.542962e+02  1.522941e-01
 6.616479e+02  1.501039e-01
 6.689995e+02  1.484996e-01
 6.763512e+02  1.483824e-01
 6.837028e+02  1.498063e-01
 6.910544e+02  1.519295e-01
 6.984061e+02  1.534413e-01
 7.057577e+02  1.539919e-01
 7.131094e+02  1.540625e-01
 7.204610e+02  1.541176e-01
 7.278127e+02  1.539670e-01
 7.351643e+02  1.534982e-01
 7.425159e+02  1.523200e-01
 7.498676e+02  1.510487e-01
 7.572192e+02  1.498158e-01
 7.645709e+02  1.487542e-01
 7.719225e+02  1.481881e-01
 7.792742e+02  1.482952e-01
 7.866258e+02  1.491143e-01
 7.939774e+02  1.500503e-01
 8.013291e+02  1.505645e-01
 8.086807e+02  1.508304e-01
 8.160324e+02  1.511650e-01
 8.233840e+02  1.518073e-01
 8.307357e+02  1.525119e-01
 8.380873e+02  1.532865e-01
 8.454389e+02  1.540787e-01
 8.527906e+02  1.549871e-01
 8.601422e+02  1.557912e-01
 8.674939e+02  1.562479e-01
 8.748455e+02  1.566130e-01
 8.821972e+02  1.565680e-01
 8.895488e+02  1.560753e-01
 8.969004e+02  1.551726e-01
 9.042521e+02  1.537795e-01
 9.116037e+02  1.524031e-01
 9.189554e+02  1.518675e-01
 9.263070e+02  1.523312e-01
 9.336587e+02  1.533596e-01
 9.410103e+02  1.544086e-01
 9.483619e+02  1.545692e-01
 9.557136e+02  1.537754e-01
 9.630652e+02  1.523440e-01
 9.704169e+02  1.505868e-01
 9.777685e+02  1.492937e-01
 9.851202e+02  1.484915e-01
 9.924718e+02  1.488490e-01
 9.998234e+02  1.504106e-01
 1.007175e+03  1.526377e-01
 1.014527e+03  1.550376e-01
 1.021878e+03  1.570549e-01
 1.029230e+03  1.578799e-01
 1.036582e+03  1.579240e-01
 1.043933e+03  1.573050e-01
 1.051285e+03  1.565583e-01
 1.058637e+03  1.559796e-01
 1.065988e+03  1.559662e-01
 1.073340e+03  1.565252e-01
 1.080692e+03  1.570564e-01
 1.088043e+03  1.572585e-01
 1.095395e+03  1.570178e-01
 1.102746e+03  1.567421e-01
 1.110098e+03  1.568781e-01
 1.117450e+03  1.570908e-01
 1.124801e+03  1.572934e-01
 1.132153e+03  1.570397e-01
 1.139505e+03  1.561438e-01
 1.146856e+03  1.549618e-01
 1.154208e+03  1.535113e-01
 1.161560e+03  1.523527e-01
 1.168911e+03  1.518616e-01
 1.176263e+03  1.524726e-01
 1.183615e+03  1.540007e-01
 1.190966e+03  1.561155e-01
 1.198318e+03  1.578854e-01
 1.205669e+03  1.588415e-01
 1.213021e+03  1.590198e-01
 1.220373e+03  1.586693e-01
 1.227724e+03  1.584630e-01
 1.235076e+03  1.583468e-01
 1.242428e+03  1.588475e-01
 1.249779e+03  1.593916e-01
 1.257131e+03  1.599593e-01
 1.264483e+03  1.604753e-01
 1.271834e+03  1.607428e-01
 1.279186e+03  1.610454e-01
 1.286538e+03  1.613660e-01
 1.293889e+03  1.616991e-01
 1.301241e+03  1.620462e-01
 1.308592e+03  1.627276e-01
 1.315944e+03  1.639166e-01
 1.323296e+03  1.652229e-01
 1.330647e+03  1.660105e-01
 1.337999e+03  1.658002e-01
 1.345351e+03  1.651744e-01
 1.352702e+03  1.646450e-01
 1.360054e+03  1.644163e-01
 1.367406e+03  1.641298e-01
 1.374757e+03  1.639954e-01
 1.382109e+03  1.643980e-01
 1.389461e+03  1.652168e-01
 1.396812e+03  1.659168e-01
 1.404164e+03  1.657837e-01
 1.411515e+03  1.646050e-01
 1.418867e+03  1.630055e-01
 1.426219e+03  1.616045e-01
 1.433570e+03  1.614356e-01
 1.440922e+03  1.627655e-01
 1.448274e+03  1.647462e-01
 1.455625e+03  1.662270e-01
 1.462977e+03  1.665275e-01
 1.470329e+03  1.656799e-01
 1.477680e+03  1.647523e-01
 1.485032e+03  1.647642e-01
 1.492384e+03  1.659060e-01
 1.499735e+03  1.675773e-01
 1.507087e+03  1.692945e-01
 1.514438e+03  1.703704e-01
 1.521790e+03  1.712211e-01
 1.529142e+03  1.719464e-01
 1.536493e+03  1.724213e-01
 1.543845e+03  1.725968e-01
 1.551197e+03  1.720345e-01
 1.558548e+03  1.710908e-01
 1.565900e+03  1.705696e-01
 1.573252e+03  1.708682e-01
 1.580603e+03  1.718816e-01
 1.587955e+03  1.732237e-01
 1.595307e+03  1.741621e-01
 1.602658e+03  1.744069e-01
 1.610010e+03  1.742052e-01
 1.617361e+03  1.738046e-01
 1.624713e+03  1.738223e-01
 1.632065e+03  1.743873e-01
 1.639416e+03  1.752910e-01
 1.646768e+03  1.762690e-01
 1.654120e+03  1.767228e-01
 1.661471e+03  1.764767e-01
 1.668823e+03  1.758860e-01
 1.676175e+03  1.757464e-01
 1.683526e+03  1.768357e-01
 1.690878e+03  1.788392e-01
 1.698230e+03  1.807375e-01
 1.705581e+03  1.822669e-01
 1.712933e+03  1.835005e-01
 1.720284e+03  1.847825e-01
 1.727636e+03  1.863225e-01
 1.734988e+03  1.876926e-01
 1.742339e+03  1.885664e-01
 1.749691e+03  1.890860e-01
 1.757043e+03  1.892720e-01
 1.764394e+03  1.893990e-01
 1.771746e+03  1.892260e-01
 1.779098e+03  1.888013e-01
 1.786449e+03  1.883091e-01
 1.793801e+03  1.884958e-01
 1.801153e+03  1.887442e-01
 1.808504e+03  1.890403e-01
 1.815856e+03  1.886816e-01
 1.823207e+03  1.882755e-01
 1.830559e+03  1.885712e-01
 1.837911e+03  1.900455e-01
 1.845262e+03  1.922320e-01
 1.852614e+03  1.941036e-01
 1.859966e+03  1.951665e-01
 1.867317e+03  1.955715e-01
 1.874669e+03  1.954947e-01
 1.882021e+03  1.952621e-01
 1.889372e+03  1.952278e-01
 1.896724e+03  1.954537e-01
 1.904076e+03  1.958508e-01
 1.911427e+03  1.963146e-01
 1.918779e+03  1.969941e-01
 1.926130e+03  1.982746e-01
 1.933482e+03  2.004970e-01
 1.940834e+03  2.028477e-01
 1.948185e+03  2.047697e-01
 1.955537e+03  2.053997e-01
 1.962889e+03  2.046906e-01
 1.970240e+03  2.032447e-01
 1.977592e+03  2.017335e-01
 1.984944e+03  2.009680e-01
 1.992295e+03  2.017162e-01
 1.999647e+03  2.036120e-01
 2.006999e+03  2.056986e-01
 2.014350e+03  2.072665e-01
 2.021702e+03  2.077518e-01
 2.029053e+03  2.076132e-01
 2.036405e+03  2.071376e-01
 2.043757e+03  2.069725e-01
 2.051108e+03  2.083010e-01
 2.058460e+03  2.107767e-01
 2.065812e+03  2.134294e-01
 2.073163e+03  2.148078e-01
 2.080515e+03  2.148519e-01
 2.087867e+03  2.147096e-01
 2.095218e+03  2.148596e-01
 2.102570e+03  2.152009e-01
 2.109922e+03  2.153799e-01
 2.117273e+03  2.154970e-01
 2.124625e+03  2.162303e-01
 2.131976e+03  2.178194e-01
 2.139328e+03  2.192960e-01
 2.146680e+03  2.201836e-01
 2.154031e+03  2.202907e-01
 2.161383e+03  2.200892e-01
 2.168735e+03  2.199939e-01
 2.176086e+03  2.197518e-01
 2.183438e+03  2.193928e-01
 2.190790e+03  2.191582e-01
 2.198141e+03  2.197656e-01
 2.205493e+03  2.205175e-01
 2.212845e+03  2.213847e-01
 2.220196e+03  2.225452e-01
 2.227548e+03  2.235762e-01
 2.234899e+03  2.244720e-01
 2.242251e+03  2.251227e-01
 2.249603e+03  2.255145e-01
 2.256954e+03  2.267786e-01
 2.264306e+03  2.282431e-01
 2.271658e+03  2.298193e-01
 2.279009e+03  2.311577e-01
 2.286361e+03  2.321346e-01
 2.293713e+03  2.326169e-01
 2.301064e+03  2.326579e-01
 2.308416e+03  2.326365e-01
 2.315768e+03  2.325356e-01
 2.323119e+03  2.322013e-01
 2.330471e+03  2.318920e-01
 2.337822e+03  2.314370e-01
 2.345174e+03  2.315353e-01
 2.352526e+03  2.318313e-01
 2.359877e+03  2.321899e-01
 2.367229e+03  2.327247e-01
 2.374581e+03  2.336079e-01
 2.381932e+03  2.352954e-01
 2.389284e+03  2.368853e-01
 2.396636e+03  2.379008e-01
 2.403987e+03  2.382327e-01
 2.411339e+03  2.381577e-01
 2.418691e+03  2.380708e-01
 2.426042e+03  2.375154e-01
 2.433394e+03  2.370173e-01
 2.440745e+03  2.364259e-01
 2.448097e+03  2.358181e-01
 2.455449e+03  2.361149e-01
 2.462800e+03  2.374913e-01
 2.470152e+03  2.396946e-01
 2.477504e+03  2.421212e-01
 2.484855e+03  2.438091e-01
 2.492207e+03  2.450928e-01
 2.499559e+03  2.464741e-01
 2.506910e+03  2.475148e-01
 2.514262e+03  2.481737e-01
 2.521614e+03  2.484544e-01
 2.528965e+03  2.481140e-01
 2.536317e+03  2.477129e-01
 2.543668e+03  2.477672e-01
 2.551020e+03  2.482070e-01
 2.558372e+03  2.493749e-01
 2.565723e+03  2.504121e-01
 2.573075e+03  2.509763e-01
 2.580427e+03  2.505893e-01
 2.587778e+03  2.495040e-01
 2.595130e+03  2.484828e-01
 2.602482e+03  2.498687e-01
 2.609833e+03  2.624992e-01
 2.617185e+03  3.012378e-01
 2.624537e+03  3.927311e-01
 2.631888e+03  5.497791e-01
 2.639240e+03  7.425862e-01
 2.646591e+03  9.074883e-01
 2.653943e+03  9.839247e-01
 2.661295e+03  9.601241e-01
 2.668646e+03  8.808950e-01
 2.675998e+03  7.925017e-01
 2.683350e+03  7.237725e-01
 2.690701e+03  6.758201e-01
 2.698053e+03  6.450386e-01
 2.705405e+03  6.240369e-01
 2.712756e+03  6.080030e-01
 2.720108e+03  5.946097e-01
 2.727460e+03  5.819523e-01
 2.734811e+03  5.694326e-01
 2.742163e+03  5.578076e-01
 2.749514e+03  5.480072e-01
 2.756866e+03  5.410391e-01
 2.764218e+03  5.356290e-01
 2.771569e+03  5.309882e-01
 2.778921e+03  5.265291e-01
 2.786273e+03  5.223842e-01
 2.793624e+03  5.205623e-01
 2.800976e+03  5.208552e-01
 2.808328e+03  5.228678e-01
 2.815679e+03  5.246691e-01
 2.823031e+03  5.258121e-01
 2.830383e+03  5.267292e-01
 2.837734e+03  5.278747e-01
 2.845086e+03  5.290599e-01
 2.852437e+03  5.304869e-01
 2.859789e+03  5.315679e-01
 2.867141e+03  5.336476e-01
 2.874492e+03  5.368360e-01
 2.881844e+03  5.406296e-01
 2.889196e+03  5.441177e-01
 2.896547e+03  5.464071e-01
 2.903899e+03  5.474723e-01
 2.911251e+03  5.480086e-01
 2.918602e+03  5.488266e-01
 2.925954e+03  5.501647e-01
 2.933306e+03  5.520643e-01
 2.940657e+03  5.536463e-01
 2.948009e+03  5.551252e-01
 2.955360e+03  5.570531e-01
 2.962712e+03  5.589205e-01
 2.970064e+03  5.604239e-01
 2.977415e+03  5.605845e-01
 2.984767e+03  5.573565e-01
 2.992119e+03  5.512899e-01
 2.999470e+03  5.416422e-01
 3.006822e+03  5.306696e-01
 3.014174e+03  5.210485e-01
 3.021525e+03  5.137577e-01
 3.028877e+03  5.087362e-01
 3.036229e+03  5.055871e-01
 3.043580e+03  5.020679e-01
 3.050932e+03  4.974218e-01
 3.058283e+03  4.934334e-01
 3.065635e+03  4.926323e-01
 3.072987e+03  4.960094e-01
 3.080338e+03  5.016561e-01
 3.087690e+03  5.156166e-01
 3.095042e+03  5.307414e-01
 3.102393e+03  5.460258e-01
 3.109745e+03  5.733622e-01
 3.117097e+03  6.036652e-01
 3.124448e+03  6.364361e-01
 3.131800e+03  6.755663e-01
 3.139152e+03  7.266287e-01
 3.146503e+03  7.809211e-01
 3.153855e+03  8.406167e-01
 3.161206e+03  9.127600e-01
 3.168558e+03  9.796041e-01
 3.175910e+03  1.048092e+00
 3.183261e+03  1.117448e+00
 3.190613e+03  1.177123e+00
 3.197965e+03  1.233348e+00
 3.205316e+03  1.288282e+00
 3.212668e+03  1.318808e+00
 3.220020e+03  1.348705e+00
 3.227371e+03  1.377226e+00
 3.234723e+03  1.384040e+00
 3.242075e+03  1.385085e+00
 3.249426e+03  1.378574e+00
 3.256778e+03  1.356624e+00
 3.264129e+03  1.321525e+00
 3.271481e+03  1.283917e+00
 3.278833e+03  1.240547e+00
 3.286184e+03  1.196528e+00
 3.293536e+03  1.157497e+00
 3.300888e+03  1.122049e+00
 3.308239e+03  1.092556e+00
 3.315591e+03  1.068110e+00
 3.322943e+03  1.044173e+00
 3.330294e+03  1.020542e+00
 3.337646e+03  1.001211e+00
 3.344998e+03  9.809244e-01
 3.352349e+03  9.622462e-01
 3.359701e+03  9.484372e-01
 3.367052e+03  9.368496e-01
 3.374404e+03  9.271178e-01
 3.381756e+03  9.187365e-01
 3.389107e+03  9.115509e-01
 3.396459e+03  9.033252e-01
 3.403811e+03  8.943331e-01
 3.411162e+03  8.857342e-01
 3.418514e+03  8.774805e-01
 3.425866e+03  8.702374e-01
 3.433217e+03  8.635503e-01
 3.440569e+03  8.579496e-01
 3.447921e+03  8.523284e-01
 3.455272e+03  8.458534e-01
 3.462624e+03  8.400594e-01
 3.469975e+03  8.346749e-01
 3.477327e+03  8.311695e-01
 3.484679e+03  8.307901e-01
 3.492030e+03  8.313640e-01
 3.499382e+03  8.315951e-01
 3.506734e+03  8.307447e-01
 3.514085e+03  8.285028e-01
 3.521437e+03  8.257326e-01
 3.528789e+03  8.237252e-01
 3.536140e+03  8.235318e-01
 3.543492e+03  8.257044e-01
 3.550844e+03  8.291216e-01
 3.558195e+03  8.337073e-01
 3.565547e+03  8.389886e-01
 3.572899e+03  8.450282e-01
 3.580250e+03  8.516103e-01
 3.587602e+03  8.590949e-01
 3.594953e+03  8.681734e-01
 3.602305e+03  8.785884e-01
 3.609657e+03  8.903631e-01
 3.617008e+03  9.070735e-01
 3.624360e+03  9.494705e-01
 3.631712e+03  1.053017e+00
 3.639063e+03  1.232946e+00
 3.646415e+03  1.529494e+00
