150.0000,0.8908,0.8932,0.8881,0.8769,0.8557,0.8413,0.8308
155.0000,0.8922,0.8915,0.8875,0.8741,0.8532,0.8374,0.8283
160.0000,0.8909,0.8916,0.8854,0.8724,0.8492,0.8357,0.8219
165.0000,0.8895,0.8911,0.8838,0.8696,0.8466,0.8311,0.8211
170.0000,0.8905,0.8889,0.8829,0.8666,0.8439,0.8274,0.8181
175.0000,0.8897,0.8879,0.8808,0.8642,0.8398,0.8255,0.8118
180.0000,0.8872,0.8874,0.8785,0.8615,0.8367,0.8216,0.8094
220.0000,0.8762,0.8719,0.8586,0.8367,0.8090,0.7929,0.7748
225.0000,0.8737,0.8695,0.8559,0.8330,0.8062,0.7872,0.7738
230.0000,0.8690,0.8681,0.8522,0.8300,0.8023,0.7829,0.7692
235.0000,0.8692,0.8642,0.8498,0.8263,0.7988,0.7784,0.7640
240.0000,0.8661,0.8621,0.8462,0.8233,0.7942,0.7750,0.7561
245.0000,0.8624,0.8596,0.8431,0.8195,0.7912,0.7685,0.7531
250.0000,0.8619,0.8554,0.8406,0.8156,0.7875,0.7630,0.7474
255.0000,0.8583,0.8531,0.8368,0.8125,0.7827,0.7587,0.7393
260.0000,0.8543,0.8507,0.8332,0.8090,0.7785,0.7526,0.7334
265.0000,0.8535,0.8462,0.8309,0.8047,0.7748,0.7452,0.7283
270.0000,0.8497,0.8436,0.8270,0.8015,0.7694,0.7397,0.7200
275.0000,0.8457,0.8410,0.8232,0.7980,0.7642,0.7330,0.7131
280.0000,0.8442,0.8368,0.8203,0.7939,0.7590,0.7260,0.7055
285.0000,0.8405,0.8341,0.8163,0.7905,0.7524,0.7202,0.6947
290.0000,0.8360,0.8314,0.8126,0.7862,0.7472,0.7110,0.6902
295.0000,0.8344,0.8269,0.8096,0.7817,0.7410,0.7032,0.6821
300.0000,0.8309,0.8238,0.8057,0.7777,0.7335,0.6966,0.6715
305.0000,0.8266,0.8209,0.8018,0.7731,0.7265,0.6883,0.6631
310.0000,0.8247,0.8161,0.7991,0.7673,0.7204,0.6783,0.6569
315.0000,0.8207,0.8130,0.7950,0.7624,0.7121,0.6708,0.6465
320.0000,0.8166,0.8098,0.7909,0.7570,0.7042,0.6621,0.6381
325.0000,0.8118,0.8067,0.7867,0.7512,0.6961,0.6534,0.6289
330.0000,0.8105,0.8017,0.7830,0.7450,0.6873,0.6458,0.6164
335.0000,0.8058,0.7984,0.7786,0.7381,0.6798,0.6347,0.6124
340.0000,0.7999,0.7958,0.7733,0.7317,0.6706,0.6261,0.6035
345.0000,0.7987,0.7906,0.7688,0.7246,0.6612,0.6184,0.5922
350.0000,0.7948,0.7864,0.7638,0.7169,0.6529,0.6081,0.5874
355.0000,0.7887,0.7831,0.7577,0.7097,0.6432,0.6002,0.5785
360.0000,0.7868,0.7774,0.7525,0.7015,0.6341,0.5919,0.5696
365.0000,0.7823,0.7728,0.7463,0.6935,0.6245,0.5846,0.5590
370.0000,0.7762,0.7683,0.7400,0.6846,0.6164,0.5746,0.5538
375.0000,0.7735,0.7618,0.7341,0.6755,0.6078,0.5661,0.5460
380.0000,0.7677,0.7570,0.7267,0.6669,0.5985,0.5588,0.5368
385.0000,0.7622,0.7514,0.7193,0.6579,0.5899,0.5506,0.5289
390.0000,0.7583,0.7441,0.7126,0.6482,0.5824,0.5413,0.5231
395.0000,0.7516,0.7384,0.7043,0.6394,0.5735,0.5340,0.5149
400.0000,0.7445,0.7326,0.6956,0.6307,0.5650,0.5265,0.5077
405.0000,0.7398,0.7249,0.6875,0.6216,0.5568,0.5192,0.4999
410.0000,0.7334,0.7178,0.6786,0.6130,0.5481,0.5128,0.4904
415.0000,0.7248,0.7112,0.6695,0.6041,0.5407,0.5042,0.4862
420.0000,0.7194,0.7025,0.6610,0.5952,0.5330,0.4969,0.4794
425.0000,0.7114,0.6951,0.6515,0.5870,0.5247,0.4909,0.4708
430.0000,0.7041,0.6867,0.6426,0.5784,0.5172,0.4837,0.4641
435.0000,0.6972,0.6772,0.6344,0.5694,0.5107,0.4756,0.4593
440.0000,0.6884,0.6691,0.6250,0.5614,0.5029,0.4695,0.4516
445.0000,0.6793,0.6609,0.6159,0.5534,0.4957,0.4627,0.4457
450.0000,0.6713,0.6518,0.6073,0.5453,0.4887,0.4561,0.4393
455.0000,0.6640,0.6420,0.5990,0.5373,0.4815,0.4505,0.4308
460.0000,0.6539,0.6340,0.5900,0.5295,0.4751,0.4430,0.4273
465.0000,0.6427,0.6267,0.5805,0.5224,0.4679,0.4370,0.4212
470.0000,0.6365,0.6169,0.5724,0.5149,0.4608,0.4318,0.4132
475.0000,0.6281,0.6079,0.5643,0.5073,0.4548,0.4246,0.4101
480.0000,0.6174,0.6003,0.5555,0.5004,0.4479,0.4192,0.4039
485.0000,0.6108,0.5906,0.5480,0.4930,0.4417,0.4135,0.3978
490.0000,0.6028,0.5815,0.5403,0.4859,0.4352,0.4084,0.3903
495.0000,0.5923,0.5738,0.5325,0.4787,0.4298,0.4013,0.3870
500.0000,0.5852,0.5646,0.5254,0.4716,0.4242,0.3954,0.3817
505.0000,0.5759,0.5572,0.5173,0.4652,0.4178,0.3903,0.3755
510.0000,0.5681,0.5490,0.5100,0.4585,0.4120,0.3847,0.3698
515.0000,0.5608,0.5403,0.5032,0.4516,0.4070,0.3782,0.3660
520.0000,0.5518,0.5332,0.4955,0.4455,0.4009,0.3732,0.3605
525.0000,0.5424,0.5265,0.4878,0.4397,0.3948,0.3681,0.3556
530.0000,0.5361,0.5183,0.4810,0.4335,0.3891,0.3631,0.3502
535.0000,0.5291,0.5104,0.4742,0.4276,0.3831,0.3588,0.3439
540.0000,0.5201,0.5037,0.4672,0.4216,0.3779,0.3530,0.3409
545.0000,0.5137,0.4958,0.4610,0.4155,0.3726,0.3482,0.3363
550.0000,0.5057,0.4893,0.4540,0.4100,0.3667,0.3442,0.3304
555.0000,0.4991,0.4818,0.4480,0.4040,0.3618,0.3393,0.3262
560.0000,0.4924,0.4743,0.4423,0.3978,0.3573,0.3338,0.3229
565.0000,0.4847,0.4679,0.4359,0.3923,0.3520,0.3299,0.3176
570.0000,0.4770,0.4617,0.4296,0.3867,0.3472,0.3252,0.3141
575.0000,0.4705,0.4551,0.4237,0.3811,0.3425,0.3208,0.3101
580.0000,0.4648,0.4480,0.4180,0.3756,0.3376,0.3171,0.3047
585.0000,0.4572,0.4423,0.4119,0.3703,0.3332,0.3123,0.3023
590.0000,0.4491,0.4372,0.4054,0.3654,0.3284,0.3085,0.2985
595.0000,0.4445,0.4303,0.3999,0.3601,0.3241,0.3045,0.2947
600.0000,0.4382,0.4245,0.3940,0.3553,0.3195,0.3012,0.2900
605.0000,0.4310,0.4189,0.3882,0.3503,0.3156,0.2967,0.2876
610.0000,0.4264,0.4122,0.3830,0.3452,0.3115,0.2931,0.2840
615.0000,0.4209,0.4059,0.3778,0.3404,0.3074,0.2898,0.2798
620.0000,0.4134,0.4007,0.3723,0.3358,0.3036,0.2857,0.2776
625.0000,0.4086,0.3945,0.3673,0.3311,0.2999,0.2823,0.2743
630.0000,0.4021,0.3894,0.3617,0.3269,0.2957,0.2794,0.2705
635.0000,0.3969,0.3837,0.3568,0.3225,0.2920,0.2763,0.2669
640.0000,0.3919,0.3777,0.3522,0.3178,0.2889,0.2723,0.2647
645.0000,0.3856,0.3728,0.3470,0.3139,0.2852,0.2695,0.2611
650.0000,0.3789,0.3684,0.3418,0.3100,0.2816,0.2664,0.2583
655.0000,0.3748,0.3627,0.3373,0.3059,0.2783,0.2633,0.2552
660.0000,0.3701,0.3572,0.3329,0.3020,0.2749,0.2607,0.2511
665.0000,0.3641,0.3525,0.3283,0.2981,0.2720,0.2570,0.2497
670.0000,0.3596,0.3472,0.3242,0.2942,0.2690,0.2539,0.2471
675.0000,0.3541,0.3429,0.3195,0.2909,0.2655,0.2515,0.2436
680.0000,0.3496,0.3379,0.3154,0.2872,0.2625,0.2485,0.2413
685.0000,0.3451,0.3330,0.3115,0.2836,0.2597,0.2455,0.2392
690.0000,0.3398,0.3289,0.3072,0.2805,0.2564,0.2433,0.2360
695.0000,0.3346,0.3249,0.3030,0.2773,0.2533,0.2406,0.2340
700.0000,0.3297,0.3208,0.2991,0.2741,0.2504,0.2381,0.2317
705.0000,0.3264,0.3159,0.2956,0.2708,0.2474,0.2362,0.2281
710.0000,0.3218,0.3119,0.2920,0.2675,0.2449,0.2333,0.2270
715.0000,0.3169,0.3081,0.2883,0.2644,0.2423,0.2309,0.2250
720.0000,0.3136,0.3037,0.2852,0.2612,0.2398,0.2285,0.2228
725.0000,0.3096,0.2997,0.2818,0.2582,0.2372,0.2266,0.2201
730.0000,0.3048,0.2963,0.2784,0.2551,0.2350,0.2239,0.2190
735.0000,0.3016,0.2923,0.2753,0.2521,0.2326,0.2218,0.2170
740.0000,0.2974,0.2892,0.2717,0.2495,0.2300,0.2201,0.2146
745.0000,0.2936,0.2858,0.2684,0.2467,0.2279,0.2178,0.2135
750.0000,0.2906,0.2819,0.2655,0.2439,0.2257,0.2160,0.2117
755.0000,0.2865,0.2790,0.2620,0.2416,0.2233,0.2146,0.2095
760.0000,0.2832,0.2756,0.2590,0.2390,0.2211,0.2129,0.2075
765.0000,0.2804,0.2718,0.2564,0.2362,0.2195,0.2106,0.2065
770.0000,0.2766,0.2689,0.2533,0.2339,0.2174,0.2092,0.2045
775.0000,0.2724,0.2662,0.2502,0.2316,0.2154,0.2075,0.2032
780.0000,0.2700,0.2627,0.2477,0.2292,0.2137,0.2058,0.2017
785.0000,0.2673,0.2593,0.2451,0.2269,0.2119,0.2045,0.1995
790.0000,0.2636,0.2566,0.2424,0.2247,0.2103,0.2025,0.1989
795.0000,0.2609,0.2534,0.2399,0.2225,0.2087,0.2010,0.1977
800.0000,0.2575,0.2510,0.2371,0.2207,0.2068,0.2000,0.1957
805.0000,0.2547,0.2482,0.2346,0.2187,0.2052,0.1985,0.1947
810.0000,0.2522,0.2452,0.2324,0.2167,0.2038,0.1970,0.1936
815.0000,0.2491,0.2428,0.2299,0.2150,0.2020,0.1961,0.1916
820.0000,0.2461,0.2404,0.2275,0.2132,0.2006,0.1946,0.1909
825.0000,0.2430,0.2381,0.2252,0.2114,0.1992,0.1933,0.1899
830.0000,0.2413,0.2351,0.2233,0.2097,0.1977,0.1924,0.1879
835.0000,0.2386,0.2327,0.2213,0.2079,0.1966,0.1909,0.1876
840.0000,0.2356,0.2306,0.2192,0.2063,0.1953,0.1896,0.1866
845.0000,0.2338,0.2280,0.2175,0.2046,0.1941,0.1884,0.1856
850.0000,0.2313,0.2258,0.2156,0.2031,0.1927,0.1876,0.1841
855.0000,0.2285,0.2240,0.2136,0.2016,0.1917,0.1862,0.1837
860.0000,0.2268,0.2216,0.2120,0.2001,0.1905,0.1851,0.1827
865.0000,0.2243,0.2199,0.2099,0.1989,0.1891,0.1845,0.1812
870.0000,0.2221,0.2181,0.2082,0.1976,0.1880,0.1833,0.1806
875.0000,0.2206,0.2158,0.2068,0.1961,0.1871,0.1821,0.1801
880.0000,0.2183,0.2142,0.2050,0.1950,0.1858,0.1815,0.1788
885.0000,0.2165,0.2123,0.2035,0.1937,0.1848,0.1806,0.1780
890.0000,0.2150,0.2102,0.2023,0.1923,0.1840,0.1795,0.1775
895.0000,0.2129,0.2086,0.2007,0.1912,0.1828,0.1789,0.1764
900.0000,0.2105,0.2074,0.1991,0.1901,0.1819,0.1780,0.1758
905.0000,0.2093,0.2055,0.1979,0.1889,0.1810,0.1772,0.1752
910.0000,0.2078,0.2039,0.1966,0.1878,0.1800,0.1768,0.1738
915.0000,0.2058,0.2026,0.1952,0.1867,0.1792,0.1758,0.1737
920.0000,0.2046,0.2009,0.1941,0.1855,0.1785,0.1749,0.1732
925.0000,0.2029,0.1996,0.1927,0.1846,0.1775,0.1746,0.1720
930.0000,0.2014,0.1983,0.1915,0.1836,0.1768,0.1737,0.1718
935.0000,0.2002,0.1967,0.1904,0.1825,0.1762,0.1729,0.1715
940.0000,0.1987,0.1955,0.1892,0.1817,0.1753,0.1726,0.1703
945.0000,0.1971,0.1943,0.1880,0.1808,0.1746,0.1719,0.1703
950.0000,0.1951,0.1934,0.1867,0.1800,0.1739,0.1713,0.1700
955.0000,0.1946,0.1918,0.1858,0.1792,0.1731,0.1712,0.1688
960.0000,0.1933,0.1907,0.1848,0.1783,0.1726,0.1705,0.1690
965.0000,0.1917,0.1897,0.1837,0.1775,0.1720,0.1700,0.1688
970.0000,0.1910,0.1882,0.1829,0.1766,0.1715,0.1695,0.1684
975.0000,0.1897,0.1872,0.1819,0.1760,0.1708,0.1694,0.1676
980.0000,0.1882,0.1863,0.1809,0.1752,0.1705,0.1688,0.1677
985.0000,0.1876,0.1850,0.1802,0.1744,0.1701,0.1684,0.1674
990.0000,0.1863,0.1841,0.1792,0.1738,0.1695,0.1683,0.1666
995.0000,0.1852,0.1832,0.1784,0.1731,0.1692,0.1678,0.1666
1000.0000,0.1846,0.1820,0.1778,0.1724,0.1690,0.1672,0.1665
1005.0000,0.1833,0.1813,0.1768,0.1720,0.1685,0.1672,0.1658
1010.0000,0.1821,0.1805,0.1760,0.1714,0.1681,0.1668,0.1657
1015.0000,0.1816,0.1794,0.1754,0.1708,0.1679,0.1663,0.1656
1020.0000,0.1806,0.1787,0.1746,0.1705,0.1674,0.1663,0.1649
1025.0000,0.1793,0.1781,0.1737,0.1701,0.1671,0.1659,0.1648
1030.0000,0.1789,0.1771,0.1732,0.1696,0.1669,0.1655,0.1646
1035.0000,0.1781,0.1763,0.1726,0.1693,0.1664,0.1655,0.1638
1040.0000,0.1771,0.1757,0.1720,0.1689,0.1662,0.1650,0.1639
1045.0000,0.1766,0.1747,0.1716,0.1684,0.1661,0.1646,0.1638
1050.0000,0.1757,0.1742,0.1709,0.1682,0.1656,0.1646,0.1629
1055.0000,0.1748,0.1736,0.1704,0.1679,0.1654,0.1642,0.1630
1060.0000,0.1744,0.1728,0.1701,0.1674,0.1652,0.1637,0.1630
1065.0000,0.1737,0.1723,0.1696,0.1672,0.1647,0.1637,0.1622
1070.0000,0.1730,0.1718,0.1692,0.1669,0.1645,0.1632,0.1624
1075.0000,0.1717,0.1716,0.1687,0.1667,0.1642,0.1630,0.1623
1080.0000,0.1719,0.1708,0.1684,0.1664,0.1637,0.1631,0.1613
1085.0000,0.1713,0.1704,0.1681,0.1661,0.1635,0.1626,0.1617
1090.0000,0.1704,0.1701,0.1677,0.1658,0.1632,0.1624,0.1615
1095.0000,0.1704,0.1694,0.1675,0.1654,0.1630,0.1621,0.1614
1100.0000,0.1698,0.1691,0.1671,0.1652,0.1626,0.1622,0.1607
1105.0000,0.1692,0.1688,0.1668,0.1648,0.1625,0.1617,0.1610
1110.0000,0.1692,0.1682,0.1667,0.1644,0.1624,0.1614,0.1609
1115.0000,0.1686,0.1680,0.1663,0.1642,0.1620,0.1615,0.1604
1120.0000,0.1681,0.1677,0.1660,0.1639,0.1619,0.1611,0.1605
1125.0000,0.1681,0.1672,0.1658,0.1635,0.1618,0.1609,0.1605
1130.0000,0.1675,0.1671,0.1654,0.1634,0.1614,0.1609,0.1601
1135.0000,0.1670,0.1669,0.1650,0.1631,0.1612,0.1608,0.1601
1140.0000,0.1670,0.1664,0.1648,0.1628,0.1612,0.1605,0.1602
1145.0000,0.1666,0.1662,0.1644,0.1627,0.1609,0.1606,0.1597
1150.0000,0.1660,0.1660,0.1640,0.1624,0.1607,0.1604,0.1598
1155.0000,0.1661,0.1655,0.1639,0.1621,0.1607,0.1602,0.1599
1160.0000,0.1657,0.1652,0.1635,0.1620,0.1603,0.1604,0.1594
1165.0000,0.1653,0.1650,0.1632,0.1618,0.1603,0.1601,0.1597
1170.0000,0.1652,0.1645,0.1631,0.1615,0.1603,0.1600,0.1598
1175.0000,0.1649,0.1643,0.1628,0.1614,0.1600,0.1602,0.1593
1180.0000,0.1644,0.1641,0.1625,0.1612,0.1599,0.1601,0.1596
1185.0000,0.1643,0.1636,0.1624,0.1610,0.1600,0.1599,0.1598
1190.0000,0.1640,0.1635,0.1621,0.1609,0.1597,0.1602,0.1593
1195.0000,0.1635,0.1633,0.1618,0.1607,0.1597,0.1601,0.1597
1200.0000,0.1627,0.1633,0.1615,0.1607,0.1597,0.1600,0.1599
1205.0000,0.1631,0.1628,0.1614,0.1605,0.1596,0.1604,0.1591
1210.0000,0.1628,0.1625,0.1612,0.1603,0.1597,0.1602,0.1598
1215.0000,0.1624,0.1624,0.1610,0.1602,0.1597,0.1601,0.1600
1220.0000,0.1625,0.1620,0.1610,0.1601,0.1599,0.1601,0.1602
1225.0000,0.1621,0.1619,0.1608,0.1601,0.1597,0.1604,0.1599
1230.0000,0.1616,0.1618,0.1605,0.1600,0.1598,0.1603,0.1604
1235.0000,0.1618,0.1614,0.1605,0.1599,0.1599,0.1603,0.1605
1240.0000,0.1615,0.1614,0.1603,0.1600,0.1598,0.1606,0.1603
1245.0000,0.1610,0.1613,0.1601,0.1600,0.1599,0.1607,0.1606
1250.0000,0.1613,0.1609,0.1601,0.1599,0.1601,0.1607,0.1609
1255.0000,0.1610,0.1609,0.1599,0.1600,0.1600,0.1610,0.1606
1260.0000,0.1607,0.1607,0.1599,0.1600,0.1601,0.1610,0.1610
1265.0000,0.1608,0.1604,0.1600,0.1599,0.1603,0.1610,0.1613
1270.0000,0.1605,0.1604,0.1598,0.1600,0.1603,0.1615,0.1609
1275.0000,0.1602,0.1604,0.1597,0.1601,0.1605,0.1614,0.1615
1280.0000,0.1604,0.1601,0.1599,0.1600,0.1607,0.1614,0.1618
1285.0000,0.1602,0.1601,0.1597,0.1602,0.1607,0.1619,0.1615
1290.0000,0.1599,0.1602,0.1597,0.1602,0.1609,0.1619,0.1620
1295.0000,0.1601,0.1599,0.1598,0.1603,0.1611,0.1620,0.1624
1300.0000,0.1600,0.1600,0.1598,0.1605,0.1611,0.1625,0.1620
1305.0000,0.1596,0.1601,0.1597,0.1606,0.1613,0.1625,0.1625
1310.0000,0.1599,0.1599,0.1599,0.1606,0.1615,0.1626,0.1629
1315.0000,0.1598,0.1600,0.1599,0.1608,0.1615,0.1631,0.1625
1320.0000,0.1597,0.1600,0.1599,0.1609,0.1618,0.1631,0.1630
1325.0000,0.1592,0.1603,0.1599,0.1611,0.1620,0.1632,0.1634
1330.0000,0.1598,0.1600,0.1601,0.1612,0.1621,0.1638,0.1628
1335.0000,0.1597,0.1601,0.1602,0.1613,0.1624,0.1637,0.1635
1340.0000,0.1595,0.1602,0.1603,0.1614,0.1627,0.1637,0.1638
1345.0000,0.1599,0.1601,0.1605,0.1615,0.1630,0.1638,0.1641
1350.0000,0.1598,0.1603,0.1605,0.1618,0.1630,0.1642,0.1638
1355.0000,0.1596,0.1605,0.1605,0.1620,0.1633,0.1642,0.1642
1360.0000,0.1601,0.1604,0.1608,0.1621,0.1635,0.1642,0.1644
1365.0000,0.1601,0.1605,0.1608,0.1624,0.1636,0.1646,0.1641
1370.0000,0.1598,0.1608,0.1609,0.1626,0.1638,0.1646,0.1645
1375.0000,0.1604,0.1606,0.1612,0.1627,0.1640,0.1646,0.1647
1380.0000,0.1603,0.1609,0.1613,0.1630,0.1640,0.1649,0.1644
1385.0000,0.1603,0.1610,0.1615,0.1632,0.1642,0.1649,0.1647
1390.0000,0.1607,0.1610,0.1618,0.1633,0.1644,0.1648,0.1649
1395.0000,0.1607,0.1613,0.1619,0.1636,0.1644,0.1652,0.1645
1400.0000,0.1607,0.1615,0.1620,0.1638,0.1645,0.1651,0.1650
1405.0000,0.1611,0.1614,0.1624,0.1639,0.1647,0.1651,0.1652
1410.0000,0.1612,0.1617,0.1625,0.1641,0.1646,0.1655,0.1647
1415.0000,0.1611,0.1620,0.1626,0.1643,0.1647,0.1654,0.1651
1420.0000,0.1615,0.1620,0.1630,0.1643,0.1649,0.1653,0.1653
1425.0000,0.1617,0.1622,0.1631,0.1645,0.1648,0.1657,0.1649
1430.0000,0.1616,0.1626,0.1632,0.1646,0.1650,0.1656,0.1653
1435.0000,0.1621,0.1626,0.1636,0.1646,0.1651,0.1655,0.1657
1440.0000,0.1622,0.1628,0.1636,0.1648,0.1650,0.1659,0.1652
1445.0000,0.1623,0.1631,0.1638,0.1649,0.1651,0.1658,0.1657
1450.0000,0.1619,0.1635,0.1638,0.1650,0.1652,0.1659,0.1660
1455.0000,0.1627,0.1634,0.1641,0.1651,0.1651,0.1663,0.1654
1460.0000,0.1628,0.1636,0.1642,0.1651,0.1653,0.1662,0.1662
1465.0000,0.1627,0.1639,0.1643,0.1652,0.1654,0.1663,0.1666
1470.0000,0.1633,0.1638,0.1645,0.1652,0.1656,0.1664,0.1670
1475.0000,0.1633,0.1642,0.1645,0.1653,0.1655,0.1668,0.1668
1480.0000,0.1632,0.1644,0.1645,0.1654,0.1657,0.1669,0.1674
1485.0000,0.1638,0.1643,0.1648,0.1653,0.1659,0.1671,0.1678
1490.0000,0.1639,0.1645,0.1648,0.1655,0.1659,0.1676,0.1677
1495.0000,0.1637,0.1647,0.1648,0.1656,0.1661,0.1678,0.1682
1500.0000,0.1642,0.1646,0.1650,0.1655,0.1664,0.1680,0.1686
1505.0000,0.1643,0.1648,0.1650,0.1657,0.1665,0.1686,0.1684
1510.0000,0.1642,0.1649,0.1651,0.1657,0.1668,0.1687,0.1690
1515.0000,0.1646,0.1648,0.1652,0.1657,0.1673,0.1688,0.1695
1520.0000,0.1645,0.1650,0.1652,0.1660,0.1674,0.1695,0.1692
1525.0000,0.1645,0.1652,0.1652,0.1661,0.1678,0.1695,0.1700
1530.0000,0.1648,0.1651,0.1654,0.1662,0.1682,0.1697,0.1705
1535.0000,0.1649,0.1652,0.1653,0.1665,0.1683,0.1703,0.1702
1540.0000,0.1647,0.1654,0.1653,0.1667,0.1687,0.1705,0.1709
1545.0000,0.1651,0.1653,0.1655,0.1669,0.1691,0.1707,0.1714
1550.0000,0.1650,0.1654,0.1655,0.1673,0.1692,0.1714,0.1711
1555.0000,0.1648,0.1657,0.1656,0.1676,0.1696,0.1716,0.1718
1560.0000,0.1653,0.1655,0.1659,0.1678,0.1700,0.1717,0.1723
1565.0000,0.1653,0.1657,0.1660,0.1682,0.1701,0.1724,0.1720
1570.0000,0.1653,0.1658,0.1662,0.1685,0.1706,0.1725,0.1726
1575.0000,0.1649,0.1661,0.1663,0.1688,0.1709,0.1727,0.1731
1580.0000,0.1656,0.1659,0.1667,0.1691,0.1711,0.1734,0.1725
1585.0000,0.1656,0.1661,0.1670,0.1693,0.1716,0.1733,0.1734
1590.0000,0.1655,0.1664,0.1672,0.1696,0.1720,0.1735,0.1739
1595.0000,0.1660,0.1664,0.1677,0.1699,0.1724,0.1736,0.1743
1600.0000,0.1659,0.1668,0.1678,0.1703,0.1725,0.1741,0.1743
1605.0000,0.1658,0.1672,0.1680,0.1707,0.1728,0.1743,0.1748
1610.0000,0.1665,0.1672,0.1684,0.1710,0.1732,0.1744,0.1752
1615.0000,0.1666,0.1676,0.1686,0.1714,0.1733,0.1750,0.1752
1620.0000,0.1665,0.1680,0.1688,0.1718,0.1735,0.1752,0.1757
1625.0000,0.1673,0.1680,0.1693,0.1720,0.1739,0.1755,0.1761
1630.0000,0.1675,0.1683,0.1696,0.1724,0.1740,0.1761,0.1760
1635.0000,0.1676,0.1687,0.1700,0.1726,0.1743,0.1762,0.1766
1640.0000,0.1681,0.1688,0.1705,0.1728,0.1747,0.1764,0.1771
1645.0000,0.1682,0.1692,0.1707,0.1732,0.1748,0.1771,0.1768
1650.0000,0.1684,0.1696,0.1710,0.1734,0.1753,0.1772,0.1776
1655.0000,0.1690,0.1697,0.1715,0.1735,0.1757,0.1774,0.1782
1660.0000,0.1692,0.1701,0.1717,0.1739,0.1759,0.1780,0.1779
1665.0000,0.1693,0.1706,0.1720,0.1742,0.1763,0.1782,0.1787
1670.0000,0.1699,0.1708,0.1724,0.1744,0.1767,0.1784,0.1792
1675.0000,0.1702,0.1712,0.1725,0.1748,0.1768,0.1791,0.1790
1680.0000,0.1703,0.1716,0.1727,0.1751,0.1772,0.1794,0.1797
1685.0000,0.1701,0.1722,0.1728,0.1754,0.1775,0.1796,0.1802
1690.0000,0.1711,0.1722,0.1732,0.1757,0.1778,0.1803,0.1799
1695.0000,0.1713,0.1725,0.1735,0.1760,0.1783,0.1805,0.1808
1700.0000,0.1712,0.1730,0.1737,0.1763,0.1787,0.1807,0.1814
1705.0000,0.1721,0.1729,0.1741,0.1767,0.1789,0.1814,0.1809
1710.0000,0.1723,0.1732,0.1744,0.1770,0.1794,0.1815,0.1820
1715.0000,0.1723,0.1736,0.1747,0.1773,0.1798,0.1818,0.1826
1720.0000,0.1730,0.1737,0.1751,0.1776,0.1802,0.1821,0.1830
1725.0000,0.1730,0.1742,0.1753,0.1780,0.1804,0.1828,0.1829
1730.0000,0.1730,0.1746,0.1755,0.1784,0.1808,0.1830,0.1835
1735.0000,0.1738,0.1746,0.1760,0.1786,0.1813,0.1833,0.1840
1740.0000,0.1740,0.1750,0.1762,0.1791,0.1815,0.1839,0.1838
1745.0000,0.1739,0.1755,0.1765,0.1795,0.1820,0.1841,0.1846
1750.0000,0.1747,0.1755,0.1770,0.1797,0.1825,0.1843,0.1851
1755.0000,0.1749,0.1759,0.1773,0.1802,0.1828,0.1849,0.1850
1760.0000,0.1751,0.1762,0.1776,0.1805,0.1832,0.1851,0.1856
1765.0000,0.1756,0.1764,0.1781,0.1808,0.1837,0.1853,0.1861
1770.0000,0.1758,0.1769,0.1783,0.1813,0.1838,0.1860,0.1859
1775.0000,0.1759,0.1773,0.1786,0.1817,0.1842,0.1862,0.1866
1780.0000,0.1766,0.1774,0.1791,0.1820,0.1846,0.1864,0.1871
1785.0000,0.1768,0.1779,0.1794,0.1825,0.1848,0.1871,0.1867
1790.0000,0.1768,0.1784,0.1797,0.1829,0.1852,0.1873,0.1874
1795.0000,0.1776,0.1785,0.1802,0.1832,0.1856,0.1874,0.1880
1800.0000,0.1779,0.1789,0.1805,0.1836,0.1858,0.1881,0.1876
1805.0000,0.1781,0.1793,0.1809,0.1839,0.1863,0.1882,0.1884
1810.0000,0.1780,0.1798,0.1812,0.1843,0.1866,0.1884,0.1890
1815.0000,0.1789,0.1799,0.1817,0.1846,0.1869,0.1890,0.1887
1820.0000,0.1792,0.1804,0.1821,0.1849,0.1873,0.1890,0.1896
1825.0000,0.1789,0.1811,0.1823,0.1854,0.1876,0.1893,0.1902
1830.0000,0.1800,0.1812,0.1828,0.1857,0.1877,0.1901,0.1898
1835.0000,0.1802,0.1816,0.1831,0.1861,0.1881,0.1903,0.1907
1840.0000,0.1803,0.1822,0.1834,0.1864,0.1884,0.1906,0.1913
1845.0000,0.1812,0.1822,0.1839,0.1867,0.1889,0.1909,0.1919
1850.0000,0.1813,0.1827,0.1842,0.1871,0.1890,0.1916,0.1919
1855.0000,0.1816,0.1831,0.1845,0.1874,0.1895,0.1919,0.1926
1860.0000,0.1824,0.1832,0.1851,0.1875,0.1900,0.1922,0.1932
1865.0000,0.1826,0.1836,0.1854,0.1879,0.1902,0.1929,0.1932
1870.0000,0.1825,0.1842,0.1856,0.1882,0.1907,0.1932,0.1940
1875.0000,0.1834,0.1843,0.1861,0.1884,0.1912,0.1935,0.1946
1880.0000,0.1836,0.1848,0.1863,0.1889,0.1915,0.1942,0.1945
1885.0000,0.1838,0.1852,0.1866,0.1892,0.1920,0.1945,0.1954
1890.0000,0.1845,0.1854,0.1871,0.1895,0.1926,0.1949,0.1961
1895.0000,0.1846,0.1859,0.1872,0.1900,0.1928,0.1957,0.1959
1900.0000,0.1848,0.1864,0.1874,0.1904,0.1933,0.1960,0.1968
1905.0000,0.1855,0.1864,0.1879,0.1907,0.1939,0.1964,0.1975
1910.0000,0.1858,0.1868,0.1881,0.1912,0.1941,0.1973,0.1973
1915.0000,0.1858,0.1873,0.1884,0.1917,0.1947,0.1976,0.1982
1920.0000,0.1865,0.1874,0.1889,0.1920,0.1953,0.1979,0.1988
1925.0000,0.1868,0.1877,0.1892,0.1925,0.1956,0.1988,0.1986
1930.0000,0.1870,0.1881,0.1896,0.1929,0.1962,0.1990,0.1995
1935.0000,0.1868,0.1887,0.1899,0.1934,0.1968,0.1994,0.2002
1940.0000,0.1877,0.1887,0.1904,0.1938,0.1971,0.2003,0.1996
1945.0000,0.1879,0.1891,0.1908,0.1943,0.1977,0.2004,0.2007
1950.0000,0.1876,0.1898,0.1910,0.1948,0.1983,0.2007,0.2013
1955.0000,0.1887,0.1899,0.1915,0.1953,0.1986,0.2015,0.2007
1960.0000,0.1890,0.1903,0.1920,0.1958,0.1992,0.2016,0.2018
1965.0000,0.1891,0.1908,0.1924,0.1962,0.1998,0.2018,0.2025
1970.0000,0.1899,0.1909,0.1930,0.1967,0.2003,0.2020,0.2030
1975.0000,0.1901,0.1916,0.1933,0.1973,0.2005,0.2027,0.2030
1980.0000,0.1902,0.1921,0.1937,0.1979,0.2009,0.2030,0.2036
1985.0000,0.1911,0.1922,0.1943,0.1983,0.2014,0.2032,0.2041
1990.0000,0.1914,0.1927,0.1948,0.1988,0.2016,0.2039,0.2039
1995.0000,0.1914,0.1934,0.1952,0.1993,0.2020,0.2042,0.2046
2000.0000,0.1924,0.1935,0.1959,0.1997,0.2025,0.2044,0.2052
2005.0000,0.1927,0.1941,0.1963,0.2002,0.2027,0.2050,0.2050
2010.0000,0.1930,0.1946,0.1968,0.2006,0.2031,0.2052,0.2058
2015.0000,0.1938,0.1949,0.1975,0.2009,0.2036,0.2055,0.2064
2020.0000,0.1941,0.1956,0.1978,0.2014,0.2037,0.2062,0.2062
2025.0000,0.1944,0.1961,0.1983,0.2017,0.2042,0.2064,0.2071
2030.0000,0.1952,0.1964,0.1989,0.2020,0.2047,0.2067,0.2078
2035.0000,0.1956,0.1970,0.1993,0.2025,0.2048,0.2075,0.2076
2040.0000,0.1958,0.1977,0.1996,0.2029,0.2052,0.2078,0.2085
2045.0000,0.1966,0.1979,0.2002,0.2032,0.2057,0.2082,0.2092
2050.0000,0.1971,0.1985,0.2005,0.2036,0.2059,0.2091,0.2089
2055.0000,0.1974,0.1991,0.2009,0.2040,0.2064,0.2094,0.2099
2060.0000,0.1972,0.1998,0.2011,0.2043,0.2069,0.2098,0.2107
2065.0000,0.1985,0.1999,0.2017,0.2047,0.2072,0.2107,0.2102
2070.0000,0.1989,0.2003,0.2021,0.2050,0.2079,0.2109,0.2113
2075.0000,0.1991,0.2008,0.2024,0.2053,0.2085,0.2112,0.2121
2080.0000,0.1999,0.2010,0.2029,0.2057,0.2088,0.2122,0.2116
2085.0000,0.2001,0.2015,0.2032,0.2061,0.2095,0.2123,0.2128
2090.0000,0.2002,0.2021,0.2035,0.2065,0.2100,0.2126,0.2136
2095.0000,0.2011,0.2022,0.2040,0.2069,0.2107,0.2130,0.2143
2100.0000,0.2012,0.2028,0.2041,0.2075,0.2109,0.2138,0.2143
2105.0000,0.2013,0.2033,0.2044,0.2080,0.2115,0.2142,0.2150
2110.0000,0.2023,0.2033,0.2050,0.2084,0.2121,0.2146,0.2155
2115.0000,0.2026,0.2038,0.2052,0.2090,0.2124,0.2154,0.2154
2120.0000,0.2025,0.2044,0.2056,0.2095,0.2130,0.2157,0.2162
2125.0000,0.2034,0.2044,0.2062,0.2099,0.2136,0.2159,0.2168
2130.0000,0.2037,0.2048,0.2066,0.2105,0.2139,0.2167,0.2167
2135.0000,0.2039,0.2053,0.2070,0.2110,0.2145,0.2169,0.2175
2140.0000,0.2046,0.2054,0.2077,0.2114,0.2151,0.2171,0.2182
2145.0000,0.2047,0.2060,0.2080,0.2121,0.2153,0.2180,0.2179
2150.0000,0.2050,0.2066,0.2085,0.2125,0.2158,0.2182,0.2188
2155.0000,0.2057,0.2068,0.2091,0.2130,0.2164,0.2185,0.2195
2160.0000,0.2060,0.2073,0.2095,0.2136,0.2165,0.2193,0.2192
2165.0000,0.2061,0.2080,0.2099,0.2141,0.2170,0.2196,0.2201
2170.0000,0.2070,0.2082,0.2106,0.2145,0.2175,0.2199,0.2208
2175.0000,0.2074,0.2088,0.2110,0.2150,0.2177,0.2208,0.2204
2180.0000,0.2077,0.2093,0.2115,0.2155,0.2183,0.2210,0.2213
2185.0000,0.2075,0.2101,0.2119,0.2159,0.2187,0.2213,0.2219
2190.0000,0.2088,0.2103,0.2125,0.2164,0.2190,0.2222,0.2212
2195.0000,0.2092,0.2108,0.2131,0.2167,0.2197,0.2222,0.2224
2200.0000,0.2095,0.2113,0.2136,0.2171,0.2202,0.2225,0.2231
2205.0000,0.2104,0.2116,0.2142,0.2174,0.2208,0.2227,0.2238
2210.0000,0.2106,0.2123,0.2145,0.2180,0.2210,0.2234,0.2237
2215.0000,0.2108,0.2130,0.2149,0.2184,0.2215,0.2236,0.2244
2220.0000,0.2118,0.2132,0.2155,0.2188,0.2220,0.2239,0.2250
2225.0000,0.2120,0.2140,0.2157,0.2194,0.2222,0.2247,0.2249
2230.0000,0.2123,0.2145,0.2161,0.2199,0.2226,0.2250,0.2257
2235.0000,0.2134,0.2146,0.2167,0.2202,0.2231,0.2253,0.2263
2240.0000,0.2137,0.2152,0.2171,0.2207,0.2233,0.2261,0.2262
2245.0000,0.2137,0.2159,0.2174,0.2212,0.2238,0.2264,0.2270
2250.0000,0.2147,0.2159,0.2181,0.2215,0.2243,0.2267,0.2276
2255.0000,0.2151,0.2165,0.2184,0.2220,0.2245,0.2275,0.2273
2260.0000,0.2153,0.2170,0.2189,0.2223,0.2251,0.2277,0.2281
2265.0000,0.2161,0.2171,0.2195,0.2226,0.2257,0.2280,0.2288
2270.0000,0.2164,0.2178,0.2198,0.2231,0.2259,0.2288,0.2284
2275.0000,0.2166,0.2183,0.2202,0.2235,0.2265,0.2289,0.2293
2280.0000,0.2174,0.2185,0.2208,0.2238,0.2271,0.2291,0.2299
2285.0000,0.2178,0.2191,0.2211,0.2243,0.2273,0.2299,0.2295
2290.0000,0.2178,0.2198,0.2213,0.2248,0.2278,0.2301,0.2304
2295.0000,0.2187,0.2200,0.2219,0.2251,0.2284,0.2303,0.2310
2300.0000,0.2191,0.2205,0.2222,0.2257,0.2285,0.2311,0.2305
2305.0000,0.2194,0.2210,0.2226,0.2262,0.2290,0.2313,0.2313
2310.0000,0.2191,0.2217,0.2228,0.2267,0.2294,0.2315,0.2318
2315.0000,0.2204,0.2217,0.2234,0.2272,0.2296,0.2323,0.2310
2320.0000,0.2207,0.2222,0.2238,0.2275,0.2302,0.2322,0.2322
2325.0000,0.2208,0.2227,0.2243,0.2279,0.2306,0.2323,0.2328
2330.0000,0.2217,0.2228,0.2249,0.2282,0.2311,0.2325,0.2333
2335.0000,0.2219,0.2234,0.2252,0.2288,0.2312,0.2332,0.2330
2340.0000,0.2220,0.2240,0.2256,0.2292,0.2316,0.2333,0.2336
2345.0000,0.2230,0.2240,0.2263,0.2295,0.2320,0.2335,0.2341
2350.0000,0.2233,0.2246,0.2266,0.2300,0.2321,0.2341,0.2338
2355.0000,0.2232,0.2253,0.2269,0.2304,0.2325,0.2342,0.2346
2360.0000,0.2242,0.2254,0.2276,0.2306,0.2329,0.2343,0.2351
2365.0000,0.2245,0.2259,0.2279,0.2311,0.2330,0.2349,0.2349
2370.0000,0.2244,0.2267,0.2282,0.2314,0.2333,0.2351,0.2356
2375.0000,0.2255,0.2267,0.2288,0.2316,0.2337,0.2353,0.2361
2380.0000,0.2259,0.2272,0.2291,0.2321,0.2338,0.2360,0.2358
2385.0000,0.2261,0.2277,0.2295,0.2324,0.2341,0.2362,0.2366
2390.0000,0.2269,0.2279,0.2300,0.2325,0.2346,0.2364,0.2371
2395.0000,0.2271,0.2285,0.2302,0.2330,0.2346,0.2372,0.2366
2400.0000,0.2273,0.2290,0.2306,0.2332,0.2351,0.2373,0.2376
2405.0000,0.2281,0.2291,0.2311,0.2334,0.2356,0.2375,0.2382
2410.0000,0.2284,0.2296,0.2313,0.2338,0.2357,0.2383,0.2378
2415.0000,0.2285,0.2302,0.2315,0.2341,0.2362,0.2384,0.2388
2420.0000,0.2293,0.2303,0.2320,0.2342,0.2367,0.2385,0.2395
2425.0000,0.2296,0.2308,0.2322,0.2347,0.2368,0.2394,0.2391
2430.0000,0.2298,0.2312,0.2325,0.2350,0.2372,0.2396,0.2400
2435.0000,0.2295,0.2319,0.2326,0.2354,0.2376,0.2399,0.2407
2440.0000,0.2307,0.2318,0.2330,0.2357,0.2377,0.2409,0.2401
2445.0000,0.2308,0.2323,0.2332,0.2360,0.2383,0.2410,0.2413
2450.0000,0.2308,0.2327,0.2335,0.2364,0.2387,0.2413,0.2420
2455.0000,0.2317,0.2326,0.2340,0.2366,0.2393,0.2416,0.2427
2460.0000,0.2318,0.2331,0.2342,0.2371,0.2395,0.2424,0.2425
2465.0000,0.2319,0.2335,0.2345,0.2374,0.2400,0.2426,0.2434
2470.0000,0.2327,0.2334,0.2350,0.2376,0.2407,0.2429,0.2441
2475.0000,0.2329,0.2338,0.2353,0.2380,0.2409,0.2437,0.2441
2480.0000,0.2326,0.2344,0.2355,0.2385,0.2414,0.2440,0.2449
2485.0000,0.2335,0.2344,0.2360,0.2387,0.2421,0.2443,0.2458
2490.0000,0.2337,0.2349,0.2362,0.2393,0.2423,0.2451,0.2460
2495.0000,0.2334,0.2355,0.2364,0.2397,0.2428,0.2454,0.2474
2500.0000,0.2345,0.2355,0.2369,0.2401,0.2434,0.2459,0.2485
2505.0000,0.2347,0.2359,0.2372,0.2407,0.2435,0.2470,0.2491
2510.0000,0.2348,0.2363,0.2375,0.2411,0.2441,0.2475,0.2512
2515.0000,0.2355,0.2364,0.2381,0.2415,0.2447,0.2483,0.2534
2520.0000,0.2357,0.2369,0.2383,0.2421,0.2448,0.2500,0.2550
2525.0000,0.2358,0.2374,0.2387,0.2426,0.2453,0.2513,0.2580
2530.0000,0.2366,0.2374,0.2393,0.2428,0.2461,0.2528,0.2620
2535.0000,0.2368,0.2379,0.2397,0.2434,0.2464,0.2555,0.2653
2540.0000,0.2368,0.2385,0.2401,0.2438,0.2473,0.2578,0.2717
2545.0000,0.2376,0.2386,0.2406,0.2443,0.2480,0.2615,0.2773
2550.0000,0.2379,0.2392,0.2409,0.2449,0.2488,0.2663,0.2831
2555.0000,0.2381,0.2396,0.2414,0.2452,0.2504,0.2709,0.2926
2560.0000,0.2378,0.2403,0.2418,0.2456,0.2524,0.2765,0.3036
2565.0000,0.2391,0.2404,0.2424,0.2461,0.2543,0.2844,0.3142
2570.0000,0.2393,0.2411,0.2426,0.2469,0.2566,0.2941,0.3243
2575.0000,0.2395,0.2415,0.2432,0.2473,0.2606,0.3033,0.3391
2580.0000,0.2405,0.2415,0.2441,0.2477,0.2655,0.3140,0.3553
2585.0000,0.2407,0.2422,0.2444,0.2487,0.2707,0.3273,0.3720
2590.0000,0.2407,0.2430,0.2444,0.2503,0.2765,0.3435,0.3865
2595.0000,0.2419,0.2429,0.2454,0.2512,0.2852,0.3584,0.4059
2600.0000,0.2423,0.2434,0.2459,0.2532,0.2944,0.3763,0.4242
2605.0000,0.2425,0.2438,0.2466,0.2553,0.3061,0.3936,0.4471
2610.0000,0.2432,0.2443,0.2470,0.2588,0.3179,0.4150,0.4651
2615.0000,0.2436,0.2450,0.2475,0.2629,0.3319,0.4366,0.4835
2620.0000,0.2436,0.2458,0.2484,0.2674,0.3488,0.4564,0.5068
2625.0000,0.2447,0.2463,0.2495,0.2736,0.3662,0.4787,0.5254
2630.0000,0.2452,0.2473,0.2505,0.2811,0.3850,0.5015,0.5418
2635.0000,0.2458,0.2480,0.2527,0.2891,0.4072,0.5201,0.5648
2640.0000,0.2469,0.2488,0.2551,0.2990,0.4299,0.5393,0.5857
2645.0000,0.2475,0.2506,0.2574,0.3115,0.4517,0.5603,0.6026
2650.0000,0.2482,0.2527,0.2602,0.3260,0.4736,0.5815,0.6148
2655.0000,0.2502,0.2543,0.2648,0.3413,0.4972,0.5990,0.6294
2660.0000,0.2515,0.2572,0.2698,0.3589,0.5194,0.6173,0.6383
2665.0000,0.2524,0.2608,0.2763,0.3775,0.5427,0.6311,0.6508
2670.0000,0.2560,0.2638,0.2848,0.3974,0.5649,0.6443,0.6582
2675.0000,0.2590,0.2684,0.2943,0.4189,0.5853,0.6568,0.6604
2680.0000,0.2628,0.2733,0.3062,0.4405,0.6061,0.6640,0.6667
2685.0000,0.2652,0.2804,0.3191,0.4631,0.6249,0.6695,0.6702
2690.0000,0.2722,0.2872,0.3341,0.4864,0.6409,0.6749,0.6676
2695.0000,0.2790,0.2955,0.3510,0.5092,0.6560,0.6756,0.6694
2700.0000,0.2870,0.3051,0.3692,0.5322,0.6681,0.6755,0.6676
2705.0000,0.2954,0.3165,0.3886,0.5549,0.6773,0.6742,0.6638
2710.0000,0.3031,0.3313,0.4079,0.5775,0.6832,0.6723,0.6579
2715.0000,0.3151,0.3454,0.4297,0.5980,0.6878,0.6674,0.6544
2720.0000,0.3285,0.3607,0.4522,0.6172,0.6893,0.6627,0.6483
2725.0000,0.3427,0.3776,0.4752,0.6347,0.6884,0.6576,0.6412
2730.0000,0.3532,0.3985,0.4970,0.6508,0.6851,0.6521,0.6340
2735.0000,0.3727,0.4163,0.5212,0.6630,0.6818,0.6444,0.6291
2740.0000,0.3920,0.4351,0.5449,0.6731,0.6761,0.6381,0.6218
2745.0000,0.4127,0.4538,0.5686,0.6801,0.6701,0.6310,0.6161
2750.0000,0.4307,0.4749,0.5902,0.6850,0.6631,0.6238,0.6113
2755.0000,0.4490,0.4975,0.6093,0.6883,0.6545,0.6184,0.6050
2760.0000,0.4706,0.5183,0.6277,0.6887,0.6464,0.6125,0.6003
2765.0000,0.4908,0.5395,0.6436,0.6872,0.6382,0.6071,0.5959
2770.0000,0.5085,0.5626,0.6554,0.6851,0.6289,0.6039,0.5890
2775.0000,0.5309,0.5810,0.6673,0.6797,0.6223,0.5976,0.5890
2780.0000,0.5514,0.5987,0.6763,0.6735,0.6153,0.5934,0.5868
2785.0000,0.5709,0.6147,0.6827,0.6667,0.6083,0.5911,0.5826
2790.0000,0.5848,0.6320,0.6853,0.6596,0.6021,0.5879,0.5822
2795.0000,0.6035,0.6440,0.6874,0.6512,0.5973,0.5849,0.5825
2800.0000,0.6191,0.6546,0.6869,0.6432,0.5922,0.5842,0.5800
2805.0000,0.6323,0.6631,0.6847,0.6350,0.5884,0.5826,0.5811
2810.0000,0.6392,0.6720,0.6795,0.6276,0.5849,0.5818,0.5823
2815.0000,0.6519,0.6752,0.6746,0.6202,0.5818,0.5829,0.5803
2820.0000,0.6593,0.6778,0.6682,0.6131,0.5801,0.5823,0.5835
2825.0000,0.6638,0.6788,0.6609,0.6067,0.5788,0.5826,0.5858
2830.0000,0.6693,0.6765,0.6540,0.6005,0.5784,0.5833,0.5881
2835.0000,0.6702,0.6745,0.6456,0.5958,0.5774,0.5857,0.5888
2840.0000,0.6690,0.6711,0.6373,0.5914,0.5777,0.5870,0.5920
2845.0000,0.6696,0.6648,0.6303,0.5872,0.5788,0.5885,0.5952
2850.0000,0.6663,0.6594,0.6224,0.5845,0.5792,0.5917,0.5966
2855.0000,0.6624,0.6529,0.6155,0.5819,0.5809,0.5937,0.6007
2860.0000,0.6587,0.6452,0.6094,0.5798,0.5829,0.5961,0.6044
2865.0000,0.6522,0.6389,0.6029,0.5791,0.5843,0.6000,0.6063
2870.0000,0.6445,0.6330,0.5969,0.5787,0.5865,0.6029,0.6109
2875.0000,0.6400,0.6253,0.5927,0.5783,0.5893,0.6058,0.6155
2880.0000,0.6340,0.6186,0.5885,0.5789,0.5914,0.6105,0.6176
2885.0000,0.6263,0.6130,0.5849,0.5798,0.5944,0.6139,0.6223
2890.0000,0.6213,0.6064,0.5828,0.5806,0.5979,0.6172,0.6274
2895.0000,0.6156,0.6011,0.5806,0.5823,0.6007,0.6224,0.6296
2900.0000,0.6087,0.5971,0.5790,0.5841,0.6043,0.6260,0.6347
2905.0000,0.6045,0.5924,0.5787,0.5858,0.6085,0.6296,0.6399
2910.0000,0.5994,0.5895,0.5779,0.5886,0.6116,0.6350,0.6420
2915.0000,0.5952,0.5867,0.5781,0.5909,0.6161,0.6383,0.6488
2920.0000,0.5924,0.5839,0.5790,0.5936,0.6203,0.6428,0.6533
2925.0000,0.5888,0.5828,0.5795,0.5971,0.6237,0.6485,0.6553
2930.0000,0.5859,0.5820,0.5807,0.6002,0.6283,0.6524,0.6612
2935.0000,0.5825,0.5822,0.5821,0.6037,0.6329,0.6564,0.6667
2940.0000,0.5832,0.5812,0.5843,0.6074,0.6368,0.6623,0.6682
2945.0000,0.5817,0.5819,0.5864,0.6111,0.6416,0.6662,0.6736
2950.0000,0.5807,0.5830,0.5889,0.6148,0.6465,0.6700,0.6787
2955.0000,0.5823,0.5832,0.5922,0.6184,0.6516,0.6737,0.6834
2960.0000,0.5821,0.5853,0.5947,0.6230,0.6556,0.6789,0.6856
2965.0000,0.5823,0.5874,0.5978,0.6272,0.6605,0.6825,0.6901
2970.0000,0.5850,0.5885,0.6017,0.6311,0.6655,0.6859,0.6941
2975.0000,0.5863,0.5912,0.6049,0.6359,0.6695,0.6906,0.6957
2980.0000,0.5867,0.5947,0.6082,0.6405,0.6741,0.6937,0.7001
2985.0000,0.5905,0.5966,0.6125,0.6448,0.6787,0.6967,0.7036
2990.0000,0.5927,0.6000,0.6161,0.6498,0.6823,0.7009,0.7047
2995.0000,0.5946,0.6036,0.6201,0.6545,0.6865,0.7034,0.7088
3000.0000,0.5987,0.6063,0.6247,0.6588,0.6907,0.7058,0.7123
3005.0000,0.6012,0.6106,0.6284,0.6640,0.6934,0.7100,0.7126
3010.0000,0.6041,0.6145,0.6328,0.6685,0.6971,0.7120,0.7165
3015.0000,0.6088,0.6175,0.6380,0.6725,0.7008,0.7140,0.7198
3020.0000,0.6124,0.6216,0.6424,0.6772,0.7032,0.7179,0.7199
3025.0000,0.6149,0.6264,0.6468,0.6814,0.7064,0.7196,0.7237
3030.0000,0.6200,0.6298,0.6520,0.6851,0.7096,0.7214,0.7269
3035.0000,0.6240,0.6342,0.6564,0.6893,0.7115,0.7250,0.7268
3040.0000,0.6265,0.6396,0.6607,0.6930,0.7143,0.7265,0.7316
3045.0000,0.6322,0.6432,0.6657,0.6963,0.7170,0.7285,0.7347
3050.0000,0.6366,0.6479,0.6699,0.7000,0.7185,0.7323,0.7349
3055.0000,0.6409,0.6523,0.6745,0.7030,0.7211,0.7342,0.7392
3060.0000,0.6424,0.6583,0.6780,0.7062,0.7233,0.7365,0.7432
3065.0000,0.6495,0.6616,0.6825,0.7091,0.7248,0.7408,0.7429
3070.0000,0.6538,0.6661,0.6865,0.7116,0.7276,0.7427,0.7482
3075.0000,0.6577,0.6706,0.6904,0.7140,0.7302,0.7452,0.7525
3080.0000,0.6635,0.6739,0.6946,0.7160,0.7331,0.7477,0.7568
3085.0000,0.6665,0.6791,0.6973,0.7189,0.7348,0.7522,0.7587
3090.0000,0.6702,0.6834,0.7004,0.7211,0.7377,0.7551,0.7635
3095.0000,0.6761,0.6862,0.7042,0.7228,0.7410,0.7581,0.7682
3100.0000,0.6799,0.6902,0.7068,0.7254,0.7432,0.7630,0.7705
3105.0000,0.6819,0.6948,0.7091,0.7277,0.7465,0.7663,0.7764
3110.0000,0.6876,0.6971,0.7122,0.7297,0.7499,0.7703,0.7809
3115.0000,0.6909,0.7008,0.7143,0.7325,0.7527,0.7758,0.7832
3120.0000,0.6936,0.7042,0.7166,0.7348,0.7566,0.7795,0.7894
3125.0000,0.6982,0.7063,0.7195,0.7370,0.7610,0.7833,0.7953
3130.0000,0.7006,0.7099,0.7210,0.7403,0.7640,0.7895,0.7976
3135.0000,0.7032,0.7128,0.7232,0.7430,0.7684,0.7937,0.8036
3140.0000,0.7074,0.7144,0.7262,0.7455,0.7733,0.7978,0.8095
3145.0000,0.7100,0.7171,0.7282,0.7491,0.7770,0.8042,0.8116
3150.0000,0.7115,0.7202,0.7303,0.7524,0.7820,0.8084,0.8179
3155.0000,0.7154,0.7216,0.7334,0.7553,0.7876,0.8122,0.8243
3160.0000,0.7178,0.7243,0.7356,0.7594,0.7917,0.8185,0.8267
3165.0000,0.7187,0.7277,0.7377,0.7635,0.7968,0.8226,0.8339
3170.0000,0.7227,0.7292,0.7409,0.7674,0.8019,0.8275,0.8390
3175.0000,0.7249,0.7321,0.7433,0.7722,0.8060,0.8342,0.8407
3180.0000,0.7272,0.7346,0.7465,0.7764,0.8115,0.8381,0.8480
3185.0000,0.7269,0.7385,0.7492,0.7812,0.8166,0.8426,0.8542
3190.0000,0.7324,0.7399,0.7530,0.7860,0.8209,0.8494,0.8554
3195.0000,0.7346,0.7430,0.7567,0.7907,0.8263,0.8537,0.8617
3200.0000,0.7366,0.7461,0.7606,0.7953,0.8318,0.8578,0.8676
3205.0000,0.7412,0.7481,0.7655,0.7997,0.8376,0.8617,0.8733
3210.0000,0.7430,0.7522,0.7691,0.8052,0.8419,0.8677,0.8760
3215.0000,0.7453,0.7561,0.7733,0.8102,0.8470,0.8722,0.8806
3220.0000,0.7504,0.7586,0.7786,0.8147,0.8527,0.8759,0.8855
3225.0000,0.7535,0.7627,0.7828,0.8202,0.8569,0.8816,0.8872
3230.0000,0.7549,0.7678,0.7871,0.8253,0.8622,0.8848,0.8932
3235.0000,0.7609,0.7708,0.7925,0.8300,0.8673,0.8887,0.8971
3240.0000,0.7646,0.7755,0.7969,0.8356,0.8712,0.8939,0.8984
3245.0000,0.7679,0.7802,0.8018,0.8406,0.8761,0.8970,0.9032
3250.0000,0.7734,0.7838,0.8073,0.8453,0.8811,0.8998,0.9076
3255.0000,0.7765,0.7896,0.8114,0.8512,0.8842,0.9052,0.9078
3295.0000,0.8153,0.8281,0.8529,0.8878,0.9139,0.9258,0.9281
3300.0000,0.8204,0.8331,0.8576,0.8922,0.9159,0.9294,0.9259
3305.0000,0.8249,0.8383,0.8626,0.8959,0.9193,0.9297,0.9297
3310.0000,0.8263,0.8451,0.8665,0.8999,0.9218,0.9307,0.9319
3315.0000,0.8348,0.8486,0.8716,0.9037,0.9233,0.9338,0.9286
3320.0000,0.8398,0.8535,0.8763,0.9069,0.9260,0.9336,0.9321
3325.0000,0.8437,0.8588,0.8806,0.9102,0.9281,0.9339,0.9338
3330.0000,0.8505,0.8623,0.8856,0.9129,0.9303,0.9339,0.9350
3335.0000,0.8535,0.8685,0.8886,0.9167,0.9306,0.9361,0.9331
3340.0000,0.8577,0.8734,0.8925,0.9194,0.9321,0.9360,0.9342
3345.0000,0.8647,0.8764,0.8973,0.9215,0.9336,0.9358,0.9345
3350.0000,0.8692,0.8808,0.9007,0.9243,0.9337,0.9373,0.9317
3355.0000,0.8706,0.8867,0.9036,0.9266,0.9346,0.9366,0.9328
3360.0000,0.8777,0.8892,0.9080,0.9279,0.9359,0.9355,0.9331
3365.0000,0.8819,0.8933,0.9110,0.9300,0.9356,0.9363,0.9300
3370.0000,0.8858,0.8971,0.9142,0.9313,0.9362,0.9351,0.9302
3375.0000,0.8909,0.8999,0.9177,0.9322,0.9368,0.9337,0.9298
3380.0000,0.8934,0.9046,0.9194,0.9341,0.9356,0.9346,0.9251
3385.0000,0.8964,0.9083,0.9218,0.9349,0.9361,0.9320,0.9265
3390.0000,0.9017,0.9104,0.9246,0.9353,0.9360,0.9304,0.9254
3395.0000,0.9049,0.9137,0.9262,0.9365,0.9344,0.9307,0.9204
3400.0000,0.9063,0.9176,0.9274,0.9372,0.9338,0.9284,0.9202
3405.0000,0.9113,0.9190,0.9299,0.9369,0.9337,0.9254,0.9200
3410.0000,0.9137,0.9219,0.9308,0.9377,0.9316,0.9252,0.9151
3415.0000,0.9160,0.9243,0.9320,0.9376,0.9305,0.9227,0.9143
3420.0000,0.9163,0.9272,0.9327,0.9375,0.9293,0.9198,0.9135
3425.0000,0.9216,0.9275,0.9343,0.9371,0.9272,0.9191,0.9083
3430.0000,0.9227,0.9296,0.9349,0.9366,0.9256,0.9163,0.9075
3435.0000,0.9216,0.9326,0.9347,0.9361,0.9236,0.9138,0.9057
3440.0000,0.9269,0.9322,0.9358,0.9353,0.9209,0.9133,0.8986
3445.0000,0.9281,0.9333,0.9363,0.9338,0.9197,0.9090,0.9001
3450.0000,0.9280,0.9349,0.9361,0.9326,0.9176,0.9061,0.8985
3455.0000,0.9314,0.9343,0.9368,0.9307,0.9158,0.9031,0.8964
3460.0000,0.9311,0.9360,0.9357,0.9298,0.9125,0.9021,0.8916
3465.0000,0.9309,0.9368,0.9352,0.9279,0.9106,0.8983,0.8913
3470.0000,0.9340,0.9356,0.9354,0.9256,0.9085,0.8954,0.8895
3475.0000,0.9341,0.9360,0.9342,0.9241,0.9052,0.8942,0.8852
3480.0000,0.9318,0.9373,0.9325,0.9224,0.9025,0.8914,0.8840
3485.0000,0.9347,0.9354,0.9323,0.9196,0.9006,0.8881,0.8832
3490.0000,0.9341,0.9356,0.9304,0.9178,0.8972,0.8872,0.8793
3495.0000,0.9331,0.9353,0.9288,0.9154,0.8948,0.8846,0.8788
3500.0000,0.9344,0.9333,0.9280,0.9125,0.8928,0.8818,0.8786
3505.0000,0.9331,0.9330,0.9256,0.9106,0.8892,0.8817,0.8748
3510.0000,0.9314,0.9322,0.9239,0.9075,0.8880,0.8772,0.8820
3515.0000,0.9322,0.9296,0.9228,0.9041,0.8868,0.8739,0.8905
3520.0000,0.9308,0.9287,0.9201,0.9023,0.8830,0.8752,0.8972
3525.0000,0.9285,0.9278,0.9174,0.9000,0.8803,0.8757,0.9142
3530.0000,0.9286,0.9257,0.9145,0.8988,0.8749,0.8840,0.9244
3535.0000,0.9261,0.9250,0.9109,0.8976,0.8701,0.8943,0.9390
3540.0000,0.9231,0.9242,0.9074,0.8961,0.8659,0.9084,0.9528
3545.0000,0.9184,0.9235,0.9042,0.8938,0.8639,0.9246,0.9687
3550.0000,0.9212,0.9185,0.9036,0.8900,0.8643,0.9446,0.9803
3555.0000,0.9186,0.9157,0.9027,0.8848,0.8698,0.9618,1.0018
3560.0000,0.9166,0.9119,0.9030,0.8783,0.8805,0.9769,1.0305
3565.0000,0.9163,0.9078,0.9024,0.8734,0.8908,1.0001,1.0483
3570.0000,0.9144,0.9042,0.9018,0.8680,0.9070,1.0185,1.0813
3575.0000,0.9118,0.9016,0.9000,0.8641,0.9259,1.0372,1.1200
3580.0000,0.9089,0.9000,0.8963,0.8632,0.9451,1.0604,1.1601
3585.0000,0.9059,0.8995,0.8905,0.8662,0.9636,1.0896,1.2017
3590.0000,0.8990,0.9019,0.8815,0.8740,0.9798,1.1281,1.2344
3595.0000,0.8999,0.8993,0.8757,0.8819,1.0013,1.1642,1.2782
3600.0000,0.8951,0.9000,0.8681,0.8938,1.0226,1.2064,1.3209
3605.0000,0.8882,0.9003,0.8623,0.9066,1.0484,1.2478,1.3741
3610.0000,0.8925,0.8939,0.8610,0.9210,1.0749,1.2984,1.4158
3615.0000,0.8895,0.8905,0.8607,0.9370,1.1053,1.3503,1.4572
3620.0000,0.8886,0.8839,0.8659,0.9515,1.1440,1.3962,1.5128
3625.0000,0.8876,0.8776,0.8741,0.9672,1.1871,1.4428,1.5691
3630.0000,0.8879,0.8717,0.8839,0.9861,1.2305,1.4963,1.6157
3635.0000,0.8861,0.8694,0.8945,1.0077,1.2770,1.5502,1.6581
3640.0000,0.8815,0.8715,0.9059,1.0314,1.3292,1.5979,1.7087
3645.0000,0.8790,0.8771,0.9163,1.0607,1.3794,1.6515,1.7462
