150.0000,1.0727,1.0918,1.1277,1.1577,1.1416,1.1217,1.0979
155.0000,1.0813,1.0977,1.1351,1.1569,1.1394,1.1140,1.0924
160.0000,1.0867,1.1063,1.1396,1.1572,1.1343,1.1098,1.0798
165.0000,1.0935,1.1131,1.1448,1.1553,1.1313,1.1006,1.0741
170.0000,1.1022,1.1185,1.1496,1.1530,1.1274,1.0921,1.0647
175.0000,1.1096,1.1242,1.1528,1.1509,1.1216,1.0850,1.0502
180.0000,1.1122,1.1323,1.1538,1.1486,1.1164,1.0742,1.0417
220.0000,1.1474,1.1534,1.1446,1.1161,1.0414,0.9855,0.9442
225.0000,1.1503,1.1507,1.1433,1.1079,1.0312,0.9708,0.9368
230.0000,1.1463,1.1512,1.1394,1.1005,1.0187,0.9589,0.9234
235.0000,1.1490,1.1478,1.1370,1.0913,1.0067,0.9468,0.9082
240.0000,1.1469,1.1467,1.1323,1.0823,0.9936,0.9356,0.8897
245.0000,1.1460,1.1434,1.1287,1.0710,0.9834,0.9189,0.8797
250.0000,1.1458,1.1392,1.1242,1.0599,0.9715,0.9049,0.8637
255.0000,1.1421,1.1370,1.1174,1.0493,0.9585,0.8916,0.8448
260.0000,1.1368,1.1348,1.1096,1.0381,0.9459,0.8764,0.8270
265.0000,1.1367,1.1287,1.1032,1.0252,0.9350,0.8575,0.8125
270.0000,1.1320,1.1248,1.0938,1.0140,0.9212,0.8415,0.7928
275.0000,1.1277,1.1195,1.0842,1.0023,0.9075,0.8239,0.7741
280.0000,1.1246,1.1123,1.0747,0.9902,0.8933,0.8057,0.7539
285.0000,1.1175,1.1070,1.0629,0.9792,0.8771,0.7884,0.7303
290.0000,1.1094,1.1006,1.0515,0.9668,0.8625,0.7656,0.7170
295.0000,1.1058,1.0906,1.0410,0.9544,0.8457,0.7459,0.6972
300.0000,1.0991,1.0812,1.0295,0.9421,0.8274,0.7268,0.6761
305.0000,1.0890,1.0728,1.0171,0.9298,0.8082,0.7073,0.6554
310.0000,1.0826,1.0609,1.0067,0.9154,0.7902,0.6850,0.6398
315.0000,1.0723,1.0513,0.9943,0.9019,0.7693,0.6660,0.6205
320.0000,1.0619,1.0408,0.9822,0.8873,0.7482,0.6472,0.6016
325.0000,1.0523,1.0289,0.9707,0.8716,0.7271,0.6286,0.5828
330.0000,1.0438,1.0157,0.9596,0.8547,0.7058,0.6112,0.5619
335.0000,1.0304,1.0052,0.9471,0.8370,0.6857,0.5912,0.5496
340.0000,1.0159,0.9953,0.9333,0.8192,0.6644,0.5742,0.5328
345.0000,1.0081,0.9816,0.9208,0.7999,0.6437,0.5584,0.5141
350.0000,0.9986,0.9676,0.9083,0.7790,0.6254,0.5396,0.5043
355.0000,0.9815,0.9576,0.8922,0.7597,0.6048,0.5257,0.4873
360.0000,0.9723,0.9436,0.8773,0.7388,0.5861,0.5111,0.4712
365.0000,0.9607,0.9300,0.8611,0.7179,0.5680,0.4974,0.4534
370.0000,0.9454,0.9172,0.8439,0.6963,0.5526,0.4797,0.4444
375.0000,0.9343,0.9018,0.8265,0.6750,0.5369,0.4649,0.4313
380.0000,0.9189,0.8885,0.8066,0.6552,0.5206,0.4515,0.4173
385.0000,0.9059,0.8725,0.7870,0.6354,0.5052,0.4385,0.4021
390.0000,0.8926,0.8548,0.7680,0.6149,0.4922,0.4222,0.3932
395.0000,0.8753,0.8391,0.7465,0.5968,0.4774,0.4092,0.3815
400.0000,0.8570,0.8231,0.7245,0.5795,0.4626,0.3969,0.3699
405.0000,0.8429,0.8037,0.7039,0.5624,0.4481,0.3858,0.3567
410.0000,0.8267,0.7840,0.6833,0.5459,0.4341,0.3747,0.3438
415.0000,0.8058,0.7660,0.6623,0.5300,0.4211,0.3617,0.3370
420.0000,0.7895,0.7450,0.6429,0.5142,0.4080,0.3508,0.3271
425.0000,0.7694,0.7262,0.6227,0.4996,0.3945,0.3411,0.3167
430.0000,0.7522,0.7046,0.6048,0.4845,0.3823,0.3312,0.3073
435.0000,0.7332,0.6835,0.5876,0.4695,0.3709,0.3207,0.2998
440.0000,0.7123,0.6644,0.5698,0.4556,0.3590,0.3122,0.2906
445.0000,0.6913,0.6456,0.5526,0.4418,0.3479,0.3032,0.2838
450.0000,0.6746,0.6250,0.5373,0.4276,0.3377,0.2947,0.2764
455.0000,0.6554,0.6058,0.5220,0.4141,0.3275,0.2872,0.2683
460.0000,0.6343,0.5890,0.5059,0.4014,0.3178,0.2796,0.2619
465.0000,0.6127,0.5735,0.4898,0.3894,0.3084,0.2724,0.2560
470.0000,0.5972,0.5558,0.4753,0.3773,0.2995,0.2661,0.2485
475.0000,0.5799,0.5392,0.4609,0.3653,0.2918,0.2586,0.2452
480.0000,0.5608,0.5243,0.4461,0.3546,0.2833,0.2533,0.2387
485.0000,0.5464,0.5077,0.4328,0.3436,0.2760,0.2477,0.2326
490.0000,0.5322,0.4910,0.4203,0.3328,0.2691,0.2424,0.2259
495.0000,0.5128,0.4776,0.4067,0.3229,0.2630,0.2357,0.2230
500.0000,0.4989,0.4624,0.3946,0.3132,0.2571,0.2301,0.2185
505.0000,0.4827,0.4495,0.3815,0.3046,0.2508,0.2253,0.2135
510.0000,0.4706,0.4346,0.3702,0.2960,0.2450,0.2208,0.2077
515.0000,0.4565,0.4207,0.3593,0.2875,0.2404,0.2145,0.2053
520.0000,0.4413,0.4085,0.3478,0.2802,0.2348,0.2100,0.2016
525.0000,0.4248,0.3980,0.3360,0.2738,0.2289,0.2061,0.1978
530.0000,0.4140,0.3851,0.3261,0.2672,0.2235,0.2026,0.1935
535.0000,0.4036,0.3716,0.3173,0.2604,0.2186,0.1990,0.1894
540.0000,0.3896,0.3608,0.3080,0.2543,0.2139,0.1950,0.1873
545.0000,0.3782,0.3495,0.2996,0.2483,0.2093,0.1916,0.1843
550.0000,0.3653,0.3402,0.2907,0.2431,0.2044,0.1891,0.1806
555.0000,0.3562,0.3290,0.2838,0.2371,0.2007,0.1857,0.1784
560.0000,0.3455,0.3189,0.2769,0.2315,0.1972,0.1825,0.1764
565.0000,0.3347,0.3101,0.2698,0.2263,0.1933,0.1802,0.1735
570.0000,0.3242,0.3018,0.2631,0.2213,0.1901,0.1773,0.1727
575.0000,0.3152,0.2934,0.2570,0.2163,0.1870,0.1749,0.1712
580.0000,0.3069,0.2852,0.2511,0.2116,0.1840,0.1731,0.1694
585.0000,0.2982,0.2779,0.2452,0.2073,0.1811,0.1714,0.1682
590.0000,0.2888,0.2717,0.2390,0.2033,0.1783,0.1698,0.1673
595.0000,0.2821,0.2647,0.2336,0.1993,0.1758,0.1685,0.1664
600.0000,0.2740,0.2590,0.2277,0.1959,0.1732,0.1679,0.1651
605.0000,0.2671,0.2528,0.2226,0.1924,0.1713,0.1668,0.1646
610.0000,0.2615,0.2462,0.2181,0.1888,0.1697,0.1661,0.1637
615.0000,0.2560,0.2398,0.2138,0.1855,0.1682,0.1656,0.1623
620.0000,0.2483,0.2348,0.2092,0.1825,0.1671,0.1647,0.1620
625.0000,0.2431,0.2291,0.2053,0.1795,0.1664,0.1638,0.1613
630.0000,0.2370,0.2244,0.2010,0.1771,0.1654,0.1634,0.1598
635.0000,0.2328,0.2188,0.1975,0.1745,0.1650,0.1624,0.1589
640.0000,0.2275,0.2140,0.1940,0.1722,0.1649,0.1609,0.1587
645.0000,0.2219,0.2100,0.1903,0.1706,0.1642,0.1601,0.1576
650.0000,0.2151,0.2072,0.1861,0.1695,0.1634,0.1592,0.1568
655.0000,0.2119,0.2028,0.1830,0.1683,0.1629,0.1582,0.1560
660.0000,0.2088,0.1983,0.1804,0.1672,0.1622,0.1574,0.1548
665.0000,0.2040,0.1949,0.1776,0.1664,0.1614,0.1562,0.1547
670.0000,0.2004,0.1911,0.1753,0.1657,0.1605,0.1553,0.1542
675.0000,0.1961,0.1884,0.1729,0.1653,0.1592,0.1548,0.1534
680.0000,0.1931,0.1849,0.1712,0.1647,0.1583,0.1541,0.1532
685.0000,0.1900,0.1818,0.1699,0.1640,0.1572,0.1535,0.1530
690.0000,0.1866,0.1792,0.1685,0.1635,0.1560,0.1534,0.1523
695.0000,0.1834,0.1769,0.1675,0.1627,0.1550,0.1530,0.1525
700.0000,0.1803,0.1750,0.1666,0.1619,0.1541,0.1528,0.1526
705.0000,0.1785,0.1727,0.1660,0.1610,0.1532,0.1531,0.1518
710.0000,0.1765,0.1708,0.1656,0.1598,0.1527,0.1529,0.1522
715.0000,0.1741,0.1695,0.1650,0.1587,0.1523,0.1528,0.1524
720.0000,0.1725,0.1681,0.1645,0.1576,0.1521,0.1528,0.1525
725.0000,0.1705,0.1674,0.1636,0.1567,0.1518,0.1532,0.1519
730.0000,0.1691,0.1666,0.1628,0.1557,0.1519,0.1530,0.1521
735.0000,0.1682,0.1655,0.1621,0.1546,0.1521,0.1528,0.1522
740.0000,0.1670,0.1650,0.1610,0.1540,0.1521,0.1530,0.1516
745.0000,0.1658,0.1643,0.1599,0.1533,0.1524,0.1526,0.1519
750.0000,0.1653,0.1633,0.1590,0.1527,0.1527,0.1523,0.1519
755.0000,0.1642,0.1628,0.1578,0.1525,0.1527,0.1523,0.1514
760.0000,0.1632,0.1620,0.1567,0.1523,0.1528,0.1520,0.1515
765.0000,0.1628,0.1609,0.1558,0.1522,0.1529,0.1517,0.1516
770.0000,0.1617,0.1602,0.1548,0.1523,0.1527,0.1517,0.1512
775.0000,0.1603,0.1596,0.1538,0.1525,0.1525,0.1515,0.1514
780.0000,0.1600,0.1584,0.1533,0.1526,0.1524,0.1513,0.1516
785.0000,0.1594,0.1573,0.1528,0.1528,0.1520,0.1515,0.1513
790.0000,0.1582,0.1565,0.1524,0.1529,0.1518,0.1514,0.1517
795.0000,0.1576,0.1554,0.1524,0.1529,0.1516,0.1514,0.1519
800.0000,0.1566,0.1548,0.1522,0.1530,0.1512,0.1519,0.1515
805.0000,0.1559,0.1541,0.1523,0.1529,0.1510,0.1520,0.1520
810.0000,0.1554,0.1534,0.1525,0.1526,0.1510,0.1521,0.1523
815.0000,0.1546,0.1531,0.1525,0.1525,0.1508,0.1526,0.1519
820.0000,0.1540,0.1528,0.1527,0.1522,0.1510,0.1527,0.1525
825.0000,0.1530,0.1529,0.1526,0.1520,0.1511,0.1528,0.1529
830.0000,0.1532,0.1526,0.1528,0.1518,0.1512,0.1534,0.1523
835.0000,0.1529,0.1526,0.1528,0.1515,0.1516,0.1533,0.1531
840.0000,0.1524,0.1527,0.1526,0.1514,0.1519,0.1534,0.1535
845.0000,0.1527,0.1526,0.1526,0.1512,0.1523,0.1534,0.1538
850.0000,0.1524,0.1528,0.1522,0.1513,0.1524,0.1539,0.1537
855.0000,0.1521,0.1529,0.1520,0.1513,0.1527,0.1539,0.1541
860.0000,0.1525,0.1526,0.1519,0.1513,0.1531,0.1540,0.1543
865.0000,0.1524,0.1527,0.1515,0.1516,0.1532,0.1544,0.1540
870.0000,0.1519,0.1528,0.1512,0.1518,0.1534,0.1545,0.1541
875.0000,0.1524,0.1524,0.1512,0.1520,0.1537,0.1545,0.1542
880.0000,0.1522,0.1523,0.1511,0.1523,0.1538,0.1548,0.1537
885.0000,0.1519,0.1522,0.1510,0.1525,0.1541,0.1547,0.1538
890.0000,0.1521,0.1518,0.1512,0.1526,0.1544,0.1544,0.1538
895.0000,0.1519,0.1517,0.1513,0.1530,0.1545,0.1545,0.1532
900.0000,0.1516,0.1516,0.1514,0.1532,0.1547,0.1542,0.1533
905.0000,0.1517,0.1514,0.1517,0.1534,0.1548,0.1538,0.1533
910.0000,0.1515,0.1515,0.1517,0.1538,0.1547,0.1539,0.1527
915.0000,0.1513,0.1516,0.1519,0.1540,0.1547,0.1534,0.1530
920.0000,0.1515,0.1516,0.1522,0.1542,0.1546,0.1531,0.1531
925.0000,0.1515,0.1518,0.1523,0.1545,0.1542,0.1532,0.1527
930.0000,0.1512,0.1521,0.1525,0.1548,0.1539,0.1530,0.1530
935.0000,0.1517,0.1520,0.1529,0.1548,0.1537,0.1529,0.1532
940.0000,0.1517,0.1522,0.1531,0.1550,0.1532,0.1532,0.1529
945.0000,0.1518,0.1525,0.1534,0.1550,0.1529,0.1532,0.1532
950.0000,0.1515,0.1529,0.1536,0.1549,0.1527,0.1534,0.1535
955.0000,0.1522,0.1528,0.1540,0.1548,0.1524,0.1539,0.1528
960.0000,0.1524,0.1530,0.1543,0.1545,0.1524,0.1539,0.1534
965.0000,0.1524,0.1533,0.1546,0.1541,0.1525,0.1540,0.1537
970.0000,0.1529,0.1533,0.1549,0.1537,0.1527,0.1540,0.1538
975.0000,0.1530,0.1537,0.1549,0.1535,0.1527,0.1544,0.1533
980.0000,0.1530,0.1540,0.1548,0.1532,0.1531,0.1542,0.1538
985.0000,0.1535,0.1540,0.1549,0.1528,0.1535,0.1540,0.1540
990.0000,0.1536,0.1543,0.1546,0.1528,0.1537,0.1542,0.1537
995.0000,0.1534,0.1547,0.1542,0.1528,0.1539,0.1540,0.1542
1000.0000,0.1540,0.1546,0.1540,0.1527,0.1542,0.1539,0.1544
1005.0000,0.1540,0.1547,0.1536,0.1530,0.1541,0.1541,0.1544
1010.0000,0.1538,0.1549,0.1531,0.1532,0.1541,0.1542,0.1548
1015.0000,0.1542,0.1545,0.1530,0.1534,0.1541,0.1543,0.1550
1020.0000,0.1541,0.1545,0.1527,0.1537,0.1539,0.1548,0.1548
1025.0000,0.1539,0.1543,0.1525,0.1539,0.1539,0.1550,0.1551
1030.0000,0.1541,0.1538,0.1527,0.1540,0.1540,0.1552,0.1554
1035.0000,0.1539,0.1536,0.1527,0.1542,0.1538,0.1558,0.1549
1040.0000,0.1536,0.1534,0.1529,0.1541,0.1541,0.1558,0.1554
1045.0000,0.1537,0.1531,0.1532,0.1540,0.1544,0.1558,0.1556
1050.0000,0.1535,0.1530,0.1534,0.1541,0.1545,0.1562,0.1551
1055.0000,0.1532,0.1530,0.1536,0.1540,0.1549,0.1561,0.1556
1060.0000,0.1533,0.1529,0.1538,0.1539,0.1553,0.1559,0.1559
1065.0000,0.1531,0.1530,0.1538,0.1541,0.1554,0.1562,0.1555
1070.0000,0.1529,0.1533,0.1538,0.1542,0.1557,0.1561,0.1560
1075.0000,0.1523,0.1538,0.1536,0.1544,0.1558,0.1561,0.1562
1080.0000,0.1530,0.1537,0.1537,0.1547,0.1558,0.1564,0.1557
1085.0000,0.1530,0.1540,0.1536,0.1549,0.1559,0.1563,0.1562
1090.0000,0.1528,0.1542,0.1535,0.1552,0.1560,0.1564,0.1563
1095.0000,0.1535,0.1539,0.1538,0.1553,0.1561,0.1564,0.1563
1100.0000,0.1534,0.1541,0.1538,0.1556,0.1559,0.1568,0.1559
1105.0000,0.1534,0.1541,0.1539,0.1558,0.1561,0.1566,0.1561
1110.0000,0.1538,0.1538,0.1543,0.1558,0.1563,0.1566,0.1561
1115.0000,0.1538,0.1539,0.1545,0.1560,0.1562,0.1568,0.1556
1120.0000,0.1535,0.1541,0.1547,0.1560,0.1563,0.1566,0.1556
1125.0000,0.1539,0.1540,0.1551,0.1560,0.1566,0.1563,0.1557
1130.0000,0.1539,0.1542,0.1552,0.1561,0.1565,0.1563,0.1551
1135.0000,0.1538,0.1545,0.1553,0.1562,0.1566,0.1560,0.1553
1140.0000,0.1542,0.1545,0.1556,0.1562,0.1567,0.1556,0.1554
1145.0000,0.1542,0.1549,0.1555,0.1564,0.1565,0.1556,0.1550
1150.0000,0.1541,0.1552,0.1556,0.1565,0.1564,0.1553,0.1553
1155.0000,0.1546,0.1552,0.1557,0.1566,0.1563,0.1551,0.1554
1160.0000,0.1546,0.1555,0.1557,0.1568,0.1558,0.1554,0.1551
1165.0000,0.1546,0.1557,0.1557,0.1569,0.1556,0.1552,0.1556
1170.0000,0.1552,0.1556,0.1560,0.1568,0.1554,0.1553,0.1560
1175.0000,0.1553,0.1558,0.1560,0.1569,0.1550,0.1557,0.1557
1180.0000,0.1552,0.1559,0.1561,0.1568,0.1548,0.1559,0.1563
1185.0000,0.1556,0.1558,0.1564,0.1565,0.1548,0.1561,0.1568
1190.0000,0.1556,0.1559,0.1565,0.1564,0.1546,0.1568,0.1566
1195.0000,0.1556,0.1560,0.1566,0.1561,0.1547,0.1570,0.1572
1200.0000,0.1553,0.1563,0.1566,0.1559,0.1549,0.1574,0.1576
1205.0000,0.1559,0.1562,0.1568,0.1556,0.1550,0.1581,0.1569
1210.0000,0.1559,0.1563,0.1568,0.1553,0.1555,0.1582,0.1576
1215.0000,0.1558,0.1565,0.1567,0.1550,0.1560,0.1583,0.1580
1220.0000,0.1562,0.1564,0.1566,0.1548,0.1566,0.1583,0.1583
1225.0000,0.1561,0.1566,0.1563,0.1549,0.1569,0.1587,0.1579
1230.0000,0.1558,0.1568,0.1559,0.1549,0.1575,0.1586,0.1584
1235.0000,0.1563,0.1566,0.1557,0.1550,0.1580,0.1585,0.1586
1240.0000,0.1562,0.1567,0.1553,0.1554,0.1582,0.1587,0.1583
1245.0000,0.1558,0.1567,0.1549,0.1557,0.1585,0.1585,0.1587
1250.0000,0.1563,0.1563,0.1549,0.1561,0.1588,0.1585,0.1589
1255.0000,0.1561,0.1563,0.1546,0.1566,0.1587,0.1587,0.1588
1260.0000,0.1557,0.1562,0.1545,0.1571,0.1587,0.1587,0.1592
1265.0000,0.1560,0.1557,0.1547,0.1575,0.1588,0.1588,0.1595
1270.0000,0.1557,0.1557,0.1547,0.1580,0.1585,0.1593,0.1593
1275.0000,0.1554,0.1555,0.1550,0.1583,0.1585,0.1594,0.1599
1280.0000,0.1556,0.1552,0.1555,0.1585,0.1585,0.1596,0.1603
1285.0000,0.1554,0.1552,0.1559,0.1588,0.1583,0.1603,0.1601
1290.0000,0.1553,0.1552,0.1564,0.1588,0.1585,0.1604,0.1607
1295.0000,0.1554,0.1552,0.1570,0.1587,0.1587,0.1607,0.1612
1300.0000,0.1554,0.1554,0.1574,0.1588,0.1588,0.1613,0.1609
1305.0000,0.1552,0.1558,0.1577,0.1587,0.1591,0.1615,0.1617
1310.0000,0.1556,0.1560,0.1582,0.1585,0.1596,0.1616,0.1622
1315.0000,0.1557,0.1564,0.1583,0.1586,0.1598,0.1622,0.1620
1320.0000,0.1558,0.1569,0.1584,0.1586,0.1603,0.1624,0.1627
1325.0000,0.1556,0.1576,0.1583,0.1588,0.1607,0.1627,0.1631
1330.0000,0.1565,0.1576,0.1584,0.1589,0.1609,0.1633,0.1626
1335.0000,0.1567,0.1580,0.1584,0.1591,0.1614,0.1634,0.1633
1340.0000,0.1567,0.1583,0.1583,0.1594,0.1619,0.1636,0.1636
1345.0000,0.1575,0.1583,0.1584,0.1595,0.1624,0.1637,0.1638
1350.0000,0.1575,0.1586,0.1583,0.1600,0.1626,0.1641,0.1635
1355.0000,0.1575,0.1587,0.1583,0.1603,0.1630,0.1640,0.1640
1360.0000,0.1581,0.1585,0.1586,0.1606,0.1634,0.1640,0.1642
1365.0000,0.1582,0.1586,0.1586,0.1611,0.1635,0.1643,0.1639
1370.0000,0.1579,0.1588,0.1587,0.1615,0.1638,0.1643,0.1642
1375.0000,0.1584,0.1586,0.1591,0.1618,0.1640,0.1642,0.1643
1380.0000,0.1584,0.1588,0.1593,0.1623,0.1640,0.1645,0.1640
1385.0000,0.1583,0.1590,0.1596,0.1627,0.1642,0.1645,0.1643
1390.0000,0.1587,0.1590,0.1600,0.1630,0.1643,0.1644,0.1644
1395.0000,0.1586,0.1593,0.1603,0.1634,0.1641,0.1648,0.1638
1400.0000,0.1586,0.1596,0.1606,0.1637,0.1642,0.1647,0.1642
1405.0000,0.1591,0.1596,0.1612,0.1638,0.1644,0.1646,0.1642
1410.0000,0.1593,0.1599,0.1616,0.1641,0.1642,0.1649,0.1635
1415.0000,0.1593,0.1603,0.1620,0.1642,0.1644,0.1646,0.1638
1420.0000,0.1598,0.1604,0.1625,0.1642,0.1645,0.1644,0.1639
1425.0000,0.1601,0.1608,0.1628,0.1643,0.1644,0.1646,0.1632
1430.0000,0.1601,0.1613,0.1631,0.1644,0.1645,0.1642,0.1635
1435.0000,0.1607,0.1615,0.1634,0.1644,0.1647,0.1639,0.1639
1440.0000,0.1609,0.1620,0.1635,0.1645,0.1644,0.1640,0.1634
1445.0000,0.1612,0.1625,0.1637,0.1646,0.1644,0.1638,0.1640
1450.0000,0.1609,0.1631,0.1636,0.1648,0.1642,0.1638,0.1643
1455.0000,0.1620,0.1631,0.1638,0.1648,0.1639,0.1642,0.1639
1460.0000,0.1622,0.1634,0.1639,0.1649,0.1637,0.1642,0.1647
1465.0000,0.1622,0.1637,0.1640,0.1649,0.1636,0.1643,0.1652
1470.0000,0.1630,0.1637,0.1643,0.1648,0.1635,0.1646,0.1656
1475.0000,0.1630,0.1639,0.1642,0.1648,0.1633,0.1653,0.1656
1480.0000,0.1630,0.1641,0.1644,0.1646,0.1633,0.1656,0.1662
1485.0000,0.1636,0.1640,0.1647,0.1643,0.1636,0.1658,0.1669
1490.0000,0.1637,0.1641,0.1647,0.1642,0.1637,0.1666,0.1669
1495.0000,0.1636,0.1643,0.1647,0.1639,0.1641,0.1669,0.1679
1500.0000,0.1640,0.1642,0.1649,0.1637,0.1646,0.1673,0.1686
1505.0000,0.1640,0.1644,0.1647,0.1636,0.1649,0.1680,0.1687
1510.0000,0.1639,0.1646,0.1646,0.1636,0.1654,0.1684,0.1697
1515.0000,0.1643,0.1645,0.1645,0.1635,0.1660,0.1689,0.1704
1520.0000,0.1641,0.1648,0.1641,0.1638,0.1663,0.1699,0.1704
1525.0000,0.1639,0.1649,0.1638,0.1640,0.1669,0.1704,0.1711
1530.0000,0.1644,0.1647,0.1638,0.1642,0.1676,0.1709,0.1717
1535.0000,0.1643,0.1647,0.1635,0.1646,0.1680,0.1718,0.1713
1540.0000,0.1641,0.1647,0.1634,0.1649,0.1687,0.1721,0.1720
1545.0000,0.1644,0.1643,0.1635,0.1652,0.1696,0.1723,0.1724
1550.0000,0.1643,0.1642,0.1635,0.1658,0.1701,0.1730,0.1718
1555.0000,0.1640,0.1641,0.1636,0.1662,0.1709,0.1730,0.1723
1560.0000,0.1642,0.1638,0.1639,0.1667,0.1717,0.1729,0.1727
1565.0000,0.1640,0.1639,0.1640,0.1674,0.1721,0.1732,0.1721
1570.0000,0.1637,0.1640,0.1642,0.1680,0.1726,0.1730,0.1726
1575.0000,0.1632,0.1643,0.1644,0.1688,0.1730,0.1728,0.1728
1580.0000,0.1638,0.1642,0.1648,0.1695,0.1731,0.1731,0.1722
1585.0000,0.1637,0.1644,0.1652,0.1703,0.1733,0.1728,0.1728
1590.0000,0.1635,0.1648,0.1655,0.1710,0.1732,0.1728,0.1730
1595.0000,0.1642,0.1648,0.1663,0.1716,0.1732,0.1727,0.1733
1600.0000,0.1642,0.1652,0.1668,0.1723,0.1729,0.1731,0.1732
1605.0000,0.1643,0.1656,0.1675,0.1727,0.1728,0.1731,0.1736
1610.0000,0.1650,0.1657,0.1684,0.1729,0.1727,0.1732,0.1740
1615.0000,0.1652,0.1661,0.1691,0.1732,0.1725,0.1738,0.1739
1620.0000,0.1652,0.1668,0.1698,0.1734,0.1724,0.1740,0.1745
1625.0000,0.1661,0.1671,0.1707,0.1733,0.1725,0.1742,0.1751
1630.0000,0.1665,0.1677,0.1713,0.1733,0.1725,0.1749,0.1750
1635.0000,0.1669,0.1684,0.1719,0.1731,0.1727,0.1751,0.1757
1640.0000,0.1676,0.1689,0.1725,0.1729,0.1731,0.1754,0.1763
1645.0000,0.1680,0.1698,0.1726,0.1729,0.1732,0.1762,0.1761
1650.0000,0.1685,0.1705,0.1729,0.1728,0.1737,0.1765,0.1769
1655.0000,0.1694,0.1708,0.1731,0.1726,0.1742,0.1767,0.1776
1660.0000,0.1698,0.1715,0.1731,0.1728,0.1745,0.1775,0.1773
1665.0000,0.1700,0.1722,0.1729,0.1728,0.1751,0.1777,0.1782
1670.0000,0.1709,0.1723,0.1730,0.1729,0.1757,0.1780,0.1789
1675.0000,0.1713,0.1726,0.1728,0.1732,0.1760,0.1787,0.1787
1680.0000,0.1716,0.1729,0.1726,0.1735,0.1766,0.1790,0.1794
1685.0000,0.1713,0.1733,0.1724,0.1739,0.1771,0.1792,0.1800
1690.0000,0.1722,0.1730,0.1725,0.1742,0.1774,0.1799,0.1799
1695.0000,0.1723,0.1731,0.1725,0.1746,0.1780,0.1801,0.1808
1700.0000,0.1719,0.1733,0.1724,0.1751,0.1784,0.1804,0.1816
1705.0000,0.1726,0.1730,0.1726,0.1756,0.1786,0.1812,0.1814
1710.0000,0.1726,0.1730,0.1728,0.1761,0.1791,0.1815,0.1823
1715.0000,0.1724,0.1731,0.1731,0.1766,0.1794,0.1819,0.1830
1720.0000,0.1728,0.1729,0.1735,0.1770,0.1799,0.1824,0.1835
1725.0000,0.1727,0.1731,0.1738,0.1776,0.1801,0.1832,0.1835
1730.0000,0.1725,0.1734,0.1742,0.1780,0.1806,0.1836,0.1842
1735.0000,0.1730,0.1733,0.1749,0.1782,0.1812,0.1840,0.1848
1740.0000,0.1731,0.1736,0.1753,0.1787,0.1816,0.1847,0.1847
1745.0000,0.1729,0.1740,0.1757,0.1791,0.1822,0.1850,0.1855
1750.0000,0.1735,0.1741,0.1763,0.1793,0.1829,0.1852,0.1860
1755.0000,0.1737,0.1746,0.1767,0.1798,0.1832,0.1859,0.1859
1760.0000,0.1738,0.1751,0.1771,0.1802,0.1838,0.1861,0.1865
1765.0000,0.1744,0.1753,0.1776,0.1806,0.1845,0.1864,0.1870
1770.0000,0.1746,0.1760,0.1778,0.1812,0.1847,0.1871,0.1867
1775.0000,0.1748,0.1765,0.1782,0.1817,0.1853,0.1871,0.1874
1780.0000,0.1756,0.1767,0.1787,0.1821,0.1858,0.1873,0.1878
1785.0000,0.1759,0.1773,0.1789,0.1828,0.1860,0.1879,0.1874
1790.0000,0.1760,0.1779,0.1792,0.1834,0.1864,0.1880,0.1881
1795.0000,0.1769,0.1781,0.1798,0.1838,0.1868,0.1881,0.1885
1800.0000,0.1773,0.1785,0.1802,0.1844,0.1869,0.1887,0.1880
1805.0000,0.1776,0.1789,0.1808,0.1848,0.1873,0.1888,0.1885
1810.0000,0.1776,0.1795,0.1812,0.1853,0.1876,0.1888,0.1889
1815.0000,0.1785,0.1796,0.1819,0.1857,0.1878,0.1893,0.1884
1820.0000,0.1788,0.1801,0.1824,0.1861,0.1881,0.1892,0.1891
1825.0000,0.1786,0.1809,0.1828,0.1865,0.1884,0.1892,0.1896
1830.0000,0.1797,0.1811,0.1834,0.1869,0.1884,0.1897,0.1890
1835.0000,0.1801,0.1816,0.1839,0.1872,0.1887,0.1896,0.1900
1840.0000,0.1803,0.1822,0.1843,0.1875,0.1889,0.1897,0.1906
1845.0000,0.1812,0.1824,0.1849,0.1877,0.1890,0.1899,0.1912
1850.0000,0.1814,0.1831,0.1851,0.1881,0.1889,0.1905,0.1912
1855.0000,0.1817,0.1838,0.1855,0.1884,0.1891,0.1908,0.1920
1860.0000,0.1827,0.1839,0.1861,0.1885,0.1893,0.1912,0.1926
1865.0000,0.1830,0.1845,0.1864,0.1888,0.1893,0.1921,0.1927
1870.0000,0.1830,0.1851,0.1867,0.1889,0.1895,0.1925,0.1935
1875.0000,0.1840,0.1852,0.1872,0.1889,0.1899,0.1930,0.1942
1880.0000,0.1844,0.1857,0.1875,0.1891,0.1902,0.1940,0.1941
1885.0000,0.1847,0.1861,0.1878,0.1891,0.1908,0.1943,0.1950
1890.0000,0.1854,0.1862,0.1882,0.1890,0.1915,0.1947,0.1959
1895.0000,0.1857,0.1867,0.1883,0.1893,0.1919,0.1956,0.1957
1900.0000,0.1859,0.1872,0.1885,0.1894,0.1926,0.1959,0.1968
1905.0000,0.1865,0.1873,0.1887,0.1896,0.1934,0.1963,0.1976
1910.0000,0.1867,0.1878,0.1886,0.1900,0.1938,0.1971,0.1975
1915.0000,0.1866,0.1883,0.1886,0.1905,0.1945,0.1975,0.1986
1920.0000,0.1874,0.1883,0.1888,0.1909,0.1952,0.1980,0.1994
1925.0000,0.1876,0.1886,0.1887,0.1915,0.1955,0.1989,0.1993
1930.0000,0.1877,0.1889,0.1888,0.1921,0.1961,0.1994,0.2003
1935.0000,0.1873,0.1893,0.1889,0.1927,0.1967,0.1999,0.2010
1940.0000,0.1883,0.1890,0.1893,0.1933,0.1971,0.2010,0.2005
1945.0000,0.1883,0.1892,0.1896,0.1939,0.1978,0.2013,0.2015
1950.0000,0.1880,0.1895,0.1899,0.1945,0.1984,0.2017,0.2020
1955.0000,0.1888,0.1894,0.1905,0.1950,0.1989,0.2027,0.2012
1960.0000,0.1889,0.1895,0.1911,0.1955,0.1997,0.2027,0.2021
1965.0000,0.1889,0.1899,0.1917,0.1960,0.2005,0.2028,0.2024
1970.0000,0.1895,0.1900,0.1924,0.1964,0.2013,0.2028,0.2028
1975.0000,0.1895,0.1906,0.1928,0.1972,0.2017,0.2032,0.2023
1980.0000,0.1895,0.1911,0.1933,0.1977,0.2024,0.2029,0.2029
1985.0000,0.1904,0.1914,0.1940,0.1983,0.2029,0.2028,0.2033
1990.0000,0.1906,0.1921,0.1944,0.1991,0.2030,0.2030,0.2032
1995.0000,0.1905,0.1929,0.1947,0.1999,0.2032,0.2029,0.2038
2000.0000,0.1916,0.1931,0.1954,0.2005,0.2033,0.2030,0.2043
2005.0000,0.1920,0.1938,0.1958,0.2013,0.2030,0.2035,0.2043
2010.0000,0.1923,0.1944,0.1964,0.2020,0.2029,0.2038,0.2050
2015.0000,0.1933,0.1947,0.1972,0.2024,0.2029,0.2043,0.2055
2020.0000,0.1936,0.1954,0.1978,0.2029,0.2025,0.2052,0.2052
2025.0000,0.1940,0.1959,0.1986,0.2031,0.2027,0.2056,0.2061
2030.0000,0.1949,0.1961,0.1996,0.2031,0.2030,0.2059,0.2069
2035.0000,0.1955,0.1967,0.2003,0.2032,0.2030,0.2069,0.2065
2040.0000,0.1958,0.1974,0.2010,0.2031,0.2036,0.2072,0.2077
2045.0000,0.1966,0.1978,0.2018,0.2029,0.2043,0.2075,0.2086
2050.0000,0.1972,0.1985,0.2022,0.2029,0.2046,0.2084,0.2085
2055.0000,0.1976,0.1993,0.2025,0.2029,0.2054,0.2087,0.2097
2060.0000,0.1974,0.2004,0.2025,0.2031,0.2060,0.2091,0.2107
2065.0000,0.1988,0.2008,0.2027,0.2033,0.2064,0.2102,0.2106
2070.0000,0.1992,0.2015,0.2026,0.2036,0.2071,0.2106,0.2117
2075.0000,0.1994,0.2022,0.2024,0.2040,0.2076,0.2113,0.2124
2080.0000,0.2006,0.2023,0.2025,0.2045,0.2080,0.2125,0.2119
2085.0000,0.2008,0.2028,0.2024,0.2049,0.2088,0.2129,0.2129
2090.0000,0.2011,0.2029,0.2025,0.2054,0.2096,0.2133,0.2136
2095.0000,0.2020,0.2027,0.2029,0.2057,0.2105,0.2136,0.2142
2100.0000,0.2021,0.2029,0.2030,0.2064,0.2110,0.2143,0.2139
2105.0000,0.2020,0.2030,0.2033,0.2069,0.2119,0.2144,0.2147
2110.0000,0.2026,0.2028,0.2039,0.2073,0.2128,0.2144,0.2153
2115.0000,0.2026,0.2030,0.2041,0.2081,0.2133,0.2150,0.2153
2120.0000,0.2022,0.2035,0.2044,0.2089,0.2138,0.2151,0.2162
2125.0000,0.2029,0.2035,0.2049,0.2096,0.2143,0.2153,0.2167
2130.0000,0.2029,0.2040,0.2052,0.2105,0.2144,0.2160,0.2168
2135.0000,0.2029,0.2045,0.2056,0.2113,0.2146,0.2164,0.2174
2140.0000,0.2036,0.2045,0.2063,0.2119,0.2149,0.2168,0.2181
2145.0000,0.2037,0.2051,0.2067,0.2128,0.2148,0.2178,0.2178
2150.0000,0.2040,0.2055,0.2075,0.2133,0.2152,0.2181,0.2187
2155.0000,0.2047,0.2056,0.2085,0.2136,0.2157,0.2185,0.2194
2160.0000,0.2051,0.2061,0.2092,0.2141,0.2158,0.2195,0.2190
2165.0000,0.2053,0.2067,0.2100,0.2144,0.2164,0.2198,0.2199
2170.0000,0.2061,0.2071,0.2110,0.2145,0.2171,0.2200,0.2205
2175.0000,0.2066,0.2077,0.2117,0.2148,0.2174,0.2209,0.2200
2180.0000,0.2070,0.2085,0.2123,0.2150,0.2182,0.2210,0.2208
2185.0000,0.2067,0.2097,0.2126,0.2154,0.2188,0.2212,0.2214
2190.0000,0.2081,0.2101,0.2131,0.2158,0.2192,0.2220,0.2205
2195.0000,0.2086,0.2110,0.2134,0.2162,0.2199,0.2218,0.2216
2200.0000,0.2089,0.2118,0.2137,0.2166,0.2205,0.2218,0.2223
2205.0000,0.2102,0.2121,0.2141,0.2170,0.2210,0.2219,0.2228
2210.0000,0.2105,0.2129,0.2142,0.2178,0.2211,0.2224,0.2227
2215.0000,0.2109,0.2135,0.2144,0.2184,0.2215,0.2225,0.2234
2220.0000,0.2121,0.2135,0.2149,0.2188,0.2218,0.2227,0.2239
2225.0000,0.2123,0.2141,0.2152,0.2195,0.2217,0.2234,0.2239
2230.0000,0.2125,0.2145,0.2156,0.2201,0.2219,0.2237,0.2246
2235.0000,0.2135,0.2145,0.2163,0.2204,0.2222,0.2240,0.2253
2240.0000,0.2138,0.2150,0.2167,0.2209,0.2222,0.2248,0.2253
2245.0000,0.2136,0.2156,0.2172,0.2213,0.2225,0.2252,0.2263
2250.0000,0.2146,0.2156,0.2180,0.2214,0.2229,0.2256,0.2271
2255.0000,0.2150,0.2161,0.2185,0.2217,0.2231,0.2266,0.2272
2260.0000,0.2153,0.2165,0.2191,0.2219,0.2236,0.2270,0.2282
2265.0000,0.2159,0.2168,0.2198,0.2220,0.2241,0.2276,0.2290
2270.0000,0.2162,0.2175,0.2200,0.2223,0.2244,0.2287,0.2288
2275.0000,0.2164,0.2181,0.2204,0.2225,0.2251,0.2292,0.2298
2280.0000,0.2172,0.2184,0.2209,0.2226,0.2259,0.2296,0.2305
2285.0000,0.2176,0.2191,0.2211,0.2230,0.2263,0.2307,0.2301
2290.0000,0.2176,0.2198,0.2212,0.2233,0.2271,0.2311,0.2310
2295.0000,0.2186,0.2200,0.2216,0.2236,0.2281,0.2313,0.2316
2300.0000,0.2190,0.2204,0.2217,0.2241,0.2287,0.2321,0.2309
2305.0000,0.2193,0.2209,0.2219,0.2246,0.2295,0.2322,0.2316
2310.0000,0.2191,0.2215,0.2220,0.2252,0.2303,0.2322,0.2320
2315.0000,0.2203,0.2214,0.2223,0.2258,0.2308,0.2328,0.2310
2320.0000,0.2205,0.2218,0.2225,0.2265,0.2315,0.2325,0.2320
2325.0000,0.2204,0.2222,0.2227,0.2272,0.2320,0.2324,0.2323
2330.0000,0.2213,0.2222,0.2232,0.2279,0.2325,0.2323,0.2326
2335.0000,0.2212,0.2228,0.2234,0.2289,0.2324,0.2326,0.2322
2340.0000,0.2212,0.2232,0.2238,0.2297,0.2326,0.2324,0.2328
2345.0000,0.2222,0.2231,0.2246,0.2303,0.2327,0.2324,0.2332
2350.0000,0.2224,0.2234,0.2251,0.2311,0.2325,0.2329,0.2330
2355.0000,0.2223,0.2240,0.2258,0.2317,0.2324,0.2330,0.2335
2360.0000,0.2232,0.2240,0.2268,0.2320,0.2324,0.2331,0.2339
2365.0000,0.2235,0.2245,0.2275,0.2324,0.2321,0.2338,0.2337
2370.0000,0.2234,0.2253,0.2282,0.2327,0.2322,0.2340,0.2343
2375.0000,0.2244,0.2255,0.2292,0.2326,0.2324,0.2342,0.2349
2380.0000,0.2248,0.2262,0.2299,0.2328,0.2323,0.2349,0.2346
2385.0000,0.2252,0.2269,0.2306,0.2327,0.2326,0.2351,0.2355
2390.0000,0.2261,0.2274,0.2313,0.2325,0.2330,0.2354,0.2361
2395.0000,0.2265,0.2283,0.2316,0.2326,0.2331,0.2362,0.2356
2400.0000,0.2269,0.2291,0.2319,0.2325,0.2336,0.2364,0.2363
2405.0000,0.2279,0.2295,0.2323,0.2324,0.2342,0.2366,0.2367
2410.0000,0.2284,0.2303,0.2323,0.2326,0.2344,0.2374,0.2359
2415.0000,0.2286,0.2311,0.2322,0.2327,0.2350,0.2374,0.2366
2420.0000,0.2297,0.2313,0.2325,0.2327,0.2358,0.2372,0.2372
2425.0000,0.2301,0.2317,0.2323,0.2331,0.2360,0.2377,0.2365
2430.0000,0.2304,0.2321,0.2322,0.2334,0.2366,0.2375,0.2373
2435.0000,0.2301,0.2327,0.2320,0.2339,0.2369,0.2374,0.2379
2440.0000,0.2313,0.2324,0.2321,0.2343,0.2370,0.2380,0.2372
2445.0000,0.2314,0.2326,0.2321,0.2348,0.2373,0.2378,0.2384
2450.0000,0.2313,0.2329,0.2321,0.2354,0.2374,0.2379,0.2390
2455.0000,0.2321,0.2325,0.2325,0.2358,0.2375,0.2382,0.2395
2460.0000,0.2319,0.2328,0.2326,0.2364,0.2373,0.2389,0.2395
2465.0000,0.2315,0.2331,0.2328,0.2368,0.2373,0.2393,0.2403
2470.0000,0.2324,0.2327,0.2335,0.2370,0.2375,0.2397,0.2409
2475.0000,0.2323,0.2329,0.2338,0.2373,0.2374,0.2406,0.2408
2480.0000,0.2322,0.2331,0.2344,0.2374,0.2377,0.2410,0.2417
2485.0000,0.2328,0.2330,0.2352,0.2373,0.2382,0.2414,0.2424
2490.0000,0.2329,0.2333,0.2356,0.2375,0.2385,0.2423,0.2422
2495.0000,0.2327,0.2338,0.2360,0.2374,0.2391,0.2426,0.2432
2500.0000,0.2334,0.2339,0.2366,0.2373,0.2399,0.2429,0.2439
2505.0000,0.2335,0.2345,0.2367,0.2376,0.2403,0.2438,0.2438
2510.0000,0.2335,0.2352,0.2368,0.2377,0.2410,0.2441,0.2447
2515.0000,0.2343,0.2354,0.2371,0.2379,0.2418,0.2443,0.2454
2520.0000,0.2344,0.2361,0.2369,0.2385,0.2421,0.2453,0.2450
2525.0000,0.2345,0.2366,0.2368,0.2389,0.2428,0.2455,0.2460
2530.0000,0.2355,0.2366,0.2371,0.2392,0.2435,0.2457,0.2467
2535.0000,0.2357,0.2369,0.2370,0.2399,0.2438,0.2466,0.2463
2540.0000,0.2357,0.2373,0.2370,0.2405,0.2443,0.2468,0.2473
2545.0000,0.2364,0.2371,0.2375,0.2410,0.2449,0.2470,0.2481
2550.0000,0.2365,0.2373,0.2376,0.2417,0.2451,0.2479,0.2477
2555.0000,0.2366,0.2375,0.2380,0.2423,0.2456,0.2481,0.2489
2560.0000,0.2361,0.2379,0.2383,0.2428,0.2462,0.2483,0.2502
2565.0000,0.2371,0.2377,0.2389,0.2434,0.2463,0.2493,0.2500
2570.0000,0.2371,0.2379,0.2394,0.2438,0.2470,0.2493,0.2531
2575.0000,0.2371,0.2383,0.2401,0.2442,0.2478,0.2490,0.2578
2580.0000,0.2378,0.2382,0.2410,0.2443,0.2488,0.2487,0.2650
2585.0000,0.2378,0.2389,0.2413,0.2451,0.2485,0.2507,0.2727
2590.0000,0.2377,0.2396,0.2416,0.2459,0.2484,0.2531,0.2853
2595.0000,0.2387,0.2397,0.2424,0.2462,0.2488,0.2560,0.3046
2600.0000,0.2388,0.2406,0.2423,0.2473,0.2476,0.2636,0.3272
2605.0000,0.2384,0.2417,0.2423,0.2483,0.2469,0.2734,0.3603
2610.0000,0.2397,0.2425,0.2418,0.2504,0.2434,0.2937,0.3912
2615.0000,0.2397,0.2434,0.2418,0.2515,0.2424,0.3168,0.4329
2620.0000,0.2389,0.2447,0.2419,0.2521,0.2429,0.3467,0.4814
2625.0000,0.2410,0.2448,0.2418,0.2536,0.2422,0.3913,0.5211
2630.0000,0.2413,0.2450,0.2433,0.2522,0.2492,0.4369,0.5709
2635.0000,0.2421,0.2442,0.2461,0.2492,0.2627,0.4876,0.6230
2640.0000,0.2433,0.2433,0.2491,0.2456,0.2822,0.5449,0.6703
2645.0000,0.2447,0.2420,0.2524,0.2414,0.3099,0.6054,0.7126
2650.0000,0.2465,0.2409,0.2551,0.2384,0.3443,0.6715,0.7315
2655.0000,0.2454,0.2409,0.2581,0.2343,0.3936,0.7246,0.7554
2660.0000,0.2468,0.2405,0.2594,0.2342,0.4484,0.7777,0.7525
2665.0000,0.2502,0.2386,0.2618,0.2349,0.5180,0.8076,0.7631
2670.0000,0.2470,0.2413,0.2602,0.2424,0.5933,0.8217,0.7687
2675.0000,0.2477,0.2439,0.2546,0.2614,0.6627,0.8354,0.7413
2680.0000,0.2475,0.2470,0.2483,0.2873,0.7356,0.8220,0.7371
2685.0000,0.2440,0.2528,0.2389,0.3255,0.7994,0.7984,0.7256
2690.0000,0.2452,0.2573,0.2290,0.3762,0.8482,0.7709,0.7040
2695.0000,0.2411,0.2643,0.2199,0.4368,0.8832,0.7327,0.6979
2700.0000,0.2343,0.2721,0.2133,0.5078,0.8960,0.7012,0.6781
2705.0000,0.2456,0.2696,0.2185,0.5818,0.8904,0.6743,0.6555
2710.0000,0.2396,0.2755,0.2300,0.6558,0.8723,0.6422,0.6521
2715.0000,0.2368,0.2796,0.2529,0.7276,0.8352,0.6271,0.6285
2720.0000,0.2529,0.2736,0.2953,0.7871,0.7916,0.6159,0.6091
2725.0000,0.2587,0.2748,0.3497,0.8328,0.7466,0.6034,0.6025
2730.0000,0.2686,0.2794,0.4151,0.8643,0.6984,0.6015,0.5832
2735.0000,0.2792,0.2904,0.4896,0.8777,0.6572,0.5965,0.5733
2740.0000,0.3008,0.3041,0.5708,0.8743,0.6215,0.5959,0.5575
2745.0000,0.3306,0.3248,0.6531,0.8545,0.5971,0.5897,0.5521
2750.0000,0.3383,0.3712,0.7212,0.8270,0.5797,0.5808,0.5512
2755.0000,0.3719,0.4164,0.7830,0.7915,0.5668,0.5783,0.5371
2760.0000,0.4101,0.4712,0.8298,0.7516,0.5629,0.5676,0.5383
2765.0000,0.4407,0.5379,0.8562,0.7140,0.5607,0.5580,0.5376
2770.0000,0.4775,0.6071,0.8642,0.6809,0.5577,0.5533,0.5293
2775.0000,0.5251,0.6678,0.8607,0.6496,0.5590,0.5429,0.5330
2780.0000,0.5802,0.7171,0.8466,0.6232,0.5595,0.5357,0.5321
2785.0000,0.6264,0.7606,0.8208,0.6035,0.5578,0.5301,0.5319
2790.0000,0.6557,0.8007,0.7841,0.5917,0.5524,0.5281,0.5293
2795.0000,0.7070,0.8123,0.7533,0.5796,0.5491,0.5253,0.5278
2800.0000,0.7380,0.8184,0.7191,0.5723,0.5443,0.5237,0.5278
2805.0000,0.7597,0.8127,0.6878,0.5668,0.5390,0.5235,0.5263
2810.0000,0.7712,0.7987,0.6599,0.5625,0.5339,0.5238,0.5253
2815.0000,0.7794,0.7755,0.6376,0.5582,0.5296,0.5248,0.5233
2820.0000,0.7756,0.7504,0.6187,0.5541,0.5265,0.5248,0.5244
2825.0000,0.7633,0.7248,0.6030,0.5502,0.5239,0.5251,0.5252
2830.0000,0.7478,0.6988,0.5909,0.5460,0.5223,0.5255,0.5261
2835.0000,0.7328,0.6717,0.5826,0.5414,0.5214,0.5267,0.5252
2840.0000,0.7088,0.6510,0.5742,0.5376,0.5212,0.5267,0.5273
2845.0000,0.6871,0.6321,0.5675,0.5338,0.5216,0.5270,0.5288
2850.0000,0.6654,0.6169,0.5608,0.5312,0.5214,0.5289,0.5283
2855.0000,0.6489,0.6017,0.5563,0.5280,0.5228,0.5289,0.5310
2860.0000,0.6314,0.5899,0.5516,0.5255,0.5240,0.5294,0.5330
2865.0000,0.6143,0.5815,0.5461,0.5245,0.5244,0.5313,0.5333
2870.0000,0.5990,0.5747,0.5409,0.5238,0.5253,0.5324,0.5361
2875.0000,0.5899,0.5666,0.5374,0.5229,0.5267,0.5334,0.5386
2880.0000,0.5805,0.5602,0.5337,0.5230,0.5272,0.5360,0.5392
2885.0000,0.5704,0.5554,0.5302,0.5233,0.5283,0.5376,0.5422
2890.0000,0.5649,0.5493,0.5282,0.5233,0.5299,0.5392,0.5451
2895.0000,0.5587,0.5446,0.5261,0.5241,0.5308,0.5424,0.5459
2900.0000,0.5519,0.5410,0.5244,0.5248,0.5324,0.5443,0.5493
2905.0000,0.5480,0.5367,0.5239,0.5252,0.5344,0.5463,0.5524
2910.0000,0.5432,0.5340,0.5228,0.5265,0.5356,0.5500,0.5530
2915.0000,0.5393,0.5313,0.5226,0.5273,0.5381,0.5518,0.5576
2920.0000,0.5366,0.5285,0.5230,0.5282,0.5404,0.5543,0.5606
2925.0000,0.5333,0.5272,0.5229,0.5297,0.5422,0.5582,0.5612
2930.0000,0.5304,0.5262,0.5232,0.5310,0.5449,0.5605,0.5650
2935.0000,0.5273,0.5258,0.5236,0.5324,0.5478,0.5627,0.5689
2940.0000,0.5275,0.5246,0.5245,0.5341,0.5500,0.5666,0.5691
2945.0000,0.5257,0.5247,0.5252,0.5358,0.5531,0.5687,0.5734
2950.0000,0.5240,0.5252,0.5259,0.5378,0.5562,0.5711,0.5767
2955.0000,0.5250,0.5247,0.5274,0.5397,0.5593,0.5736,0.5794
2960.0000,0.5242,0.5257,0.5281,0.5424,0.5616,0.5773,0.5802
2965.0000,0.5236,0.5266,0.5293,0.5447,0.5649,0.5792,0.5835
2970.0000,0.5253,0.5264,0.5313,0.5469,0.5682,0.5813,0.5859
2975.0000,0.5254,0.5276,0.5326,0.5499,0.5706,0.5845,0.5862
2980.0000,0.5249,0.5293,0.5340,0.5527,0.5734,0.5866,0.5879
2985.0000,0.5272,0.5295,0.5366,0.5550,0.5769,0.5875,0.5903
2990.0000,0.5279,0.5311,0.5384,0.5582,0.5792,0.5900,0.5900
2995.0000,0.5283,0.5328,0.5406,0.5610,0.5821,0.5908,0.5925
3000.0000,0.5305,0.5338,0.5433,0.5638,0.5848,0.5916,0.5942
3005.0000,0.5314,0.5361,0.5452,0.5673,0.5863,0.5938,0.5934
3010.0000,0.5326,0.5382,0.5478,0.5702,0.5885,0.5940,0.5962
3015.0000,0.5352,0.5395,0.5510,0.5728,0.5907,0.5940,0.5996
3020.0000,0.5369,0.5419,0.5534,0.5761,0.5914,0.5960,0.6006
3025.0000,0.5377,0.5450,0.5558,0.5791,0.5924,0.5972,0.6043
3030.0000,0.5410,0.5467,0.5590,0.5817,0.5931,0.5991,0.6072
3035.0000,0.5430,0.5494,0.5617,0.5846,0.5930,0.6025,0.6087
3040.0000,0.5442,0.5526,0.5646,0.5867,0.5942,0.6037,0.6170
3045.0000,0.5479,0.5544,0.5681,0.5886,0.5947,0.6075,0.6221
3050.0000,0.5504,0.5573,0.5709,0.5905,0.5948,0.6129,0.6262
3055.0000,0.5531,0.5598,0.5742,0.5917,0.5959,0.6179,0.6330
3060.0000,0.5537,0.5634,0.5769,0.5926,0.5979,0.6230,0.6416
3065.0000,0.5583,0.5654,0.5801,0.5934,0.5995,0.6309,0.6465
3070.0000,0.5608,0.5683,0.5829,0.5937,0.6029,0.6375,0.6560
3075.0000,0.5634,0.5711,0.5855,0.5938,0.6073,0.6443,0.6665
3080.0000,0.5671,0.5732,0.5881,0.5939,0.6126,0.6518,0.6774
3085.0000,0.5690,0.5767,0.5892,0.5950,0.6175,0.6618,0.6864
3090.0000,0.5711,0.5797,0.5904,0.5961,0.6240,0.6710,0.6984
3095.0000,0.5750,0.5815,0.5918,0.5972,0.6316,0.6804,0.7115
3100.0000,0.5770,0.5843,0.5919,0.5999,0.6387,0.6924,0.7228
3105.0000,0.5782,0.5872,0.5920,0.6029,0.6471,0.7036,0.7375
3110.0000,0.5820,0.5882,0.5926,0.6065,0.6560,0.7165,0.7504
3115.0000,0.5836,0.5904,0.5926,0.6113,0.6649,0.7309,0.7621
3120.0000,0.5841,0.5924,0.5930,0.6163,0.6758,0.7436,0.7787
3125.0000,0.5875,0.5924,0.5948,0.6216,0.6876,0.7568,0.7952
3130.0000,0.5889,0.5937,0.5960,0.6285,0.6986,0.7729,0.8083
3135.0000,0.5898,0.5948,0.5980,0.6357,0.7111,0.7883,0.8226
3140.0000,0.5922,0.5948,0.6017,0.6429,0.7255,0.8021,0.8400
3145.0000,0.5931,0.5964,0.6047,0.6519,0.7386,0.8191,0.8526
3150.0000,0.5935,0.5985,0.6086,0.6612,0.7533,0.8343,0.8679
3155.0000,0.5961,0.5996,0.6142,0.6705,0.7698,0.8474,0.8865
3160.0000,0.5981,0.6020,0.6195,0.6816,0.7846,0.8641,0.9000
3165.0000,0.5985,0.6061,0.6250,0.6934,0.8006,0.8783,0.9197
3170.0000,0.6021,0.6095,0.6315,0.7063,0.8153,0.8958,0.9328
3175.0000,0.6042,0.6149,0.6379,0.7205,0.8296,0.9138,0.9439
3180.0000,0.6088,0.6190,0.6467,0.7337,0.8463,0.9281,0.9619
3185.0000,0.6097,0.6259,0.6551,0.7481,0.8626,0.9428,0.9786
3190.0000,0.6172,0.6309,0.6653,0.7630,0.8777,0.9603,0.9886
3195.0000,0.6220,0.6380,0.6759,0.7781,0.8936,0.9758,1.0007
3200.0000,0.6285,0.6448,0.6882,0.7925,0.9111,0.9883,1.0159
3205.0000,0.6362,0.6519,0.7016,0.8070,0.9289,0.9997,1.0311
3210.0000,0.6423,0.6618,0.7139,0.8232,0.9441,1.0140,1.0416
3215.0000,0.6500,0.6718,0.7271,0.8393,0.9593,1.0277,1.0504
3220.0000,0.6599,0.6815,0.7417,0.8548,0.9755,1.0383,1.0615
3225.0000,0.6690,0.6933,0.7555,0.8716,0.9894,1.0509,1.0680
3230.0000,0.6767,0.7066,0.7696,0.8879,1.0045,1.0592,1.0813
3235.0000,0.6897,0.7185,0.7847,0.9045,1.0174,1.0701,1.0877
3240.0000,0.7012,0.7321,0.7994,0.9214,1.0293,1.0809,1.0916
3245.0000,0.7124,0.7462,0.8146,0.9376,1.0415,1.0888,1.0981
3250.0000,0.7268,0.7591,0.8313,0.9529,1.0537,1.0951,1.1042
3255.0000,0.7383,0.7752,0.8461,0.9694,1.0629,1.1039,1.1034
3295.0000,0.8575,0.8984,0.9752,1.0707,1.1208,1.1061,1.0921
3300.0000,0.8744,0.9140,0.9893,1.0813,1.1211,1.1034,1.0832
3305.0000,0.8901,0.9295,1.0033,1.0904,1.1216,1.0970,1.0800
3310.0000,0.8987,0.9485,1.0147,1.0998,1.1192,1.0916,1.0735
3315.0000,0.9196,0.9613,1.0282,1.1072,1.1154,1.0876,1.0618
3320.0000,0.9361,0.9751,1.0413,1.1127,1.1123,1.0790,1.0591
3325.0000,0.9509,0.9888,1.0534,1.1172,1.1073,1.0719,1.0522
3330.0000,0.9671,1.0009,1.0657,1.1200,1.1017,1.0647,1.0444
3335.0000,0.9776,1.0164,1.0747,1.1229,1.0938,1.0593,1.0332
3340.0000,0.9927,1.0280,1.0854,1.1225,1.0879,1.0499,1.0278
3345.0000,1.0079,1.0384,1.0952,1.1208,1.0811,1.0417,1.0198
3350.0000,1.0216,1.0487,1.1035,1.1184,1.0731,1.0350,1.0086
3355.0000,1.0271,1.0629,1.1083,1.1156,1.0650,1.0265,1.0007
3360.0000,1.0423,1.0712,1.1146,1.1101,1.0586,1.0159,0.9947
3365.0000,1.0536,1.0806,1.1179,1.1052,1.0499,1.0086,0.9843
3370.0000,1.0646,1.0882,1.1205,1.0990,1.0420,0.9994,0.9772
3375.0000,1.0745,1.0947,1.1216,1.0923,1.0338,0.9907,0.9688
3380.0000,1.0798,1.1034,1.1191,1.0866,1.0237,0.9844,0.9566
3385.0000,1.0863,1.1090,1.1170,1.0792,1.0159,0.9740,0.9525
3390.0000,1.0954,1.1110,1.1149,1.0711,1.0076,0.9653,0.9451
3395.0000,1.1009,1.1131,1.1107,1.0637,0.9979,0.9588,0.9341
3400.0000,1.1033,1.1149,1.1056,1.0558,0.9892,0.9505,0.9270
3405.0000,1.1080,1.1131,1.1012,1.0467,0.9817,0.9409,0.9215
3410.0000,1.1080,1.1131,1.0941,1.0390,0.9720,0.9348,0.9109
3415.0000,1.1081,1.1109,1.0875,1.0304,0.9638,0.9264,0.9051
3420.0000,1.1073,1.1072,1.0809,1.0212,0.9563,0.9174,0.9003
3425.0000,1.1080,1.1013,1.0743,1.0124,0.9477,0.9112,0.8914
3430.0000,1.1023,1.0981,1.0656,1.0042,0.9392,0.9042,0.8851
3435.0000,1.0966,1.0938,1.0570,0.9957,0.9312,0.8971,0.8792
3440.0000,1.0962,1.0858,1.0495,0.9871,0.9227,0.8922,0.8683
3445.0000,1.0904,1.0793,1.0413,0.9779,0.9164,0.8830,0.8690
3450.0000,1.0820,1.0737,1.0320,0.9698,0.9086,0.8768,0.8648
3455.0000,1.0791,1.0647,1.0241,0.9611,0.9014,0.8712,0.8602
3460.0000,1.0720,1.0576,1.0148,0.9534,0.8933,0.8675,0.8539
3465.0000,1.0630,1.0503,1.0059,0.9451,0.8869,0.8614,0.8531
3470.0000,1.0585,1.0405,0.9982,0.9366,0.8806,0.8572,0.8503
3475.0000,1.0500,1.0327,0.9891,0.9291,0.8735,0.8549,0.8457
3480.0000,1.0409,1.0248,0.9803,0.9214,0.8675,0.8518,0.8434
3485.0000,1.0351,1.0147,0.9730,0.9129,0.8631,0.8481,0.8422
3490.0000,1.0257,1.0070,0.9640,0.9058,0.8575,0.8470,0.8378
3495.0000,1.0157,0.9994,0.9554,0.8984,0.8536,0.8443,0.8373
3500.0000,1.0095,0.9896,0.9481,0.8907,0.8506,0.8416,0.8363
3505.0000,1.0015,0.9809,0.9398,0.8842,0.8468,0.8414,0.8315
3510.0000,0.9913,0.9734,0.9316,0.8776,0.8449,0.8382,0.8330
3515.0000,0.9845,0.9640,0.9243,0.8711,0.8433,0.8359,0.8331
3520.0000,0.9753,0.9568,0.9156,0.8664,0.8404,0.8360,0.8296
3525.0000,0.9669,0.9488,0.9078,0.8614,0.8391,0.8340,0.8311
3530.0000,0.9600,0.9398,0.9009,0.8567,0.8381,0.8321,0.8323
3535.0000,0.9509,0.9328,0.8927,0.8537,0.8356,0.8329,0.8301
3540.0000,0.9412,0.9263,0.8850,0.8507,0.8342,0.8319,0.8332
3545.0000,0.9314,0.9197,0.8778,0.8482,0.8328,0.8316,0.8358
3550.0000,0.9275,0.9102,0.8726,0.8457,0.8309,0.8338,0.8346
3555.0000,0.9189,0.9033,0.8669,0.8435,0.8300,0.8342,0.8394
3560.0000,0.9106,0.8964,0.8620,0.8414,0.8293,0.8356,0.8435
3565.0000,0.9059,0.8882,0.8583,0.8396,0.8280,0.8397,0.8434
3570.0000,0.8973,0.8826,0.8543,0.8377,0.8283,0.8416,0.8502
3575.0000,0.8889,0.8773,0.8509,0.8358,0.8294,0.8435,0.8590
3580.0000,0.8853,0.8698,0.8501,0.8321,0.8341,0.8407,0.8797
3585.0000,0.8800,0.8646,0.8473,0.8310,0.8347,0.8461,0.8978
3590.0000,0.8723,0.8613,0.8442,0.8305,0.8358,0.8522,0.9278
3595.0000,0.8686,0.8570,0.8414,0.8309,0.8353,0.8650,0.9615
3600.0000,0.8624,0.8553,0.8373,0.8326,0.8339,0.8839,1.0039
3605.0000,0.8567,0.8535,0.8338,0.8342,0.8335,0.9082,1.0608
3610.0000,0.8555,0.8501,0.8307,0.8371,0.8304,0.9487,1.1137
3615.0000,0.8504,0.8488,0.8280,0.8389,0.8320,0.9944,1.1810
3620.0000,0.8456,0.8467,0.8275,0.8383,0.8404,1.0447,1.2710
3625.0000,0.8464,0.8411,0.8305,0.8350,0.8564,1.1023,1.3825
3630.0000,0.8441,0.8382,0.8315,0.8340,0.8735,1.1805,1.4999
3635.0000,0.8413,0.8364,0.8314,0.8350,0.8934,1.2828,1.6040
3640.0000,0.8403,0.8327,0.8349,0.8321,0.9301,1.3863,1.7409
3645.0000,0.8389,0.8306,0.8369,0.8318,0.9747,1.5090,1.8796
