150.0000,1.0379,1.0629,1.1682,1.3747,1.4940,1.5931,1.5342
155.0000,1.0513,1.0756,1.2055,1.3863,1.5253,1.5815,1.5420
160.0000,1.0710,1.0896,1.2411,1.4005,1.5483,1.5791,1.5232
165.0000,1.0915,1.1076,1.2750,1.4137,1.5724,1.5662,1.5102
170.0000,1.1021,1.1370,1.3004,1.4317,1.5896,1.5523,1.4866
175.0000,1.1191,1.1685,1.3216,1.4522,1.6010,1.5351,1.4563
180.0000,1.1335,1.2050,1.3376,1.4751,1.6079,1.5092,1.4340
220.0000,1.3444,1.3872,1.4926,1.6065,1.4408,1.2607,1.1199
225.0000,1.3724,1.3964,1.5250,1.5953,1.4130,1.2093,1.0941
230.0000,1.3878,1.4154,1.5497,1.5828,1.3780,1.1645,1.0534
235.0000,1.4022,1.4379,1.5693,1.5670,1.3390,1.1223,1.0061
240.0000,1.4117,1.4670,1.5811,1.5488,1.2971,1.0800,0.9564
245.0000,1.4349,1.4878,1.5936,1.5226,1.2598,1.0270,0.9275
250.0000,1.4576,1.5084,1.5989,1.4964,1.2146,0.9853,0.8822
255.0000,1.4790,1.5267,1.5996,1.4664,1.1695,0.9422,0.8400
260.0000,1.4868,1.5503,1.5900,1.4377,1.1178,0.9090,0.7759
265.0000,1.5123,1.5586,1.5848,1.3985,1.0783,0.8564,0.7394
270.0000,1.5270,1.5687,1.5704,1.3611,1.0323,0.8130,0.6903
275.0000,1.5475,1.5680,1.5564,1.3185,0.9906,0.7634,0.6519
280.0000,1.5552,1.5679,1.5353,1.2768,0.9452,0.7193,0.6041
285.0000,1.5512,1.5711,1.5057,1.2363,0.8984,0.6756,0.5556
290.0000,1.5506,1.5646,1.4768,1.1913,0.8572,0.6213,0.5350
295.0000,1.5546,1.5493,1.4459,1.1473,0.8109,0.5778,0.5014
300.0000,1.5572,1.5254,1.4154,1.1010,0.7659,0.5344,0.4753
305.0000,1.5373,1.5106,1.3742,1.0599,0.7140,0.5026,0.4361
310.0000,1.5249,1.4865,1.3346,1.0161,0.6652,0.4698,0.4058
315.0000,1.5015,1.4651,1.2898,0.9738,0.6159,0.4406,0.3777
320.0000,1.4792,1.4366,1.2467,0.9289,0.5699,0.4127,0.3539
325.0000,1.4588,1.4007,1.2060,0.8815,0.5275,0.3870,0.3309
330.0000,1.4354,1.3607,1.1663,0.8326,0.4882,0.3643,0.3066
335.0000,1.3990,1.3253,1.1227,0.7846,0.4516,0.3430,0.2847
340.0000,1.3659,1.2845,1.0815,0.7341,0.4220,0.3176,0.2749
345.0000,1.3335,1.2412,1.0394,0.6849,0.3934,0.2984,0.2588
350.0000,1.3084,1.1893,1.0016,0.6335,0.3714,0.2763,0.2535
355.0000,1.2478,1.1585,0.9492,0.5921,0.3438,0.2653,0.2362
360.0000,1.2113,1.1171,0.9006,0.5502,0.3217,0.2522,0.2244
365.0000,1.1728,1.0747,0.8510,0.5111,0.3015,0.2407,0.2126
370.0000,1.1214,1.0378,0.7979,0.4760,0.2834,0.2286,0.2068
375.0000,1.0863,0.9909,0.7498,0.4416,0.2682,0.2180,0.2000
380.0000,1.0380,0.9507,0.6979,0.4128,0.2523,0.2104,0.1923
385.0000,1.0083,0.8964,0.6551,0.3826,0.2407,0.2023,0.1849
390.0000,0.9630,0.8469,0.6124,0.3553,0.2315,0.1922,0.1842
395.0000,0.9159,0.7989,0.5709,0.3315,0.2219,0.1853,0.1822
400.0000,0.8581,0.7591,0.5270,0.3126,0.2108,0.1819,0.1782
405.0000,0.8175,0.7118,0.4899,0.2941,0.2016,0.1796,0.1730
410.0000,0.7795,0.6617,0.4581,0.2757,0.1951,0.1761,0.1702
415.0000,0.7305,0.6203,0.4252,0.2610,0.1884,0.1736,0.1685
420.0000,0.6865,0.5792,0.3957,0.2475,0.1827,0.1717,0.1661
425.0000,0.6374,0.5461,0.3650,0.2373,0.1763,0.1716,0.1619
430.0000,0.6054,0.5041,0.3435,0.2247,0.1743,0.1683,0.1622
435.0000,0.5655,0.4686,0.3225,0.2141,0.1724,0.1653,0.1630
440.0000,0.5276,0.4362,0.3029,0.2052,0.1702,0.1639,0.1622
445.0000,0.4895,0.4080,0.2843,0.1978,0.1683,0.1625,0.1629
450.0000,0.4592,0.3794,0.2689,0.1909,0.1668,0.1619,0.1622
455.0000,0.4285,0.3542,0.2547,0.1852,0.1655,0.1614,0.1621
460.0000,0.4008,0.3309,0.2418,0.1805,0.1641,0.1617,0.1599
465.0000,0.3709,0.3127,0.2288,0.1772,0.1627,0.1615,0.1594
470.0000,0.3481,0.2942,0.2181,0.1741,0.1617,0.1618,0.1574
475.0000,0.3213,0.2817,0.2062,0.1727,0.1603,0.1615,0.1577
480.0000,0.3079,0.2635,0.1997,0.1696,0.1608,0.1602,0.1579
485.0000,0.2909,0.2485,0.1935,0.1674,0.1608,0.1595,0.1573
490.0000,0.2769,0.2337,0.1892,0.1651,0.1611,0.1587,0.1564
495.0000,0.2573,0.2247,0.1833,0.1643,0.1606,0.1584,0.1549
500.0000,0.2450,0.2146,0.1795,0.1629,0.1608,0.1570,0.1544
505.0000,0.2333,0.2062,0.1759,0.1622,0.1605,0.1562,0.1530
510.0000,0.2245,0.1979,0.1734,0.1612,0.1607,0.1541,0.1542
515.0000,0.2144,0.1919,0.1706,0.1610,0.1601,0.1529,0.1548
520.0000,0.2047,0.1878,0.1675,0.1614,0.1589,0.1523,0.1557
525.0000,0.1939,0.1860,0.1638,0.1625,0.1565,0.1531,0.1552
530.0000,0.1907,0.1811,0.1624,0.1627,0.1546,0.1544,0.1537
535.0000,0.1885,0.1754,0.1626,0.1620,0.1536,0.1551,0.1525
540.0000,0.1835,0.1720,0.1623,0.1614,0.1527,0.1556,0.1508
545.0000,0.1793,0.1690,0.1625,0.1602,0.1527,0.1550,0.1503
550.0000,0.1750,0.1674,0.1622,0.1593,0.1523,0.1553,0.1473
555.0000,0.1736,0.1645,0.1632,0.1573,0.1537,0.1528,0.1492
560.0000,0.1704,0.1633,0.1633,0.1559,0.1545,0.1508,0.1503
565.0000,0.1676,0.1631,0.1626,0.1551,0.1546,0.1498,0.1504
570.0000,0.1655,0.1631,0.1616,0.1547,0.1542,0.1493,0.1501
575.0000,0.1644,0.1629,0.1605,0.1545,0.1535,0.1490,0.1494
580.0000,0.1639,0.1624,0.1595,0.1543,0.1528,0.1488,0.1491
585.0000,0.1633,0.1620,0.1584,0.1543,0.1520,0.1485,0.1495
590.0000,0.1614,0.1622,0.1570,0.1544,0.1511,0.1481,0.1509
595.0000,0.1617,0.1614,0.1561,0.1544,0.1502,0.1481,0.1525
600.0000,0.1598,0.1619,0.1545,0.1549,0.1487,0.1491,0.1540
605.0000,0.1592,0.1613,0.1537,0.1550,0.1472,0.1509,0.1543
610.0000,0.1601,0.1596,0.1538,0.1545,0.1462,0.1531,0.1541
615.0000,0.1601,0.1579,0.1541,0.1536,0.1459,0.1550,0.1535
620.0000,0.1610,0.1556,0.1553,0.1520,0.1467,0.1561,0.1533
625.0000,0.1593,0.1546,0.1560,0.1503,0.1482,0.1563,0.1537
630.0000,0.1586,0.1536,0.1564,0.1489,0.1497,0.1570,0.1520
635.0000,0.1564,0.1539,0.1562,0.1476,0.1520,0.1557,0.1537
640.0000,0.1556,0.1542,0.1556,0.1468,0.1540,0.1547,0.1545
645.0000,0.1543,0.1552,0.1540,0.1469,0.1552,0.1544,0.1545
650.0000,0.1537,0.1559,0.1523,0.1474,0.1560,0.1542,0.1539
655.0000,0.1545,0.1555,0.1509,0.1483,0.1563,0.1544,0.1521
660.0000,0.1546,0.1551,0.1496,0.1493,0.1566,0.1541,0.1504
665.0000,0.1546,0.1544,0.1485,0.1505,0.1567,0.1535,0.1485
670.0000,0.1545,0.1534,0.1480,0.1515,0.1570,0.1519,0.1476
675.0000,0.1534,0.1530,0.1471,0.1530,0.1564,0.1509,0.1452
680.0000,0.1518,0.1528,0.1468,0.1541,0.1564,0.1479,0.1476
685.0000,0.1522,0.1514,0.1473,0.1549,0.1560,0.1455,0.1503
690.0000,0.1515,0.1507,0.1477,0.1560,0.1545,0.1444,0.1531
695.0000,0.1517,0.1495,0.1487,0.1569,0.1524,0.1446,0.1557
700.0000,0.1523,0.1483,0.1498,0.1578,0.1493,0.1473,0.1557
705.0000,0.1511,0.1480,0.1510,0.1581,0.1469,0.1496,0.1580
710.0000,0.1500,0.1485,0.1519,0.1583,0.1439,0.1544,0.1542
715.0000,0.1480,0.1497,0.1529,0.1576,0.1427,0.1575,0.1528
720.0000,0.1489,0.1497,0.1550,0.1554,0.1437,0.1583,0.1530
725.0000,0.1483,0.1511,0.1559,0.1537,0.1445,0.1605,0.1493
730.0000,0.1499,0.1509,0.1580,0.1504,0.1483,0.1581,0.1520
735.0000,0.1509,0.1512,0.1593,0.1476,0.1519,0.1562,0.1528
740.0000,0.1529,0.1509,0.1602,0.1453,0.1551,0.1548,0.1521
745.0000,0.1549,0.1508,0.1603,0.1438,0.1580,0.1527,0.1522
750.0000,0.1536,0.1529,0.1582,0.1440,0.1593,0.1515,0.1512
755.0000,0.1532,0.1549,0.1555,0.1451,0.1601,0.1499,0.1514
760.0000,0.1503,0.1583,0.1512,0.1478,0.1591,0.1496,0.1498
765.0000,0.1528,0.1586,0.1483,0.1502,0.1579,0.1490,0.1488
770.0000,0.1518,0.1602,0.1447,0.1534,0.1558,0.1487,0.1480
775.0000,0.1518,0.1599,0.1427,0.1559,0.1537,0.1484,0.1477
780.0000,0.1545,0.1568,0.1431,0.1573,0.1522,0.1477,0.1481
785.0000,0.1552,0.1538,0.1442,0.1582,0.1504,0.1477,0.1479
790.0000,0.1568,0.1496,0.1470,0.1579,0.1495,0.1471,0.1496
795.0000,0.1544,0.1477,0.1492,0.1576,0.1481,0.1475,0.1505
800.0000,0.1537,0.1455,0.1521,0.1565,0.1472,0.1481,0.1515
805.0000,0.1522,0.1449,0.1543,0.1555,0.1461,0.1496,0.1511
810.0000,0.1499,0.1460,0.1556,0.1544,0.1453,0.1511,0.1507
815.0000,0.1481,0.1482,0.1561,0.1534,0.1447,0.1529,0.1492
820.0000,0.1469,0.1505,0.1563,0.1521,0.1452,0.1535,0.1496
825.0000,0.1469,0.1523,0.1566,0.1504,0.1466,0.1530,0.1510
830.0000,0.1493,0.1529,0.1568,0.1488,0.1477,0.1535,0.1497
835.0000,0.1515,0.1529,0.1571,0.1470,0.1499,0.1521,0.1524
840.0000,0.1532,0.1531,0.1568,0.1459,0.1515,0.1515,0.1537
845.0000,0.1533,0.1540,0.1554,0.1456,0.1524,0.1516,0.1544
850.0000,0.1532,0.1550,0.1536,0.1459,0.1529,0.1517,0.1555
855.0000,0.1520,0.1565,0.1511,0.1469,0.1527,0.1527,0.1556
860.0000,0.1535,0.1562,0.1494,0.1479,0.1526,0.1537,0.1560
865.0000,0.1531,0.1565,0.1473,0.1493,0.1522,0.1549,0.1563
870.0000,0.1525,0.1562,0.1458,0.1505,0.1518,0.1562,0.1561
875.0000,0.1538,0.1541,0.1458,0.1511,0.1522,0.1568,0.1564
880.0000,0.1537,0.1524,0.1459,0.1516,0.1524,0.1579,0.1555
885.0000,0.1537,0.1504,0.1468,0.1516,0.1533,0.1580,0.1557
890.0000,0.1527,0.1489,0.1478,0.1515,0.1545,0.1578,0.1557
895.0000,0.1522,0.1474,0.1490,0.1514,0.1555,0.1578,0.1545
900.0000,0.1513,0.1466,0.1500,0.1514,0.1568,0.1571,0.1541
905.0000,0.1498,0.1468,0.1506,0.1516,0.1577,0.1564,0.1532
910.0000,0.1488,0.1473,0.1508,0.1522,0.1582,0.1558,0.1514
915.0000,0.1473,0.1487,0.1505,0.1530,0.1587,0.1543,0.1513
920.0000,0.1479,0.1491,0.1507,0.1537,0.1591,0.1524,0.1515
925.0000,0.1477,0.1502,0.1503,0.1549,0.1586,0.1513,0.1511
930.0000,0.1479,0.1509,0.1503,0.1559,0.1580,0.1497,0.1531
935.0000,0.1491,0.1509,0.1506,0.1570,0.1566,0.1493,0.1541
940.0000,0.1498,0.1509,0.1510,0.1580,0.1551,0.1492,0.1562
945.0000,0.1500,0.1511,0.1514,0.1590,0.1528,0.1507,0.1564
950.0000,0.1491,0.1520,0.1516,0.1599,0.1501,0.1534,0.1551
955.0000,0.1504,0.1517,0.1529,0.1598,0.1484,0.1558,0.1539
960.0000,0.1505,0.1520,0.1541,0.1593,0.1474,0.1579,0.1516
965.0000,0.1512,0.1518,0.1559,0.1577,0.1480,0.1585,0.1502
970.0000,0.1518,0.1516,0.1579,0.1554,0.1499,0.1574,0.1494
975.0000,0.1527,0.1517,0.1594,0.1534,0.1514,0.1571,0.1454
980.0000,0.1539,0.1516,0.1611,0.1507,0.1549,0.1529,0.1476
985.0000,0.1535,0.1528,0.1612,0.1492,0.1573,0.1497,0.1481
990.0000,0.1540,0.1539,0.1606,0.1485,0.1587,0.1469,0.1486
995.0000,0.1539,0.1557,0.1589,0.1488,0.1590,0.1444,0.1504
1000.0000,0.1545,0.1572,0.1565,0.1503,0.1576,0.1438,0.1513
1005.0000,0.1543,0.1591,0.1537,0.1522,0.1556,0.1431,0.1549
1010.0000,0.1531,0.1611,0.1503,0.1549,0.1519,0.1451,0.1558
1015.0000,0.1557,0.1602,0.1486,0.1571,0.1480,0.1487,0.1559
1020.0000,0.1550,0.1604,0.1470,0.1588,0.1446,0.1520,0.1574
1025.0000,0.1553,0.1589,0.1472,0.1592,0.1421,0.1560,0.1575
1030.0000,0.1566,0.1560,0.1490,0.1582,0.1413,0.1594,0.1574
1035.0000,0.1573,0.1529,0.1517,0.1562,0.1415,0.1631,0.1544
1040.0000,0.1586,0.1492,0.1556,0.1525,0.1446,0.1634,0.1554
1045.0000,0.1557,0.1485,0.1580,0.1492,0.1485,0.1630,0.1556
1050.0000,0.1551,0.1476,0.1601,0.1461,0.1523,0.1631,0.1522
1055.0000,0.1543,0.1479,0.1611,0.1433,0.1574,0.1598,0.1542
1060.0000,0.1523,0.1501,0.1601,0.1421,0.1614,0.1567,0.1556
1065.0000,0.1513,0.1528,0.1575,0.1426,0.1640,0.1544,0.1561
1070.0000,0.1503,0.1559,0.1538,0.1445,0.1651,0.1523,0.1575
1075.0000,0.1480,0.1594,0.1491,0.1479,0.1643,0.1518,0.1580
1080.0000,0.1518,0.1590,0.1462,0.1510,0.1633,0.1509,0.1609
1085.0000,0.1519,0.1596,0.1428,0.1552,0.1601,0.1530,0.1592
1090.0000,0.1519,0.1588,0.1409,0.1588,0.1568,0.1553,0.1580
1095.0000,0.1542,0.1556,0.1413,0.1612,0.1543,0.1574,0.1570
1100.0000,0.1541,0.1530,0.1425,0.1627,0.1522,0.1596,0.1552
1105.0000,0.1544,0.1495,0.1457,0.1625,0.1519,0.1600,0.1554
1110.0000,0.1531,0.1469,0.1494,0.1614,0.1526,0.1594,0.1561
1115.0000,0.1525,0.1447,0.1533,0.1599,0.1533,0.1599,0.1542
1120.0000,0.1532,0.1428,0.1576,0.1574,0.1556,0.1580,0.1562
1125.0000,0.1500,0.1442,0.1599,0.1558,0.1571,0.1568,0.1572
1130.0000,0.1491,0.1457,0.1615,0.1545,0.1583,0.1561,0.1577
1135.0000,0.1480,0.1488,0.1615,0.1541,0.1587,0.1560,0.1575
1140.0000,0.1485,0.1517,0.1608,0.1543,0.1585,0.1565,0.1563
1145.0000,0.1483,0.1555,0.1589,0.1551,0.1581,0.1568,0.1555
1150.0000,0.1487,0.1585,0.1569,0.1561,0.1574,0.1572,0.1538
1155.0000,0.1522,0.1591,0.1562,0.1565,0.1574,0.1568,0.1527
1160.0000,0.1532,0.1604,0.1547,0.1575,0.1568,0.1569,0.1499
1165.0000,0.1555,0.1597,0.1547,0.1574,0.1574,0.1548,0.1508
1170.0000,0.1571,0.1585,0.1552,0.1573,0.1579,0.1528,0.1513
1175.0000,0.1581,0.1573,0.1557,0.1573,0.1577,0.1515,0.1510
1180.0000,0.1591,0.1558,0.1565,0.1570,0.1578,0.1494,0.1535
1185.0000,0.1580,0.1556,0.1566,0.1574,0.1566,0.1489,0.1549
1190.0000,0.1575,0.1554,0.1568,0.1577,0.1553,0.1487,0.1578
1195.0000,0.1563,0.1561,0.1563,0.1585,0.1530,0.1503,0.1592
1200.0000,0.1535,0.1579,0.1552,0.1596,0.1501,0.1534,0.1594
1205.0000,0.1552,0.1576,0.1554,0.1596,0.1482,0.1563,0.1602
1210.0000,0.1546,0.1583,0.1552,0.1595,0.1465,0.1602,0.1584
1215.0000,0.1554,0.1578,0.1562,0.1582,0.1466,0.1625,0.1577
1220.0000,0.1566,0.1566,0.1579,0.1559,0.1485,0.1632,0.1577
1225.0000,0.1579,0.1552,0.1596,0.1535,0.1505,0.1647,0.1543
1230.0000,0.1595,0.1536,0.1617,0.1503,0.1550,0.1620,0.1568
1235.0000,0.1578,0.1542,0.1621,0.1482,0.1587,0.1598,0.1578
1240.0000,0.1576,0.1547,0.1616,0.1471,0.1616,0.1582,0.1578
1245.0000,0.1565,0.1563,0.1599,0.1471,0.1639,0.1560,0.1597
1250.0000,0.1563,0.1578,0.1573,0.1485,0.1644,0.1555,0.1600
1255.0000,0.1555,0.1597,0.1540,0.1507,0.1642,0.1546,0.1623
1260.0000,0.1542,0.1616,0.1503,0.1540,0.1623,0.1560,0.1617
1265.0000,0.1566,0.1607,0.1482,0.1568,0.1603,0.1578,0.1612
1270.0000,0.1558,0.1608,0.1461,0.1597,0.1580,0.1596,0.1610
1275.0000,0.1558,0.1593,0.1457,0.1617,0.1562,0.1615,0.1602
1280.0000,0.1570,0.1563,0.1472,0.1623,0.1557,0.1624,0.1604
1285.0000,0.1571,0.1535,0.1494,0.1625,0.1552,0.1641,0.1582
1290.0000,0.1577,0.1501,0.1530,0.1611,0.1567,0.1631,0.1602
1295.0000,0.1553,0.1491,0.1557,0.1599,0.1581,0.1625,0.1612
1300.0000,0.1547,0.1479,0.1586,0.1586,0.1595,0.1624,0.1607
1305.0000,0.1543,0.1478,0.1608,0.1573,0.1612,0.1614,0.1621
1310.0000,0.1523,0.1498,0.1615,0.1568,0.1622,0.1610,0.1629
1315.0000,0.1514,0.1523,0.1613,0.1569,0.1627,0.1609,0.1637
1320.0000,0.1505,0.1554,0.1601,0.1577,0.1627,0.1611,0.1651
1325.0000,0.1487,0.1591,0.1582,0.1590,0.1620,0.1621,0.1661
1330.0000,0.1525,0.1597,0.1576,0.1599,0.1616,0.1631,0.1671
1335.0000,0.1539,0.1608,0.1565,0.1610,0.1608,0.1651,0.1665
1340.0000,0.1557,0.1608,0.1563,0.1618,0.1603,0.1669,0.1655
1345.0000,0.1577,0.1598,0.1569,0.1618,0.1608,0.1680,0.1647
1350.0000,0.1588,0.1588,0.1577,0.1618,0.1613,0.1691,0.1623
1355.0000,0.1598,0.1575,0.1593,0.1609,0.1634,0.1678,0.1632
1360.0000,0.1593,0.1570,0.1604,0.1602,0.1654,0.1662,0.1638
1365.0000,0.1591,0.1569,0.1611,0.1600,0.1667,0.1654,0.1630
1370.0000,0.1587,0.1572,0.1615,0.1600,0.1681,0.1637,0.1640
1375.0000,0.1584,0.1579,0.1614,0.1607,0.1686,0.1627,0.1641
1380.0000,0.1579,0.1591,0.1608,0.1617,0.1685,0.1619,0.1649
1385.0000,0.1575,0.1603,0.1600,0.1632,0.1677,0.1618,0.1653
1390.0000,0.1586,0.1607,0.1595,0.1646,0.1665,0.1621,0.1658
1395.0000,0.1583,0.1617,0.1588,0.1662,0.1650,0.1628,0.1667
1400.0000,0.1583,0.1623,0.1585,0.1675,0.1632,0.1644,0.1664
1405.0000,0.1598,0.1616,0.1593,0.1682,0.1618,0.1660,0.1657
1410.0000,0.1601,0.1614,0.1601,0.1685,0.1607,0.1679,0.1641
1415.0000,0.1604,0.1608,0.1616,0.1680,0.1607,0.1689,0.1627
1420.0000,0.1608,0.1601,0.1637,0.1668,0.1617,0.1686,0.1616
1425.0000,0.1614,0.1595,0.1656,0.1655,0.1626,0.1689,0.1575
1430.0000,0.1626,0.1587,0.1678,0.1634,0.1653,0.1660,0.1585
1435.0000,0.1616,0.1596,0.1690,0.1618,0.1679,0.1622,0.1607
1440.0000,0.1618,0.1605,0.1693,0.1612,0.1691,0.1599,0.1612
1445.0000,0.1613,0.1625,0.1685,0.1612,0.1698,0.1571,0.1651
1450.0000,0.1590,0.1659,0.1660,0.1628,0.1683,0.1569,0.1671
1455.0000,0.1615,0.1669,0.1645,0.1641,0.1667,0.1566,0.1722
1460.0000,0.1614,0.1690,0.1618,0.1668,0.1627,0.1608,0.1695
1465.0000,0.1619,0.1698,0.1601,0.1688,0.1591,0.1652,0.1673
1470.0000,0.1647,0.1683,0.1601,0.1694,0.1570,0.1687,0.1654
1475.0000,0.1652,0.1673,0.1606,0.1694,0.1557,0.1721,0.1615
1480.0000,0.1658,0.1654,0.1626,0.1675,0.1573,0.1718,0.1620
1485.0000,0.1661,0.1633,0.1653,0.1648,0.1605,0.1697,0.1633
1490.0000,0.1663,0.1618,0.1674,0.1626,0.1628,0.1693,0.1606
1495.0000,0.1679,0.1597,0.1701,0.1594,0.1673,0.1647,0.1655
1500.0000,0.1654,0.1606,0.1705,0.1581,0.1697,0.1624,0.1680
1505.0000,0.1655,0.1609,0.1705,0.1575,0.1715,0.1604,0.1720
1510.0000,0.1639,0.1632,0.1682,0.1588,0.1708,0.1613,0.1729
1515.0000,0.1636,0.1654,0.1652,0.1612,0.1684,0.1644,0.1722
1520.0000,0.1616,0.1688,0.1614,0.1640,0.1662,0.1666,0.1740
1525.0000,0.1596,0.1719,0.1577,0.1672,0.1631,0.1710,0.1714
1530.0000,0.1637,0.1701,0.1573,0.1683,0.1623,0.1733,0.1713
1535.0000,0.1641,0.1696,0.1566,0.1695,0.1612,0.1766,0.1680
1540.0000,0.1659,0.1665,0.1585,0.1686,0.1629,0.1765,0.1697
1545.0000,0.1664,0.1635,0.1612,0.1670,0.1657,0.1753,0.1715
1550.0000,0.1675,0.1599,0.1645,0.1652,0.1682,0.1754,0.1699
1555.0000,0.1692,0.1564,0.1681,0.1630,0.1717,0.1735,0.1710
1560.0000,0.1650,0.1574,0.1690,0.1623,0.1740,0.1723,0.1708
1565.0000,0.1637,0.1581,0.1695,0.1622,0.1760,0.1710,0.1705
1570.0000,0.1608,0.1613,0.1680,0.1634,0.1768,0.1699,0.1705
1575.0000,0.1558,0.1664,0.1649,0.1658,0.1764,0.1690,0.1711
1580.0000,0.1595,0.1674,0.1634,0.1679,0.1758,0.1684,0.1719
1585.0000,0.1593,0.1699,0.1610,0.1707,0.1742,0.1684,0.1733
1590.0000,0.1610,0.1702,0.1601,0.1730,0.1723,0.1692,0.1743
1595.0000,0.1644,0.1684,0.1607,0.1747,0.1704,0.1709,0.1746
1600.0000,0.1664,0.1664,0.1622,0.1755,0.1689,0.1725,0.1754
1605.0000,0.1682,0.1639,0.1646,0.1756,0.1678,0.1747,0.1743
1610.0000,0.1669,0.1630,0.1668,0.1752,0.1674,0.1763,0.1738
1615.0000,0.1664,0.1624,0.1692,0.1744,0.1675,0.1781,0.1714
1620.0000,0.1651,0.1628,0.1714,0.1729,0.1690,0.1778,0.1717
1625.0000,0.1648,0.1634,0.1736,0.1710,0.1715,0.1761,0.1731
1630.0000,0.1645,0.1649,0.1746,0.1700,0.1731,0.1758,0.1717
1635.0000,0.1652,0.1662,0.1754,0.1687,0.1754,0.1736,0.1742
1640.0000,0.1659,0.1678,0.1754,0.1683,0.1769,0.1722,0.1758
1645.0000,0.1669,0.1694,0.1747,0.1684,0.1777,0.1713,0.1780
1650.0000,0.1677,0.1712,0.1733,0.1696,0.1771,0.1720,0.1780
1655.0000,0.1690,0.1724,0.1716,0.1711,0.1759,0.1736,0.1776
1660.0000,0.1691,0.1741,0.1697,0.1729,0.1746,0.1750,0.1782
1665.0000,0.1680,0.1760,0.1675,0.1750,0.1727,0.1777,0.1759
1670.0000,0.1708,0.1749,0.1676,0.1757,0.1723,0.1787,0.1751
1675.0000,0.1712,0.1745,0.1675,0.1765,0.1717,0.1804,0.1718
1680.0000,0.1724,0.1727,0.1691,0.1758,0.1731,0.1793,0.1731
1685.0000,0.1752,0.1695,0.1719,0.1742,0.1757,0.1765,0.1763
1690.0000,0.1737,0.1686,0.1734,0.1736,0.1768,0.1759,0.1766
1695.0000,0.1739,0.1674,0.1753,0.1725,0.1785,0.1738,0.1810
1700.0000,0.1728,0.1678,0.1758,0.1727,0.1786,0.1743,0.1828
1705.0000,0.1711,0.1693,0.1755,0.1733,0.1783,0.1748,0.1866
1710.0000,0.1692,0.1720,0.1739,0.1750,0.1762,0.1784,0.1847
1715.0000,0.1672,0.1748,0.1722,0.1767,0.1745,0.1817,0.1841
1720.0000,0.1700,0.1749,0.1721,0.1772,0.1742,0.1839,0.1846
1725.0000,0.1696,0.1763,0.1713,0.1781,0.1737,0.1868,0.1833
1730.0000,0.1713,0.1757,0.1722,0.1775,0.1753,0.1872,0.1855
1735.0000,0.1732,0.1742,0.1738,0.1764,0.1775,0.1873,0.1872
1740.0000,0.1747,0.1728,0.1754,0.1755,0.1795,0.1883,0.1870
1745.0000,0.1765,0.1711,0.1773,0.1742,0.1824,0.1879,0.1886
1750.0000,0.1749,0.1715,0.1779,0.1739,0.1845,0.1882,0.1891
1755.0000,0.1748,0.1716,0.1783,0.1740,0.1865,0.1883,0.1895
1760.0000,0.1734,0.1733,0.1774,0.1749,0.1879,0.1887,0.1894
1765.0000,0.1734,0.1745,0.1765,0.1762,0.1890,0.1889,0.1894
1770.0000,0.1722,0.1769,0.1746,0.1784,0.1892,0.1895,0.1888
1775.0000,0.1713,0.1789,0.1729,0.1808,0.1894,0.1897,0.1887
1780.0000,0.1740,0.1782,0.1728,0.1825,0.1897,0.1896,0.1885
1785.0000,0.1745,0.1783,0.1725,0.1845,0.1895,0.1901,0.1871
1790.0000,0.1759,0.1771,0.1736,0.1857,0.1899,0.1895,0.1872
1795.0000,0.1765,0.1758,0.1752,0.1866,0.1904,0.1883,0.1882
1800.0000,0.1773,0.1742,0.1774,0.1873,0.1905,0.1879,0.1881
1805.0000,0.1774,0.1735,0.1794,0.1879,0.1906,0.1872,0.1892
1810.0000,0.1758,0.1744,0.1806,0.1889,0.1899,0.1874,0.1893
1815.0000,0.1755,0.1753,0.1819,0.1897,0.1891,0.1878,0.1895
1820.0000,0.1743,0.1775,0.1825,0.1907,0.1878,0.1890,0.1884
1825.0000,0.1733,0.1797,0.1831,0.1914,0.1869,0.1898,0.1876
1830.0000,0.1760,0.1802,0.1846,0.1914,0.1864,0.1909,0.1852
1835.0000,0.1779,0.1806,0.1865,0.1907,0.1871,0.1897,0.1874
1840.0000,0.1799,0.1808,0.1884,0.1896,0.1882,0.1883,0.1900
1845.0000,0.1806,0.1818,0.1897,0.1889,0.1888,0.1875,0.1924
1850.0000,0.1816,0.1828,0.1905,0.1884,0.1889,0.1876,0.1949
1855.0000,0.1818,0.1847,0.1904,0.1885,0.1882,0.1893,0.1956
1860.0000,0.1830,0.1860,0.1901,0.1888,0.1874,0.1918,0.1957
1865.0000,0.1835,0.1877,0.1896,0.1890,0.1868,0.1940,0.1964
1870.0000,0.1835,0.1894,0.1888,0.1893,0.1864,0.1968,0.1951
1875.0000,0.1858,0.1894,0.1890,0.1888,0.1874,0.1980,0.1949
1880.0000,0.1868,0.1897,0.1889,0.1885,0.1882,0.1999,0.1923
1885.0000,0.1876,0.1896,0.1893,0.1875,0.1907,0.1991,0.1931
1890.0000,0.1885,0.1891,0.1898,0.1864,0.1937,0.1974,0.1942
1895.0000,0.1891,0.1888,0.1899,0.1861,0.1957,0.1967,0.1931
1900.0000,0.1897,0.1883,0.1901,0.1859,0.1983,0.1943,0.1955
1905.0000,0.1894,0.1885,0.1894,0.1866,0.1995,0.1932,0.1963
1910.0000,0.1895,0.1885,0.1887,0.1878,0.2001,0.1921,0.1982
1915.0000,0.1887,0.1893,0.1873,0.1899,0.1993,0.1927,0.1981
1920.0000,0.1888,0.1895,0.1861,0.1922,0.1978,0.1940,0.1976
1925.0000,0.1878,0.1906,0.1847,0.1947,0.1961,0.1952,0.1981
1930.0000,0.1863,0.1917,0.1837,0.1970,0.1943,0.1967,0.1988
1935.0000,0.1854,0.1918,0.1838,0.1984,0.1932,0.1976,0.2009
1940.0000,0.1881,0.1897,0.1856,0.1989,0.1923,0.1996,0.2010
1945.0000,0.1892,0.1879,0.1880,0.1986,0.1925,0.2007,0.2038
1950.0000,0.1918,0.1852,0.1914,0.1975,0.1931,0.2023,0.2054
1955.0000,0.1900,0.1850,0.1936,0.1967,0.1936,0.2046,0.2055
1960.0000,0.1900,0.1847,0.1961,0.1954,0.1949,0.2067,0.2049
1965.0000,0.1884,0.1862,0.1974,0.1945,0.1965,0.2084,0.2035
1970.0000,0.1880,0.1879,0.1982,0.1934,0.1990,0.2087,0.2024
1975.0000,0.1869,0.1909,0.1977,0.1933,0.2009,0.2095,0.1986
1980.0000,0.1870,0.1932,0.1975,0.1927,0.2045,0.2067,0.1996
1985.0000,0.1896,0.1941,0.1974,0.1924,0.2078,0.2035,0.2002
1990.0000,0.1912,0.1952,0.1964,0.1933,0.2097,0.2012,0.1995
1995.0000,0.1925,0.1959,0.1955,0.1945,0.2114,0.1976,0.2027
2000.0000,0.1938,0.1964,0.1942,0.1968,0.2110,0.1962,0.2044
2005.0000,0.1944,0.1968,0.1929,0.1995,0.2098,0.1949,0.2088
2010.0000,0.1939,0.1977,0.1912,0.2031,0.2063,0.1970,0.2095
2015.0000,0.1951,0.1973,0.1904,0.2065,0.2021,0.2010,0.2089
2020.0000,0.1941,0.1979,0.1900,0.2092,0.1984,0.2046,0.2100
2025.0000,0.1932,0.1980,0.1905,0.2111,0.1950,0.2097,0.2071
2030.0000,0.1950,0.1959,0.1936,0.2106,0.1943,0.2124,0.2062
2035.0000,0.1953,0.1947,0.1968,0.2096,0.1941,0.2162,0.2006
2040.0000,0.1972,0.1922,0.2018,0.2061,0.1977,0.2147,0.2023
2045.0000,0.1961,0.1917,0.2060,0.2024,0.2024,0.2114,0.2053
2050.0000,0.1972,0.1909,0.2098,0.1992,0.2063,0.2101,0.2034
2055.0000,0.1980,0.1915,0.2123,0.1963,0.2111,0.2055,0.2089
2060.0000,0.1969,0.1948,0.2119,0.1956,0.2137,0.2030,0.2129
2065.0000,0.1962,0.1988,0.2098,0.1964,0.2148,0.2013,0.2190
2070.0000,0.1948,0.2042,0.2054,0.1995,0.2128,0.2040,0.2187
2075.0000,0.1931,0.2095,0.2003,0.2037,0.2092,0.2086,0.2173
2080.0000,0.1987,0.2098,0.1979,0.2065,0.2071,0.2118,0.2187
2085.0000,0.1984,0.2122,0.1944,0.2101,0.2036,0.2178,0.2136
2090.0000,0.2009,0.2106,0.1943,0.2113,0.2032,0.2202,0.2125
2095.0000,0.2046,0.2067,0.1969,0.2105,0.2054,0.2198,0.2134
2100.0000,0.2069,0.2026,0.1999,0.2095,0.2072,0.2211,0.2097
2105.0000,0.2097,0.1977,0.2048,0.2066,0.2121,0.2174,0.2138
2110.0000,0.2060,0.1969,0.2074,0.2052,0.2155,0.2153,0.2151
2115.0000,0.2056,0.1956,0.2100,0.2040,0.2185,0.2134,0.2161
2120.0000,0.2041,0.1966,0.2107,0.2042,0.2201,0.2123,0.2168
2125.0000,0.2015,0.1996,0.2097,0.2058,0.2202,0.2124,0.2168
2130.0000,0.1993,0.2037,0.2075,0.2082,0.2196,0.2122,0.2185
2135.0000,0.1972,0.2080,0.2046,0.2114,0.2178,0.2133,0.2194
2140.0000,0.2009,0.2087,0.2035,0.2140,0.2159,0.2150,0.2201
2145.0000,0.2007,0.2112,0.2016,0.2170,0.2135,0.2174,0.2206
2150.0000,0.2025,0.2112,0.2017,0.2188,0.2117,0.2201,0.2201
2155.0000,0.2057,0.2090,0.2038,0.2191,0.2113,0.2220,0.2197
2160.0000,0.2076,0.2067,0.2066,0.2188,0.2113,0.2244,0.2169
2165.0000,0.2101,0.2036,0.2108,0.2169,0.2134,0.2242,0.2175
2170.0000,0.2083,0.2032,0.2139,0.2151,0.2161,0.2227,0.2189
2175.0000,0.2087,0.2024,0.2169,0.2134,0.2184,0.2225,0.2172
2180.0000,0.2078,0.2038,0.2185,0.2122,0.2211,0.2205,0.2188
2185.0000,0.2042,0.2078,0.2178,0.2124,0.2225,0.2193,0.2192
2190.0000,0.2057,0.2103,0.2172,0.2130,0.2234,0.2185,0.2191
2195.0000,0.2053,0.2140,0.2152,0.2145,0.2234,0.2179,0.2194
2200.0000,0.2064,0.2163,0.2135,0.2162,0.2230,0.2173,0.2202
2205.0000,0.2101,0.2165,0.2128,0.2178,0.2222,0.2174,0.2208
2210.0000,0.2118,0.2169,0.2121,0.2195,0.2211,0.2178,0.2219
2215.0000,0.2130,0.2166,0.2118,0.2211,0.2195,0.2190,0.2220
2220.0000,0.2144,0.2157,0.2124,0.2220,0.2183,0.2201,0.2226
2225.0000,0.2140,0.2157,0.2129,0.2230,0.2170,0.2218,0.2227
2230.0000,0.2138,0.2153,0.2141,0.2231,0.2164,0.2231,0.2234
2235.0000,0.2147,0.2142,0.2161,0.2225,0.2166,0.2240,0.2242
2240.0000,0.2153,0.2134,0.2180,0.2216,0.2169,0.2256,0.2234
2245.0000,0.2165,0.2124,0.2204,0.2201,0.2184,0.2258,0.2245
2250.0000,0.2155,0.2130,0.2219,0.2189,0.2200,0.2259,0.2252
2255.0000,0.2155,0.2138,0.2229,0.2179,0.2214,0.2265,0.2245
2260.0000,0.2145,0.2157,0.2229,0.2172,0.2233,0.2257,0.2267
2265.0000,0.2152,0.2171,0.2226,0.2170,0.2248,0.2252,0.2285
2270.0000,0.2149,0.2196,0.2212,0.2177,0.2254,0.2257,0.2298
2275.0000,0.2156,0.2211,0.2199,0.2186,0.2258,0.2264,0.2311
2280.0000,0.2176,0.2213,0.2190,0.2196,0.2260,0.2277,0.2318
2285.0000,0.2186,0.2217,0.2179,0.2209,0.2259,0.2292,0.2327
2290.0000,0.2187,0.2221,0.2170,0.2223,0.2256,0.2312,0.2326
2295.0000,0.2199,0.2212,0.2170,0.2232,0.2258,0.2328,0.2324
2300.0000,0.2198,0.2210,0.2170,0.2242,0.2259,0.2348,0.2307
2305.0000,0.2198,0.2203,0.2176,0.2246,0.2271,0.2353,0.2309
2310.0000,0.2204,0.2190,0.2190,0.2245,0.2290,0.2348,0.2315
2315.0000,0.2203,0.2182,0.2202,0.2247,0.2303,0.2353,0.2292
2320.0000,0.2205,0.2174,0.2219,0.2244,0.2326,0.2334,0.2315
2325.0000,0.2199,0.2176,0.2228,0.2248,0.2342,0.2324,0.2319
2330.0000,0.2193,0.2182,0.2232,0.2255,0.2351,0.2317,0.2318
2335.0000,0.2186,0.2196,0.2231,0.2268,0.2354,0.2312,0.2318
2340.0000,0.2180,0.2211,0.2229,0.2284,0.2351,0.2310,0.2314
2345.0000,0.2193,0.2216,0.2230,0.2298,0.2348,0.2306,0.2315
2350.0000,0.2192,0.2230,0.2228,0.2316,0.2338,0.2307,0.2314
2355.0000,0.2184,0.2246,0.2226,0.2332,0.2327,0.2308,0.2318
2360.0000,0.2209,0.2241,0.2237,0.2341,0.2319,0.2310,0.2322
2365.0000,0.2218,0.2243,0.2248,0.2349,0.2308,0.2318,0.2319
2370.0000,0.2228,0.2240,0.2264,0.2351,0.2302,0.2321,0.2326
2375.0000,0.2236,0.2237,0.2284,0.2347,0.2300,0.2324,0.2335
2380.0000,0.2246,0.2235,0.2303,0.2342,0.2298,0.2332,0.2334
2385.0000,0.2250,0.2239,0.2321,0.2333,0.2303,0.2331,0.2357
2390.0000,0.2250,0.2250,0.2333,0.2326,0.2305,0.2337,0.2373
2395.0000,0.2248,0.2268,0.2337,0.2323,0.2304,0.2351,0.2381
2400.0000,0.2251,0.2286,0.2338,0.2320,0.2305,0.2368,0.2383
2405.0000,0.2266,0.2296,0.2340,0.2315,0.2309,0.2384,0.2381
2410.0000,0.2274,0.2310,0.2337,0.2312,0.2314,0.2403,0.2366
2415.0000,0.2280,0.2322,0.2334,0.2308,0.2327,0.2408,0.2364
2420.0000,0.2297,0.2323,0.2336,0.2300,0.2349,0.2401,0.2372
2425.0000,0.2307,0.2327,0.2332,0.2299,0.2363,0.2405,0.2353
2430.0000,0.2315,0.2328,0.2329,0.2297,0.2383,0.2392,0.2361
2435.0000,0.2314,0.2332,0.2323,0.2301,0.2399,0.2379,0.2364
2440.0000,0.2323,0.2331,0.2316,0.2309,0.2408,0.2372,0.2355
2445.0000,0.2320,0.2334,0.2307,0.2321,0.2414,0.2359,0.2361
2450.0000,0.2314,0.2338,0.2296,0.2337,0.2411,0.2354,0.2358
2455.0000,0.2323,0.2331,0.2293,0.2352,0.2407,0.2346,0.2361
2460.0000,0.2319,0.2331,0.2287,0.2370,0.2396,0.2344,0.2364
2465.0000,0.2311,0.2331,0.2286,0.2386,0.2385,0.2341,0.2381
2470.0000,0.2319,0.2321,0.2294,0.2397,0.2372,0.2343,0.2400
2475.0000,0.2315,0.2318,0.2301,0.2408,0.2356,0.2354,0.2421
2480.0000,0.2306,0.2318,0.2310,0.2416,0.2337,0.2375,0.2434
2485.0000,0.2314,0.2310,0.2327,0.2416,0.2324,0.2402,0.2442
2490.0000,0.2316,0.2306,0.2347,0.2411,0.2316,0.2431,0.2446
2495.0000,0.2322,0.2302,0.2369,0.2399,0.2318,0.2456,0.2448
2500.0000,0.2320,0.2305,0.2390,0.2381,0.2333,0.2469,0.2460
2505.0000,0.2322,0.2311,0.2405,0.2366,0.2348,0.2491,0.2445
2510.0000,0.2320,0.2324,0.2415,0.2347,0.2377,0.2490,0.2464
2515.0000,0.2325,0.2338,0.2421,0.2332,0.2409,0.2487,0.2477
2520.0000,0.2327,0.2358,0.2414,0.2327,0.2433,0.2492,0.2469
2525.0000,0.2338,0.2372,0.2406,0.2324,0.2461,0.2484,0.2482
2530.0000,0.2352,0.2381,0.2394,0.2329,0.2482,0.2482,0.2480
2535.0000,0.2362,0.2391,0.2377,0.2341,0.2497,0.2479,0.2477
2540.0000,0.2360,0.2403,0.2356,0.2361,0.2505,0.2477,0.2473
2545.0000,0.2375,0.2401,0.2342,0.2381,0.2512,0.2470,0.2477
2550.0000,0.2373,0.2406,0.2324,0.2409,0.2508,0.2470,0.2473
2555.0000,0.2368,0.2406,0.2313,0.2434,0.2503,0.2466,0.2484
2560.0000,0.2361,0.2400,0.2311,0.2458,0.2496,0.2464,0.2499
2565.0000,0.2379,0.2379,0.2321,0.2476,0.2485,0.2471,0.2506
2570.0000,0.2378,0.2365,0.2336,0.2491,0.2474,0.2481,0.2514
2575.0000,0.2382,0.2348,0.2358,0.2500,0.2464,0.2496,0.2513
2580.0000,0.2373,0.2340,0.2382,0.2506,0.2455,0.2515,0.2505
2585.0000,0.2372,0.2334,0.2409,0.2505,0.2452,0.2532,0.2487
2590.0000,0.2357,0.2342,0.2432,0.2499,0.2457,0.2537,0.2479
2595.0000,0.2357,0.2350,0.2457,0.2488,0.2473,0.2530,0.2475
2600.0000,0.2354,0.2368,0.2472,0.2481,0.2482,0.2533,0.2443
2605.0000,0.2358,0.2385,0.2489,0.2466,0.2512,0.2495,0.2488
2610.0000,0.2374,0.2394,0.2510,0.2444,0.2557,0.2419,0.2628
2615.0000,0.2392,0.2411,0.2511,0.2445,0.2563,0.2402,0.2751
2620.0000,0.2417,0.2414,0.2528,0.2425,0.2614,0.2287,0.3264
2625.0000,0.2422,0.2430,0.2529,0.2419,0.2642,0.2203,0.4049
2630.0000,0.2426,0.2463,0.2492,0.2466,0.2564,0.2327,0.4991
2635.0000,0.2420,0.2492,0.2463,0.2502,0.2504,0.2480,0.6679
2640.0000,0.2439,0.2538,0.2370,0.2638,0.2214,0.3219,0.8249
2645.0000,0.2409,0.2594,0.2299,0.2734,0.1991,0.4123,1.0528
2650.0000,0.2293,0.2763,0.2059,0.3052,0.1300,0.6414,1.0470
2655.0000,0.2435,0.2719,0.2018,0.3176,0.0919,0.8803,1.0233
2660.0000,0.2420,0.2666,0.2134,0.3026,0.1141,1.0823,0.9925
2665.0000,0.2451,0.2531,0.2381,0.2693,0.1821,1.2755,0.8245
2670.0000,0.2528,0.2227,0.2948,0.1891,0.3672,1.3036,0.7813
2675.0000,0.2646,0.1980,0.3357,0.1295,0.5457,1.3601,0.5008
2680.0000,0.2927,0.1579,0.3983,0.0380,0.8352,1.1817,0.5516
2685.0000,0.3587,0.1143,0.4454,-0.0281,1.1285,0.9281,0.6333
2690.0000,0.2738,0.1702,0.4001,0.0016,1.3183,0.7299,0.6286
2695.0000,0.2700,0.2037,0.3387,0.0799,1.4533,0.5056,0.7427
2700.0000,0.2200,0.2870,0.2106,0.2541,1.4456,0.4002,0.7372
2705.0000,0.2249,0.3477,0.0730,0.4851,1.3226,0.3948,0.6834
2710.0000,0.1527,0.4369,-0.0607,0.7222,1.1814,0.3369,0.8190
2715.0000,0.0549,0.5271,-0.1925,0.9965,0.9144,0.4768,0.6635
2720.0000,0.2065,0.4391,-0.1721,1.1770,0.7006,0.5706,0.6054
2725.0000,0.1952,0.3996,-0.1155,1.3117,0.5027,0.6710,0.5431
2730.0000,0.2325,0.2937,0.0491,1.3482,0.3771,0.7341,0.5066
2735.0000,0.2746,0.1645,0.2943,1.2891,0.3417,0.7263,0.5341
2740.0000,0.3440,0.0236,0.5825,1.1750,0.3300,0.7651,0.4308
2745.0000,0.4526,-0.1074,0.9018,0.9871,0.4174,0.6906,0.4899
2750.0000,0.2858,-0.0164,1.0947,0.8307,0.4977,0.6201,0.5314
2755.0000,0.3440,0.0142,1.2896,0.6580,0.5933,0.5581,0.5363
2760.0000,0.3044,0.2017,1.3425,0.5484,0.6560,0.5046,0.5582
2765.0000,0.2842,0.4438,1.2990,0.4935,0.6793,0.4833,0.5536
2770.0000,0.2529,0.7438,1.1594,0.4934,0.6737,0.4609,0.5929
2775.0000,0.2649,1.0134,0.9752,0.5359,0.6242,0.4917,0.5497
2780.0000,0.5276,1.0875,0.8632,0.5529,0.5971,0.5029,0.5350
2785.0000,0.6564,1.1659,0.7290,0.5914,0.5559,0.5191,0.5302
2790.0000,0.7968,1.1505,0.6441,0.6135,0.5250,0.5353,0.5136
2795.0000,0.9164,1.0730,0.6029,0.6167,0.5119,0.5361,0.5150
2800.0000,0.9996,0.9536,0.6006,0.6041,0.5085,0.5380,0.5034
2805.0000,1.0195,0.8456,0.6085,0.5858,0.5136,0.5286,0.5142
2810.0000,1.0054,0.7546,0.6195,0.5669,0.5199,0.5204,0.5223
2815.0000,0.9132,0.7106,0.6149,0.5570,0.5190,0.5200,0.5234
2820.0000,0.8403,0.6770,0.6105,0.5476,0.5192,0.5194,0.5270
2825.0000,0.7720,0.6590,0.6009,0.5418,0.5170,0.5222,0.5269
2830.0000,0.7302,0.6413,0.5934,0.5357,0.5164,0.5247,0.5269
2835.0000,0.6934,0.6304,0.5837,0.5315,0.5155,0.5280,0.5255
2840.0000,0.6600,0.6245,0.5725,0.5285,0.5156,0.5297,0.5265
2845.0000,0.6465,0.6125,0.5654,0.5241,0.5181,0.5298,0.5281
2850.0000,0.6293,0.6054,0.5561,0.5223,0.5189,0.5322,0.5256
2855.0000,0.6186,0.5951,0.5499,0.5192,0.5225,0.5306,0.5293
2860.0000,0.6099,0.5844,0.5448,0.5169,0.5258,0.5297,0.5313
2865.0000,0.6004,0.5751,0.5397,0.5159,0.5281,0.5299,0.5317
2870.0000,0.5911,0.5666,0.5350,0.5155,0.5306,0.5291,0.5348
2875.0000,0.5819,0.5593,0.5305,0.5163,0.5320,0.5291,0.5379
2880.0000,0.5734,0.5529,0.5261,0.5181,0.5323,0.5303,0.5410
2885.0000,0.5615,0.5500,0.5206,0.5213,0.5312,0.5329,0.5433
2890.0000,0.5569,0.5442,0.5177,0.5239,0.5302,0.5362,0.5454
2895.0000,0.5489,0.5414,0.5141,0.5274,0.5283,0.5410,0.5464
2900.0000,0.5425,0.5378,0.5125,0.5299,0.5274,0.5458,0.5463
2905.0000,0.5408,0.5313,0.5142,0.5304,0.5285,0.5491,0.5466
2910.0000,0.5375,0.5262,0.5163,0.5308,0.5297,0.5537,0.5420
2915.0000,0.5369,0.5198,0.5209,0.5289,0.5343,0.5534,0.5441
2920.0000,0.5313,0.5172,0.5243,0.5274,0.5397,0.5514,0.5473
2925.0000,0.5281,0.5155,0.5271,0.5268,0.5435,0.5519,0.5446
2930.0000,0.5236,0.5167,0.5284,0.5267,0.5483,0.5489,0.5495
2935.0000,0.5183,0.5201,0.5278,0.5282,0.5513,0.5472,0.5528
2940.0000,0.5195,0.5216,0.5275,0.5305,0.5529,0.5469,0.5549
2945.0000,0.5181,0.5251,0.5256,0.5342,0.5527,0.5480,0.5560
2950.0000,0.5180,0.5275,0.5241,0.5382,0.5517,0.5501,0.5564
2955.0000,0.5218,0.5275,0.5242,0.5416,0.5508,0.5522,0.5573
2960.0000,0.5216,0.5292,0.5236,0.5454,0.5490,0.5553,0.5573
2965.0000,0.5212,0.5302,0.5243,0.5483,0.5482,0.5574,0.5587
2970.0000,0.5250,0.5283,0.5273,0.5496,0.5485,0.5591,0.5599
2975.0000,0.5257,0.5282,0.5300,0.5510,0.5482,0.5624,0.5582
2980.0000,0.5270,0.5273,0.5340,0.5509,0.5498,0.5634,0.5587
2985.0000,0.5281,0.5266,0.5382,0.5503,0.5518,0.5647,0.5564
2990.0000,0.5297,0.5262,0.5425,0.5495,0.5541,0.5660,0.5508
2995.0000,0.5307,0.5270,0.5461,0.5484,0.5573,0.5651,0.5451
3000.0000,0.5302,0.5296,0.5484,0.5478,0.5608,0.5625,0.5373
3005.0000,0.5299,0.5336,0.5490,0.5484,0.5632,0.5599,0.5237
3010.0000,0.5295,0.5378,0.5495,0.5483,0.5678,0.5498,0.5209
3015.0000,0.5331,0.5401,0.5501,0.5488,0.5714,0.5385,0.5166
3020.0000,0.5348,0.5438,0.5486,0.5516,0.5712,0.5291,0.5083
3025.0000,0.5362,0.5468,0.5474,0.5544,0.5706,0.5156,0.5108
3030.0000,0.5403,0.5478,0.5464,0.5585,0.5655,0.5064,0.5092
3035.0000,0.5426,0.5490,0.5453,0.5629,0.5581,0.4980,0.5124
3040.0000,0.5425,0.5511,0.5436,0.5685,0.5461,0.4959,0.5094
3045.0000,0.5456,0.5508,0.5437,0.5729,0.5321,0.4978,0.5034
3050.0000,0.5455,0.5517,0.5447,0.5753,0.5191,0.4988,0.5024
3055.0000,0.5447,0.5525,0.5467,0.5758,0.5058,0.5040,0.4933
3060.0000,0.5435,0.5525,0.5513,0.5721,0.4969,0.5057,0.4887
3065.0000,0.5484,0.5494,0.5582,0.5655,0.4899,0.5096,0.4750
3070.0000,0.5516,0.5462,0.5670,0.5539,0.4908,0.5020,0.4850
3075.0000,0.5565,0.5429,0.5755,0.5410,0.4937,0.4944,0.4942
3080.0000,0.5534,0.5454,0.5791,0.5296,0.4955,0.4896,0.5018
3085.0000,0.5561,0.5465,0.5811,0.5191,0.4966,0.4875,0.5098
3090.0000,0.5552,0.5515,0.5781,0.5110,0.4969,0.4867,0.5236
3095.0000,0.5542,0.5582,0.5706,0.5065,0.4936,0.4924,0.5349
3100.0000,0.5529,0.5653,0.5603,0.5035,0.4906,0.4993,0.5533
3105.0000,0.5458,0.5752,0.5455,0.5047,0.4830,0.5167,0.5596
3110.0000,0.5557,0.5731,0.5365,0.5024,0.4814,0.5303,0.5764
3115.0000,0.5552,0.5739,0.5253,0.5019,0.4796,0.5485,0.5921
3120.0000,0.5569,0.5684,0.5188,0.4985,0.4837,0.5638,0.6192
3125.0000,0.5606,0.5584,0.5154,0.4939,0.4906,0.5824,0.6456
3130.0000,0.5613,0.5473,0.5134,0.4895,0.4994,0.6055,0.6700
3135.0000,0.5614,0.5350,0.5131,0.4845,0.5120,0.6298,0.6960
3140.0000,0.5521,0.5273,0.5119,0.4797,0.5307,0.6490,0.7384
3145.0000,0.5460,0.5198,0.5098,0.4778,0.5485,0.6768,0.7759
3150.0000,0.5382,0.5157,0.5054,0.4791,0.5670,0.7093,0.8129
3155.0000,0.5299,0.5135,0.4998,0.4827,0.5886,0.7424,0.8581
3160.0000,0.5211,0.5140,0.4921,0.4904,0.6101,0.7815,0.9037
3165.0000,0.5120,0.5150,0.4847,0.4999,0.6358,0.8195,0.9670
3170.0000,0.5123,0.5117,0.4784,0.5143,0.6564,0.8773,1.0010
3175.0000,0.5077,0.5100,0.4738,0.5290,0.6844,0.9311,1.0435
3180.0000,0.5062,0.5045,0.4743,0.5433,0.7190,0.9836,1.0898
3185.0000,0.5077,0.4959,0.4797,0.5567,0.7615,1.0320,1.1418
3190.0000,0.5043,0.4906,0.4853,0.5743,0.8045,1.0877,1.1774
3195.0000,0.5015,0.4862,0.4935,0.5933,0.8530,1.1406,1.2063
3200.0000,0.4983,0.4836,0.5045,0.6128,0.9103,1.1810,1.2475
3205.0000,0.4944,0.4842,0.5164,0.6354,0.9719,1.2140,1.2912
3210.0000,0.4935,0.4877,0.5270,0.6656,1.0286,1.2525,1.3205
3215.0000,0.4919,0.4956,0.5363,0.7028,1.0813,1.2936,1.3295
3220.0000,0.4946,0.5032,0.5496,0.7417,1.1386,1.3190,1.3494
3225.0000,0.4966,0.5151,0.5622,0.7877,1.1894,1.3447,1.3563
3230.0000,0.5030,0.5259,0.5801,0.8348,1.2423,1.3535,1.3851
3235.0000,0.5124,0.5390,0.5986,0.8896,1.2819,1.3729,1.3861
3240.0000,0.5196,0.5557,0.6202,0.9466,1.3174,1.3849,1.3876
3245.0000,0.5233,0.5769,0.6446,1.0060,1.3456,1.3949,1.3812
3250.0000,0.5449,0.5903,0.6800,1.0620,1.3712,1.3980,1.3740
3255.0000,0.5610,0.6096,0.7185,1.1179,1.3893,1.4001,1.3567
3295.0000,0.7807,0.8820,1.1443,1.3989,1.3979,1.1982,1.1481
3300.0000,0.8237,0.9330,1.1895,1.4168,1.3710,1.1626,1.1314
3305.0000,0.8749,0.9802,1.2331,1.4298,1.3366,1.1342,1.1085
3310.0000,0.8978,1.0432,1.2641,1.4424,1.2932,1.1134,1.0852
3315.0000,0.9567,1.0890,1.3001,1.4442,1.2512,1.0927,1.0696
3320.0000,1.0056,1.1363,1.3310,1.4401,1.2076,1.0767,1.0564
3325.0000,1.0570,1.1772,1.3605,1.4284,1.1641,1.0682,1.0361
3330.0000,1.1060,1.2133,1.3885,1.4074,1.1261,1.0605,1.0165
3335.0000,1.1409,1.2544,1.4079,1.3818,1.0912,1.0564,0.9899
3340.0000,1.1956,1.2769,1.4328,1.3427,1.0724,1.0378,0.9865
3345.0000,1.2307,1.3042,1.4470,1.3022,1.0558,1.0232,0.9750
3350.0000,1.2749,1.3205,1.4579,1.2584,1.0435,1.0116,0.9539
3355.0000,1.2865,1.3526,1.4506,1.2186,1.0349,0.9935,0.9460
3360.0000,1.3136,1.3739,1.4380,1.1788,1.0310,0.9712,0.9444
3365.0000,1.3360,1.3927,1.4144,1.1459,1.0228,0.9560,0.9358
3370.0000,1.3587,1.4032,1.3851,1.1167,1.0151,0.9398,0.9334
3375.0000,1.3739,1.4088,1.3490,1.0940,1.0033,0.9294,0.9271
3380.0000,1.3708,1.4188,1.3026,1.0792,0.9877,0.9216,0.9251
3385.0000,1.3700,1.4164,1.2576,1.0675,0.9701,0.9189,0.9171
3390.0000,1.3834,1.3934,1.2218,1.0539,0.9552,0.9163,0.9105
3395.0000,1.3799,1.3686,1.1870,1.0422,0.9402,0.9157,0.9034
3400.0000,1.3706,1.3371,1.1579,1.0295,0.9279,0.9151,0.8948
3405.0000,1.3554,1.3015,1.1346,1.0148,0.9199,0.9113,0.8898
3410.0000,1.3313,1.2686,1.1122,1.0017,0.9113,0.9113,0.8756
3415.0000,1.3081,1.2326,1.0959,0.9858,0.9089,0.9039,0.8729
3420.0000,1.2878,1.1953,1.0838,0.9684,0.9101,0.8928,0.8729
3425.0000,1.2537,1.1671,1.0685,0.9551,0.9081,0.8869,0.8639
3430.0000,1.2202,1.1437,1.0526,0.9432,0.9073,0.8771,0.8637
3435.0000,1.1931,1.1213,1.0368,0.9335,0.9051,0.8690,0.8610
3440.0000,1.1658,1.1023,1.0200,0.9265,0.9008,0.8629,0.8569
3445.0000,1.1340,1.0905,1.0001,0.9230,0.8942,0.8575,0.8556
3450.0000,1.1056,1.0789,0.9808,0.9212,0.8855,0.8551,0.8509
3455.0000,1.0946,1.0594,0.9672,0.9180,0.8775,0.8535,0.8452
3460.0000,1.0782,1.0424,0.9546,0.9153,0.8693,0.8524,0.8387
3465.0000,1.0574,1.0274,0.9437,0.9117,0.8627,0.8493,0.8358
3470.0000,1.0461,1.0079,0.9378,0.9059,0.8580,0.8454,0.8327
3475.0000,1.0293,0.9931,0.9312,0.9010,0.8521,0.8443,0.8247
3480.0000,1.0219,0.9734,0.9302,0.8923,0.8511,0.8373,0.8264
3485.0000,1.0046,0.9602,0.9275,0.8845,0.8499,0.8302,0.8297
3490.0000,0.9890,0.9500,0.9233,0.8782,0.8464,0.8272,0.8296
3495.0000,0.9720,0.9440,0.9173,0.8730,0.8426,0.8244,0.8329
3500.0000,0.9619,0.9372,0.9115,0.8685,0.8376,0.8252,0.8328
3505.0000,0.9519,0.9319,0.9049,0.8645,0.8325,0.8268,0.8337
3510.0000,0.9393,0.9297,0.8964,0.8618,0.8266,0.8312,0.8299
3515.0000,0.9355,0.9229,0.8910,0.8574,0.8233,0.8342,0.8269
3520.0000,0.9275,0.9192,0.8838,0.8541,0.8196,0.8392,0.8180
3525.0000,0.9213,0.9133,0.8791,0.8485,0.8206,0.8381,0.8171
3530.0000,0.9186,0.9045,0.8769,0.8413,0.8250,0.8327,0.8202
3535.0000,0.9139,0.8972,0.8732,0.8362,0.8268,0.8321,0.8131
3540.0000,0.9086,0.8899,0.8703,0.8303,0.8319,0.8245,0.8203
3545.0000,0.9031,0.8838,0.8664,0.8262,0.8354,0.8184,0.8265
3550.0000,0.8966,0.8791,0.8607,0.8247,0.8359,0.8158,0.8309
3555.0000,0.8886,0.8766,0.8533,0.8254,0.8340,0.8154,0.8352
3560.0000,0.8774,0.8765,0.8442,0.8284,0.8294,0.8187,0.8380
3565.0000,0.8769,0.8712,0.8381,0.8306,0.8250,0.8228,0.8428
3570.0000,0.8683,0.8704,0.8301,0.8345,0.8187,0.8308,0.8427
3575.0000,0.8602,0.8678,0.8248,0.8367,0.8146,0.8377,0.8462
3580.0000,0.8632,0.8584,0.8251,0.8355,0.8140,0.8429,0.8512
3585.0000,0.8603,0.8513,0.8254,0.8343,0.8132,0.8513,0.8510
3590.0000,0.8591,0.8421,0.8292,0.8299,0.8177,0.8542,0.8592
3595.0000,0.8542,0.8352,0.8331,0.8250,0.8239,0.8566,0.8677
3600.0000,0.8507,0.8296,0.8363,0.8210,0.8294,0.8623,0.8711
3605.0000,0.8484,0.8251,0.8392,0.8166,0.8377,0.8639,0.8835
3610.0000,0.8409,0.8258,0.8383,0.8152,0.8438,0.8693,0.8919
3615.0000,0.8347,0.8288,0.8349,0.8160,0.8490,0.8761,0.9002
3620.0000,0.8274,0.8339,0.8297,0.8184,0.8545,0.8816,0.9163
3625.0000,0.8301,0.8331,0.8282,0.8182,0.8659,0.8776,0.9584
3630.0000,0.8276,0.8368,0.8218,0.8243,0.8684,0.8883,0.9971
3635.0000,0.8279,0.8356,0.8206,0.8258,0.8806,0.8816,1.1165
3640.0000,0.8312,0.8316,0.8212,0.8280,0.8912,0.8829,1.2887
3645.0000,0.8313,0.8310,0.8164,0.8394,0.8840,0.9250,1.4925
