150.0000,0.8023,0.8118,0.8286,0.8626,0.9031,0.9375,0.9529
155.0000,0.8068,0.8144,0.8333,0.8672,0.9099,0.9435,0.9612
160.0000,0.8091,0.8190,0.8367,0.8731,0.9152,0.9523,0.9653
165.0000,0.8119,0.8231,0.8408,0.8784,0.9219,0.9588,0.9732
170.0000,0.8170,0.8259,0.8460,0.8833,0.9293,0.9648,0.9817
175.0000,0.8203,0.8303,0.8500,0.8896,0.9350,0.9737,0.9854
180.0000,0.8222,0.8355,0.8542,0.8954,0.9424,0.9795,0.9958
185.0000,0.8281,0.8386,0.8597,0.9010,0.9497,0.9864,1.0034
190.0000,0.8322,0.8430,0.8643,0.9076,0.9558,0.9955,1.0070
195.0000,0.8361,0.8473,0.8697,0.9135,0.9637,1.0014,1.0176
200.0000,0.8371,0.8534,0.8743,0.9202,0.9710,1.0080,1.0272
205.0000,0.8447,0.8568,0.8801,0.9271,0.9772,1.0176,1.0310
210.0000,0.8488,0.8619,0.8856,0.9337,0.9847,1.0246,1.0404
215.0000,0.8499,0.8686,0.8906,0.9408,0.9921,1.0315,1.0501
220.0000,0.8584,0.8722,0.8969,0.9479,0.9984,1.0417,1.0531
225.0000,0.8632,0.8775,0.9032,0.9546,1.0065,1.0484,1.0636
230.0000,0.8676,0.8830,0.9097,0.9612,1.0148,1.0549,1.0740
235.0000,0.8747,0.8872,0.9171,0.9676,1.0232,1.0618,1.0838
240.0000,0.8785,0.8942,0.9228,0.9754,1.0298,1.0715,1.0904
245.0000,0.8834,0.9004,0.9292,0.9827,1.0375,1.0798,1.0991
250.0000,0.8912,0.9051,0.9369,0.9894,1.0460,1.0874,1.1086
255.0000,0.8966,0.9117,0.9433,0.9973,1.0529,1.0976,1.1145
260.0000,0.8993,0.9199,0.9494,1.0049,1.0612,1.1053,1.1255
265.0000,0.9084,0.9249,0.9571,1.0120,1.0696,1.1140,1.1338
270.0000,0.9146,0.9318,0.9637,1.0201,1.0769,1.1245,1.1388
275.0000,0.9205,0.9385,0.9710,1.0273,1.0862,1.1318,1.1499
280.0000,0.9285,0.9441,0.9791,1.0343,1.0957,1.1391,1.1603
285.0000,0.9337,0.9523,0.9853,1.0429,1.1030,1.1498,1.1652
290.0000,0.9403,0.9592,0.9927,1.0506,1.1122,1.1577,1.1749
295.0000,0.9487,0.9651,1.0010,1.0580,1.1219,1.1650,1.1847
300.0000,0.9554,0.9724,1.0080,1.0667,1.1295,1.1755,1.1888
305.0000,0.9597,0.9812,1.0147,1.0751,1.1387,1.1825,1.2003
310.0000,0.9690,0.9872,1.0229,1.0832,1.1478,1.1905,1.2085
315.0000,0.9761,0.9949,1.0300,1.0925,1.1552,1.2009,1.2116
320.0000,0.9828,1.0024,1.0378,1.1009,1.1644,1.2076,1.2219
325.0000,0.9851,1.0124,1.0444,1.1100,1.1730,1.2148,1.2306
330.0000,0.9972,1.0180,1.0530,1.1190,1.1803,1.2251,1.2317
335.0000,1.0048,1.0253,1.0615,1.1273,1.1896,1.2310,1.2411
340.0000,1.0119,1.0327,1.0702,1.1356,1.1986,1.2368,1.2488
345.0000,1.0213,1.0394,1.0789,1.1446,1.2057,1.2461,1.2482
350.0000,1.0272,1.0482,1.0872,1.1531,1.2145,1.2505,1.2566
355.0000,1.0343,1.0563,1.0960,1.1613,1.2232,1.2547,1.2633
360.0000,1.0443,1.0631,1.1055,1.1693,1.2316,1.2587,1.2687
365.0000,1.0499,1.0733,1.1128,1.1790,1.2374,1.2652,1.2697
370.0000,1.0573,1.0822,1.1211,1.1876,1.2444,1.2688,1.2743
375.0000,1.0683,1.0889,1.1308,1.1956,1.2513,1.2717,1.2781
380.0000,1.0763,1.0977,1.1389,1.2046,1.2559,1.2770,1.2776
385.0000,1.0806,1.1084,1.1465,1.2131,1.2613,1.2790,1.2822
390.0000,1.0928,1.1150,1.1563,1.2205,1.2666,1.2810,1.2850
395.0000,1.1013,1.1238,1.1646,1.2287,1.2698,1.2852,1.2836
400.0000,1.1092,1.1324,1.1734,1.2358,1.2739,1.2863,1.2869
405.0000,1.1194,1.1396,1.1831,1.2421,1.2779,1.2872,1.2894
410.0000,1.1260,1.1499,1.1904,1.2496,1.2791,1.2913,1.2859
415.0000,1.1345,1.1583,1.1993,1.2551,1.2826,1.2908,1.2902
420.0000,1.1449,1.1654,1.2085,1.2599,1.2853,1.2912,1.2918
425.0000,1.1534,1.1740,1.2163,1.2654,1.2859,1.2945,1.2878
430.0000,1.1587,1.1843,1.2232,1.2701,1.2877,1.2944,1.2901
435.0000,1.1698,1.1911,1.2317,1.2732,1.2900,1.2936,1.2918
440.0000,1.1782,1.1996,1.2382,1.2774,1.2900,1.2962,1.2869
445.0000,1.1860,1.2077,1.2449,1.2802,1.2915,1.2951,1.2887
450.0000,1.1888,1.2182,1.2497,1.2834,1.2923,1.2944,1.2888
455.0000,1.2019,1.2236,1.2560,1.2859,1.2919,1.2967,1.2809
460.0000,1.2094,1.2308,1.2614,1.2873,1.2937,1.2932,1.2850
465.0000,1.2159,1.2379,1.2660,1.2889,1.2944,1.2912,1.2849
470.0000,1.2256,1.2429,1.2705,1.2907,1.2933,1.2924,1.2771
475.0000,1.2306,1.2500,1.2738,1.2918,1.2941,1.2886,1.2803
480.0000,1.2357,1.2563,1.2768,1.2931,1.2937,1.2862,1.2795
485.0000,1.2448,1.2597,1.2806,1.2935,1.2934,1.2837,1.2781
490.0000,1.2482,1.2662,1.2816,1.2954,1.2907,1.2838,1.2727
495.0000,1.2524,1.2710,1.2837,1.2959,1.2899,1.2803,1.2731
500.0000,1.2607,1.2726,1.2869,1.2956,1.2888,1.2775,1.2714
505.0000,1.2646,1.2764,1.2881,1.2963,1.2858,1.2772,1.2660
510.0000,1.2649,1.2813,1.2887,1.2964,1.2837,1.2744,1.2650
515.0000,1.2724,1.2816,1.2915,1.2950,1.2826,1.2707,1.2640
520.0000,1.2753,1.2843,1.2922,1.2947,1.2793,1.2701,1.2584
525.0000,1.2773,1.2865,1.2932,1.2935,1.2774,1.2669,1.2574
530.0000,1.2817,1.2869,1.2949,1.2915,1.2757,1.2636,1.2556
535.0000,1.2826,1.2897,1.2943,1.2908,1.2719,1.2635,1.2482
540.0000,1.2833,1.2916,1.2945,1.2886,1.2705,1.2587,1.2498
545.0000,1.2872,1.2912,1.2953,1.2861,1.2686,1.2553,1.2481
550.0000,1.2882,1.2928,1.2941,1.2849,1.2647,1.2550,1.2414
555.0000,1.2874,1.2947,1.2928,1.2829,1.2623,1.2515,1.2409
560.0000,1.2909,1.2934,1.2929,1.2798,1.2608,1.2474,1.2405
565.0000,1.2910,1.2942,1.2908,1.2783,1.2568,1.2470,1.2339
570.0000,1.2905,1.2947,1.2891,1.2759,1.2543,1.2437,1.2333
575.0000,1.2872,1.2959,1.2866,1.2738,1.2516,1.2408,1.2313
580.0000,1.2919,1.2930,1.2857,1.2713,1.2479,1.2409,1.2222
585.0000,1.2906,1.2924,1.2839,1.2683,1.2465,1.2358,1.2246
590.0000,1.2879,1.2922,1.2815,1.2657,1.2441,1.2326,1.2227
595.0000,1.2905,1.2888,1.2805,1.2623,1.2423,1.2290,1.2202
600.0000,1.2884,1.2883,1.2775,1.2604,1.2386,1.2280,1.2137
605.0000,1.2851,1.2873,1.2750,1.2574,1.2369,1.2232,1.2135
610.0000,1.2869,1.2837,1.2736,1.2542,1.2349,1.2195,1.2109
615.0000,1.2841,1.2828,1.2702,1.2524,1.2310,1.2181,1.2047
620.0000,1.2801,1.2818,1.2672,1.2497,1.2288,1.2134,1.2042
625.0000,1.2816,1.2777,1.2656,1.2467,1.2263,1.2097,1.2014
630.0000,1.2787,1.2763,1.2621,1.2450,1.2221,1.2083,1.1953
635.0000,1.2742,1.2753,1.2587,1.2427,1.2189,1.2047,1.1930
640.0000,1.2755,1.2706,1.2575,1.2392,1.2168,1.1999,1.1915
645.0000,1.2724,1.2688,1.2542,1.2372,1.2125,1.1983,1.1855
650.0000,1.2686,1.2668,1.2515,1.2345,1.2094,1.1943,1.1839
655.0000,1.2685,1.2626,1.2500,1.2310,1.2067,1.1904,1.1815
660.0000,1.2654,1.2606,1.2469,1.2288,1.2020,1.1895,1.1742
665.0000,1.2613,1.2587,1.2443,1.2255,1.1995,1.1844,1.1751
670.0000,1.2609,1.2546,1.2427,1.2218,1.1967,1.1805,1.1733
675.0000,1.2576,1.2528,1.2394,1.2194,1.1920,1.1797,1.1668
680.0000,1.2538,1.2510,1.2364,1.2162,1.1889,1.1760,1.1663
685.0000,1.2533,1.2469,1.2348,1.2122,1.1866,1.1719,1.1659
690.0000,1.2499,1.2452,1.2311,1.2097,1.1820,1.1715,1.1600
695.0000,1.2461,1.2433,1.2279,1.2063,1.1790,1.1684,1.1599
700.0000,1.2406,1.2421,1.2243,1.2032,1.1759,1.1659,1.1587
705.0000,1.2424,1.2372,1.2220,1.1998,1.1720,1.1663,1.1509
710.0000,1.2386,1.2349,1.2190,1.1959,1.1703,1.1621,1.1539
715.0000,1.2339,1.2330,1.2155,1.1925,1.1679,1.1596,1.1533
720.0000,1.2344,1.2282,1.2134,1.1884,1.1662,1.1571,1.1523
725.0000,1.2308,1.2259,1.2095,1.1857,1.1629,1.1571,1.1478
730.0000,1.2257,1.2238,1.2059,1.1823,1.1614,1.1540,1.1488
735.0000,1.2258,1.2190,1.2035,1.1786,1.1601,1.1518,1.1481
740.0000,1.2218,1.2169,1.1992,1.1764,1.1571,1.1520,1.1440
745.0000,1.2167,1.2148,1.1952,1.1736,1.1557,1.1495,1.1449
750.0000,1.2168,1.2097,1.1928,1.1704,1.1546,1.1476,1.1442
755.0000,1.2125,1.2074,1.1886,1.1686,1.1518,1.1481,1.1402
760.0000,1.2076,1.2050,1.1848,1.1664,1.1504,1.1463,1.1404
765.0000,1.2074,1.1996,1.1828,1.1633,1.1499,1.1439,1.1406
770.0000,1.2031,1.1971,1.1790,1.1619,1.1475,1.1444,1.1366
775.0000,1.1981,1.1945,1.1757,1.1600,1.1465,1.1425,1.1373
780.0000,1.1973,1.1897,1.1738,1.1575,1.1460,1.1406,1.1373
785.0000,1.1937,1.1869,1.1706,1.1564,1.1436,1.1416,1.1324
790.0000,1.1889,1.1844,1.1680,1.1545,1.1431,1.1390,1.1347
795.0000,1.1877,1.1800,1.1664,1.1524,1.1425,1.1374,1.1346
800.0000,1.1838,1.1779,1.1634,1.1518,1.1400,1.1386,1.1299
805.0000,1.1795,1.1759,1.1608,1.1504,1.1392,1.1370,1.1308
810.0000,1.1787,1.1717,1.1598,1.1483,1.1390,1.1349,1.1314
815.0000,1.1752,1.1699,1.1572,1.1478,1.1368,1.1361,1.1263
820.0000,1.1714,1.1680,1.1552,1.1465,1.1362,1.1344,1.1271
825.0000,1.1661,1.1670,1.1530,1.1453,1.1355,1.1328,1.1267
830.0000,1.1677,1.1628,1.1522,1.1442,1.1338,1.1340,1.1195
835.0000,1.1644,1.1610,1.1509,1.1425,1.1341,1.1305,1.1227
840.0000,1.1602,1.1600,1.1491,1.1415,1.1335,1.1284,1.1222
845.0000,1.1611,1.1565,1.1487,1.1398,1.1333,1.1261,1.1212
850.0000,1.1581,1.1556,1.1466,1.1395,1.1313,1.1261,1.1166
855.0000,1.1542,1.1550,1.1449,1.1386,1.1308,1.1230,1.1174
860.0000,1.1554,1.1517,1.1446,1.1372,1.1300,1.1207,1.1162
865.0000,1.1527,1.1512,1.1425,1.1372,1.1275,1.1205,1.1119
870.0000,1.1488,1.1511,1.1406,1.1367,1.1259,1.1183,1.1113
875.0000,1.1506,1.1477,1.1407,1.1351,1.1251,1.1153,1.1109
880.0000,1.1483,1.1470,1.1391,1.1349,1.1222,1.1151,1.1067
885.0000,1.1450,1.1467,1.1377,1.1340,1.1205,1.1128,1.1067
890.0000,1.1466,1.1435,1.1382,1.1321,1.1194,1.1100,1.1066
895.0000,1.1446,1.1428,1.1369,1.1314,1.1165,1.1100,1.1029
900.0000,1.1419,1.1423,1.1359,1.1300,1.1147,1.1081,1.1030
905.0000,1.1428,1.1399,1.1360,1.1280,1.1132,1.1062,1.1024
910.0000,1.1409,1.1397,1.1345,1.1270,1.1101,1.1072,1.0971
915.0000,1.1385,1.1393,1.1336,1.1249,1.1091,1.1044,1.0992
920.0000,1.1395,1.1370,1.1335,1.1225,1.1081,1.1026,1.0992
925.0000,1.1379,1.1368,1.1318,1.1212,1.1053,1.1036,1.0943
930.0000,1.1355,1.1368,1.1302,1.1192,1.1044,1.1015,1.0958
935.0000,1.1366,1.1344,1.1298,1.1165,1.1041,1.0993,1.0968
940.0000,1.1351,1.1341,1.1277,1.1152,1.1017,1.1003,1.0925
945.0000,1.1332,1.1336,1.1258,1.1134,1.1009,1.0987,1.0939
950.0000,1.1292,1.1339,1.1233,1.1119,1.0999,1.0976,1.0942
955.0000,1.1322,1.1308,1.1221,1.1103,1.0980,1.0992,1.0883
960.0000,1.1300,1.1299,1.1202,1.1084,1.0980,1.0968,1.0917
965.0000,1.1268,1.1293,1.1178,1.1071,1.0973,1.0956,1.0922
970.0000,1.1286,1.1260,1.1169,1.1051,1.0972,1.0944,1.0921
975.0000,1.1261,1.1253,1.1143,1.1045,1.0954,1.0955,1.0885
980.0000,1.1226,1.1245,1.1121,1.1032,1.0954,1.0936,1.0901
985.0000,1.1242,1.1208,1.1115,1.1014,1.0954,1.0922,1.0902
990.0000,1.1219,1.1196,1.1092,1.1010,1.0939,1.0931,1.0869
995.0000,1.1185,1.1186,1.1073,1.1001,1.0936,1.0917,1.0878
1000.0000,1.1194,1.1150,1.1069,1.0986,1.0938,1.0901,1.0882
1005.0000,1.1168,1.1140,1.1049,1.0985,1.0922,1.0910,1.0850
1010.0000,1.1134,1.1133,1.1031,1.0979,1.0917,1.0898,1.0858
1015.0000,1.1139,1.1102,1.1027,1.0967,1.0917,1.0882,1.0862
1020.0000,1.1115,1.1095,1.1009,1.0967,1.0900,1.0892,1.0829
1025.0000,1.1085,1.1087,1.0995,1.0962,1.0895,1.0879,1.0836
1030.0000,1.1092,1.1058,1.0995,1.0950,1.0894,1.0866,1.0836
1035.0000,1.1072,1.1050,1.0981,1.0950,1.0876,1.0880,1.0789
1040.0000,1.1045,1.1042,1.0973,1.0941,1.0877,1.0857,1.0812
1045.0000,1.1051,1.1017,1.0975,1.0929,1.0877,1.0842,1.0813
1050.0000,1.1032,1.1013,1.0962,1.0929,1.0858,1.0854,1.0767
1055.0000,1.1006,1.1011,1.0953,1.0922,1.0856,1.0836,1.0781
1060.0000,1.1014,1.0988,1.0956,1.0908,1.0858,1.0815,1.0791
1065.0000,1.0998,1.0987,1.0943,1.0909,1.0839,1.0825,1.0750
1070.0000,1.0979,1.0985,1.0934,1.0902,1.0834,1.0809,1.0766
1075.0000,1.0940,1.0993,1.0920,1.0899,1.0825,1.0798,1.0771
1080.0000,1.0973,1.0967,1.0920,1.0894,1.0808,1.0814,1.0716
1085.0000,1.0956,1.0964,1.0913,1.0885,1.0806,1.0791,1.0751
1090.0000,1.0931,1.0965,1.0904,1.0879,1.0799,1.0782,1.0757
1095.0000,1.0953,1.0941,1.0908,1.0865,1.0797,1.0771,1.0762
1100.0000,1.0936,1.0943,1.0895,1.0864,1.0778,1.0785,1.0732
1105.0000,1.0913,1.0943,1.0887,1.0854,1.0777,1.0770,1.0754
1110.0000,1.0934,1.0919,1.0892,1.0839,1.0777,1.0762,1.0762
1115.0000,1.0919,1.0920,1.0880,1.0836,1.0761,1.0777,1.0738
1120.0000,1.0893,1.0924,1.0869,1.0828,1.0758,1.0770,1.0757
1125.0000,1.0914,1.0901,1.0872,1.0813,1.0761,1.0764,1.0770
1130.0000,1.0901,1.0901,1.0859,1.0810,1.0749,1.0782,1.0748
1135.0000,1.0880,1.0902,1.0848,1.0803,1.0748,1.0780,1.0764
1140.0000,1.0895,1.0882,1.0848,1.0790,1.0754,1.0777,1.0774
1145.0000,1.0880,1.0883,1.0833,1.0789,1.0745,1.0798,1.0745
1150.0000,1.0861,1.0882,1.0822,1.0782,1.0751,1.0793,1.0763
1155.0000,1.0875,1.0861,1.0823,1.0770,1.0762,1.0786,1.0773
1160.0000,1.0862,1.0860,1.0808,1.0772,1.0755,1.0808,1.0732
1165.0000,1.0843,1.0857,1.0799,1.0765,1.0768,1.0792,1.0762
1170.0000,1.0854,1.0836,1.0799,1.0758,1.0779,1.0783,1.0770
1175.0000,1.0842,1.0834,1.0785,1.0764,1.0772,1.0801,1.0731
1180.0000,1.0820,1.0834,1.0774,1.0765,1.0780,1.0788,1.0752
1185.0000,1.0831,1.0813,1.0775,1.0761,1.0790,1.0774,1.0767
1190.0000,1.0817,1.0813,1.0761,1.0773,1.0779,1.0790,1.0732
1195.0000,1.0799,1.0812,1.0753,1.0778,1.0781,1.0780,1.0754
1200.0000,1.0760,1.0821,1.0741,1.0786,1.0777,1.0775,1.0765
1205.0000,1.0795,1.0794,1.0746,1.0792,1.0765,1.0797,1.0717
1210.0000,1.0781,1.0791,1.0746,1.0793,1.0769,1.0780,1.0759
1215.0000,1.0759,1.0790,1.0746,1.0795,1.0767,1.0776,1.0777
1220.0000,1.0781,1.0768,1.0759,1.0791,1.0769,1.0773,1.0790
1225.0000,1.0766,1.0772,1.0757,1.0798,1.0756,1.0794,1.0772
1230.0000,1.0744,1.0776,1.0759,1.0796,1.0757,1.0791,1.0798
1235.0000,1.0767,1.0759,1.0775,1.0788,1.0762,1.0793,1.0814
1240.0000,1.0757,1.0765,1.0774,1.0791,1.0753,1.0818,1.0797
1245.0000,1.0733,1.0779,1.0772,1.0788,1.0757,1.0821,1.0823
1250.0000,1.0761,1.0764,1.0786,1.0777,1.0768,1.0824,1.0843
1255.0000,1.0754,1.0774,1.0781,1.0779,1.0765,1.0851,1.0825
1260.0000,1.0745,1.0783,1.0781,1.0775,1.0777,1.0854,1.0854
1265.0000,1.0766,1.0773,1.0789,1.0766,1.0793,1.0856,1.0876
1270.0000,1.0761,1.0783,1.0779,1.0772,1.0792,1.0888,1.0850
1275.0000,1.0751,1.0791,1.0775,1.0770,1.0810,1.0885,1.0889
1280.0000,1.0773,1.0780,1.0780,1.0767,1.0828,1.0888,1.0912
1285.0000,1.0765,1.0791,1.0767,1.0779,1.0828,1.0921,1.0886
1290.0000,1.0755,1.0796,1.0761,1.0783,1.0847,1.0919,1.0927
1295.0000,1.0777,1.0782,1.0767,1.0784,1.0865,1.0922,1.0951
1300.0000,1.0772,1.0786,1.0757,1.0800,1.0865,1.0954,1.0930
1305.0000,1.0756,1.0793,1.0752,1.0810,1.0880,1.0956,1.0971
1310.0000,1.0776,1.0776,1.0761,1.0815,1.0898,1.0961,1.1002
1315.0000,1.0769,1.0780,1.0756,1.0834,1.0897,1.0997,1.0985
1320.0000,1.0760,1.0781,1.0759,1.0845,1.0912,1.1004,1.1031
1325.0000,1.0730,1.0793,1.0758,1.0858,1.0924,1.1017,1.1069
1330.0000,1.0767,1.0774,1.0772,1.0871,1.0926,1.1061,1.1046
1335.0000,1.0758,1.0778,1.0781,1.0880,1.0945,1.1070,1.1106
1340.0000,1.0740,1.0787,1.0788,1.0891,1.0962,1.1089,1.1147
1345.0000,1.0769,1.0774,1.0809,1.0896,1.0984,1.1109,1.1187
1350.0000,1.0759,1.0789,1.0812,1.0913,1.0991,1.1156,1.1193
1355.0000,1.0747,1.0801,1.0822,1.0922,1.1015,1.1178,1.1243
1360.0000,1.0779,1.0792,1.0845,1.0926,1.1045,1.1201,1.1288
1365.0000,1.0778,1.0806,1.0851,1.0943,1.1060,1.1252,1.1297
1370.0000,1.0762,1.0828,1.0857,1.0956,1.1090,1.1278,1.1356
1375.0000,1.0797,1.0822,1.0877,1.0964,1.1124,1.1310,1.1401
1380.0000,1.0800,1.0839,1.0881,1.0985,1.1145,1.1366,1.1410
1385.0000,1.0797,1.0855,1.0890,1.1002,1.1183,1.1395,1.1471
1390.0000,1.0827,1.0854,1.0909,1.1015,1.1226,1.1425,1.1527
1395.0000,1.0827,1.0876,1.0910,1.1045,1.1249,1.1488,1.1532
1400.0000,1.0827,1.0892,1.0919,1.1067,1.1292,1.1517,1.1602
1405.0000,1.0859,1.0889,1.0941,1.1086,1.1339,1.1548,1.1666
1410.0000,1.0866,1.0905,1.0948,1.1121,1.1366,1.1614,1.1680
1415.0000,1.0860,1.0926,1.0959,1.1152,1.1411,1.1649,1.1755
1420.0000,1.0893,1.0923,1.0986,1.1177,1.1460,1.1685,1.1829
1425.0000,1.0900,1.0941,1.0998,1.1218,1.1489,1.1756,1.1853
1430.0000,1.0895,1.0964,1.1015,1.1254,1.1535,1.1797,1.1953
1435.0000,1.0929,1.0965,1.1045,1.1288,1.1580,1.1854,1.2026
1440.0000,1.0938,1.0987,1.1063,1.1333,1.1611,1.1941,1.2057
1445.0000,1.0945,1.1008,1.1091,1.1370,1.1662,1.1997,1.2164
1450.0000,1.0925,1.1044,1.1114,1.1411,1.1713,1.2060,1.2268
1455.0000,1.0985,1.1045,1.1153,1.1452,1.1754,1.2163,1.2304
1460.0000,1.0999,1.1069,1.1188,1.1489,1.1816,1.2235,1.2422
1465.0000,1.1007,1.1097,1.1224,1.1526,1.1884,1.2309,1.2542
1470.0000,1.1055,1.1108,1.1273,1.1559,1.1960,1.2387,1.2666
1475.0000,1.1065,1.1148,1.1301,1.1610,1.2019,1.2502,1.2753
1480.0000,1.1076,1.1187,1.1336,1.1656,1.2094,1.2602,1.2878
1485.0000,1.1131,1.1203,1.1385,1.1696,1.2185,1.2697,1.3020
1490.0000,1.1154,1.1245,1.1417,1.1755,1.2258,1.2831,1.3123
1495.0000,1.1156,1.1297,1.1448,1.1811,1.2353,1.2937,1.3304
1500.0000,1.1222,1.1318,1.1495,1.1867,1.2449,1.3070,1.3453
1505.0000,1.1252,1.1362,1.1529,1.1938,1.2537,1.3229,1.3578
1510.0000,1.1278,1.1404,1.1572,1.2003,1.2653,1.3358,1.3794
1515.0000,1.1336,1.1428,1.1627,1.2068,1.2776,1.3499,1.4015
1520.0000,1.1360,1.1482,1.1662,1.2157,1.2877,1.3695,1.4189
1525.0000,1.1391,1.1528,1.1711,1.2239,1.3005,1.3871,1.4438
1530.0000,1.1454,1.1552,1.1781,1.2313,1.3159,1.4035,1.4758
1535.0000,1.1493,1.1600,1.1833,1.2414,1.3284,1.4277,1.5027
1540.0000,1.1516,1.1658,1.1891,1.2511,1.3441,1.4492,1.5458
1545.0000,1.1580,1.1700,1.1955,1.2625,1.3575,1.4807,1.5792
1550.0000,1.1623,1.1760,1.2016,1.2747,1.3722,1.5156,1.6148
1555.0000,1.1640,1.1837,1.2080,1.2869,1.3898,1.5515,1.6584
1560.0000,1.1725,1.1880,1.2165,1.2995,1.4082,1.5957,1.6906
1565.0000,1.1779,1.1945,1.2250,1.3122,1.4301,1.6420,1.7190
1570.0000,1.1840,1.1999,1.2366,1.3224,1.4613,1.6801,1.7659
1575.0000,1.1874,1.2071,1.2483,1.3333,1.4967,1.7181,1.8128
1580.0000,1.1975,1.2128,1.2601,1.3469,1.5315,1.7650,1.8423
1585.0000,1.2054,1.2200,1.2722,1.3613,1.5724,1.8063,1.8787
1590.0000,1.2132,1.2280,1.2847,1.3771,1.6182,1.8425,1.9187
1595.0000,1.2211,1.2376,1.2958,1.3973,1.6638,1.8809,1.9491
1600.0000,1.2271,1.2506,1.3045,1.4226,1.7083,1.9203,1.9699
1605.0000,1.2333,1.2644,1.3130,1.4520,1.7530,1.9576,1.9787
1610.0000,1.2466,1.2747,1.3250,1.4829,1.8010,1.9857,1.9845
1615.0000,1.2552,1.2887,1.3357,1.5193,1.8456,2.0121,1.9726
1655.0000,1.3670,1.4066,1.5413,1.8712,2.0878,1.7743,1.5456
1660.0000,1.3838,1.4336,1.5769,1.9206,2.0713,1.6927,1.4516
1665.0000,1.3933,1.4704,1.6106,1.9701,2.0375,1.6044,1.3506
1670.0000,1.4256,1.4967,1.6556,2.0089,1.9970,1.4954,1.2743
1675.0000,1.4516,1.5310,1.6986,2.0455,1.9344,1.3923,1.1901
1680.0000,1.4810,1.5656,1.7442,2.0749,1.8535,1.2956,1.0918
1685.0000,1.5055,1.6042,1.7918,2.0926,1.7623,1.1939,1.0135
1690.0000,1.5490,1.6356,1.8454,2.0955,1.6612,1.0956,0.9457
1695.0000,1.5878,1.6718,1.8960,2.0877,1.5448,1.0174,0.8505
1700.0000,1.6132,1.7164,1.9428,2.0638,1.4268,0.9389,0.7718
1705.0000,1.6600,1.7524,1.9917,2.0204,1.3107,0.8643,0.6981
1710.0000,1.7049,1.7883,2.0372,1.9577,1.2032,0.7826,0.6654
1715.0000,1.7487,1.8265,2.0714,1.8840,1.0923,0.7224,0.6128
1720.0000,1.7849,1.8674,2.0934,1.7973,0.9886,0.6677,0.5696
1725.0000,1.8204,1.9082,2.1010,1.7008,0.8917,0.6218,0.5289
1730.0000,1.8652,1.9386,2.0987,1.5924,0.8092,0.5741,0.5105
1735.0000,1.8966,1.9701,2.0759,1.4826,0.7308,0.5417,0.4842
1740.0000,1.9274,1.9933,2.0374,1.3700,0.6625,0.5154,0.4604
1745.0000,1.9423,2.0145,1.9792,1.2592,0.6035,0.4938,0.4404
1750.0000,1.9681,2.0156,1.9123,1.1469,0.5599,0.4684,0.4349
1755.0000,1.9786,2.0096,1.8281,1.0431,0.5197,0.4545,0.4213
1760.0000,1.9765,1.9916,1.7330,0.9450,0.4898,0.4387,0.4214
1765.0000,1.9758,1.9535,1.6331,0.8534,0.4676,0.4262,0.4228
1770.0000,1.9526,1.9097,1.5225,0.7738,0.4476,0.4200,0.4233
1775.0000,1.9156,1.8543,1.4082,0.7042,0.4316,0.4174,0.4251
1780.0000,1.8832,1.7777,1.2988,0.6418,0.4203,0.4183,0.4241
1785.0000,1.8293,1.6970,1.1886,0.5897,0.4122,0.4201,0.4252
1790.0000,1.7720,1.6028,1.0862,0.5443,0.4079,0.4238,0.4215
1795.0000,1.6989,1.5056,0.9890,0.5067,0.4072,0.4258,0.4201
1800.0000,1.6108,1.4129,0.8940,0.4789,0.4062,0.4298,0.4141
1805.0000,1.5158,1.3199,0.8068,0.4570,0.4085,0.4295,0.4145
1810.0000,1.4387,1.2137,0.7366,0.4362,0.4159,0.4247,0.4177
1815.0000,1.3492,1.1126,0.6739,0.4215,0.4217,0.4223,0.4157
1820.0000,1.2504,1.0224,0.6163,0.4128,0.4265,0.4183,0.4180
1825.0000,1.1777,0.9248,0.5736,0.4050,0.4320,0.4141,0.4191
1830.0000,1.0793,0.8463,0.5323,0.4035,0.4340,0.4107,0.4224
1835.0000,0.9814,0.7816,0.4933,0.4076,0.4313,0.4117,0.4191
1840.0000,0.8932,0.7233,0.4613,0.4135,0.4270,0.4133,0.4168
1845.0000,0.8269,0.6643,0.4397,0.4181,0.4235,0.4145,0.4153
1850.0000,0.7669,0.6099,0.4258,0.4216,0.4203,0.4153,0.4140
1855.0000,0.6959,0.5718,0.4122,0.4269,0.4158,0.4168,0.4129
1860.0000,0.6490,0.5315,0.4083,0.4284,0.4138,0.4167,0.4127
1865.0000,0.6035,0.4996,0.4067,0.4295,0.4112,0.4184,0.4091
1870.0000,0.5771,0.4648,0.4136,0.4259,0.4130,0.4157,0.4109
1875.0000,0.5364,0.4456,0.4171,0.4238,0.4136,0.4141,0.4117
1880.0000,0.5052,0.4315,0.4209,0.4215,0.4139,0.4137,0.4102
1885.0000,0.4765,0.4253,0.4225,0.4200,0.4139,0.4126,0.4107
1890.0000,0.4583,0.4208,0.4241,0.4184,0.4142,0.4117,0.4108
1895.0000,0.4441,0.4196,0.4243,0.4175,0.4136,0.4118,0.4094
1900.0000,0.4307,0.4222,0.4226,0.4173,0.4128,0.4113,0.4097
1905.0000,0.4279,0.4214,0.4225,0.4164,0.4126,0.4107,0.4096
1910.0000,0.4239,0.4229,0.4208,0.4164,0.4115,0.4114,0.4077
1915.0000,0.4227,0.4229,0.4201,0.4157,0.4113,0.4107,0.4080
1920.0000,0.4230,0.4220,0.4198,0.4147,0.4113,0.4097,0.4083
1925.0000,0.4224,0.4218,0.4189,0.4144,0.4106,0.4100,0.4065
1930.0000,0.4216,0.4215,0.4182,0.4138,0.4105,0.4093,0.4069
1935.0000,0.4199,0.4216,0.4172,0.4134,0.4102,0.4086,0.4069
1940.0000,0.4210,0.4204,0.4167,0.4130,0.4096,0.4090,0.4047
1945.0000,0.4201,0.4200,0.4160,0.4125,0.4095,0.4078,0.4059
1950.0000,0.4184,0.4200,0.4150,0.4123,0.4091,0.4073,0.4059
1955.0000,0.4194,0.4186,0.4146,0.4120,0.4083,0.4078,0.4037
1960.0000,0.4185,0.4181,0.4139,0.4117,0.4081,0.4068,0.4047
1965.0000,0.4172,0.4178,0.4133,0.4114,0.4077,0.4063,0.4047
1970.0000,0.4177,0.4164,0.4132,0.4108,0.4075,0.4057,0.4045
1975.0000,0.4168,0.4160,0.4125,0.4107,0.4067,0.4060,0.4030
1980.0000,0.4155,0.4156,0.4121,0.4102,0.4065,0.4051,0.4036
1985.0000,0.4159,0.4144,0.4122,0.4096,0.4064,0.4044,0.4036
1990.0000,0.4150,0.4141,0.4116,0.4094,0.4056,0.4047,0.4023
1995.0000,0.4137,0.4140,0.4111,0.4090,0.4053,0.4041,0.4026
2000.0000,0.4142,0.4129,0.4112,0.4083,0.4052,0.4034,0.4028
2005.0000,0.4134,0.4127,0.4106,0.4081,0.4045,0.4037,0.4016
2010.0000,0.4123,0.4126,0.4101,0.4077,0.4041,0.4033,0.4018
2015.0000,0.4127,0.4118,0.4100,0.4071,0.4040,0.4028,0.4018
2020.0000,0.4120,0.4118,0.4093,0.4070,0.4032,0.4034,0.4001
2025.0000,0.4111,0.4116,0.4088,0.4065,0.4031,0.4026,0.4008
2030.0000,0.4115,0.4107,0.4088,0.4059,0.4031,0.4021,0.4009
2035.0000,0.4109,0.4105,0.4082,0.4057,0.4024,0.4026,0.3991
2040.0000,0.4101,0.4103,0.4077,0.4053,0.4024,0.4019,0.3997
2045.0000,0.4104,0.4094,0.4077,0.4046,0.4025,0.4011,0.4001
2050.0000,0.4099,0.4092,0.4071,0.4045,0.4019,0.4014,0.3985
2055.0000,0.4091,0.4090,0.4065,0.4041,0.4017,0.4008,0.3989
2060.0000,0.4076,0.4092,0.4058,0.4040,0.4015,0.4003,0.3989
2065.0000,0.4086,0.4082,0.4056,0.4037,0.4009,0.4008,0.3966
2070.0000,0.4078,0.4080,0.4051,0.4034,0.4009,0.3998,0.3978
2075.0000,0.4067,0.4080,0.4046,0.4032,0.4006,0.3993,0.3980
2080.0000,0.4074,0.4070,0.4044,0.4031,0.3999,0.3998,0.3958
2085.0000,0.4068,0.4067,0.4040,0.4027,0.3998,0.3989,0.3970
2090.0000,0.4057,0.4065,0.4036,0.4025,0.3995,0.3984,0.3969
2095.0000,0.4064,0.4055,0.4037,0.4020,0.3994,0.3979,0.3967
2100.0000,0.4056,0.4054,0.4032,0.4019,0.3987,0.3983,0.3953
2105.0000,0.4046,0.4053,0.4029,0.4016,0.3986,0.3974,0.3958
2110.0000,0.4052,0.4043,0.4031,0.4010,0.3985,0.3968,0.3957
2115.0000,0.4045,0.4043,0.4026,0.4009,0.3979,0.3970,0.3943
2120.0000,0.4034,0.4044,0.4021,0.4006,0.3976,0.3964,0.3944
2125.0000,0.4041,0.4035,0.4022,0.4001,0.3976,0.3956,0.3943
2130.0000,0.4035,0.4035,0.4017,0.4000,0.3969,0.3958,0.3929
2135.0000,0.4028,0.4034,0.4013,0.3996,0.3966,0.3951,0.3929
2140.0000,0.4033,0.4027,0.4013,0.3991,0.3965,0.3944,0.3928
2145.0000,0.4027,0.4027,0.4008,0.3991,0.3957,0.3946,0.3909
2150.0000,0.4020,0.4026,0.4004,0.3987,0.3956,0.3935,0.3917
2155.0000,0.4025,0.4018,0.4004,0.3982,0.3953,0.3927,0.3916
2160.0000,0.4020,0.4017,0.3999,0.3981,0.3945,0.3930,0.3900
2165.0000,0.4011,0.4018,0.3994,0.3978,0.3940,0.3923,0.3903
2170.0000,0.4016,0.4010,0.3994,0.3972,0.3938,0.3915,0.3906
2175.0000,0.4011,0.4009,0.3989,0.3971,0.3929,0.3918,0.3890
2180.0000,0.4005,0.4007,0.3985,0.3968,0.3924,0.3913,0.3893
2185.0000,0.3992,0.4009,0.3980,0.3964,0.3919,0.3908,0.3894
2190.0000,0.4003,0.3999,0.3980,0.3960,0.3911,0.3914,0.3871
2195.0000,0.3996,0.3997,0.3977,0.3953,0.3911,0.3903,0.3885
2200.0000,0.3986,0.3997,0.3973,0.3949,0.3907,0.3898,0.3888
2205.0000,0.3994,0.3987,0.3973,0.3941,0.3906,0.3894,0.3889
2210.0000,0.3987,0.3987,0.3967,0.3938,0.3899,0.3898,0.3878
2215.0000,0.3978,0.3986,0.3963,0.3933,0.3898,0.3892,0.3883
2220.0000,0.3985,0.3978,0.3962,0.3926,0.3897,0.3889,0.3883
2225.0000,0.3978,0.3977,0.3955,0.3924,0.3891,0.3894,0.3872
2230.0000,0.3967,0.3978,0.3949,0.3919,0.3890,0.3888,0.3878
2235.0000,0.3974,0.3968,0.3947,0.3913,0.3891,0.3885,0.3878
2240.0000,0.3967,0.3967,0.3939,0.3911,0.3885,0.3889,0.3867
2245.0000,0.3956,0.3967,0.3932,0.3908,0.3885,0.3885,0.3871
2250.0000,0.3964,0.3956,0.3932,0.3902,0.3887,0.3879,0.3873
2255.0000,0.3958,0.3953,0.3925,0.3901,0.3882,0.3883,0.3862
2260.0000,0.3949,0.3950,0.3920,0.3899,0.3882,0.3879,0.3865
2265.0000,0.3952,0.3941,0.3918,0.3895,0.3883,0.3874,0.3866
2270.0000,0.3945,0.3939,0.3911,0.3895,0.3877,0.3879,0.3851
2275.0000,0.3935,0.3937,0.3907,0.3893,0.3878,0.3871,0.3862
2280.0000,0.3938,0.3927,0.3906,0.3890,0.3879,0.3867,0.3865
2285.0000,0.3931,0.3926,0.3900,0.3891,0.3872,0.3873,0.3852
2290.0000,0.3921,0.3925,0.3895,0.3891,0.3870,0.3869,0.3859
2295.0000,0.3925,0.3915,0.3896,0.3887,0.3871,0.3865,0.3864
2300.0000,0.3919,0.3913,0.3892,0.3888,0.3864,0.3872,0.3852
2305.0000,0.3912,0.3911,0.3890,0.3886,0.3863,0.3869,0.3860
2310.0000,0.3899,0.3911,0.3887,0.3885,0.3862,0.3868,0.3866
2315.0000,0.3908,0.3902,0.3888,0.3883,0.3857,0.3877,0.3849
2320.0000,0.3901,0.3901,0.3887,0.3880,0.3859,0.3872,0.3864
2325.0000,0.3891,0.3901,0.3884,0.3878,0.3859,0.3873,0.3869
2330.0000,0.3898,0.3893,0.3887,0.3873,0.3862,0.3872,0.3872
2335.0000,0.3892,0.3895,0.3883,0.3873,0.3859,0.3880,0.3863
2340.0000,0.3884,0.3895,0.3881,0.3870,0.3862,0.3877,0.3870
2345.0000,0.3892,0.3888,0.3882,0.3866,0.3866,0.3876,0.3873
2350.0000,0.3888,0.3889,0.3878,0.3866,0.3865,0.3883,0.3862
2355.0000,0.3878,0.3891,0.3874,0.3865,0.3869,0.3879,0.3868
2360.0000,0.3887,0.3884,0.3875,0.3863,0.3874,0.3876,0.3869
2365.0000,0.3882,0.3885,0.3870,0.3865,0.3872,0.3881,0.3857
2370.0000,0.3872,0.3888,0.3866,0.3866,0.3875,0.3876,0.3862
2375.0000,0.3881,0.3880,0.3867,0.3865,0.3880,0.3870,0.3865
2380.0000,0.3877,0.3880,0.3863,0.3869,0.3877,0.3873,0.3855
2385.0000,0.3871,0.3880,0.3860,0.3871,0.3877,0.3868,0.3860
2390.0000,0.3877,0.3873,0.3862,0.3872,0.3878,0.3864,0.3862
2395.0000,0.3872,0.3874,0.3858,0.3877,0.3871,0.3870,0.3849
2400.0000,0.3865,0.3875,0.3858,0.3879,0.3870,0.3865,0.3856
2405.0000,0.3871,0.3868,0.3862,0.3879,0.3869,0.3863,0.3858
2410.0000,0.3867,0.3869,0.3861,0.3883,0.3862,0.3870,0.3843
2415.0000,0.3861,0.3870,0.3862,0.3883,0.3861,0.3866,0.3850
2420.0000,0.3867,0.3863,0.3869,0.3879,0.3863,0.3860,0.3856
2425.0000,0.3865,0.3864,0.3870,0.3880,0.3857,0.3867,0.3842
2430.0000,0.3861,0.3866,0.3872,0.3878,0.3858,0.3863,0.3848
2435.0000,0.3850,0.3872,0.3872,0.3876,0.3857,0.3861,0.3851
2440.0000,0.3863,0.3867,0.3876,0.3875,0.3853,0.3868,0.3832
2445.0000,0.3861,0.3870,0.3877,0.3871,0.3856,0.3860,0.3846
2450.0000,0.3856,0.3875,0.3875,0.3869,0.3856,0.3858,0.3850
2455.0000,0.3867,0.3872,0.3878,0.3865,0.3858,0.3855,0.3851
2460.0000,0.3863,0.3877,0.3874,0.3867,0.3854,0.3860,0.3840
2465.0000,0.3857,0.3882,0.3870,0.3865,0.3855,0.3855,0.3846
2470.0000,0.3870,0.3876,0.3872,0.3862,0.3856,0.3852,0.3847
2475.0000,0.3869,0.3879,0.3868,0.3863,0.3852,0.3857,0.3836
2480.0000,0.3863,0.3882,0.3865,0.3863,0.3853,0.3852,0.3842
2485.0000,0.3873,0.3875,0.3867,0.3860,0.3855,0.3848,0.3843
2490.0000,0.3871,0.3875,0.3864,0.3861,0.3851,0.3852,0.3832
2495.0000,0.3863,0.3878,0.3860,0.3861,0.3850,0.3848,0.3836
2500.0000,0.3872,0.3870,0.3863,0.3858,0.3852,0.3843,0.3840
2505.0000,0.3868,0.3871,0.3860,0.3860,0.3848,0.3846,0.3831
2510.0000,0.3862,0.3872,0.3857,0.3860,0.3846,0.3843,0.3835
2515.0000,0.3868,0.3866,0.3859,0.3857,0.3846,0.3841,0.3837
2520.0000,0.3864,0.3868,0.3856,0.3860,0.3840,0.3848,0.3823
2525.0000,0.3859,0.3868,0.3855,0.3858,0.3841,0.3842,0.3833
2530.0000,0.3865,0.3862,0.3858,0.3855,0.3841,0.3839,0.3837
2535.0000,0.3862,0.3862,0.3856,0.3856,0.3836,0.3846,0.3824
2540.0000,0.3855,0.3864,0.3854,0.3854,0.3836,0.3843,0.3832
2545.0000,0.3861,0.3858,0.3857,0.3850,0.3838,0.3839,0.3838
2550.0000,0.3858,0.3860,0.3855,0.3851,0.3833,0.3846,0.3825
2555.0000,0.3854,0.3861,0.3854,0.3849,0.3834,0.3844,0.3833
2560.0000,0.3844,0.3865,0.3851,0.3848,0.3834,0.3843,0.3837
2565.0000,0.3856,0.3858,0.3852,0.3846,0.3831,0.3852,0.3818
2570.0000,0.3852,0.3859,0.3850,0.3844,0.3834,0.3846,0.3832
2575.0000,0.3845,0.3861,0.3848,0.3843,0.3836,0.3843,0.3837
2580.0000,0.3854,0.3855,0.3850,0.3839,0.3839,0.3841,0.3839
2585.0000,0.3850,0.3858,0.3845,0.3841,0.3836,0.3847,0.3829
2590.0000,0.3843,0.3859,0.3843,0.3840,0.3839,0.3843,0.3836
2595.0000,0.3853,0.3852,0.3844,0.3838,0.3841,0.3841,0.3837
2600.0000,0.3849,0.3853,0.3840,0.3840,0.3838,0.3846,0.3827
2605.0000,0.3840,0.3856,0.3837,0.3841,0.3839,0.3843,0.3830
2610.0000,0.3849,0.3848,0.3840,0.3839,0.3842,0.3839,0.3832
2615.0000,0.3846,0.3848,0.3837,0.3842,0.3839,0.3843,0.3821
2620.0000,0.3836,0.3851,0.3834,0.3843,0.3840,0.3839,0.3824
2625.0000,0.3845,0.3844,0.3837,0.3841,0.3842,0.3833,0.3826
2630.0000,0.3841,0.3845,0.3835,0.3844,0.3838,0.3837,0.3814
2635.0000,0.3836,0.3846,0.3834,0.3845,0.3838,0.3831,0.3818
2640.0000,0.3842,0.3840,0.3837,0.3843,0.3839,0.3826,0.3819
2645.0000,0.3839,0.3841,0.3836,0.3846,0.3833,0.3831,0.3804
2650.0000,0.3834,0.3842,0.3836,0.3845,0.3833,0.3823,0.3813
2655.0000,0.3839,0.3837,0.3839,0.3844,0.3832,0.3819,0.3815
2660.0000,0.3836,0.3840,0.3838,0.3846,0.3825,0.3824,0.3802
2665.0000,0.3830,0.3844,0.3837,0.3846,0.3823,0.3820,0.3808
2670.0000,0.3838,0.3839,0.3841,0.3843,0.3823,0.3816,0.3812
2675.0000,0.3836,0.3841,0.3839,0.3844,0.3816,0.3822,0.3799
2680.0000,0.3833,0.3842,0.3840,0.3841,0.3815,0.3818,0.3810
2685.0000,0.3824,0.3847,0.3838,0.3839,0.3814,0.3816,0.3817
2690.0000,0.3837,0.3841,0.3841,0.3837,0.3809,0.3824,0.3803
2695.0000,0.3835,0.3842,0.3841,0.3833,0.3810,0.3820,0.3820
2700.0000,0.3829,0.3846,0.3840,0.3830,0.3810,0.3819,0.3832
2705.0000,0.3839,0.3840,0.3843,0.3825,0.3813,0.3817,0.3850
2710.0000,0.3835,0.3844,0.3838,0.3825,0.3808,0.3827,0.3858
2715.0000,0.3829,0.3847,0.3835,0.3822,0.3810,0.3829,0.3892
2720.0000,0.3839,0.3841,0.3837,0.3817,0.3814,0.3833,0.3937
2725.0000,0.3836,0.3843,0.3831,0.3819,0.3809,0.3855,0.3978
2730.0000,0.3829,0.3846,0.3828,0.3817,0.3813,0.3866,0.4075
2735.0000,0.3838,0.3840,0.3826,0.3817,0.3809,0.3905,0.4166
2740.0000,0.3834,0.3842,0.3819,0.3821,0.3804,0.3961,0.4276
2745.0000,0.3827,0.3844,0.3814,0.3823,0.3804,0.4028,0.4432
2750.0000,0.3835,0.3837,0.3811,0.3826,0.3802,0.4133,0.4586
2755.0000,0.3829,0.3839,0.3807,0.3828,0.3807,0.4260,0.4768
2760.0000,0.3824,0.3835,0.3809,0.3822,0.3836,0.4392,0.5031
2765.0000,0.3830,0.3826,0.3815,0.3815,0.3874,0.4565,0.5314
2770.0000,0.3826,0.3824,0.3815,0.3813,0.3920,0.4785,0.5618
2775.0000,0.3819,0.3826,0.3811,0.3817,0.3973,0.5074,0.5861
2780.0000,0.3824,0.3814,0.3822,0.3805,0.4085,0.5341,0.6217
2785.0000,0.3822,0.3812,0.3825,0.3804,0.4212,0.5668,0.6547
2790.0000,0.3823,0.3806,0.3833,0.3799,0.4391,0.5993,0.6957
2795.0000,0.3820,0.3807,0.3828,0.3818,0.4576,0.6400,0.7248
2800.0000,0.3818,0.3809,0.3825,0.3844,0.4814,0.6805,0.7534
2805.0000,0.3816,0.3808,0.3827,0.3875,0.5117,0.7171,0.7896
2810.0000,0.3810,0.3810,0.3826,0.3927,0.5459,0.7536,0.8224
2815.0000,0.3815,0.3812,0.3818,0.4016,0.5816,0.7928,0.8437
2820.0000,0.3814,0.3817,0.3812,0.4132,0.6214,0.8277,0.8627
2825.0000,0.3812,0.3820,0.3814,0.4275,0.6654,0.8556,0.8828
2830.0000,0.3818,0.3822,0.3822,0.4459,0.7105,0.8793,0.8966
2835.0000,0.3814,0.3837,0.3827,0.4700,0.7534,0.9016,0.8989
2840.0000,0.3808,0.3853,0.3853,0.4972,0.7976,0.9135,0.9049
2845.0000,0.3826,0.3863,0.3901,0.5286,0.8393,0.9194,0.9064
2850.0000,0.3827,0.3897,0.3957,0.5657,0.8745,0.9235,0.8989
2855.0000,0.3806,0.3953,0.4037,0.6064,0.9050,0.9206,0.8919
2860.0000,0.3864,0.3979,0.4175,0.6483,0.9306,0.9118,0.8844
2865.0000,0.3886,0.4047,0.4336,0.6932,0.9476,0.9015,0.8729
2870.0000,0.3929,0.4121,0.4548,0.7382,0.9575,0.8887,0.8601
2875.0000,0.4012,0.4199,0.4814,0.7821,0.9598,0.8754,0.8445
2880.0000,0.4075,0.4326,0.5115,0.8239,0.9555,0.8604,0.8303
2885.0000,0.4174,0.4464,0.5475,0.8609,0.9464,0.8440,0.8186
2890.0000,0.4310,0.4625,0.5876,0.8931,0.9314,0.8302,0.8033
2895.0000,0.4449,0.4837,0.6299,0.9195,0.9130,0.8168,0.7897
2900.0000,0.4667,0.5047,0.6765,0.9378,0.8937,0.8028,0.7791
2905.0000,0.4855,0.5326,0.7219,0.9503,0.8720,0.7917,0.7669
2910.0000,0.5106,0.5616,0.7677,0.9553,0.8504,0.7822,0.7535
2915.0000,0.5333,0.5978,0.8089,0.9546,0.8299,0.7721,0.7445
2920.0000,0.5626,0.6344,0.8477,0.9471,0.8124,0.7605,0.7401
2925.0000,0.5974,0.6702,0.8823,0.9351,0.7951,0.7538,0.7296
2930.0000,0.6327,0.7072,0.9109,0.9189,0.7813,0.7446,0.7271
2935.0000,0.6573,0.7509,0.9288,0.9024,0.7677,0.7379,0.7236
2940.0000,0.6958,0.7874,0.9421,0.8838,0.7553,0.7344,0.7149
2945.0000,0.7325,0.8206,0.9496,0.8634,0.7470,0.7274,0.7167
2950.0000,0.7661,0.8507,0.9503,0.8438,0.7392,0.7230,0.7152
2955.0000,0.7991,0.8751,0.9460,0.8246,0.7330,0.7193,0.7137
2960.0000,0.8218,0.8996,0.9337,0.8087,0.7260,0.7185,0.7095
2965.0000,0.8470,0.9144,0.9204,0.7926,0.7222,0.7153,0.7103
2970.0000,0.8718,0.9210,0.9059,0.7774,0.7196,0.7128,0.7100
2975.0000,0.8867,0.9255,0.8877,0.7653,0.7162,0.7125,0.7076
2980.0000,0.8946,0.9261,0.8683,0.7546,0.7143,0.7106,0.7090
2985.0000,0.9053,0.9183,0.8510,0.7445,0.7135,0.7088,0.7104
2990.0000,0.9078,0.9091,0.8327,0.7368,0.7118,0.7090,0.7101
2995.0000,0.9035,0.8985,0.8146,0.7308,0.7106,0.7086,0.7125
3000.0000,0.9002,0.8835,0.7990,0.7254,0.7100,0.7086,0.7152
3005.0000,0.8925,0.8679,0.7842,0.7216,0.7085,0.7105,0.7162
3010.0000,0.8797,0.8533,0.7703,0.7188,0.7075,0.7120,0.7199
3015.0000,0.8688,0.8364,0.7591,0.7161,0.7071,0.7140,0.7239
3020.0000,0.8540,0.8222,0.7480,0.7150,0.7057,0.7185,0.7254
3025.0000,0.8410,0.8064,0.7400,0.7131,0.7062,0.7214,0.7304
3030.0000,0.8277,0.7912,0.7340,0.7111,0.7075,0.7245,0.7359
3035.0000,0.8127,0.7788,0.7280,0.7103,0.7080,0.7303,0.7381
3040.0000,0.8006,0.7661,0.7243,0.7085,0.7107,0.7339,0.7454
3045.0000,0.7878,0.7553,0.7212,0.7073,0.7136,0.7388,0.7506
3050.0000,0.7751,0.7472,0.7177,0.7072,0.7160,0.7456,0.7526
3055.0000,0.7632,0.7406,0.7150,0.7069,0.7203,0.7502,0.7597
3060.0000,0.7532,0.7347,0.7127,0.7069,0.7251,0.7551,0.7657
3065.0000,0.7470,0.7285,0.7112,0.7077,0.7295,0.7622,0.7666
3070.0000,0.7388,0.7249,0.7093,0.7089,0.7352,0.7667,0.7720
3075.0000,0.7310,0.7223,0.7076,0.7107,0.7412,0.7711,0.7762
3080.0000,0.7283,0.7182,0.7072,0.7127,0.7478,0.7751,0.7789
3085.0000,0.7236,0.7162,0.7060,0.7162,0.7533,0.7802,0.7780
3090.0000,0.7187,0.7147,0.7054,0.7197,0.7600,0.7824,0.7797
3095.0000,0.7178,0.7118,0.7063,0.7233,0.7668,0.7837,0.7798
3100.0000,0.7148,0.7110,0.7063,0.7285,0.7720,0.7859,0.7760
3105.0000,0.7116,0.7108,0.7070,0.7338,0.7775,0.7854,0.7738
3110.0000,0.7120,0.7090,0.7094,0.7389,0.7830,0.7830,0.7713
3115.0000,0.7102,0.7095,0.7109,0.7455,0.7862,0.7815,0.7646
3120.0000,0.7087,0.7103,0.7134,0.7518,0.7892,0.7774,0.7599
3125.0000,0.7098,0.7101,0.7172,0.7579,0.7912,0.7723,0.7534
3130.0000,0.7093,0.7121,0.7204,0.7649,0.7907,0.7680,0.7431
3135.0000,0.7091,0.7141,0.7249,0.7707,0.7905,0.7596,0.7386
3140.0000,0.7117,0.7153,0.7305,0.7762,0.7883,0.7519,0.7303
3145.0000,0.7131,0.7181,0.7357,0.7816,0.7839,0.7449,0.7195
3150.0000,0.7140,0.7218,0.7416,0.7858,0.7794,0.7350,0.7138
3155.0000,0.7179,0.7246,0.7482,0.7890,0.7730,0.7264,0.7047
3160.0000,0.7207,0.7289,0.7544,0.7916,0.7649,0.7187,0.6938
3165.0000,0.7225,0.7344,0.7603,0.7928,0.7564,0.7098,0.6847
3170.0000,0.7281,0.7381,0.7675,0.7916,0.7484,0.6990,0.6785
3175.0000,0.7326,0.7432,0.7735,0.7900,0.7384,0.6910,0.6685
3180.0000,0.7370,0.7484,0.7790,0.7867,0.7287,0.6818,0.6617
3185.0000,0.7388,0.7555,0.7829,0.7825,0.7184,0.6735,0.6544
3190.0000,0.7465,0.7597,0.7870,0.7768,0.7077,0.6669,0.6440
3195.0000,0.7518,0.7648,0.7899,0.7695,0.6986,0.6574,0.6419
3200.0000,0.7560,0.7701,0.7910,0.7619,0.6886,0.6505,0.6362
3205.0000,0.7623,0.7737,0.7915,0.7531,0.6792,0.6441,0.6307
3210.0000,0.7655,0.7786,0.7894,0.7445,0.6693,0.6394,0.6237
3215.0000,0.7690,0.7819,0.7867,0.7346,0.6613,0.6328,0.6214
3220.0000,0.7744,0.7828,0.7834,0.7243,0.6536,0.6278,0.6173
3225.0000,0.7766,0.7844,0.7777,0.7146,0.6457,0.6244,0.6116
3230.0000,0.7767,0.7853,0.7709,0.7046,0.6392,0.6200,0.6087
3235.0000,0.7802,0.7826,0.7645,0.6939,0.6341,0.6151,0.6067
3240.0000,0.7801,0.7803,0.7562,0.6845,0.6283,0.6124,0.6021
3245.0000,0.7778,0.7774,0.7469,0.6753,0.6237,0.6089,0.5996
3250.0000,0.7774,0.7718,0.7381,0.6661,0.6199,0.6053,0.5971
3255.0000,0.7742,0.7664,0.7280,0.6583,0.6155,0.6034,0.5919
3260.0000,0.7689,0.7604,0.7178,0.6506,0.6127,0.5992,0.5918
3265.0000,0.7653,0.7523,0.7081,0.6434,0.6098,0.5961,0.5898
3270.0000,0.7584,0.7453,0.6973,0.6379,0.6060,0.5945,0.5855
3275.0000,0.7511,0.7372,0.6872,0.6324,0.6032,0.5916,0.5840
3280.0000,0.7454,0.7271,0.6785,0.6269,0.6011,0.5883,0.5830
3285.0000,0.7367,0.7185,0.6690,0.6229,0.5977,0.5870,0.5791
3290.0000,0.7288,0.7087,0.6610,0.6187,0.5953,0.5844,0.5781
3295.0000,0.7209,0.6985,0.6539,0.6146,0.5932,0.5816,0.5770
3300.0000,0.7112,0.6900,0.6463,0.6117,0.5900,0.5806,0.5734
3305.0000,0.7011,0.6818,0.6395,0.6087,0.5875,0.5786,0.5723
3310.0000,0.6921,0.6733,0.6337,0.6057,0.5852,0.5765,0.5708
3315.0000,0.6854,0.6641,0.6290,0.6028,0.5826,0.5759,0.5661
3320.0000,0.6760,0.6569,0.6243,0.5998,0.5810,0.5729,0.5673
3325.0000,0.6664,0.6506,0.6197,0.5973,0.5790,0.5709,0.5664
3330.0000,0.6607,0.6432,0.6164,0.5944,0.5773,0.5690,0.5652
3335.0000,0.6539,0.6370,0.6128,0.5920,0.5750,0.5682,0.5624
3340.0000,0.6454,0.6324,0.6091,0.5896,0.5734,0.5661,0.5624
3345.0000,0.6408,0.6266,0.6065,0.5870,0.5719,0.5645,0.5614
3350.0000,0.6344,0.6227,0.6029,0.5852,0.5696,0.5641,0.5589
3355.0000,0.6288,0.6188,0.6000,0.5830,0.5680,0.5625,0.5585
3360.0000,0.6253,0.6140,0.5979,0.5806,0.5670,0.5608,0.5581
3365.0000,0.6201,0.6111,0.5947,0.5789,0.5649,0.5606,0.5558
3370.0000,0.6152,0.6082,0.5920,0.5770,0.5636,0.5593,0.5554
3375.0000,0.6127,0.6042,0.5901,0.5748,0.5626,0.5580,0.5547
3380.0000,0.6092,0.6012,0.5876,0.5732,0.5608,0.5581,0.5516
3385.0000,0.6048,0.5989,0.5853,0.5714,0.5601,0.5561,0.5524
3390.0000,0.6028,0.5954,0.5836,0.5694,0.5594,0.5548,0.5520
3395.0000,0.5994,0.5933,0.5810,0.5681,0.5578,0.5548,0.5492
3400.0000,0.5963,0.5910,0.5790,0.5666,0.5571,0.5534,0.5494
3405.0000,0.5945,0.5879,0.5775,0.5648,0.5566,0.5518,0.5494
3410.0000,0.5915,0.5861,0.5751,0.5639,0.5551,0.5518,0.5469
3415.0000,0.5883,0.5845,0.5729,0.5628,0.5541,0.5506,0.5469
3420.0000,0.5846,0.5830,0.5708,0.5617,0.5533,0.5494,0.5467
3425.0000,0.5846,0.5799,0.5696,0.5605,0.5521,0.5494,0.5440
3430.0000,0.5818,0.5782,0.5678,0.5595,0.5513,0.5482,0.5441
3435.0000,0.5786,0.5768,0.5661,0.5585,0.5505,0.5470,0.5437
3440.0000,0.5785,0.5739,0.5651,0.5575,0.5492,0.5473,0.5401
3445.0000,0.5759,0.5724,0.5638,0.5564,0.5488,0.5453,0.5416
3450.0000,0.5729,0.5712,0.5623,0.5555,0.5480,0.5441,0.5414
3455.0000,0.5727,0.5687,0.5616,0.5542,0.5475,0.5430,0.5409
3460.0000,0.5706,0.5675,0.5602,0.5536,0.5461,0.5429,0.5389
3465.0000,0.5680,0.5665,0.5590,0.5527,0.5454,0.5416,0.5393
3470.0000,0.5679,0.5643,0.5584,0.5515,0.5448,0.5405,0.5389
3475.0000,0.5659,0.5635,0.5570,0.5510,0.5433,0.5407,0.5370
3480.0000,0.5635,0.5628,0.5557,0.5502,0.5425,0.5397,0.5372
3485.0000,0.5637,0.5607,0.5553,0.5490,0.5420,0.5386,0.5373
3490.0000,0.5620,0.5600,0.5541,0.5484,0.5406,0.5389,0.5355
3495.0000,0.5601,0.5592,0.5530,0.5475,0.5399,0.5381,0.5357
3500.0000,0.5601,0.5574,0.5526,0.5463,0.5395,0.5373,0.5357
3505.0000,0.5588,0.5566,0.5515,0.5457,0.5383,0.5379,0.5333
3510.0000,0.5570,0.5559,0.5507,0.5446,0.5381,0.5366,0.5345
3515.0000,0.5569,0.5543,0.5502,0.5434,0.5378,0.5359,0.5346
3520.0000,0.5555,0.5537,0.5490,0.5429,0.5367,0.5365,0.5324
3525.0000,0.5539,0.5532,0.5479,0.5420,0.5364,0.5356,0.5331
3530.0000,0.5539,0.5516,0.5475,0.5409,0.5365,0.5346,0.5337
3535.0000,0.5527,0.5511,0.5462,0.5405,0.5355,0.5353,0.5317
3540.0000,0.5512,0.5506,0.5451,0.5398,0.5352,0.5345,0.5327
3545.0000,0.5489,0.5504,0.5438,0.5393,0.5349,0.5340,0.5332
3550.0000,0.5500,0.5485,0.5432,0.5387,0.5341,0.5349,0.5307
3555.0000,0.5486,0.5478,0.5423,0.5381,0.5341,0.5339,0.5329
3560.0000,0.5463,0.5476,0.5412,0.5377,0.5337,0.5337,0.5335
3565.0000,0.5474,0.5458,0.5407,0.5373,0.5329,0.5349,0.5312
3570.0000,0.5460,0.5451,0.5399,0.5368,0.5329,0.5344,0.5329
3575.0000,0.5441,0.5447,0.5391,0.5364,0.5328,0.5343,0.5334
3580.0000,0.5448,0.5429,0.5390,0.5356,0.5330,0.5342,0.5338
3585.0000,0.5435,0.5424,0.5382,0.5354,0.5325,0.5352,0.5323
3590.0000,0.5418,0.5420,0.5376,0.5349,0.5329,0.5346,0.5333
3595.0000,0.5423,0.5404,0.5376,0.5341,0.5335,0.5343,0.5335
3600.0000,0.5412,0.5400,0.5368,0.5341,0.5332,0.5351,0.5320
3605.0000,0.5395,0.5399,0.5361,0.5339,0.5336,0.5345,0.5326
3610.0000,0.5401,0.5385,0.5361,0.5333,0.5343,0.5339,0.5329
3615.0000,0.5390,0.5384,0.5353,0.5336,0.5340,0.5344,0.5312
3620.0000,0.5378,0.5382,0.5347,0.5336,0.5343,0.5335,0.5324
3625.0000,0.5383,0.5370,0.5347,0.5332,0.5352,0.5318,0.5351
3630.0000,0.5373,0.5370,0.5339,0.5338,0.5344,0.5324,0.5356
3635.0000,0.5365,0.5363,0.5342,0.5329,0.5367,0.5269,0.5547
3640.0000,0.5368,0.5352,0.5346,0.5325,0.5376,0.5238,0.5792
3645.0000,0.5361,0.5353,0.5335,0.5339,0.5349,0.5278,0.6070
