150.0000,1.4964,1.5028,1.5011,1.5549,1.6564,1.5530,1.4863
155.0000,1.4996,1.5028,1.5027,1.5704,1.6567,1.5228,1.4659
160.0000,1.4975,1.5071,1.5025,1.5895,1.6476,1.4944,1.4432
165.0000,1.4947,1.5116,1.5044,1.6080,1.6334,1.4616,1.4349
170.0000,1.5015,1.5111,1.5108,1.6258,1.6101,1.4363,1.4212
175.0000,1.5015,1.5150,1.5177,1.6421,1.5804,1.4135,1.4159
180.0000,1.4989,1.5211,1.5262,1.6561,1.5433,1.4005,1.4045
185.0000,1.5083,1.5201,1.5426,1.6621,1.5058,1.3915,1.3969
190.0000,1.5120,1.5233,1.5604,1.6620,1.4682,1.3869,1.3937
195.0000,1.5174,1.5262,1.5815,1.6536,1.4335,1.3865,1.3924
200.0000,1.5227,1.5309,1.6038,1.6373,1.4038,1.3890,1.3932
205.0000,1.5308,1.5368,1.6252,1.6147,1.3779,1.3987,1.3839
210.0000,1.5408,1.5437,1.6457,1.5839,1.3634,1.4011,1.3934
215.0000,1.5492,1.5547,1.6605,1.5496,1.3556,1.4043,1.4018
220.0000,1.5560,1.5695,1.6668,1.5160,1.3496,1.4162,1.3921
225.0000,1.5672,1.5827,1.6686,1.4791,1.3561,1.4147,1.4104
230.0000,1.5752,1.5987,1.6600,1.4461,1.3646,1.4155,1.4232
235.0000,1.5858,1.6123,1.6435,1.4176,1.3751,1.4172,1.4349
240.0000,1.5896,1.6281,1.6161,1.3973,1.3830,1.4244,1.4409
245.0000,1.5921,1.6389,1.5839,1.3820,1.3929,1.4289,1.4536
250.0000,1.6081,1.6355,1.5528,1.3704,1.4036,1.4340,1.4668
255.0000,1.6089,1.6330,1.5163,1.3667,1.4105,1.4432,1.4788
260.0000,1.6017,1.6257,1.4801,1.3678,1.4167,1.4531,1.4944
265.0000,1.6081,1.6030,1.4518,1.3698,1.4234,1.4650,1.5092
270.0000,1.5973,1.5826,1.4238,1.3763,1.4280,1.4800,1.5240
275.0000,1.5832,1.5571,1.4027,1.3827,1.4353,1.4927,1.5499
280.0000,1.5714,1.5263,1.3888,1.3890,1.4432,1.5080,1.5774
285.0000,1.5545,1.4964,1.3791,1.3966,1.4498,1.5297,1.6028
290.0000,1.5300,1.4712,1.3725,1.4048,1.4572,1.5546,1.6290
295.0000,1.5079,1.4469,1.3711,1.4116,1.4676,1.5808,1.6589
300.0000,1.4844,1.4279,1.3712,1.4195,1.4781,1.6131,1.6839
305.0000,1.4658,1.4100,1.3761,1.4250,1.4945,1.6428,1.7182
310.0000,1.4462,1.3974,1.3818,1.4309,1.5132,1.6764,1.7462
315.0000,1.4285,1.3901,1.3873,1.4382,1.5335,1.7141,1.7655
320.0000,1.4137,1.3857,1.3949,1.4435,1.5627,1.7416,1.8072
325.0000,1.4017,1.3847,1.4021,1.4506,1.5941,1.7706,1.8447
330.0000,1.3979,1.3842,1.4088,1.4611,1.6243,1.8071,1.8674
335.0000,1.3931,1.3875,1.4145,1.4737,1.6580,1.8396,1.8938
340.0000,1.3893,1.3929,1.4196,1.4891,1.6935,1.8705,1.9162
345.0000,1.3923,1.3975,1.4249,1.5083,1.7278,1.9044,1.9230
350.0000,1.3913,1.4061,1.4291,1.5305,1.7644,1.9317,1.9276
355.0000,1.3918,1.4142,1.4353,1.5544,1.8035,1.9509,1.9280
395.0000,1.4576,1.4809,1.5708,1.8224,2.0273,1.7590,1.5598
400.0000,1.4653,1.5003,1.5952,1.8644,2.0171,1.6864,1.4800
405.0000,1.4809,1.5188,1.6233,1.9051,1.9931,1.6063,1.3967
410.0000,1.4897,1.5466,1.6492,1.9460,1.9525,1.5219,1.3112
415.0000,1.5052,1.5717,1.6819,1.9787,1.9033,1.4230,1.2553
420.0000,1.5329,1.5926,1.7189,2.0068,1.8335,1.3377,1.1802
425.0000,1.5553,1.6182,1.7578,2.0255,1.7533,1.2503,1.1216
430.0000,1.5746,1.6486,1.7961,2.0364,1.6570,1.1782,1.0473
435.0000,1.6066,1.6725,1.8416,2.0302,1.5592,1.1039,0.9949
440.0000,1.6363,1.6993,1.8869,2.0098,1.4570,1.0378,0.9516
445.0000,1.6665,1.7282,1.9302,1.9749,1.3526,0.9836,0.9080
450.0000,1.6876,1.7646,1.9662,1.9268,1.2491,0.9403,0.8674
455.0000,1.7242,1.7950,1.9996,1.8624,1.1529,0.9045,0.8308
460.0000,1.7618,1.8235,2.0264,1.7831,1.0687,0.8696,0.8133
465.0000,1.7986,1.8517,2.0418,1.6937,0.9935,0.8441,0.7934
470.0000,1.8241,1.8839,2.0405,1.5989,0.9266,0.8292,0.7653
475.0000,1.8528,1.9105,2.0270,1.4966,0.8773,0.8072,0.7647
480.0000,1.8786,1.9337,1.9957,1.3950,0.8361,0.7941,0.7542
485.0000,1.9005,1.9501,1.9487,1.2954,0.8056,0.7825,0.7444
490.0000,1.9111,1.9633,1.8831,1.2035,0.7807,0.7776,0.7252
495.0000,1.9211,1.9609,1.8093,1.1137,0.7723,0.7571,0.7389
500.0000,1.9320,1.9428,1.7256,1.0340,0.7660,0.7446,0.7431
505.0000,1.9252,1.9177,1.6301,0.9675,0.7597,0.7374,0.7461
510.0000,1.8994,1.8855,1.5261,0.9144,0.7525,0.7355,0.7460
515.0000,1.8858,1.8295,1.4267,0.8692,0.7471,0.7368,0.7427
520.0000,1.8444,1.7723,1.3240,0.8356,0.7422,0.7378,0.7433
525.0000,1.7954,1.7027,1.2278,0.8096,0.7377,0.7412,0.7393
530.0000,1.7513,1.6165,1.1443,0.7872,0.7371,0.7419,0.7378
535.0000,1.6920,1.5278,1.0684,0.7709,0.7363,0.7440,0.7326
540.0000,1.6129,1.4440,0.9989,0.7599,0.7368,0.7426,0.7344
545.0000,1.5429,1.3529,0.9436,0.7498,0.7394,0.7399,0.7354
550.0000,1.4627,1.2699,0.8942,0.7447,0.7396,0.7402,0.7316
555.0000,1.3990,1.1791,0.8612,0.7371,0.7442,0.7352,0.7353
560.0000,1.3134,1.1066,0.8294,0.7348,0.7451,0.7334,0.7355
565.0000,1.2341,1.0418,0.8035,0.7344,0.7448,0.7323,0.7355
570.0000,1.1566,0.9883,0.7807,0.7365,0.7426,0.7325,0.7347
575.0000,1.0943,0.9376,0.7651,0.7381,0.7407,0.7329,0.7335
580.0000,1.0351,0.8950,0.7532,0.7402,0.7377,0.7346,0.7300
585.0000,0.9779,0.8626,0.7431,0.7428,0.7350,0.7349,0.7300
590.0000,0.9251,0.8375,0.7351,0.7454,0.7321,0.7356,0.7290
595.0000,0.8926,0.8103,0.7338,0.7450,0.7315,0.7346,0.7285
600.0000,0.8618,0.7889,0.7339,0.7445,0.7301,0.7357,0.7238
605.0000,0.8359,0.7708,0.7367,0.7420,0.7317,0.7324,0.7258
610.0000,0.8130,0.7575,0.7395,0.7396,0.7327,0.7300,0.7257
615.0000,0.7996,0.7440,0.7443,0.7362,0.7339,0.7283,0.7235
620.0000,0.7772,0.7418,0.7442,0.7352,0.7340,0.7260,0.7241
625.0000,0.7647,0.7400,0.7440,0.7344,0.7335,0.7244,0.7236
630.0000,0.7488,0.7455,0.7392,0.7362,0.7305,0.7250,0.7212
635.0000,0.7448,0.7457,0.7377,0.7363,0.7291,0.7239,0.7211
640.0000,0.7457,0.7432,0.7377,0.7355,0.7282,0.7225,0.7211
645.0000,0.7439,0.7426,0.7367,0.7355,0.7261,0.7229,0.7189
650.0000,0.7420,0.7420,0.7361,0.7349,0.7248,0.7220,0.7191
655.0000,0.7424,0.7400,0.7364,0.7337,0.7239,0.7212,0.7188
660.0000,0.7411,0.7394,0.7358,0.7332,0.7219,0.7221,0.7154
665.0000,0.7395,0.7388,0.7357,0.7318,0.7216,0.7205,0.7169
670.0000,0.7397,0.7373,0.7361,0.7301,0.7212,0.7195,0.7168
675.0000,0.7386,0.7370,0.7354,0.7292,0.7199,0.7203,0.7133
680.0000,0.7370,0.7370,0.7348,0.7277,0.7197,0.7189,0.7141
685.0000,0.7375,0.7358,0.7348,0.7259,0.7201,0.7171,0.7149
690.0000,0.7365,0.7359,0.7335,0.7252,0.7189,0.7176,0.7119
695.0000,0.7353,0.7360,0.7323,0.7241,0.7188,0.7161,0.7131
700.0000,0.7325,0.7367,0.7305,0.7235,0.7182,0.7150,0.7137
705.0000,0.7348,0.7350,0.7296,0.7228,0.7170,0.7158,0.7105
710.0000,0.7336,0.7348,0.7280,0.7221,0.7167,0.7143,0.7131
715.0000,0.7317,0.7347,0.7264,0.7218,0.7158,0.7138,0.7139
720.0000,0.7333,0.7325,0.7258,0.7209,0.7152,0.7136,0.7144
725.0000,0.7320,0.7319,0.7243,0.7209,0.7137,0.7149,0.7130
730.0000,0.7300,0.7313,0.7232,0.7202,0.7132,0.7147,0.7142
735.0000,0.7310,0.7288,0.7232,0.7191,0.7131,0.7147,0.7147
740.0000,0.7296,0.7280,0.7222,0.7187,0.7121,0.7163,0.7129
745.0000,0.7274,0.7273,0.7216,0.7177,0.7124,0.7158,0.7146
750.0000,0.7280,0.7251,0.7219,0.7163,0.7131,0.7155,0.7154
755.0000,0.7265,0.7245,0.7210,0.7158,0.7128,0.7169,0.7137
760.0000,0.7244,0.7242,0.7202,0.7150,0.7135,0.7164,0.7151
765.0000,0.7250,0.7225,0.7201,0.7140,0.7145,0.7160,0.7160
770.0000,0.7235,0.7224,0.7188,0.7139,0.7143,0.7171,0.7144
775.0000,0.7216,0.7225,0.7176,0.7138,0.7149,0.7169,0.7153
780.0000,0.7223,0.7211,0.7172,0.7134,0.7156,0.7166,0.7156
785.0000,0.7210,0.7211,0.7156,0.7141,0.7151,0.7181,0.7127
790.0000,0.7193,0.7209,0.7146,0.7142,0.7158,0.7171,0.7141
795.0000,0.7203,0.7191,0.7145,0.7141,0.7166,0.7163,0.7144
800.0000,0.7192,0.7188,0.7135,0.7149,0.7160,0.7174,0.7113
805.0000,0.7178,0.7183,0.7131,0.7152,0.7165,0.7161,0.7124
810.0000,0.7184,0.7165,0.7135,0.7151,0.7172,0.7146,0.7133
815.0000,0.7174,0.7160,0.7131,0.7159,0.7165,0.7152,0.7108
820.0000,0.7161,0.7157,0.7131,0.7163,0.7165,0.7140,0.7122
825.0000,0.7135,0.7162,0.7127,0.7169,0.7160,0.7133,0.7128
830.0000,0.7153,0.7147,0.7133,0.7174,0.7148,0.7144,0.7098
835.0000,0.7141,0.7149,0.7134,0.7177,0.7145,0.7134,0.7121
840.0000,0.7123,0.7154,0.7134,0.7180,0.7137,0.7133,0.7125
845.0000,0.7141,0.7142,0.7145,0.7177,0.7132,0.7133,0.7124
850.0000,0.7132,0.7149,0.7144,0.7181,0.7119,0.7147,0.7101
855.0000,0.7123,0.7152,0.7150,0.7175,0.7119,0.7141,0.7108
860.0000,0.7141,0.7141,0.7163,0.7165,0.7122,0.7135,0.7105
865.0000,0.7139,0.7145,0.7166,0.7162,0.7117,0.7144,0.7074
870.0000,0.7129,0.7152,0.7169,0.7153,0.7122,0.7132,0.7074
875.0000,0.7145,0.7145,0.7179,0.7140,0.7134,0.7113,0.7075
880.0000,0.7143,0.7154,0.7175,0.7138,0.7131,0.7112,0.7045
885.0000,0.7129,0.7167,0.7168,0.7134,0.7134,0.7092,0.7047
890.0000,0.7150,0.7161,0.7170,0.7128,0.7139,0.7070,0.7047
895.0000,0.7147,0.7171,0.7158,0.7133,0.7129,0.7064,0.7026
900.0000,0.7139,0.7180,0.7146,0.7136,0.7121,0.7048,0.7029
905.0000,0.7158,0.7171,0.7143,0.7137,0.7112,0.7035,0.7027
910.0000,0.7152,0.7178,0.7129,0.7146,0.7089,0.7039,0.7002
915.0000,0.7144,0.7179,0.7122,0.7148,0.7076,0.7026,0.7014
920.0000,0.7160,0.7163,0.7126,0.7145,0.7063,0.7018,0.7020
925.0000,0.7156,0.7160,0.7123,0.7147,0.7038,0.7029,0.6997
930.0000,0.7146,0.7157,0.7124,0.7141,0.7026,0.7024,0.7014
935.0000,0.7155,0.7141,0.7134,0.7127,0.7018,0.7020,0.7026
940.0000,0.7149,0.7137,0.7136,0.7119,0.7002,0.7038,0.7006
945.0000,0.7141,0.7134,0.7140,0.7104,0.6998,0.7037,0.7024
950.0000,0.7119,0.7140,0.7139,0.7089,0.6996,0.7040,0.7036
955.0000,0.7137,0.7130,0.7143,0.7075,0.6989,0.7062,0.7004
960.0000,0.7128,0.7134,0.7140,0.7057,0.6998,0.7055,0.7034
965.0000,0.7113,0.7141,0.7131,0.7043,0.7006,0.7055,0.7047
970.0000,0.7130,0.7133,0.7128,0.7026,0.7018,0.7054,0.7057
975.0000,0.7121,0.7141,0.7110,0.7021,0.7019,0.7068,0.7042
980.0000,0.7109,0.7146,0.7094,0.7014,0.7031,0.7063,0.7061
985.0000,0.7128,0.7131,0.7086,0.7006,0.7044,0.7060,0.7072
990.0000,0.7120,0.7131,0.7065,0.7010,0.7045,0.7073,0.7063
995.0000,0.7102,0.7132,0.7046,0.7013,0.7052,0.7071,0.7082
1000.0000,0.7118,0.7110,0.7039,0.7013,0.7060,0.7071,0.7097
1005.0000,0.7107,0.7104,0.7023,0.7023,0.7057,0.7086,0.7093
1010.0000,0.7088,0.7098,0.7010,0.7032,0.7060,0.7092,0.7111
1015.0000,0.7095,0.7076,0.7009,0.7036,0.7064,0.7100,0.7123
1020.0000,0.7080,0.7068,0.7001,0.7047,0.7059,0.7122,0.7114
1025.0000,0.7061,0.7060,0.6999,0.7053,0.7064,0.7130,0.7129
1030.0000,0.7065,0.7039,0.7008,0.7054,0.7073,0.7138,0.7138
1035.0000,0.7053,0.7032,0.7010,0.7061,0.7073,0.7163,0.7112
1040.0000,0.7038,0.7026,0.7018,0.7060,0.7089,0.7160,0.7132
1045.0000,0.7039,0.7013,0.7030,0.7058,0.7106,0.7159,0.7137
1050.0000,0.7029,0.7015,0.7033,0.7064,0.7112,0.7175,0.7105
1055.0000,0.7015,0.7021,0.7037,0.7066,0.7130,0.7164,0.7118
1060.0000,0.7022,0.7016,0.7047,0.7066,0.7150,0.7149,0.7128
1065.0000,0.7018,0.7025,0.7046,0.7077,0.7153,0.7155,0.7100
1070.0000,0.7011,0.7034,0.7045,0.7087,0.7163,0.7139,0.7115
1075.0000,0.6989,0.7053,0.7039,0.7101,0.7167,0.7128,0.7123
1080.0000,0.7021,0.7046,0.7044,0.7115,0.7160,0.7134,0.7097
1085.0000,0.7018,0.7055,0.7044,0.7128,0.7159,0.7118,0.7128
1090.0000,0.7009,0.7065,0.7044,0.7143,0.7151,0.7115,0.7143
1095.0000,0.7036,0.7055,0.7056,0.7153,0.7142,0.7116,0.7158
1100.0000,0.7031,0.7065,0.7058,0.7167,0.7123,0.7134,0.7159
1105.0000,0.7027,0.7070,0.7068,0.7174,0.7112,0.7143,0.7180
1110.0000,0.7050,0.7060,0.7089,0.7172,0.7106,0.7156,0.7199
1115.0000,0.7052,0.7064,0.7102,0.7173,0.7093,0.7186,0.7198
1120.0000,0.7044,0.7074,0.7117,0.7167,0.7094,0.7202,0.7223
1125.0000,0.7064,0.7069,0.7139,0.7153,0.7104,0.7217,0.7244
1130.0000,0.7066,0.7080,0.7149,0.7145,0.7108,0.7250,0.7235
1135.0000,0.7067,0.7092,0.7160,0.7131,0.7128,0.7261,0.7263
1140.0000,0.7083,0.7096,0.7172,0.7116,0.7154,0.7269,0.7285
1145.0000,0.7086,0.7113,0.7169,0.7111,0.7170,0.7295,0.7274
1150.0000,0.7087,0.7129,0.7165,0.7105,0.7200,0.7297,0.7304
1155.0000,0.7108,0.7133,0.7163,0.7102,0.7229,0.7301,0.7324
1160.0000,0.7109,0.7151,0.7145,0.7113,0.7243,0.7323,0.7313
1165.0000,0.7107,0.7164,0.7129,0.7124,0.7266,0.7325,0.7339
1170.0000,0.7131,0.7158,0.7123,0.7135,0.7288,0.7330,0.7354
1175.0000,0.7132,0.7164,0.7106,0.7159,0.7294,0.7353,0.7341
1180.0000,0.7122,0.7169,0.7094,0.7181,0.7308,0.7356,0.7367
1185.0000,0.7143,0.7152,0.7097,0.7199,0.7323,0.7359,0.7387
1190.0000,0.7139,0.7148,0.7094,0.7225,0.7324,0.7382,0.7376
1195.0000,0.7133,0.7142,0.7100,0.7245,0.7334,0.7387,0.7405
1200.0000,0.7114,0.7141,0.7109,0.7265,0.7343,0.7393,0.7435
1205.0000,0.7134,0.7123,0.7128,0.7283,0.7343,0.7421,0.7424
1210.0000,0.7126,0.7121,0.7148,0.7295,0.7357,0.7422,0.7488
1215.0000,0.7113,0.7126,0.7166,0.7308,0.7366,0.7434,0.7544
1220.0000,0.7127,0.7120,0.7196,0.7312,0.7387,0.7433,0.7646
1225.0000,0.7121,0.7135,0.7210,0.7328,0.7385,0.7474,0.7734
1230.0000,0.7112,0.7155,0.7223,0.7343,0.7386,0.7521,0.7864
1235.0000,0.7136,0.7162,0.7243,0.7354,0.7386,0.7594,0.8011
1240.0000,0.7139,0.7185,0.7252,0.7371,0.7381,0.7699,0.8177
1245.0000,0.7129,0.7215,0.7260,0.7383,0.7388,0.7817,0.8409
1250.0000,0.7167,0.7220,0.7278,0.7393,0.7394,0.7992,0.8619
1255.0000,0.7178,0.7240,0.7290,0.7400,0.7417,0.8195,0.8858
1260.0000,0.7189,0.7254,0.7309,0.7395,0.7474,0.8405,0.9177
1265.0000,0.7220,0.7254,0.7339,0.7381,0.7564,0.8637,0.9548
1270.0000,0.7233,0.7269,0.7353,0.7380,0.7659,0.8942,0.9900
1275.0000,0.7247,0.7279,0.7372,0.7372,0.7800,0.9255,1.0345
1280.0000,0.7267,0.7283,0.7394,0.7362,0.7990,0.9578,1.0894
1285.0000,0.7280,0.7299,0.7397,0.7381,0.8180,0.9998,1.1426
1290.0000,0.7285,0.7324,0.7385,0.7423,0.8388,1.0499,1.1910
1295.0000,0.7306,0.7327,0.7398,0.7448,0.8701,1.0925,1.2663
1300.0000,0.7313,0.7350,0.7381,0.7526,0.8998,1.1492,1.3364
1305.0000,0.7306,0.7376,0.7367,0.7619,0.9356,1.2066,1.4277
1310.0000,0.7332,0.7395,0.7335,0.7779,0.9670,1.2875,1.4911
1315.0000,0.7331,0.7420,0.7318,0.7947,1.0075,1.3672,1.5658
1320.0000,0.7334,0.7427,0.7335,0.8117,1.0583,1.4441,1.6614
1325.0000,0.7332,0.7428,0.7375,0.8311,1.1160,1.5252,1.7609
1330.0000,0.7379,0.7411,0.7435,0.8550,1.1763,1.6188,1.8484
1335.0000,0.7393,0.7416,0.7504,0.8832,1.2418,1.7197,1.9193
1340.0000,0.7422,0.7405,0.7632,0.9107,1.3233,1.8059,2.0190
1345.0000,0.7433,0.7425,0.7767,0.9441,1.4093,1.8956,2.1122
1350.0000,0.7453,0.7473,0.7905,0.9850,1.4971,1.9919,2.1931
1355.0000,0.7456,0.7563,0.8048,1.0331,1.5880,2.0899,2.2580
1395.0000,0.8396,0.9039,1.0570,1.6444,2.3667,2.6050,2.6260
1400.0000,0.8635,0.9357,1.1138,1.7448,2.4438,2.6342,2.6300
1405.0000,0.8950,0.9681,1.1804,1.8448,2.5152,2.6501,2.6306
1410.0000,0.9273,1.0074,1.2520,1.9474,2.5733,2.6634,2.6118
1415.0000,0.9611,1.0531,1.3314,2.0465,2.6273,2.6558,2.6120
1420.0000,1.0021,1.1039,1.4161,2.1449,2.6660,2.6490,2.5903
1425.0000,1.0484,1.1601,1.5066,2.2395,2.6931,2.6372,2.5586
1430.0000,1.0828,1.2344,1.5947,2.3320,2.7074,2.6192,2.5221
1435.0000,1.1480,1.2996,1.6954,2.4118,2.7181,2.5867,2.4942
1440.0000,1.2170,1.3691,1.7985,2.4849,2.7149,2.5571,2.4498
1445.0000,1.2889,1.4436,1.9036,2.5477,2.7049,2.5200,2.4078
1450.0000,1.3362,1.5398,1.9989,2.6053,2.6829,2.4823,2.3589
1455.0000,1.4240,1.6246,2.0991,2.6500,2.6543,2.4446,2.2970
1460.0000,1.5138,1.7095,2.1995,2.6796,2.6279,2.3882,2.2711
1465.0000,1.6047,1.7978,2.2927,2.7016,2.5900,2.3417,2.2220
1470.0000,1.6878,1.8914,2.3773,2.7141,2.5475,2.2941,2.1725
1475.0000,1.7617,1.9953,2.4471,2.7210,2.4972,2.2503,2.1170
1480.0000,1.8641,2.0800,2.5192,2.7111,2.4538,2.1926,2.0873
1485.0000,1.9540,2.1673,2.5772,2.6970,2.4015,2.1468,2.0423
1490.0000,2.0426,2.2499,2.6255,2.6751,2.3477,2.1031,1.9970
1495.0000,2.1044,2.3418,2.6551,2.6503,2.2908,2.0622,1.9523
1500.0000,2.2001,2.4072,2.6862,2.6121,2.2427,2.0119,1.9252
1505.0000,2.2855,2.4655,2.7059,2.5711,2.1902,1.9728,1.8888
1510.0000,2.3562,2.5193,2.7142,2.5261,2.1397,1.9339,1.8601
1515.0000,2.4207,2.5640,2.7134,2.4779,2.0903,1.8992,1.8310
1520.0000,2.4648,2.6112,2.6964,2.4317,2.0385,1.8723,1.7973
1525.0000,2.5190,2.6361,2.6799,2.3779,1.9966,1.8375,1.7867
1530.0000,2.5635,2.6515,2.6558,2.3246,1.9537,1.8131,1.7649
1535.0000,2.5965,2.6590,2.6248,2.2713,1.9132,1.7934,1.7408
1540.0000,2.6058,2.6681,2.5829,2.2206,1.8755,1.7746,1.7221
1545.0000,2.6277,2.6566,2.5442,2.1657,1.8469,1.7509,1.7150
1550.0000,2.6326,2.6437,2.4968,2.1162,1.8159,1.7382,1.6958
1555.0000,2.6327,2.6204,2.4495,2.0662,1.7921,1.7211,1.6903
1560.0000,2.6256,2.5897,2.4009,2.0181,1.7716,1.7061,1.6841
1565.0000,2.6054,2.5594,2.3467,1.9759,1.7500,1.6981,1.6710
1570.0000,2.5775,2.5257,2.2913,1.9366,1.7319,1.6893,1.6629
1575.0000,2.5506,2.4838,2.2384,1.8991,1.7177,1.6800,1.6561
1580.0000,2.5236,2.4355,2.1875,1.8649,1.7041,1.6756,1.6396
1585.0000,2.4803,2.3919,2.1350,1.8341,1.6951,1.6641,1.6420
1590.0000,2.4313,2.3483,2.0829,1.8079,1.6856,1.6564,1.6377
1595.0000,2.3975,2.2947,2.0378,1.7826,1.6789,1.6481,1.6337
1600.0000,2.3559,2.2429,1.9938,1.7616,1.6709,1.6437,1.6251
1605.0000,2.2982,2.1988,1.9495,1.7443,1.6644,1.6358,1.6253
1610.0000,2.2589,2.1460,1.9132,1.7275,1.6588,1.6297,1.6227
1615.0000,2.2090,2.1012,1.8760,1.7156,1.6507,1.6274,1.6168
1620.0000,2.1696,2.0511,1.8467,1.7027,1.6457,1.6223,1.6162
1625.0000,2.1240,2.0056,1.8198,1.6917,1.6406,1.6181,1.6156
1630.0000,2.0733,1.9687,1.7922,1.6845,1.6328,1.6180,1.6109
1635.0000,2.0226,1.9360,1.7671,1.6780,1.6264,1.6164,1.6112
1640.0000,1.9890,1.8980,1.7494,1.6698,1.6224,1.6141,1.6119
1645.0000,1.9547,1.8635,1.7337,1.6630,1.6169,1.6163,1.6059
1650.0000,1.9143,1.8363,1.7188,1.6561,1.6144,1.6135,1.6118
1655.0000,1.8850,1.8074,1.7084,1.6484,1.6130,1.6117,1.6160
1660.0000,1.8537,1.7852,1.6966,1.6433,1.6089,1.6154,1.6132
1665.0000,1.8312,1.7608,1.6896,1.6358,1.6094,1.6138,1.6225
1670.0000,1.8054,1.7419,1.6819,1.6298,1.6092,1.6146,1.6302
1675.0000,1.7793,1.7293,1.6717,1.6267,1.6064,1.6208,1.6323
1680.0000,1.7545,1.7196,1.6618,1.6234,1.6061,1.6237,1.6468
1685.0000,1.7347,1.7095,1.6533,1.6206,1.6059,1.6295,1.6596
1690.0000,1.7267,1.6953,1.6478,1.6176,1.6056,1.6400,1.6680
1695.0000,1.7115,1.6863,1.6412,1.6150,1.6077,1.6479,1.6896
1700.0000,1.6966,1.6785,1.6351,1.6130,1.6103,1.6592,1.7118
1705.0000,1.6913,1.6672,1.6312,1.6114,1.6123,1.6775,1.7277
1710.0000,1.6787,1.6612,1.6256,1.6109,1.6160,1.6971,1.7466
1715.0000,1.6669,1.6555,1.6212,1.6100,1.6227,1.7176,1.7674
1720.0000,1.6638,1.6462,1.6196,1.6084,1.6323,1.7404,1.7850
1725.0000,1.6560,1.6406,1.6167,1.6084,1.6434,1.7665,1.7961
1730.0000,1.6459,1.6367,1.6139,1.6087,1.6583,1.7916,1.8012
1735.0000,1.6439,1.6291,1.6144,1.6077,1.6793,1.8118,1.8030
1740.0000,1.6376,1.6255,1.6126,1.6100,1.7008,1.8329,1.7885
1745.0000,1.6323,1.6214,1.6128,1.6113,1.7302,1.8397,1.7803
1750.0000,1.6302,1.6157,1.6149,1.6129,1.7650,1.8335,1.7732
1755.0000,1.6255,1.6143,1.6126,1.6221,1.7926,1.8309,1.7425
1760.0000,1.6205,1.6137,1.6109,1.6333,1.8229,1.8108,1.7259
1765.0000,1.6191,1.6125,1.6093,1.6490,1.8484,1.7838,1.7047
1770.0000,1.6151,1.6149,1.6049,1.6723,1.8627,1.7574,1.6719
1775.0000,1.6091,1.6182,1.6022,1.6971,1.8748,1.7131,1.6749
1780.0000,1.6126,1.6174,1.6025,1.7262,1.8734,1.6741,1.6751
1785.0000,1.6091,1.6220,1.6016,1.7601,1.8572,1.6414,1.6850
1790.0000,1.6015,1.6295,1.6026,1.7958,1.8274,1.6186,1.7058
1795.0000,1.6117,1.6266,1.6137,1.8274,1.7870,1.6109,1.7335
1800.0000,1.6113,1.6301,1.6282,1.8541,1.7411,1.6122,1.7886
1805.0000,1.6120,1.6333,1.6491,1.8736,1.6893,1.6354,1.8495
1810.0000,1.6090,1.6405,1.6729,1.8870,1.6303,1.6925,1.8926
1815.0000,1.6258,1.6377,1.7108,1.8810,1.5885,1.7524,1.9633
1820.0000,1.6354,1.6413,1.7507,1.8626,1.5585,1.8281,2.0363
1825.0000,1.6469,1.6480,1.7923,1.8307,1.5469,1.9140,2.1123
1830.0000,1.6556,1.6612,1.8294,1.7906,1.5514,2.0165,2.1667
1835.0000,1.6742,1.6736,1.8648,1.7398,1.5833,2.1162,2.2165
1840.0000,1.6960,1.6891,1.8936,1.6817,1.6472,2.1975,2.2827
1845.0000,1.7009,1.7179,1.9045,1.6285,1.7312,2.2718,2.3346
1850.0000,1.7194,1.7450,1.9001,1.5870,1.8236,2.3520,2.3438
1855.0000,1.7399,1.7706,1.8838,1.5536,1.9394,2.3972,2.3757
1860.0000,1.7535,1.7978,1.8509,1.5385,2.0621,2.4241,2.3966
1865.0000,1.7678,1.8219,1.8014,1.5501,2.1742,2.4514,2.3791
1870.0000,1.7651,1.8464,1.7412,1.5832,2.2858,2.4473,2.3841
1875.0000,1.7902,1.8466,1.6845,1.6369,2.3842,2.4322,2.3750
1880.0000,1.7874,1.8514,1.6205,1.7174,2.4582,2.4129,2.3532
1885.0000,1.7768,1.8445,1.5664,1.8144,2.5119,2.3844,2.3298
1890.0000,1.7944,1.8083,1.5372,1.9187,2.5448,2.3524,2.2991
1895.0000,1.7780,1.7811,1.5187,2.0323,2.5548,2.3150,2.2773
1900.0000,1.7565,1.7480,1.5233,2.1458,2.5430,2.2814,2.2475
1905.0000,1.7501,1.7029,1.5588,2.2498,2.5149,2.2520,2.2141
1910.0000,1.7263,1.6715,1.6133,2.3433,2.4743,2.2213,2.1929
1915.0000,1.7125,1.6432,1.6916,2.4202,2.4230,2.2003,2.1578
1920.0000,1.6924,1.6310,1.7864,2.4772,2.3700,2.1770,2.1350
1925.0000,1.6848,1.6302,1.8949,2.5134,2.3153,2.1601,2.1078
1930.0000,1.6863,1.6473,2.0093,2.5287,2.2646,2.1432,2.0863
1935.0000,1.7040,1.6801,2.1245,2.5241,2.2209,2.1253,2.0687
1940.0000,1.7101,1.7422,2.2249,2.5094,2.1758,2.1197,2.0294
1945.0000,1.7500,1.8059,2.3229,2.4737,2.1504,2.0921,2.0407
1950.0000,1.7792,1.8948,2.3962,2.4348,2.1248,2.0734,2.0406
1955.0000,1.8343,1.9854,2.4515,2.3924,2.0993,2.0672,2.0205
1960.0000,1.9021,2.0736,2.4913,2.3439,2.0852,2.0492,2.0326
1965.0000,1.9710,2.1617,2.5093,2.2987,2.0701,2.0408,2.0317
1970.0000,2.0478,2.2393,2.5119,2.2550,2.0580,2.0348,2.0307
1975.0000,2.1010,2.3228,2.4894,2.2208,2.0425,2.0365,2.0236
1980.0000,2.1740,2.3775,2.4647,2.1848,2.0356,2.0320,2.0281
1985.0000,2.2501,2.4101,2.4359,2.1511,2.0317,2.0290,2.0309
1990.0000,2.3002,2.4372,2.3958,2.1252,2.0253,2.0322,2.0273
1995.0000,2.3268,2.4566,2.3502,2.1039,2.0219,2.0317,2.0340
2000.0000,2.3733,2.4465,2.3131,2.0816,2.0234,2.0299,2.0422
2005.0000,2.3955,2.4313,2.2733,2.0654,2.0222,2.0341,2.0443
2010.0000,2.4023,2.4088,2.2359,2.0514,2.0241,2.0349,2.0571
2015.0000,2.4020,2.3788,2.2017,2.0405,2.0258,2.0383,2.0695
2020.0000,2.3895,2.3480,2.1682,2.0342,2.0249,2.0477,2.0778
2025.0000,2.3660,2.3174,2.1374,2.0299,2.0259,2.0554,2.0955
2030.0000,2.3458,2.2810,2.1133,2.0256,2.0292,2.0633,2.1197
2035.0000,2.3157,2.2507,2.0886,2.0261,2.0284,2.0807,2.1379
2040.0000,2.2868,2.2184,2.0704,2.0250,2.0328,2.0937,2.1779
2045.0000,2.2603,2.1854,2.0568,2.0248,2.0365,2.1154,2.2146
2050.0000,2.2285,2.1591,2.0436,2.0272,2.0390,2.1459,2.2503
2055.0000,2.1988,2.1333,2.0365,2.0260,2.0507,2.1683,2.3289
2060.0000,2.1771,2.1072,2.0328,2.0259,2.0616,2.2045,2.4087
2065.0000,2.1530,2.0862,2.0291,2.0284,2.0709,2.2575,2.4912
2070.0000,2.1243,2.0747,2.0219,2.0357,2.0769,2.3350,2.5443
2075.0000,2.0946,2.0671,2.0180,2.0393,2.0968,2.4068,2.6331
2080.0000,2.0857,2.0535,2.0187,2.0427,2.1214,2.4959,2.7087
2085.0000,2.0697,2.0465,2.0196,2.0452,2.1585,2.5866,2.7939
2090.0000,2.0584,2.0377,2.0253,2.0442,2.2133,2.6715,2.8987
2095.0000,2.0535,2.0286,2.0321,2.0456,2.2771,2.7648,2.9964
2100.0000,2.0480,2.0234,2.0363,2.0528,2.3470,2.8691,3.0799
2105.0000,2.0398,2.0229,2.0376,2.0668,2.4241,2.9812,3.1341
2110.0000,2.0363,2.0212,2.0417,2.0824,2.5199,3.0765,3.1931
2115.0000,2.0325,2.0237,2.0421,2.1087,2.6198,3.1737,3.2184
2155.0000,2.0508,2.0773,2.1175,2.6902,3.4488,3.1736,2.9235
2160.0000,2.0573,2.0926,2.1525,2.8121,3.4786,3.0848,2.8213
2165.0000,2.0587,2.1165,2.1961,2.9387,3.4785,2.9847,2.7090
2170.0000,2.0828,2.1324,2.2608,3.0575,3.4574,2.8632,2.6153
2175.0000,2.0982,2.1626,2.3332,3.1739,3.4029,2.7425,2.5188
2180.0000,2.1136,2.2023,2.4165,3.2817,3.3153,2.6337,2.3929
2185.0000,2.1136,2.2594,2.5081,3.3746,3.2037,2.5268,2.2685
2190.0000,2.1800,2.2939,2.6286,3.4357,3.0838,2.4139,2.1534
2195.0000,2.2387,2.3376,2.7608,3.4669,2.9600,2.2888,2.0835
2200.0000,2.3101,2.3868,2.8987,3.4721,2.8226,2.1829,1.9952
2205.0000,2.3548,2.4637,3.0259,3.4548,2.6767,2.0897,1.9096
2210.0000,2.4163,2.5496,3.1464,3.4104,2.5325,2.0031,1.8335
2215.0000,2.4973,2.6389,3.2575,3.3383,2.3973,1.9169,1.7827
2220.0000,2.5662,2.7448,3.3442,3.2494,2.2628,1.8491,1.7277
2225.0000,2.6409,2.8576,3.4062,3.1443,2.1353,1.7942,1.6741
2230.0000,2.7409,2.9555,3.4525,3.0186,2.0276,1.7361,1.6475
2235.0000,2.8317,3.0532,3.4683,2.8867,1.9259,1.6968,1.6091
2240.0000,2.9248,3.1385,3.4589,2.7485,1.8372,1.6665,1.5678
2245.0000,2.9847,3.2268,3.4155,2.6108,1.7625,1.6366,1.5382
2250.0000,3.0782,3.2763,3.3611,2.4661,1.7107,1.5986,1.5245
2255.0000,3.1481,3.3132,3.2792,2.3317,1.6622,1.5771,1.4915
2260.0000,3.2028,3.3279,3.1804,2.2027,1.6289,1.5483,1.4754
2265.0000,3.2446,3.3188,3.0675,2.0832,1.6052,1.5182,1.4629
2270.0000,3.2518,3.3025,2.9330,1.9826,1.5795,1.4985,1.4394
2275.0000,3.2437,3.2625,2.7936,1.8924,1.5627,1.4702,1.4395
2280.0000,3.2398,3.1903,2.6564,1.8145,1.5448,1.4525,1.4227
2285.0000,3.2023,3.1098,2.5148,1.7516,1.5269,1.4355,1.4102
2290.0000,3.1446,3.0161,2.3763,1.7018,1.5062,1.4253,1.3848
2295.0000,3.0838,2.9016,2.2516,1.6575,1.4907,1.4093,1.3681
2300.0000,2.9914,2.7925,2.1286,1.6259,1.4709,1.3978,1.3449
2305.0000,2.8919,2.6743,2.0206,1.5980,1.4542,1.3824,1.3260
2310.0000,2.8104,2.5377,1.9353,1.5692,1.4426,1.3623,1.3090
2315.0000,2.7025,2.4100,1.8589,1.5462,1.4279,1.3462,1.2825
2320.0000,2.5812,2.2949,1.7908,1.5261,1.4156,1.3212,1.2778
2325.0000,2.4585,2.1895,1.7310,1.5101,1.3991,1.3021,1.2621
2330.0000,2.3543,2.0854,1.6839,1.4940,1.3823,1.2838,1.2453
2335.0000,2.2616,1.9842,1.6487,1.4768,1.3661,1.2651,1.2294
2340.0000,2.1512,1.9071,1.6123,1.4638,1.3467,1.2474,1.2170
2345.0000,2.0580,1.8369,1.5820,1.4512,1.3253,1.2333,1.2009
2350.0000,1.9649,1.7832,1.5515,1.4407,1.3018,1.2216,1.1839
2355.0000,1.8888,1.7317,1.5286,1.4268,1.2815,1.2069,1.1733
2360.0000,1.8297,1.6811,1.5123,1.4101,1.2624,1.1938,1.1604
2365.0000,1.7679,1.6432,1.4945,1.3946,1.2418,1.1845,1.1429
2370.0000,1.7273,1.6009,1.4848,1.3737,1.2269,1.1706,1.1315
2375.0000,1.6811,1.5679,1.4745,1.3520,1.2141,1.1550,1.1231
2380.0000,1.6378,1.5430,1.4612,1.3322,1.1993,1.1444,1.1081
2385.0000,1.6009,1.5218,1.4474,1.3116,1.1873,1.1302,1.1006
2390.0000,1.5717,1.5023,1.4328,1.2917,1.1754,1.1177,1.0909
2395.0000,1.5461,1.4851,1.4162,1.2732,1.1626,1.1077,1.0778
2400.0000,1.5120,1.4768,1.3943,1.2573,1.1500,1.0958,1.0716
2405.0000,1.4982,1.4595,1.3763,1.2403,1.1386,1.0850,1.0635
2410.0000,1.4785,1.4468,1.3545,1.2264,1.1250,1.0776,1.0516
2415.0000,1.4653,1.4284,1.3362,1.2109,1.1143,1.0674,1.0454
2420.0000,1.4507,1.4092,1.3186,1.1958,1.1042,1.0574,1.0400
2425.0000,1.4315,1.3932,1.2988,1.1832,1.0921,1.0512,1.0300
2430.0000,1.4118,1.3769,1.2798,1.1706,1.0814,1.0437,1.0241
2435.0000,1.3956,1.3578,1.2631,1.1574,1.0722,1.0357,1.0195
2440.0000,1.3815,1.3370,1.2477,1.1448,1.0623,1.0310,1.0092
2445.0000,1.3610,1.3200,1.2316,1.1327,1.0543,1.0228,1.0091
2450.0000,1.3393,1.3041,1.2154,1.1216,1.0456,1.0174,1.0048
2455.0000,1.3260,1.2844,1.2022,1.1095,1.0387,1.0115,1.0016
2460.0000,1.3104,1.2661,1.1888,1.0986,1.0310,1.0081,0.9957
2465.0000,1.2889,1.2514,1.1746,1.0883,1.0247,1.0028,0.9951
2470.0000,1.2748,1.2342,1.1623,1.0779,1.0188,0.9992,0.9922
2475.0000,1.2562,1.2210,1.1482,1.0695,1.0118,0.9979,0.9870
2480.0000,1.2400,1.2066,1.1359,1.0603,1.0073,0.9940,0.9866
2485.0000,1.2275,1.1905,1.1252,1.0510,1.0035,0.9909,0.9851
2490.0000,1.2105,1.1785,1.1127,1.0439,0.9984,0.9905,0.9803
2495.0000,1.1967,1.1648,1.1021,1.0360,0.9954,0.9877,0.9792
2500.0000,1.1849,1.1503,1.0928,1.0281,0.9936,0.9844,0.9786
2505.0000,1.1701,1.1389,1.0821,1.0222,0.9903,0.9838,0.9741
2510.0000,1.1543,1.1287,1.0716,1.0165,0.9884,0.9809,0.9744
2515.0000,1.1445,1.1160,1.0632,1.0107,0.9870,0.9783,0.9736
2520.0000,1.1327,1.1053,1.0539,1.0066,0.9843,0.9781,0.9689
2525.0000,1.1198,1.0955,1.0454,1.0024,0.9830,0.9751,0.9700
2530.0000,1.1106,1.0842,1.0383,0.9985,0.9816,0.9730,0.9691
2535.0000,1.0987,1.0758,1.0300,0.9963,0.9786,0.9734,0.9644
2540.0000,1.0876,1.0673,1.0230,0.9937,0.9771,0.9713,0.9645
2545.0000,1.0800,1.0570,1.0180,0.9906,0.9762,0.9688,0.9645
2550.0000,1.0701,1.0494,1.0120,0.9891,0.9734,0.9691,0.9598
2555.0000,1.0604,1.0421,1.0071,0.9870,0.9721,0.9669,0.9603
2560.0000,1.0503,1.0356,1.0027,0.9850,0.9708,0.9649,0.9601
2565.0000,1.0457,1.0272,0.9998,0.9832,0.9686,0.9654,0.9544
2570.0000,1.0369,1.0218,0.9964,0.9811,0.9679,0.9624,0.9573
2575.0000,1.0290,1.0167,0.9934,0.9794,0.9665,0.9607,0.9572
2580.0000,1.0251,1.0104,0.9916,0.9773,0.9655,0.9592,0.9568
2585.0000,1.0187,1.0065,0.9887,0.9762,0.9632,0.9596,0.9537
2590.0000,1.0104,1.0041,0.9858,0.9748,0.9620,0.9578,0.9547
2595.0000,1.0088,0.9990,0.9847,0.9727,0.9611,0.9565,0.9546
2600.0000,1.0041,0.9964,0.9821,0.9717,0.9589,0.9573,0.9516
2605.0000,0.9989,0.9943,0.9800,0.9702,0.9579,0.9560,0.9522
2610.0000,0.9979,0.9900,0.9794,0.9680,0.9576,0.9545,0.9527
2615.0000,0.9937,0.9884,0.9771,0.9670,0.9557,0.9554,0.9497
2620.0000,0.9896,0.9867,0.9753,0.9655,0.9552,0.9542,0.9506
2625.0000,0.9894,0.9830,0.9748,0.9633,0.9553,0.9528,0.9512
2630.0000,0.9864,0.9815,0.9728,0.9624,0.9539,0.9536,0.9484
2635.0000,0.9824,0.9806,0.9709,0.9611,0.9535,0.9525,0.9496
2640.0000,0.9823,0.9778,0.9700,0.9595,0.9535,0.9514,0.9501
2645.0000,0.9796,0.9770,0.9676,0.9592,0.9519,0.9528,0.9466
2650.0000,0.9768,0.9759,0.9659,0.9581,0.9519,0.9513,0.9486
2655.0000,0.9769,0.9731,0.9651,0.9568,0.9519,0.9506,0.9488
2660.0000,0.9747,0.9721,0.9630,0.9567,0.9504,0.9521,0.9449
2665.0000,0.9718,0.9712,0.9613,0.9560,0.9503,0.9511,0.9458
2670.0000,0.9721,0.9683,0.9610,0.9547,0.9508,0.9496,0.9463
2675.0000,0.9701,0.9672,0.9594,0.9546,0.9496,0.9508,0.9419
2680.0000,0.9678,0.9661,0.9582,0.9539,0.9497,0.9494,0.9422
2685.0000,0.9637,0.9659,0.9568,0.9535,0.9497,0.9480,0.9415
2690.0000,0.9656,0.9629,0.9565,0.9530,0.9487,0.9488,0.9349
2695.0000,0.9634,0.9620,0.9557,0.9522,0.9495,0.9453,0.9372
2700.0000,0.9606,0.9615,0.9547,0.9519,0.9493,0.9430,0.9363
2705.0000,0.9618,0.9591,0.9547,0.9512,0.9493,0.9405,0.9350
2710.0000,0.9597,0.9590,0.9533,0.9516,0.9476,0.9397,0.9307
2715.0000,0.9567,0.9590,0.9523,0.9515,0.9469,0.9364,0.9310
2720.0000,0.9583,0.9567,0.9524,0.9510,0.9458,0.9338,0.9298
2725.0000,0.9566,0.9566,0.9512,0.9516,0.9431,0.9331,0.9262
2730.0000,0.9539,0.9569,0.9503,0.9516,0.9411,0.9305,0.9263
2735.0000,0.9558,0.9545,0.9510,0.9506,0.9395,0.9279,0.9266
2740.0000,0.9545,0.9543,0.9503,0.9506,0.9362,0.9276,0.9243
2745.0000,0.9527,0.9542,0.9500,0.9499,0.9336,0.9263,0.9250
2750.0000,0.9539,0.9524,0.9508,0.9483,0.9316,0.9250,0.9258
2755.0000,0.9527,0.9523,0.9504,0.9473,0.9283,0.9261,0.9240
2760.0000,0.9511,0.9523,0.9503,0.9454,0.9264,0.9256,0.9261
2765.0000,0.9522,0.9508,0.9510,0.9430,0.9249,0.9258,0.9272
2770.0000,0.9511,0.9512,0.9502,0.9412,0.9224,0.9285,0.9245
2775.0000,0.9498,0.9512,0.9497,0.9385,0.9220,0.9284,0.9271
2780.0000,0.9510,0.9499,0.9499,0.9353,0.9224,0.9284,0.9293
2785.0000,0.9503,0.9501,0.9484,0.9332,0.9215,0.9313,0.9266
2790.0000,0.9487,0.9504,0.9468,0.9306,0.9227,0.9310,0.9303
2795.0000,0.9499,0.9489,0.9458,0.9279,0.9242,0.9312,0.9322
2800.0000,0.9490,0.9490,0.9431,0.9266,0.9244,0.9339,0.9296
2805.0000,0.9476,0.9487,0.9406,0.9250,0.9264,0.9333,0.9344
2810.0000,0.9443,0.9490,0.9374,0.9242,0.9279,0.9334,0.9382
2815.0000,0.9469,0.9463,0.9352,0.9239,0.9284,0.9363,0.9370
2820.0000,0.9448,0.9455,0.9321,0.9241,0.9296,0.9373,0.9409
2825.0000,0.9417,0.9448,0.9291,0.9247,0.9307,0.9386,0.9447
2830.0000,0.9434,0.9411,0.9279,0.9248,0.9324,0.9397,0.9493
2835.0000,0.9409,0.9397,0.9254,0.9264,0.9325,0.9435,0.9514
2840.0000,0.9375,0.9382,0.9236,0.9275,0.9335,0.9462,0.9565
2845.0000,0.9385,0.9342,0.9238,0.9280,0.9352,0.9492,0.9617
2850.0000,0.9360,0.9325,0.9230,0.9295,0.9357,0.9547,0.9647
2855.0000,0.9330,0.9309,0.9230,0.9302,0.9381,0.9577,0.9743
2860.0000,0.9331,0.9279,0.9242,0.9308,0.9404,0.9628,0.9818
2865.0000,0.9306,0.9272,0.9243,0.9322,0.9421,0.9702,0.9874
2870.0000,0.9280,0.9268,0.9248,0.9333,0.9450,0.9769,0.9964
2875.0000,0.9282,0.9251,0.9265,0.9337,0.9493,0.9835,1.0069
2880.0000,0.9267,0.9255,0.9268,0.9355,0.9524,0.9937,1.0132
2885.0000,0.9244,0.9264,0.9274,0.9368,0.9576,1.0023,1.0240
2890.0000,0.9259,0.9255,0.9292,0.9377,0.9642,1.0109,1.0350
2895.0000,0.9251,0.9267,0.9295,0.9402,0.9698,1.0230,1.0411
2900.0000,0.9247,0.9275,0.9306,0.9420,0.9781,1.0322,1.0527
2905.0000,0.9265,0.9270,0.9327,0.9437,0.9881,1.0403,1.0661
2910.0000,0.9265,0.9285,0.9331,0.9476,0.9964,1.0525,1.0735
2915.0000,0.9256,0.9303,0.9339,0.9514,1.0070,1.0611,1.0895
2920.0000,0.9280,0.9305,0.9353,0.9562,1.0169,1.0725,1.1005
2925.0000,0.9287,0.9321,0.9359,0.9627,1.0262,1.0857,1.1083
2930.0000,0.9287,0.9338,0.9373,0.9691,1.0376,1.0954,1.1249
2935.0000,0.9250,0.9376,0.9379,0.9771,1.0483,1.1065,1.1403
2940.0000,0.9309,0.9373,0.9408,0.9856,1.0581,1.1211,1.1498
2945.0000,0.9320,0.9391,0.9436,0.9946,1.0689,1.1341,1.1631
2950.0000,0.9327,0.9409,0.9477,1.0037,1.0808,1.1462,1.1785
2955.0000,0.9368,0.9411,0.9537,1.0126,1.0931,1.1589,1.1930
2960.0000,0.9369,0.9447,0.9584,1.0234,1.1038,1.1745,1.2038
2965.0000,0.9384,0.9477,0.9650,1.0335,1.1163,1.1885,1.2160
2970.0000,0.9433,0.9492,0.9738,1.0428,1.1307,1.2003,1.2305
2975.0000,0.9466,0.9530,0.9818,1.0536,1.1433,1.2154,1.2396
2980.0000,0.9473,0.9591,0.9899,1.0645,1.1575,1.2272,1.2540
2985.0000,0.9533,0.9637,0.9995,1.0753,1.1718,1.2400,1.2645
2990.0000,0.9571,0.9710,1.0079,1.0877,1.1848,1.2542,1.2707
2995.0000,0.9626,0.9778,1.0179,1.0991,1.2004,1.2631,1.2856
3000.0000,0.9698,0.9847,1.0283,1.1111,1.2151,1.2729,1.2975
3005.0000,0.9747,0.9947,1.0369,1.1253,1.2270,1.2858,1.3034
3010.0000,0.9803,1.0046,1.0464,1.1392,1.2399,1.2959,1.3118
3015.0000,0.9909,1.0120,1.0582,1.1522,1.2536,1.3038,1.3217
3020.0000,0.9996,1.0214,1.0689,1.1668,1.2644,1.3149,1.3245
3025.0000,1.0062,1.0322,1.0801,1.1808,1.2765,1.3215,1.3344
3030.0000,1.0175,1.0409,1.0930,1.1943,1.2878,1.3285,1.3406
3035.0000,1.0268,1.0516,1.1051,1.2089,1.2968,1.3378,1.3408
3040.0000,1.0336,1.0642,1.1172,1.2227,1.3066,1.3429,1.3473
3045.0000,1.0468,1.0735,1.1318,1.2350,1.3168,1.3463,1.3535
3050.0000,1.0583,1.0844,1.1456,1.2482,1.3239,1.3530,1.3522
3055.0000,1.0691,1.0961,1.1598,1.2603,1.3319,1.3562,1.3554
3060.0000,1.0739,1.1116,1.1723,1.2726,1.3388,1.3584,1.3585
3065.0000,1.0906,1.1225,1.1868,1.2841,1.3436,1.3636,1.3526
3070.0000,1.1035,1.1348,1.2015,1.2936,1.3513,1.3604,1.3651
3075.0000,1.1154,1.1479,1.2154,1.3031,1.3569,1.3589,1.3759
3080.0000,1.1299,1.1599,1.2296,1.3118,1.3614,1.3577,1.3900
3085.0000,1.1394,1.1763,1.2402,1.3225,1.3613,1.3625,1.4032
3090.0000,1.1523,1.1902,1.2519,1.3313,1.3617,1.3665,1.4279
3095.0000,1.1686,1.2018,1.2646,1.3388,1.3614,1.3738,1.4607
3100.0000,1.1811,1.2156,1.2749,1.3469,1.3579,1.3895,1.4982
3105.0000,1.1881,1.2322,1.2833,1.3546,1.3540,1.4112,1.5480
3110.0000,1.2063,1.2429,1.2933,1.3613,1.3477,1.4484,1.5919
3115.0000,1.2194,1.2547,1.3032,1.3652,1.3460,1.4901,1.6482
3120.0000,1.2302,1.2663,1.3133,1.3667,1.3487,1.5401,1.7108
3125.0000,1.2453,1.2746,1.3247,1.3655,1.3566,1.6011,1.7713
3130.0000,1.2548,1.2860,1.3339,1.3632,1.3715,1.6706,1.8297
3135.0000,1.2685,1.2936,1.3439,1.3590,1.3941,1.7512,1.8619
3175.0000,1.3351,1.3554,1.3521,1.4146,1.9737,1.9872,1.8630
3180.0000,1.3359,1.3668,1.3359,1.4697,2.0386,1.9453,1.8422
3185.0000,1.3263,1.3818,1.3171,1.5411,2.0809,1.8998,1.8109
3190.0000,1.3441,1.3811,1.3098,1.6199,2.1044,1.8479,1.7831
3195.0000,1.3379,1.3908,1.3035,1.7089,2.1032,1.7962,1.7603
3200.0000,1.3300,1.3975,1.3083,1.8016,2.0761,1.7567,1.7236
3205.0000,1.3535,1.3858,1.3367,1.8864,2.0322,1.7235,1.6872
3210.0000,1.3518,1.3867,1.3760,1.9624,1.9777,1.6878,1.6700
3215.0000,1.3575,1.3843,1.4343,2.0236,1.9122,1.6656,1.6405
3220.0000,1.3727,1.3808,1.5110,2.0645,1.8446,1.6492,1.6133
3225.0000,1.3866,1.3858,1.5991,2.0843,1.7802,1.6354,1.5897
3230.0000,1.4092,1.3983,1.6952,2.0826,1.7231,1.6231,1.5682
3235.0000,1.4173,1.4313,1.7881,2.0624,1.6766,1.6063,1.5579
3240.0000,1.4495,1.4670,1.8795,2.0262,1.6357,1.5998,1.5310
3245.0000,1.4853,1.5175,1.9587,1.9767,1.6091,1.5834,1.5235
3250.0000,1.5094,1.5892,2.0155,1.9228,1.5893,1.5667,1.5159
3255.0000,1.5507,1.6643,2.0528,1.8680,1.5713,1.5592,1.4903
3260.0000,1.6037,1.7370,2.0738,1.8097,1.5661,1.5361,1.4966
3265.0000,1.6599,1.8079,2.0740,1.7571,1.5601,1.5197,1.4915
3270.0000,1.7163,1.8732,2.0552,1.7119,1.5528,1.5082,1.4798
3275.0000,1.7533,1.9396,2.0152,1.6766,1.5440,1.4963,1.4743
3280.0000,1.8219,1.9721,1.9759,1.6426,1.5387,1.4830,1.4706
3285.0000,1.8665,1.9989,1.9243,1.6187,1.5286,1.4750,1.4634
3290.0000,1.8927,2.0149,1.8679,1.6013,1.5167,1.4685,1.4569
3295.0000,1.9337,2.0006,1.8210,1.5833,1.5077,1.4610,1.4517
3300.0000,1.9491,1.9815,1.7729,1.5708,1.4960,1.4572,1.4435
3305.0000,1.9505,1.9528,1.7298,1.5597,1.4854,1.4525,1.4381
3310.0000,1.9454,1.9144,1.6939,1.5485,1.4764,1.4476,1.4328
3315.0000,1.9324,1.8707,1.6640,1.5381,1.4668,1.4460,1.4200
3320.0000,1.9055,1.8292,1.6379,1.5274,1.4608,1.4384,1.4212
3325.0000,1.8705,1.7907,1.6146,1.5180,1.4540,1.4333,1.4174
3330.0000,1.8400,1.7507,1.5966,1.5078,1.4488,1.4278,1.4131
3335.0000,1.8098,1.7123,1.5820,1.4980,1.4432,1.4247,1.4042
3340.0000,1.7676,1.6839,1.5664,1.4893,1.4392,1.4175,1.4036
3345.0000,1.7366,1.6549,1.5542,1.4805,1.4352,1.4117,1.4001
3350.0000,1.7027,1.6332,1.5403,1.4742,1.4290,1.4091,1.3924
3355.0000,1.6759,1.6111,1.5296,1.4667,1.4251,1.4031,1.3906
3360.0000,1.6522,1.5904,1.5204,1.4593,1.4217,1.3969,1.3893
3365.0000,1.6252,1.5768,1.5083,1.4548,1.4153,1.3948,1.3834
3370.0000,1.6013,1.5642,1.4977,1.4499,1.4102,1.3905,1.3825
3375.0000,1.5875,1.5484,1.4902,1.4441,1.4058,1.3866,1.3811
3380.0000,1.5720,1.5355,1.4820,1.4396,1.3996,1.3862,1.3748
3385.0000,1.5536,1.5258,1.4739,1.4348,1.3954,1.3822,1.3770
3390.0000,1.5435,1.5130,1.4684,1.4291,1.3916,1.3798,1.3766
3395.0000,1.5301,1.5043,1.4611,1.4251,1.3858,1.3812,1.3708
3400.0000,1.5191,1.4948,1.4558,1.4196,1.3828,1.3791,1.3719
3405.0000,1.5105,1.4845,1.4517,1.4135,1.3809,1.3769,1.3726
3410.0000,1.4995,1.4778,1.4456,1.4093,1.3770,1.3788,1.3662
3415.0000,1.4886,1.4719,1.4400,1.4042,1.3756,1.3770,1.3674
3420.0000,1.4783,1.4661,1.4348,1.3991,1.3751,1.3747,1.3681
3425.0000,1.4752,1.4576,1.4307,1.3945,1.3736,1.3757,1.3614
3430.0000,1.4662,1.4527,1.4252,1.3902,1.3738,1.3730,1.3625
3435.0000,1.4564,1.4488,1.4192,1.3867,1.3738,1.3703,1.3622
3440.0000,1.4548,1.4414,1.4147,1.3838,1.3725,1.3711,1.3536
3445.0000,1.4471,1.4373,1.4091,1.3811,1.3733,1.3662,1.3580
3450.0000,1.4384,1.4338,1.4029,1.3796,1.3727,1.3633,1.3579
3455.0000,1.4374,1.4265,1.3991,1.3776,1.3723,1.3605,1.3573
3460.0000,1.4311,1.4226,1.3934,1.3777,1.3694,1.3604,1.3532
3465.0000,1.4229,1.4190,1.3885,1.3773,1.3678,1.3575,1.3547
3470.0000,1.4222,1.4115,1.3862,1.3762,1.3662,1.3556,1.3545
3475.0000,1.4161,1.4077,1.3823,1.3766,1.3624,1.3565,1.3510
3480.0000,1.4095,1.4038,1.3795,1.3760,1.3601,1.3551,1.3523
3485.0000,1.4084,1.3969,1.3793,1.3742,1.3586,1.3537,1.3532
3490.0000,1.4029,1.3935,1.3775,1.3736,1.3552,1.3555,1.3498
3495.0000,1.3970,1.3906,1.3765,1.3720,1.3537,1.3548,1.3512
3500.0000,1.3954,1.3858,1.3770,1.3693,1.3530,1.3542,1.3519
3505.0000,1.3916,1.3834,1.3760,1.3678,1.3506,1.3570,1.3464
3510.0000,1.3866,1.3819,1.3755,1.3651,1.3511,1.3550,1.3500
3515.0000,1.3858,1.3788,1.3758,1.3620,1.3517,1.3539,1.3508
3520.0000,1.3825,1.3784,1.3739,1.3606,1.3504,1.3564,1.3451
3525.0000,1.3790,1.3782,1.3722,1.3584,1.3514,1.3545,1.3475
3530.0000,1.3795,1.3756,1.3716,1.3557,1.3531,1.3521,1.3494
3535.0000,1.3772,1.3757,1.3687,1.3552,1.3521,1.3537,1.3444
3540.0000,1.3743,1.3757,1.3659,1.3543,1.3528,1.3516,1.3471
3545.0000,1.3690,1.3768,1.3624,1.3542,1.3527,1.3504,1.3482
3550.0000,1.3733,1.3730,1.3609,1.3541,1.3514,1.3524,1.3422
3555.0000,1.3708,1.3721,1.3586,1.3539,1.3518,1.3498,1.3469
3560.0000,1.3656,1.3722,1.3556,1.3545,1.3510,1.3492,1.3480
3565.0000,1.3695,1.3677,1.3549,1.3548,1.3490,1.3519,1.3421
3570.0000,1.3666,1.3663,1.3535,1.3547,1.3490,1.3502,1.3462
3575.0000,1.3628,1.3651,1.3523,1.3548,1.3483,1.3498,1.3471
3580.0000,1.3648,1.3609,1.3532,1.3538,1.3485,1.3492,1.3476
3585.0000,1.3621,1.3599,1.3524,1.3542,1.3468,1.3514,1.3436
3590.0000,1.3585,1.3589,1.3524,1.3533,1.3475,1.3496,1.3464
3595.0000,1.3600,1.3556,1.3539,1.3518,1.3483,1.3485,1.3472
3600.0000,1.3577,1.3553,1.3533,1.3517,1.3472,1.3503,1.3437
3605.0000,1.3539,1.3559,1.3528,1.3511,1.3477,1.3490,1.3458
3610.0000,1.3560,1.3535,1.3539,1.3497,1.3489,1.3473,1.3477
3615.0000,1.3540,1.3544,1.3526,1.3501,1.3477,1.3489,1.3450
3620.0000,1.3516,1.3552,1.3517,1.3499,1.3479,1.3479,1.3481
3625.0000,1.3538,1.3536,1.3519,1.3492,1.3482,1.3474,1.3501
3630.0000,1.3522,1.3547,1.3501,1.3503,1.3462,1.3504,1.3471
3635.0000,1.3502,1.3554,1.3491,1.3503,1.3463,1.3499,1.3516
3640.0000,1.3529,1.3531,1.3497,1.3496,1.3466,1.3503,1.3544
3645.0000,1.3520,1.3533,1.3485,1.3504,1.3448,1.3544,1.3517
