150.0000,0.1467,0.1469,0.1457,0.1446,0.1432,0.1430,0.1425
155.0000,0.1468,0.1465,0.1457,0.1444,0.1432,0.1429,0.1426
160.0000,0.1466,0.1464,0.1454,0.1443,0.1429,0.1431,0.1420
165.0000,0.1463,0.1463,0.1452,0.1441,0.1429,0.1428,0.1424
170.0000,0.1464,0.1460,0.1451,0.1438,0.1429,0.1426,0.1425
175.0000,0.1461,0.1459,0.1449,0.1438,0.1427,0.1428,0.1420
180.0000,0.1458,0.1458,0.1446,0.1436,0.1427,0.1427,0.1422
185.0000,0.1459,0.1454,0.1446,0.1434,0.1427,0.1425,0.1424
190.0000,0.1456,0.1453,0.1443,0.1434,0.1425,0.1428,0.1419
195.0000,0.1453,0.1453,0.1441,0.1433,0.1425,0.1426,0.1422
200.0000,0.1447,0.1453,0.1438,0.1432,0.1424,0.1426,0.1423
205.0000,0.1451,0.1448,0.1438,0.1431,0.1423,0.1429,0.1415
210.0000,0.1448,0.1447,0.1436,0.1430,0.1424,0.1426,0.1421
215.0000,0.1442,0.1447,0.1434,0.1429,0.1424,0.1425,0.1422
220.0000,0.1446,0.1443,0.1434,0.1429,0.1422,0.1428,0.1416
225.0000,0.1443,0.1442,0.1433,0.1428,0.1424,0.1425,0.1421
230.0000,0.1439,0.1441,0.1431,0.1427,0.1424,0.1424,0.1422
235.0000,0.1441,0.1437,0.1431,0.1426,0.1424,0.1424,0.1423
240.0000,0.1438,0.1437,0.1429,0.1427,0.1423,0.1426,0.1420
245.0000,0.1434,0.1437,0.1428,0.1426,0.1423,0.1424,0.1422
250.0000,0.1436,0.1434,0.1428,0.1425,0.1424,0.1423,0.1423
255.0000,0.1434,0.1434,0.1426,0.1426,0.1422,0.1426,0.1419
260.0000,0.1430,0.1434,0.1425,0.1426,0.1423,0.1425,0.1422
265.0000,0.1433,0.1430,0.1426,0.1425,0.1424,0.1423,0.1423
270.0000,0.1431,0.1430,0.1425,0.1425,0.1422,0.1425,0.1420
275.0000,0.1428,0.1430,0.1424,0.1425,0.1422,0.1425,0.1422
280.0000,0.1430,0.1428,0.1425,0.1425,0.1423,0.1424,0.1423
285.0000,0.1428,0.1428,0.1424,0.1425,0.1421,0.1427,0.1418
290.0000,0.1426,0.1428,0.1424,0.1425,0.1422,0.1426,0.1422
295.0000,0.1427,0.1426,0.1425,0.1424,0.1423,0.1425,0.1423
300.0000,0.1426,0.1426,0.1424,0.1425,0.1422,0.1427,0.1417
305.0000,0.1424,0.1427,0.1423,0.1425,0.1423,0.1426,0.1420
310.0000,0.1426,0.1425,0.1424,0.1424,0.1424,0.1424,0.1421
315.0000,0.1425,0.1425,0.1423,0.1424,0.1423,0.1426,0.1416
320.0000,0.1423,0.1426,0.1423,0.1424,0.1424,0.1424,0.1418
325.0000,0.1419,0.1427,0.1422,0.1425,0.1424,0.1423,0.1419
330.0000,0.1424,0.1425,0.1423,0.1425,0.1423,0.1425,0.1411
335.0000,0.1423,0.1425,0.1423,0.1425,0.1424,0.1422,0.1416
340.0000,0.1420,0.1427,0.1422,0.1425,0.1423,0.1421,0.1416
345.0000,0.1423,0.1425,0.1422,0.1426,0.1421,0.1423,0.1408
350.0000,0.1422,0.1425,0.1422,0.1426,0.1422,0.1419,0.1412
355.0000,0.1420,0.1426,0.1422,0.1426,0.1421,0.1418,0.1411
360.0000,0.1423,0.1424,0.1423,0.1425,0.1421,0.1415,0.1411
365.0000,0.1422,0.1425,0.1422,0.1426,0.1419,0.1416,0.1406
370.0000,0.1420,0.1425,0.1423,0.1426,0.1419,0.1413,0.1408
375.0000,0.1423,0.1423,0.1424,0.1424,0.1419,0.1411,0.1408
380.0000,0.1422,0.1424,0.1424,0.1425,0.1416,0.1411,0.1404
385.0000,0.1419,0.1426,0.1423,0.1425,0.1415,0.1409,0.1404
390.0000,0.1423,0.1424,0.1425,0.1423,0.1414,0.1407,0.1404
395.0000,0.1422,0.1425,0.1424,0.1423,0.1411,0.1408,0.1399
400.0000,0.1420,0.1426,0.1423,0.1423,0.1410,0.1406,0.1400
405.0000,0.1423,0.1424,0.1424,0.1421,0.1409,0.1404,0.1400
410.0000,0.1422,0.1425,0.1423,0.1421,0.1406,0.1406,0.1393
415.0000,0.1421,0.1425,0.1423,0.1419,0.1406,0.1403,0.1396
420.0000,0.1424,0.1424,0.1424,0.1416,0.1406,0.1400,0.1396
425.0000,0.1423,0.1424,0.1423,0.1416,0.1403,0.1402,0.1391
430.0000,0.1421,0.1425,0.1422,0.1414,0.1403,0.1399,0.1392
435.0000,0.1424,0.1423,0.1422,0.1412,0.1403,0.1397,0.1394
440.0000,0.1423,0.1424,0.1420,0.1411,0.1400,0.1398,0.1388
445.0000,0.1421,0.1424,0.1418,0.1410,0.1399,0.1396,0.1390
450.0000,0.1416,0.1426,0.1416,0.1409,0.1398,0.1395,0.1391
455.0000,0.1421,0.1423,0.1415,0.1408,0.1395,0.1397,0.1383
460.0000,0.1420,0.1422,0.1414,0.1407,0.1395,0.1393,0.1388
465.0000,0.1417,0.1422,0.1412,0.1406,0.1394,0.1392,0.1390
470.0000,0.1420,0.1419,0.1411,0.1405,0.1392,0.1395,0.1383
475.0000,0.1418,0.1419,0.1410,0.1403,0.1392,0.1392,0.1388
480.0000,0.1415,0.1418,0.1409,0.1402,0.1391,0.1391,0.1390
485.0000,0.1417,0.1415,0.1409,0.1400,0.1391,0.1391,0.1391
490.0000,0.1415,0.1414,0.1407,0.1399,0.1389,0.1393,0.1388
495.0000,0.1411,0.1414,0.1405,0.1398,0.1389,0.1392,0.1392
500.0000,0.1413,0.1411,0.1405,0.1396,0.1390,0.1391,0.1394
505.0000,0.1411,0.1411,0.1403,0.1396,0.1388,0.1394,0.1391
510.0000,0.1407,0.1411,0.1401,0.1395,0.1388,0.1394,0.1395
515.0000,0.1410,0.1407,0.1401,0.1393,0.1389,0.1394,0.1397
520.0000,0.1408,0.1407,0.1399,0.1393,0.1389,0.1398,0.1395
525.0000,0.1405,0.1406,0.1398,0.1392,0.1390,0.1398,0.1398
530.0000,0.1406,0.1403,0.1398,0.1391,0.1391,0.1398,0.1401
535.0000,0.1404,0.1403,0.1396,0.1391,0.1391,0.1402,0.1398
540.0000,0.1401,0.1403,0.1394,0.1391,0.1392,0.1402,0.1403
545.0000,0.1402,0.1400,0.1394,0.1390,0.1394,0.1403,0.1405
550.0000,0.1400,0.1400,0.1392,0.1391,0.1394,0.1408,0.1401
555.0000,0.1397,0.1399,0.1391,0.1391,0.1396,0.1408,0.1405
560.0000,0.1399,0.1396,0.1391,0.1391,0.1399,0.1407,0.1408
565.0000,0.1397,0.1396,0.1390,0.1392,0.1400,0.1411,0.1403
570.0000,0.1395,0.1396,0.1389,0.1393,0.1402,0.1411,0.1406
575.0000,0.1391,0.1396,0.1388,0.1394,0.1404,0.1411,0.1408
580.0000,0.1394,0.1393,0.1389,0.1395,0.1404,0.1414,0.1400
585.0000,0.1392,0.1393,0.1389,0.1396,0.1407,0.1412,0.1405
590.0000,0.1389,0.1394,0.1388,0.1398,0.1409,0.1411,0.1406
595.0000,0.1392,0.1391,0.1390,0.1399,0.1411,0.1409,0.1406
600.0000,0.1390,0.1392,0.1389,0.1402,0.1410,0.1410,0.1402
605.0000,0.1387,0.1393,0.1390,0.1403,0.1411,0.1408,0.1403
610.0000,0.1391,0.1391,0.1392,0.1405,0.1412,0.1406,0.1403
615.0000,0.1389,0.1392,0.1392,0.1407,0.1410,0.1407,0.1399
620.0000,0.1387,0.1393,0.1393,0.1409,0.1410,0.1405,0.1400
625.0000,0.1391,0.1392,0.1396,0.1410,0.1410,0.1403,0.1399
630.0000,0.1390,0.1393,0.1397,0.1412,0.1407,0.1404,0.1394
635.0000,0.1388,0.1395,0.1398,0.1413,0.1406,0.1402,0.1394
640.0000,0.1392,0.1394,0.1402,0.1412,0.1406,0.1399,0.1394
645.0000,0.1392,0.1396,0.1403,0.1413,0.1404,0.1399,0.1389
650.0000,0.1392,0.1398,0.1405,0.1412,0.1403,0.1397,0.1390
655.0000,0.1395,0.1398,0.1407,0.1411,0.1402,0.1394,0.1390
660.0000,0.1395,0.1400,0.1408,0.1412,0.1399,0.1395,0.1385
665.0000,0.1395,0.1403,0.1409,0.1410,0.1398,0.1392,0.1388
670.0000,0.1399,0.1403,0.1411,0.1409,0.1397,0.1390,0.1389
675.0000,0.1400,0.1405,0.1411,0.1408,0.1394,0.1392,0.1384
680.0000,0.1399,0.1408,0.1410,0.1407,0.1392,0.1390,0.1387
685.0000,0.1403,0.1407,0.1411,0.1405,0.1391,0.1389,0.1389
690.0000,0.1404,0.1409,0.1410,0.1404,0.1388,0.1392,0.1384
695.0000,0.1404,0.1411,0.1409,0.1403,0.1388,0.1391,0.1387
700.0000,0.1401,0.1413,0.1408,0.1401,0.1387,0.1391,0.1389
705.0000,0.1407,0.1410,0.1408,0.1399,0.1385,0.1394,0.1382
710.0000,0.1407,0.1411,0.1407,0.1397,0.1386,0.1392,0.1388
715.0000,0.1405,0.1411,0.1406,0.1395,0.1387,0.1392,0.1390
720.0000,0.1409,0.1409,0.1406,0.1392,0.1388,0.1391,0.1392
725.0000,0.1407,0.1409,0.1403,0.1392,0.1387,0.1394,0.1389
730.0000,0.1405,0.1410,0.1401,0.1390,0.1388,0.1393,0.1391
735.0000,0.1408,0.1407,0.1400,0.1389,0.1390,0.1392,0.1392
740.0000,0.1406,0.1407,0.1397,0.1389,0.1389,0.1395,0.1389
745.0000,0.1402,0.1407,0.1395,0.1389,0.1390,0.1394,0.1392
750.0000,0.1405,0.1404,0.1394,0.1388,0.1392,0.1393,0.1393
755.0000,0.1403,0.1403,0.1391,0.1389,0.1391,0.1396,0.1389
760.0000,0.1399,0.1403,0.1389,0.1390,0.1392,0.1395,0.1391
765.0000,0.1402,0.1398,0.1390,0.1389,0.1393,0.1393,0.1393
770.0000,0.1399,0.1397,0.1388,0.1390,0.1393,0.1395,0.1390
775.0000,0.1396,0.1397,0.1387,0.1391,0.1393,0.1394,0.1392
780.0000,0.1397,0.1393,0.1388,0.1391,0.1394,0.1393,0.1393
785.0000,0.1395,0.1393,0.1387,0.1393,0.1392,0.1396,0.1389
790.0000,0.1392,0.1393,0.1387,0.1393,0.1393,0.1395,0.1393
795.0000,0.1393,0.1390,0.1388,0.1393,0.1393,0.1394,0.1394
800.0000,0.1391,0.1390,0.1388,0.1395,0.1392,0.1397,0.1390
805.0000,0.1388,0.1391,0.1388,0.1395,0.1392,0.1396,0.1394
810.0000,0.1390,0.1389,0.1390,0.1394,0.1393,0.1395,0.1396
815.0000,0.1389,0.1389,0.1390,0.1395,0.1391,0.1399,0.1393
820.0000,0.1388,0.1390,0.1390,0.1395,0.1392,0.1398,0.1397
825.0000,0.1384,0.1392,0.1390,0.1395,0.1392,0.1398,0.1399
830.0000,0.1389,0.1390,0.1392,0.1395,0.1392,0.1402,0.1394
835.0000,0.1388,0.1391,0.1392,0.1394,0.1393,0.1402,0.1400
840.0000,0.1386,0.1392,0.1392,0.1394,0.1394,0.1402,0.1402
845.0000,0.1389,0.1391,0.1394,0.1393,0.1396,0.1402,0.1404
850.0000,0.1388,0.1393,0.1393,0.1394,0.1395,0.1406,0.1401
855.0000,0.1387,0.1394,0.1393,0.1394,0.1397,0.1406,0.1405
860.0000,0.1391,0.1392,0.1394,0.1393,0.1399,0.1406,0.1407
865.0000,0.1390,0.1394,0.1393,0.1395,0.1400,0.1409,0.1404
870.0000,0.1388,0.1395,0.1392,0.1395,0.1401,0.1409,0.1407
875.0000,0.1392,0.1393,0.1393,0.1395,0.1404,0.1408,0.1409
880.0000,0.1391,0.1394,0.1392,0.1397,0.1404,0.1411,0.1406
885.0000,0.1389,0.1396,0.1391,0.1398,0.1405,0.1411,0.1408
890.0000,0.1393,0.1394,0.1393,0.1398,0.1407,0.1410,0.1410
895.0000,0.1392,0.1394,0.1392,0.1400,0.1407,0.1412,0.1407
900.0000,0.1390,0.1395,0.1392,0.1401,0.1408,0.1412,0.1409
905.0000,0.1393,0.1394,0.1394,0.1402,0.1409,0.1411,0.1410
910.0000,0.1392,0.1395,0.1393,0.1404,0.1408,0.1414,0.1405
915.0000,0.1391,0.1395,0.1394,0.1405,0.1410,0.1412,0.1409
920.0000,0.1393,0.1394,0.1396,0.1406,0.1411,0.1411,0.1410
925.0000,0.1393,0.1394,0.1397,0.1408,0.1410,0.1414,0.1405
930.0000,0.1391,0.1396,0.1397,0.1409,0.1410,0.1412,0.1408
935.0000,0.1394,0.1395,0.1400,0.1409,0.1411,0.1411,0.1410
940.0000,0.1394,0.1396,0.1400,0.1410,0.1410,0.1413,0.1405
945.0000,0.1393,0.1398,0.1402,0.1411,0.1410,0.1412,0.1407
950.0000,0.1389,0.1401,0.1402,0.1412,0.1410,0.1411,0.1408
955.0000,0.1396,0.1400,0.1404,0.1412,0.1409,0.1414,0.1401
960.0000,0.1396,0.1401,0.1405,0.1412,0.1410,0.1411,0.1406
965.0000,0.1395,0.1403,0.1406,0.1412,0.1410,0.1410,0.1408
970.0000,0.1399,0.1402,0.1408,0.1412,0.1411,0.1409,0.1408
975.0000,0.1399,0.1405,0.1408,0.1413,0.1409,0.1411,0.1405
980.0000,0.1397,0.1407,0.1408,0.1413,0.1409,0.1409,0.1407
985.0000,0.1402,0.1406,0.1410,0.1412,0.1410,0.1409,0.1408
990.0000,0.1402,0.1407,0.1410,0.1413,0.1408,0.1411,0.1405
995.0000,0.1400,0.1410,0.1409,0.1413,0.1408,0.1410,0.1407
1000.0000,0.1405,0.1408,0.1411,0.1412,0.1409,0.1408,0.1409
1005.0000,0.1405,0.1410,0.1411,0.1412,0.1407,0.1411,0.1405
1010.0000,0.1405,0.1411,0.1410,0.1412,0.1407,0.1410,0.1408
1015.0000,0.1408,0.1410,0.1412,0.1411,0.1408,0.1409,0.1409
1020.0000,0.1408,0.1411,0.1411,0.1411,0.1407,0.1412,0.1406
1025.0000,0.1406,0.1412,0.1410,0.1411,0.1407,0.1411,0.1409
1030.0000,0.1409,0.1411,0.1411,0.1410,0.1408,0.1410,0.1410
1035.0000,0.1409,0.1412,0.1410,0.1410,0.1407,0.1414,0.1405
1040.0000,0.1408,0.1413,0.1410,0.1410,0.1408,0.1412,0.1410
1045.0000,0.1410,0.1411,0.1411,0.1409,0.1409,0.1411,0.1412
1050.0000,0.1410,0.1412,0.1410,0.1409,0.1408,0.1414,0.1408
1055.0000,0.1408,0.1413,0.1409,0.1409,0.1409,0.1413,0.1413
1060.0000,0.1411,0.1411,0.1409,0.1409,0.1410,0.1413,0.1416
1065.0000,0.1410,0.1411,0.1408,0.1410,0.1409,0.1416,0.1413
1070.0000,0.1409,0.1412,0.1408,0.1410,0.1410,0.1417,0.1417
1075.0000,0.1405,0.1413,0.1407,0.1410,0.1410,0.1417,0.1419
1080.0000,0.1410,0.1411,0.1407,0.1411,0.1409,0.1422,0.1414
1085.0000,0.1408,0.1411,0.1407,0.1411,0.1411,0.1421,0.1421
1090.0000,0.1406,0.1412,0.1407,0.1411,0.1412,0.1422,0.1425
1095.0000,0.1409,0.1409,0.1408,0.1410,0.1414,0.1423,0.1428
1100.0000,0.1408,0.1410,0.1408,0.1411,0.1414,0.1427,0.1427
1105.0000,0.1405,0.1410,0.1408,0.1411,0.1416,0.1428,0.1431
1110.0000,0.1409,0.1408,0.1409,0.1411,0.1419,0.1429,0.1434
1115.0000,0.1408,0.1409,0.1409,0.1412,0.1419,0.1434,0.1433
1120.0000,0.1405,0.1411,0.1408,0.1413,0.1421,0.1435,0.1437
1125.0000,0.1408,0.1409,0.1410,0.1413,0.1424,0.1436,0.1440
1130.0000,0.1407,0.1410,0.1409,0.1415,0.1425,0.1441,0.1438
1135.0000,0.1405,0.1411,0.1409,0.1416,0.1428,0.1441,0.1442
1140.0000,0.1408,0.1409,0.1410,0.1417,0.1432,0.1442,0.1444
1145.0000,0.1408,0.1410,0.1409,0.1419,0.1433,0.1446,0.1441
1150.0000,0.1406,0.1411,0.1410,0.1420,0.1436,0.1446,0.1445
1155.0000,0.1409,0.1410,0.1412,0.1422,0.1439,0.1446,0.1447
1160.0000,0.1408,0.1411,0.1411,0.1425,0.1440,0.1450,0.1443
1165.0000,0.1407,0.1412,0.1412,0.1427,0.1442,0.1449,0.1448
1170.0000,0.1410,0.1411,0.1414,0.1428,0.1445,0.1448,0.1450
1175.0000,0.1409,0.1412,0.1415,0.1432,0.1445,0.1452,0.1447
1180.0000,0.1408,0.1414,0.1415,0.1435,0.1446,0.1452,0.1450
1185.0000,0.1411,0.1413,0.1418,0.1436,0.1448,0.1451,0.1452
1190.0000,0.1411,0.1415,0.1419,0.1439,0.1447,0.1455,0.1448
1195.0000,0.1411,0.1417,0.1421,0.1441,0.1448,0.1454,0.1452
1200.0000,0.1408,0.1420,0.1423,0.1443,0.1449,0.1455,0.1455
1205.0000,0.1414,0.1419,0.1426,0.1445,0.1448,0.1459,0.1449
1210.0000,0.1415,0.1420,0.1429,0.1446,0.1450,0.1457,0.1455
1215.0000,0.1414,0.1423,0.1431,0.1447,0.1451,0.1458,0.1458
1220.0000,0.1419,0.1423,0.1435,0.1447,0.1453,0.1458,0.1460
1225.0000,0.1419,0.1426,0.1436,0.1449,0.1452,0.1461,0.1457
1230.0000,0.1419,0.1429,0.1438,0.1450,0.1454,0.1461,0.1461
1235.0000,0.1424,0.1429,0.1441,0.1450,0.1455,0.1461,0.1464
1240.0000,0.1425,0.1433,0.1442,0.1451,0.1455,0.1464,0.1461
1245.0000,0.1424,0.1437,0.1443,0.1452,0.1456,0.1465,0.1465
1250.0000,0.1430,0.1437,0.1445,0.1452,0.1458,0.1465,0.1467
1255.0000,0.1432,0.1439,0.1446,0.1454,0.1458,0.1468,0.1464
1260.0000,0.1432,0.1442,0.1446,0.1454,0.1460,0.1469,0.1467
1265.0000,0.1437,0.1442,0.1448,0.1454,0.1462,0.1468,0.1470
1270.0000,0.1438,0.1444,0.1448,0.1456,0.1462,0.1472,0.1467
1275.0000,0.1438,0.1446,0.1449,0.1457,0.1464,0.1471,0.1472
1280.0000,0.1442,0.1445,0.1451,0.1457,0.1466,0.1471,0.1475
1285.0000,0.1442,0.1448,0.1450,0.1459,0.1465,0.1475,0.1473
1290.0000,0.1442,0.1450,0.1451,0.1460,0.1467,0.1476,0.1478
1295.0000,0.1446,0.1449,0.1453,0.1461,0.1469,0.1476,0.1481
1300.0000,0.1446,0.1451,0.1453,0.1463,0.1468,0.1481,0.1478
1305.0000,0.1445,0.1453,0.1453,0.1464,0.1470,0.1482,0.1483
1310.0000,0.1449,0.1452,0.1455,0.1465,0.1472,0.1483,0.1487
1315.0000,0.1449,0.1453,0.1456,0.1467,0.1472,0.1488,0.1484
1320.0000,0.1449,0.1454,0.1457,0.1467,0.1474,0.1489,0.1490
1325.0000,0.1445,0.1457,0.1457,0.1468,0.1477,0.1489,0.1496
1330.0000,0.1452,0.1455,0.1459,0.1470,0.1477,0.1495,0.1493
1335.0000,0.1452,0.1456,0.1461,0.1470,0.1481,0.1494,0.1506
1340.0000,0.1451,0.1458,0.1462,0.1471,0.1484,0.1495,0.1520
1345.0000,0.1455,0.1457,0.1464,0.1471,0.1488,0.1496,0.1538
1350.0000,0.1454,0.1460,0.1464,0.1474,0.1488,0.1504,0.1556
1355.0000,0.1452,0.1463,0.1463,0.1477,0.1488,0.1513,0.1583
1360.0000,0.1458,0.1462,0.1466,0.1478,0.1491,0.1521,0.1625
1365.0000,0.1457,0.1465,0.1465,0.1482,0.1489,0.1542,0.1670
1370.0000,0.1455,0.1467,0.1466,0.1484,0.1492,0.1561,0.1749
1375.0000,0.1461,0.1467,0.1466,0.1488,0.1489,0.1602,0.1824
1380.0000,0.1461,0.1469,0.1466,0.1492,0.1489,0.1654,0.1919
1385.0000,0.1460,0.1470,0.1468,0.1493,0.1496,0.1713,0.2053
1390.0000,0.1465,0.1468,0.1473,0.1492,0.1508,0.1786,0.2220
1395.0000,0.1465,0.1471,0.1474,0.1494,0.1520,0.1892,0.2406
1400.0000,0.1462,0.1475,0.1473,0.1500,0.1531,0.2042,0.2574
1405.0000,0.1468,0.1472,0.1480,0.1496,0.1569,0.2192,0.2812
1410.0000,0.1469,0.1473,0.1483,0.1495,0.1615,0.2382,0.3064
1415.0000,0.1469,0.1476,0.1485,0.1497,0.1675,0.2611,0.3306
1420.0000,0.1473,0.1472,0.1496,0.1488,0.1779,0.2830,0.3641
1425.0000,0.1476,0.1473,0.1500,0.1491,0.1894,0.3103,0.3967
1430.0000,0.1480,0.1471,0.1506,0.1495,0.2043,0.3388,0.4363
1435.0000,0.1478,0.1480,0.1497,0.1524,0.2189,0.3764,0.4653
1440.0000,0.1480,0.1484,0.1494,0.1554,0.2386,0.4134,0.4977
1445.0000,0.1482,0.1484,0.1497,0.1589,0.2636,0.4489,0.5376
1450.0000,0.1484,0.1486,0.1500,0.1640,0.2920,0.4858,0.5765
1455.0000,0.1486,0.1491,0.1497,0.1719,0.3223,0.5264,0.6092
1460.0000,0.1486,0.1499,0.1494,0.1825,0.3553,0.5683,0.6339
1465.0000,0.1489,0.1500,0.1507,0.1943,0.3944,0.6036,0.6653
1470.0000,0.1495,0.1501,0.1526,0.2090,0.4362,0.6366,0.6932
1475.0000,0.1499,0.1511,0.1546,0.2281,0.4778,0.6702,0.7122
1480.0000,0.1505,0.1522,0.1579,0.2504,0.5213,0.6987,0.7290
1485.0000,0.1514,0.1536,0.1629,0.2759,0.5661,0.7209,0.7445
1490.0000,0.1523,0.1564,0.1687,0.3065,0.6076,0.7421,0.7505
1495.0000,0.1523,0.1607,0.1766,0.3402,0.6484,0.7555,0.7580
1500.0000,0.1558,0.1647,0.1876,0.3771,0.6860,0.7646,0.7606
1505.0000,0.1582,0.1712,0.2004,0.4177,0.7183,0.7710,0.7565
1510.0000,0.1616,0.1788,0.2171,0.4600,0.7467,0.7711,0.7533
1515.0000,0.1689,0.1867,0.2380,0.5034,0.7692,0.7685,0.7451
1520.0000,0.1736,0.1992,0.2611,0.5482,0.7851,0.7635,0.7332
1525.0000,0.1830,0.2114,0.2902,0.5907,0.7970,0.7528,0.7249
1530.0000,0.1956,0.2249,0.3237,0.6315,0.8024,0.7418,0.7119
1535.0000,0.2099,0.2410,0.3610,0.6692,0.8025,0.7290,0.6987
1540.0000,0.2235,0.2623,0.4000,0.7040,0.7970,0.7162,0.6830
1545.0000,0.2414,0.2857,0.4422,0.7335,0.7885,0.7006,0.6712
1550.0000,0.2629,0.3116,0.4862,0.7579,0.7760,0.6862,0.6582
1555.0000,0.2827,0.3438,0.5287,0.7779,0.7597,0.6732,0.6439
1560.0000,0.3099,0.3761,0.5722,0.7913,0.7428,0.6590,0.6332
1565.0000,0.3415,0.4088,0.6152,0.7987,0.7244,0.6470,0.6211
1570.0000,0.3746,0.4438,0.6554,0.8007,0.7059,0.6357,0.6100
1575.0000,0.3990,0.4863,0.6888,0.7993,0.6866,0.6256,0.5995
1580.0000,0.4362,0.5245,0.7200,0.7927,0.6682,0.6179,0.5850
1585.0000,0.4756,0.5603,0.7481,0.7806,0.6540,0.6053,0.5836
1590.0000,0.5142,0.5954,0.7703,0.7661,0.6400,0.5960,0.5780
1595.0000,0.5479,0.6309,0.7856,0.7502,0.6270,0.5878,0.5727
1600.0000,0.5771,0.6672,0.7928,0.7345,0.6136,0.5826,0.5652
1605.0000,0.6125,0.6952,0.7976,0.7161,0.6041,0.5748,0.5639
1610.0000,0.6450,0.7192,0.7972,0.6981,0.5951,0.5693,0.5609
1615.0000,0.6730,0.7395,0.7918,0.6809,0.5866,0.5657,0.5568
1620.0000,0.6913,0.7589,0.7807,0.6654,0.5790,0.5620,0.5553
1625.0000,0.7165,0.7680,0.7694,0.6493,0.5736,0.5580,0.5551
1630.0000,0.7337,0.7744,0.7546,0.6355,0.5678,0.5564,0.5532
1635.0000,0.7449,0.7769,0.7383,0.6228,0.5633,0.5543,0.5543
1640.0000,0.7558,0.7731,0.7223,0.6106,0.5601,0.5525,0.5564
1645.0000,0.7590,0.7682,0.7044,0.6010,0.5562,0.5532,0.5569
1650.0000,0.7592,0.7595,0.6874,0.5919,0.5538,0.5529,0.5617
1655.0000,0.7580,0.7470,0.6718,0.5835,0.5521,0.5536,0.5671
1660.0000,0.7514,0.7347,0.6558,0.5772,0.5497,0.5569,0.5716
1665.0000,0.7440,0.7198,0.6418,0.5710,0.5489,0.5598,0.5807
1670.0000,0.7338,0.7044,0.6288,0.5660,0.5482,0.5650,0.5891
1675.0000,0.7208,0.6903,0.6160,0.5623,0.5474,0.5725,0.5975
1680.0000,0.7060,0.6768,0.6045,0.5590,0.5482,0.5797,0.6114
1685.0000,0.6929,0.6624,0.5947,0.5562,0.5495,0.5900,0.6234
1690.0000,0.6814,0.6473,0.5870,0.5534,0.5521,0.6022,0.6351
1695.0000,0.6665,0.6348,0.5798,0.5510,0.5571,0.6132,0.6549
1700.0000,0.6549,0.6218,0.5744,0.5487,0.5637,0.6260,0.6758
1705.0000,0.6428,0.6103,0.5694,0.5478,0.5703,0.6432,0.6943
1710.0000,0.6293,0.6015,0.5641,0.5480,0.5780,0.6628,0.7108
1715.0000,0.6164,0.5938,0.5597,0.5484,0.5889,0.6812,0.7330
1720.0000,0.6082,0.5853,0.5570,0.5491,0.6022,0.7006,0.7561
1725.0000,0.5996,0.5785,0.5540,0.5517,0.6160,0.7231,0.7766
1730.0000,0.5895,0.5738,0.5508,0.5557,0.6315,0.7470,0.7947
1735.0000,0.5840,0.5678,0.5500,0.5596,0.6512,0.7676,0.8176
1740.0000,0.5771,0.5642,0.5481,0.5664,0.6704,0.7915,0.8350
1745.0000,0.5717,0.5604,0.5480,0.5735,0.6936,0.8107,0.8607
1750.0000,0.5679,0.5572,0.5480,0.5836,0.7157,0.8338,0.8777
1755.0000,0.5631,0.5557,0.5482,0.5959,0.7384,0.8564,0.8922
1760.0000,0.5591,0.5548,0.5497,0.6096,0.7630,0.8757,0.9096
1765.0000,0.5578,0.5534,0.5529,0.6251,0.7877,0.8941,0.9238
1770.0000,0.5554,0.5541,0.5564,0.6433,0.8109,0.9132,0.9313
1775.0000,0.5531,0.5558,0.5615,0.6628,0.8348,0.9286,0.9384
1780.0000,0.5546,0.5562,0.5699,0.6825,0.8597,0.9390,0.9462
1785.0000,0.5549,0.5593,0.5786,0.7051,0.8812,0.9507,0.9446
1790.0000,0.5554,0.5634,0.5899,0.7275,0.9039,0.9539,0.9535
1795.0000,0.5595,0.5673,0.6037,0.7507,0.9242,0.9558,0.9588
1800.0000,0.5633,0.5737,0.6183,0.7757,0.9398,0.9588,0.9585
1805.0000,0.5684,0.5814,0.6350,0.8005,0.9535,0.9580,0.9634
1810.0000,0.5718,0.5926,0.6520,0.8263,0.9627,0.9581,0.9657
1815.0000,0.5814,0.6032,0.6716,0.8513,0.9684,0.9587,0.9673
1820.0000,0.5901,0.6165,0.6924,0.8751,0.9716,0.9582,0.9736
1825.0000,0.5938,0.6348,0.7126,0.8983,0.9708,0.9603,0.9787
1830.0000,0.6117,0.6487,0.7370,0.9181,0.9684,0.9645,0.9828
1835.0000,0.6264,0.6654,0.7620,0.9352,0.9649,0.9694,0.9890
1840.0000,0.6436,0.6820,0.7889,0.9480,0.9625,0.9739,1.0002
1845.0000,0.6611,0.6999,0.8162,0.9573,0.9604,0.9801,1.0132
1850.0000,0.6774,0.7211,0.8415,0.9646,0.9574,0.9908,1.0246
1855.0000,0.7001,0.7401,0.8677,0.9677,0.9572,1.0021,1.0384
1860.0000,0.7185,0.7623,0.8910,0.9684,0.9592,1.0138,1.0563
1865.0000,0.7402,0.7841,0.9119,0.9678,0.9620,1.0299,1.0712
1870.0000,0.7549,0.8110,0.9276,0.9663,0.9680,1.0446,1.0952
1875.0000,0.7786,0.8339,0.9414,0.9641,0.9754,1.0639,1.1142
1880.0000,0.8007,0.8566,0.9513,0.9624,0.9844,1.0857,1.1313
1885.0000,0.8228,0.8770,0.9592,0.9599,0.9983,1.1046,1.1575
1890.0000,0.8447,0.8948,0.9646,0.9584,1.0144,1.1249,1.1832
1895.0000,0.8609,0.9145,0.9646,0.9605,1.0296,1.1506,1.2028
1900.0000,0.8803,0.9280,0.9651,0.9629,1.0487,1.1747,1.2238
1905.0000,0.8989,0.9376,0.9655,0.9660,1.0716,1.1958,1.2496
1910.0000,0.9132,0.9465,0.9635,0.9731,1.0930,1.2217,1.2669
1915.0000,0.9212,0.9555,0.9605,0.9821,1.1178,1.2426,1.2945
1955.0000,0.9630,0.9704,0.9866,1.1327,1.3115,1.4082,1.4353
1960.0000,0.9658,0.9730,1.0001,1.1569,1.3343,1.4225,1.4557
1965.0000,0.9677,0.9778,1.0157,1.1817,1.3556,1.4368,1.4737
1970.0000,0.9735,0.9828,1.0342,1.2062,1.3758,1.4509,1.4908
1975.0000,0.9761,0.9931,1.0523,1.2324,1.3924,1.4680,1.5037
1980.0000,0.9833,1.0032,1.0735,1.2570,1.4092,1.4833,1.5183
1985.0000,0.9934,1.0141,1.0971,1.2803,1.4259,1.4975,1.5336
1990.0000,1.0036,1.0282,1.1208,1.3037,1.4401,1.5143,1.5443
1995.0000,1.0100,1.0475,1.1438,1.3262,1.4547,1.5289,1.5588
2000.0000,1.0271,1.0640,1.1697,1.3466,1.4693,1.5437,1.5696
2005.0000,1.0431,1.0835,1.1947,1.3667,1.4825,1.5603,1.5749
2010.0000,1.0609,1.1034,1.2208,1.3841,1.4985,1.5713,1.5876
2015.0000,1.0800,1.1244,1.2466,1.4005,1.5143,1.5822,1.5963
2020.0000,1.0967,1.1499,1.2689,1.4183,1.5271,1.5964,1.5953
2025.0000,1.1194,1.1721,1.2931,1.4331,1.5433,1.6036,1.6010
2030.0000,1.1422,1.1947,1.3162,1.4475,1.5593,1.6090,1.6029
2035.0000,1.1649,1.2182,1.3370,1.4630,1.5722,1.6167,1.5940
2040.0000,1.1819,1.2454,1.3551,1.4783,1.5863,1.6169,1.5929
2045.0000,1.2084,1.2670,1.3748,1.4922,1.6005,1.6134,1.5891
2050.0000,1.2324,1.2896,1.3917,1.5081,1.6099,1.6124,1.5738
2055.0000,1.2543,1.3119,1.4080,1.5234,1.6191,1.6047,1.5640
2060.0000,1.2649,1.3392,1.4203,1.5404,1.6245,1.5952,1.5501
2065.0000,1.2955,1.3562,1.4365,1.5560,1.6267,1.5864,1.5251
2070.0000,1.3183,1.3740,1.4527,1.5695,1.6299,1.5664,1.5188
2075.0000,1.3398,1.3908,1.4684,1.5835,1.6271,1.5498,1.5001
2080.0000,1.3613,1.4064,1.4842,1.5968,1.6198,1.5339,1.4749
2085.0000,1.3749,1.4259,1.4982,1.6088,1.6108,1.5119,1.4617
2090.0000,1.3926,1.4422,1.5132,1.6191,1.5968,1.4933,1.4380
2095.0000,1.4137,1.4554,1.5302,1.6259,1.5811,1.4731,1.4137
2100.0000,1.4276,1.4726,1.5446,1.6314,1.5617,1.4538,1.3853
2105.0000,1.4433,1.4871,1.5611,1.6313,1.5447,1.4263,1.3712
2110.0000,1.4626,1.4994,1.5776,1.6284,1.5244,1.4022,1.3516
2115.0000,1.4784,1.5135,1.5916,1.6235,1.5011,1.3807,1.3296
2120.0000,1.4895,1.5299,1.6030,1.6157,1.4774,1.3577,1.3136
2125.0000,1.5075,1.5420,1.6145,1.6037,1.4539,1.3348,1.3007
2130.0000,1.5224,1.5554,1.6222,1.5905,1.4278,1.3165,1.2859
2135.0000,1.5342,1.5697,1.6261,1.5754,1.4008,1.3014,1.2699
2140.0000,1.5493,1.5805,1.6286,1.5572,1.3750,1.2876,1.2546
2145.0000,1.5587,1.5936,1.6257,1.5383,1.3487,1.2774,1.2356
2150.0000,1.5699,1.6020,1.6226,1.5151,1.3279,1.2620,1.2294
2155.0000,1.5830,1.6060,1.6176,1.4902,1.3083,1.2498,1.2186
2160.0000,1.5908,1.6104,1.6078,1.4657,1.2887,1.2419,1.2013
2165.0000,1.5944,1.6132,1.5954,1.4397,1.2737,1.2296,1.1937
2170.0000,1.6019,1.6096,1.5828,1.4121,1.2627,1.2151,1.1898
2175.0000,1.6042,1.6058,1.5653,1.3873,1.2496,1.2068,1.1771
2180.0000,1.6033,1.5996,1.5456,1.3629,1.2395,1.1954,1.1722
2185.0000,1.5972,1.5927,1.5226,1.3409,1.2294,1.1857,1.1653
2190.0000,1.5953,1.5802,1.4991,1.3207,1.2191,1.1788,1.1535
2195.0000,1.5836,1.5699,1.4723,1.3029,1.2102,1.1686,1.1522
2200.0000,1.5666,1.5592,1.4433,1.2882,1.1997,1.1619,1.1458
2205.0000,1.5624,1.5381,1.4189,1.2730,1.1909,1.1551,1.1394
2210.0000,1.5470,1.5197,1.3926,1.2608,1.1808,1.1508,1.1301
2215.0000,1.5273,1.4994,1.3685,1.2486,1.1730,1.1433,1.1272
2220.0000,1.5159,1.4726,1.3488,1.2361,1.1661,1.1368,1.1221
2225.0000,1.4995,1.4463,1.3302,1.2248,1.1587,1.1324,1.1140
2230.0000,1.4750,1.4234,1.3120,1.2141,1.1528,1.1253,1.1116
2235.0000,1.4553,1.3986,1.2964,1.2038,1.1469,1.1196,1.1067
2240.0000,1.4308,1.3784,1.2797,1.1956,1.1396,1.1163,1.0989
2245.0000,1.4092,1.3574,1.2656,1.1868,1.1342,1.1105,1.0952
2250.0000,1.3897,1.3362,1.2534,1.1778,1.1298,1.1039,1.0924
2255.0000,1.3663,1.3200,1.2395,1.1713,1.1231,1.1006,1.0854
2260.0000,1.3444,1.3045,1.2271,1.1645,1.1177,1.0956,1.0822
2265.0000,1.3292,1.2868,1.2173,1.1572,1.1131,1.0904,1.0784
2270.0000,1.3131,1.2710,1.2075,1.1509,1.1072,1.0878,1.0703
2275.0000,1.2932,1.2588,1.1975,1.1447,1.1030,1.0816,1.0700
2280.0000,1.2803,1.2444,1.1897,1.1383,1.0986,1.0768,1.0668
2285.0000,1.2648,1.2337,1.1804,1.1335,1.0925,1.0749,1.0594
2290.0000,1.2521,1.2220,1.1730,1.1276,1.0884,1.0701,1.0575
2295.0000,1.2409,1.2101,1.1669,1.1214,1.0849,1.0647,1.0564
2300.0000,1.2277,1.2016,1.1590,1.1170,1.0793,1.0629,1.0499
2305.0000,1.2150,1.1937,1.1518,1.1120,1.0751,1.0588,1.0490
2310.0000,1.2038,1.1857,1.1453,1.1071,1.0710,1.0553,1.0471
2315.0000,1.1979,1.1757,1.1400,1.1022,1.0661,1.0544,1.0395
2320.0000,1.1873,1.1690,1.1340,1.0971,1.0631,1.0496,1.0423
2325.0000,1.1762,1.1632,1.1277,1.0927,1.0594,1.0467,1.0418
2330.0000,1.1719,1.1545,1.1234,1.0875,1.0563,1.0442,1.0408
2335.0000,1.1645,1.1481,1.1178,1.0834,1.0521,1.0439,1.0373
2340.0000,1.1548,1.1430,1.1123,1.0790,1.0493,1.0413,1.0386
2345.0000,1.1509,1.1353,1.1083,1.0741,1.0472,1.0394,1.0394
2350.0000,1.1432,1.1307,1.1024,1.0707,1.0435,1.0402,1.0373
2355.0000,1.1357,1.1259,1.0973,1.0667,1.0416,1.0389,1.0398
2360.0000,1.1327,1.1187,1.0937,1.0622,1.0401,1.0385,1.0413
2365.0000,1.1259,1.1143,1.0883,1.0592,1.0374,1.0407,1.0401
2370.0000,1.1192,1.1098,1.0837,1.0556,1.0366,1.0405,1.0444
2375.0000,1.1163,1.1031,1.0803,1.0517,1.0364,1.0412,1.0477
2380.0000,1.1098,1.0993,1.0752,1.0493,1.0349,1.0446,1.0480
2385.0000,1.1031,1.0955,1.0706,1.0467,1.0349,1.0464,1.0525
2390.0000,1.1006,1.0895,1.0674,1.0436,1.0361,1.0482,1.0576
2395.0000,1.0957,1.0853,1.0630,1.0420,1.0359,1.0533,1.0582
2400.0000,1.0893,1.0818,1.0590,1.0401,1.0377,1.0557,1.0654
2405.0000,1.0868,1.0761,1.0564,1.0380,1.0403,1.0588,1.0719
2410.0000,1.0817,1.0728,1.0523,1.0377,1.0413,1.0653,1.0740
2415.0000,1.0768,1.0692,1.0491,1.0368,1.0445,1.0691,1.0831
2420.0000,1.0743,1.0641,1.0471,1.0361,1.0483,1.0738,1.0912
2425.0000,1.0695,1.0613,1.0437,1.0370,1.0506,1.0819,1.0950
2430.0000,1.0645,1.0585,1.0412,1.0376,1.0551,1.0872,1.1066
2435.0000,1.0587,1.0565,1.0387,1.0389,1.0596,1.0941,1.1170
2440.0000,1.0589,1.0517,1.0377,1.0406,1.0634,1.1044,1.1220
2445.0000,1.0545,1.0497,1.0362,1.0426,1.0692,1.1122,1.1347
2450.0000,1.0494,1.0481,1.0351,1.0449,1.0756,1.1204,1.1483
2455.0000,1.0497,1.0442,1.0358,1.0470,1.0829,1.1297,1.1616
2460.0000,1.0467,1.0429,1.0354,1.0509,1.0890,1.1423,1.1723
2465.0000,1.0429,1.0421,1.0355,1.0548,1.0965,1.1545,1.1849
2470.0000,1.0436,1.0392,1.0378,1.0579,1.1063,1.1653,1.2006
2475.0000,1.0411,1.0393,1.0385,1.0631,1.1146,1.1802,1.2122
2480.0000,1.0380,1.0401,1.0398,1.0684,1.1248,1.1936,1.2273
2485.0000,1.0399,1.0384,1.0433,1.0730,1.1371,1.2060,1.2445
2490.0000,1.0390,1.0394,1.0455,1.0797,1.1479,1.2224,1.2574
2495.0000,1.0368,1.0415,1.0482,1.0864,1.1612,1.2355,1.2787
2500.0000,1.0397,1.0417,1.0520,1.0940,1.1739,1.2524,1.2944
2505.0000,1.0395,1.0446,1.0549,1.1032,1.1862,1.2710,1.3080
2510.0000,1.0402,1.0471,1.0593,1.1120,1.2012,1.2866,1.3285
2515.0000,1.0438,1.0485,1.0650,1.1212,1.2171,1.3026,1.3489
2520.0000,1.0448,1.0527,1.0694,1.1327,1.2310,1.3231,1.3634
2525.0000,1.0458,1.0572,1.0748,1.1443,1.2468,1.3416,1.3808
2530.0000,1.0512,1.0595,1.0828,1.1552,1.2650,1.3580,1.4011
2535.0000,1.0544,1.0644,1.0897,1.1686,1.2809,1.3791,1.4136
2540.0000,1.0567,1.0701,1.0979,1.1813,1.3001,1.3948,1.4374
2545.0000,1.0630,1.0745,1.1073,1.1950,1.3183,1.4136,1.4537
2550.0000,1.0677,1.0810,1.1163,1.2104,1.3354,1.4345,1.4645
2555.0000,1.0725,1.0880,1.1269,1.2251,1.3555,1.4499,1.4859
2560.0000,1.0749,1.0972,1.1371,1.2409,1.3753,1.4655,1.5060
2565.0000,1.0854,1.1039,1.1490,1.2580,1.3928,1.4856,1.5165
2570.0000,1.0922,1.1133,1.1610,1.2752,1.4116,1.5022,1.5318
2575.0000,1.0979,1.1239,1.1735,1.2929,1.4308,1.5170,1.5481
2580.0000,1.1097,1.1324,1.1883,1.3101,1.4504,1.5307,1.5638
2585.0000,1.1165,1.1455,1.2009,1.3298,1.4667,1.5479,1.5731
2590.0000,1.1267,1.1569,1.2161,1.3484,1.4847,1.5613,1.5857
2595.0000,1.1403,1.1669,1.2332,1.3663,1.5028,1.5734,1.5971
2600.0000,1.1515,1.1797,1.2494,1.3857,1.5182,1.5879,1.6023
2605.0000,1.1595,1.1952,1.2656,1.4046,1.5348,1.5975,1.6140
2610.0000,1.1753,1.2075,1.2843,1.4226,1.5510,1.6064,1.6229
2615.0000,1.1891,1.2223,1.3020,1.4416,1.5643,1.6174,1.6255
2620.0000,1.1973,1.2410,1.3185,1.4607,1.5775,1.6250,1.6318
2625.0000,1.2164,1.2549,1.3383,1.4778,1.5909,1.6308,1.6365
2630.0000,1.2318,1.2718,1.3564,1.4961,1.6010,1.6388,1.6342
2635.0000,1.2480,1.2881,1.3760,1.5121,1.6130,1.6404,1.6406
2640.0000,1.2655,1.3042,1.3959,1.5277,1.6232,1.6422,1.6434
2645.0000,1.2792,1.3245,1.4127,1.5449,1.6291,1.6474,1.6384
2650.0000,1.2966,1.3424,1.4315,1.5595,1.6366,1.6470,1.6408
2655.0000,1.3163,1.3590,1.4509,1.5730,1.6427,1.6463,1.6404
2660.0000,1.3340,1.3773,1.4685,1.5868,1.6453,1.6486,1.6325
2665.0000,1.3467,1.3987,1.4846,1.5994,1.6483,1.6461,1.6326
2670.0000,1.3686,1.4148,1.5032,1.6095,1.6513,1.6424,1.6308
2675.0000,1.3874,1.4327,1.5195,1.6199,1.6506,1.6424,1.6208
2680.0000,1.4056,1.4500,1.5361,1.6279,1.6513,1.6374,1.6187
2685.0000,1.4147,1.4717,1.5493,1.6360,1.6500,1.6325,1.6147
2690.0000,1.4393,1.4860,1.5647,1.6421,1.6468,1.6311,1.6006
2695.0000,1.4577,1.5019,1.5792,1.6458,1.6462,1.6220,1.6021
2700.0000,1.4748,1.5174,1.5921,1.6491,1.6433,1.6153,1.5969
2705.0000,1.4934,1.5312,1.6046,1.6509,1.6398,1.6085,1.5907
2710.0000,1.5050,1.5493,1.6125,1.6539,1.6331,1.6047,1.5794
2715.0000,1.5195,1.5638,1.6214,1.6540,1.6289,1.5956,1.5769
2720.0000,1.5384,1.5745,1.6304,1.6528,1.6236,1.5882,1.5704
2725.0000,1.5524,1.5867,1.6364,1.6521,1.6161,1.5834,1.5598
2730.0000,1.5598,1.6010,1.6400,1.6506,1.6090,1.5761,1.5537
2735.0000,1.5772,1.6081,1.6460,1.6463,1.6036,1.5670,1.5491
2740.0000,1.5878,1.6177,1.6482,1.6434,1.5951,1.5621,1.5385
2745.0000,1.5976,1.6254,1.6503,1.6386,1.5883,1.5541,1.5335
2750.0000,1.6093,1.6297,1.6528,1.6324,1.5822,1.5453,1.5290
2755.0000,1.6165,1.6358,1.6521,1.6275,1.5736,1.5405,1.5193
2760.0000,1.6209,1.6414,1.6505,1.6217,1.5661,1.5334,1.5139
2765.0000,1.6296,1.6429,1.6498,1.6145,1.5593,1.5262,1.5078
2770.0000,1.6324,1.6471,1.6454,1.6091,1.5500,1.5228,1.4952
2775.0000,1.6357,1.6483,1.6423,1.6013,1.5445,1.5131,1.4950
2780.0000,1.6413,1.6466,1.6394,1.5933,1.5383,1.5059,1.4901
2785.0000,1.6422,1.6466,1.6337,1.5869,1.5298,1.5024,1.4792
2790.0000,1.6399,1.6469,1.6274,1.5797,1.5231,1.4954,1.4754
2795.0000,1.6432,1.6422,1.6231,1.5711,1.5182,1.4869,1.4736
2800.0000,1.6416,1.6397,1.6160,1.5646,1.5101,1.4836,1.4641
2805.0000,1.6387,1.6364,1.6092,1.5573,1.5040,1.4770,1.4622
2810.0000,1.6310,1.6345,1.6010,1.5507,1.4973,1.4717,1.4585
2815.0000,1.6337,1.6267,1.5948,1.5437,1.4898,1.4698,1.4473
2820.0000,1.6281,1.6220,1.5875,1.5364,1.4849,1.4624,1.4501
2825.0000,1.6209,1.6173,1.5796,1.5296,1.4791,1.4577,1.4483
2830.0000,1.6204,1.6084,1.5737,1.5221,1.4740,1.4534,1.4458
2835.0000,1.6137,1.6028,1.5656,1.5162,1.4672,1.4523,1.4393
2840.0000,1.6045,1.5974,1.5578,1.5095,1.4628,1.4478,1.4397
2845.0000,1.6027,1.5878,1.5523,1.5020,1.4589,1.4443,1.4383
2850.0000,1.5951,1.5816,1.5444,1.4964,1.4533,1.4441,1.4326
2855.0000,1.5870,1.5751,1.5373,1.4899,1.4500,1.4409,1.4325
2860.0000,1.5834,1.5656,1.5320,1.4828,1.4478,1.4374,1.4323
2865.0000,1.5749,1.5597,1.5241,1.4778,1.4435,1.4376,1.4269
2870.0000,1.5652,1.5542,1.5166,1.4724,1.4412,1.4349,1.4275
2875.0000,1.5615,1.5453,1.5110,1.4665,1.4398,1.4321,1.4275
2880.0000,1.5539,1.5392,1.5034,1.4626,1.4362,1.4331,1.4212
2885.0000,1.5446,1.5335,1.4965,1.4581,1.4352,1.4296,1.4244
2890.0000,1.5408,1.5248,1.4912,1.4535,1.4342,1.4274,1.4248
2895.0000,1.5336,1.5187,1.4842,1.4509,1.4310,1.4289,1.4194
2900.0000,1.5241,1.5135,1.4778,1.4477,1.4301,1.4262,1.4227
2905.0000,1.5205,1.5050,1.4733,1.4443,1.4293,1.4246,1.4235
2910.0000,1.5129,1.4998,1.4670,1.4428,1.4262,1.4269,1.4186
2915.0000,1.5055,1.4940,1.4620,1.4405,1.4253,1.4254,1.4212
2920.0000,1.5017,1.4860,1.4590,1.4374,1.4253,1.4237,1.4236
2925.0000,1.4945,1.4812,1.4541,1.4364,1.4228,1.4263,1.4191
2930.0000,1.4868,1.4767,1.4502,1.4345,1.4224,1.4253,1.4227
2935.0000,1.4788,1.4725,1.4466,1.4329,1.4221,1.4250,1.4249
2940.0000,1.4780,1.4653,1.4446,1.4313,1.4205,1.4285,1.4192
2945.0000,1.4713,1.4615,1.4420,1.4295,1.4214,1.4269,1.4253
2950.0000,1.4633,1.4589,1.4389,1.4283,1.4216,1.4271,1.4281
2955.0000,1.4628,1.4531,1.4380,1.4263,1.4225,1.4273,1.4303
2960.0000,1.4577,1.4507,1.4351,1.4261,1.4216,1.4306,1.4283
2965.0000,1.4512,1.4488,1.4327,1.4252,1.4227,1.4307,1.4322
2970.0000,1.4515,1.4438,1.4323,1.4237,1.4243,1.4311,1.4350
2975.0000,1.4470,1.4423,1.4296,1.4240,1.4239,1.4349,1.4333
2980.0000,1.4415,1.4413,1.4275,1.4238,1.4253,1.4355,1.4376
2985.0000,1.4426,1.4368,1.4275,1.4229,1.4274,1.4363,1.4408
2990.0000,1.4393,1.4356,1.4255,1.4237,1.4275,1.4403,1.4392
2995.0000,1.4352,1.4346,1.4242,1.4239,1.4295,1.4412,1.4439
3000.0000,1.4358,1.4312,1.4244,1.4237,1.4320,1.4422,1.4478
3005.0000,1.4329,1.4307,1.4227,1.4253,1.4320,1.4472,1.4455
3010.0000,1.4294,1.4302,1.4219,1.4259,1.4346,1.4480,1.4515
3015.0000,1.4305,1.4271,1.4227,1.4262,1.4374,1.4493,1.4558
3020.0000,1.4284,1.4269,1.4216,1.4282,1.4378,1.4547,1.4539
3025.0000,1.4253,1.4270,1.4213,1.4294,1.4406,1.4558,1.4605
3030.0000,1.4268,1.4244,1.4228,1.4300,1.4438,1.4575,1.4656
3035.0000,1.4251,1.4247,1.4224,1.4324,1.4445,1.4633,1.4644
3040.0000,1.4226,1.4253,1.4226,1.4340,1.4475,1.4652,1.4717
3045.0000,1.4246,1.4233,1.4245,1.4351,1.4508,1.4676,1.4774
3050.0000,1.4234,1.4241,1.4246,1.4378,1.4519,1.4741,1.4767
3055.0000,1.4219,1.4250,1.4255,1.4397,1.4553,1.4768,1.4851
3060.0000,1.4179,1.4273,1.4258,1.4420,1.4584,1.4804,1.4921
3065.0000,1.4232,1.4255,1.4280,1.4443,1.4603,1.4883,1.4908
3070.0000,1.4225,1.4266,1.4295,1.4462,1.4646,1.4914,1.5008
3075.0000,1.4208,1.4283,1.4309,1.4484,1.4689,1.4955,1.5094
3080.0000,1.4251,1.4272,1.4341,1.4499,1.4739,1.4999,1.5178
3085.0000,1.4243,1.4296,1.4348,1.4534,1.4767,1.5082,1.5218
3090.0000,1.4233,1.4319,1.4364,1.4562,1.4815,1.5139,1.5311
3095.0000,1.4280,1.4311,1.4399,1.4580,1.4877,1.5191,1.5419
3100.0000,1.4283,1.4335,1.4411,1.4620,1.4914,1.5288,1.5480
3105.0000,1.4265,1.4370,1.4426,1.4654,1.4975,1.5350,1.5636
3110.0000,1.4318,1.4367,1.4459,1.4685,1.5035,1.5440,1.5763
3115.0000,1.4327,1.4394,1.4474,1.4733,1.5081,1.5565,1.5862
3120.0000,1.4329,1.4422,1.4496,1.4774,1.5152,1.5662,1.6058
3125.0000,1.4375,1.4427,1.4532,1.4814,1.5222,1.5790,1.6232
3130.0000,1.4379,1.4464,1.4547,1.4874,1.5277,1.5968,1.6362
3135.0000,1.4384,1.4497,1.4572,1.4928,1.5353,1.6146,1.6496
3140.0000,1.4438,1.4497,1.4624,1.4964,1.5465,1.6302,1.6670
3145.0000,1.4457,1.4525,1.4657,1.5022,1.5563,1.6514,1.6748
3150.0000,1.4464,1.4557,1.4704,1.5064,1.5715,1.6655,1.6951
3155.0000,1.4513,1.4564,1.4768,1.5100,1.5896,1.6781,1.7166
3160.0000,1.4539,1.4598,1.4809,1.5169,1.6046,1.6974,1.7275
3165.0000,1.4551,1.4641,1.4853,1.5236,1.6236,1.7100,1.7533
3170.0000,1.4599,1.4673,1.4897,1.5326,1.6408,1.7275,1.7697
3175.0000,1.4627,1.4726,1.4925,1.5441,1.6566,1.7476,1.7812
3180.0000,1.4645,1.4784,1.4958,1.5564,1.6743,1.7639,1.8003
3185.0000,1.4614,1.4871,1.4980,1.5709,1.6912,1.7814,1.8163
3190.0000,1.4728,1.4891,1.5038,1.5858,1.7070,1.8025,1.8215
3195.0000,1.4756,1.4951,1.5093,1.6016,1.7248,1.8187,1.8327
3200.0000,1.4779,1.5008,1.5166,1.6175,1.7435,1.8329,1.8408
3205.0000,1.4884,1.5021,1.5281,1.6321,1.7640,1.8439,1.8462
3210.0000,1.4919,1.5084,1.5379,1.6496,1.7812,1.8572,1.8403
3215.0000,1.4986,1.5124,1.5518,1.6646,1.8029,1.8599,1.8439
3220.0000,1.5064,1.5171,1.5665,1.6809,1.8221,1.8627,1.8373
3225.0000,1.5129,1.5246,1.5805,1.6991,1.8380,1.8649,1.8211
3265.0000,1.5950,1.6300,1.7065,1.8501,1.8621,1.7062,1.6088
3270.0000,1.6101,1.6441,1.7264,1.8641,1.8439,1.6723,1.5653
3275.0000,1.6206,1.6621,1.7450,1.8759,1.8208,1.6353,1.5202
3280.0000,1.6389,1.6758,1.7678,1.8811,1.7978,1.5884,1.4876
3285.0000,1.6546,1.6929,1.7876,1.8852,1.7657,1.5474,1.4446
3290.0000,1.6657,1.7138,1.8049,1.8859,1.7289,1.5059,1.4010
3295.0000,1.6867,1.7291,1.8251,1.8794,1.6920,1.4592,1.3666
3300.0000,1.7047,1.7467,1.8417,1.8701,1.6488,1.4179,1.3275
3305.0000,1.7219,1.7647,1.8558,1.8563,1.6024,1.3795,1.2847
3310.0000,1.7302,1.7868,1.8652,1.8382,1.5543,1.3416,1.2433
3315.0000,1.7552,1.7998,1.8758,1.8131,1.5066,1.3057,1.1971
3320.0000,1.7730,1.8136,1.8833,1.7813,1.4642,1.2599,1.1803
3325.0000,1.7886,1.8269,1.8850,1.7472,1.4182,1.2234,1.1511
3330.0000,1.8055,1.8371,1.8828,1.7093,1.3730,1.1900,1.1224
3335.0000,1.8155,1.8486,1.8734,1.6698,1.3276,1.1606,1.0934
3340.0000,1.8245,1.8562,1.8603,1.6262,1.2869,1.1285,1.0769
3345.0000,1.8376,1.8573,1.8433,1.5809,1.2468,1.1025,1.0572
3350.0000,1.8432,1.8578,1.8195,1.5357,1.2078,1.0808,1.0379
3355.0000,1.8440,1.8550,1.7908,1.4899,1.1718,1.0610,1.0215
3360.0000,1.8478,1.8441,1.7604,1.4423,1.1406,1.0412,1.0104
3365.0000,1.8406,1.8341,1.7226,1.3978,1.1095,1.0277,0.9960
3370.0000,1.8293,1.8194,1.6820,1.3537,1.0826,1.0146,0.9862
3375.0000,1.8234,1.7947,1.6422,1.3092,1.0604,1.0021,0.9779
3380.0000,1.8094,1.7679,1.5990,1.2676,1.0396,0.9941,0.9652
3385.0000,1.7853,1.7402,1.5534,1.2280,1.0235,0.9830,0.9629
3390.0000,1.7656,1.7046,1.5091,1.1903,1.0099,0.9746,0.9571
3395.0000,1.7364,1.6706,1.4615,1.1573,0.9965,0.9699,0.9471
3400.0000,1.7108,1.6286,1.4180,1.1246,0.9889,0.9602,0.9489
3405.0000,1.6769,1.5871,1.3739,1.0958,0.9821,0.9521,0.9510
3410.0000,1.6370,1.5485,1.3275,1.0728,0.9733,0.9489,0.9495
3415.0000,1.5924,1.5114,1.2813,1.0538,0.9650,0.9466,0.9515
3420.0000,1.5536,1.4690,1.2397,1.0367,0.9575,0.9469,0.9510
3425.0000,1.5198,1.4220,1.2035,1.0207,0.9517,0.9481,0.9502
3430.0000,1.4738,1.3820,1.1667,1.0085,0.9456,0.9511,0.9484
3435.0000,1.4377,1.3367,1.1370,0.9959,0.9429,0.9525,0.9477
3440.0000,1.3985,1.2934,1.1104,0.9851,0.9403,0.9565,0.9400
3445.0000,1.3532,1.2563,1.0853,0.9754,0.9411,0.9550,0.9438
3450.0000,1.3085,1.2222,1.0626,0.9671,0.9427,0.9536,0.9454
3455.0000,1.2754,1.1857,1.0452,0.9588,0.9461,0.9509,0.9467
3460.0000,1.2442,1.1509,1.0303,0.9522,0.9485,0.9504,0.9440
3465.0000,1.2059,1.1241,1.0148,0.9478,0.9513,0.9474,0.9466
3470.0000,1.1750,1.0983,1.0016,0.9449,0.9531,0.9456,0.9471
3475.0000,1.1430,1.0783,0.9877,0.9448,0.9528,0.9455,0.9463
3480.0000,1.1162,1.0590,0.9763,0.9453,0.9524,0.9449,0.9469
3485.0000,1.0945,1.0401,0.9673,0.9461,0.9515,0.9448,0.9469
3490.0000,1.0700,1.0268,0.9577,0.9488,0.9489,0.9465,0.9451
3495.0000,1.0473,1.0150,0.9502,0.9513,0.9467,0.9472,0.9456
3500.0000,1.0350,0.9998,0.9474,0.9519,0.9457,0.9473,0.9462
3505.0000,1.0208,0.9878,0.9450,0.9530,0.9435,0.9500,0.9420
3510.0000,1.0074,0.9768,0.9451,0.9524,0.9439,0.9487,0.9452
3515.0000,0.9966,0.9668,0.9467,0.9512,0.9445,0.9480,0.9465
3520.0000,0.9869,0.9591,0.9482,0.9503,0.9441,0.9498,0.9430
3525.0000,0.9787,0.9530,0.9503,0.9485,0.9455,0.9483,0.9460
3530.0000,0.9700,0.9498,0.9516,0.9472,0.9466,0.9474,0.9476
3535.0000,0.9614,0.9502,0.9505,0.9474,0.9457,0.9492,0.9448
3540.0000,0.9550,0.9511,0.9496,0.9472,0.9461,0.9488,0.9470
3545.0000,0.9487,0.9530,0.9481,0.9474,0.9462,0.9488,0.9482
3550.0000,0.9514,0.9510,0.9482,0.9474,0.9456,0.9511,0.9441
3555.0000,0.9497,0.9512,0.9477,0.9471,0.9466,0.9499,0.9480
3560.0000,0.9468,0.9521,0.9467,0.9472,0.9469,0.9498,0.9494
3565.0000,0.9499,0.9501,0.9469,0.9474,0.9464,0.9522,0.9454
3570.0000,0.9488,0.9500,0.9465,0.9472,0.9474,0.9510,0.9493
3575.0000,0.9468,0.9503,0.9460,0.9473,0.9479,0.9510,0.9508
3580.0000,0.9490,0.9485,0.9466,0.9470,0.9488,0.9509,0.9518
3585.0000,0.9476,0.9489,0.9458,0.9478,0.9482,0.9528,0.9499
3590.0000,0.9458,0.9492,0.9455,0.9479,0.9490,0.9524,0.9521
3595.0000,0.9479,0.9474,0.9464,0.9476,0.9500,0.9523,0.9533
3600.0000,0.9470,0.9476,0.9459,0.9484,0.9495,0.9542,0.9515
3605.0000,0.9448,0.9484,0.9455,0.9488,0.9502,0.9541,0.9536
3610.0000,0.9470,0.9467,0.9465,0.9485,0.9513,0.9539,0.9551
3615.0000,0.9462,0.9472,0.9461,0.9494,0.9509,0.9558,0.9534
3620.0000,0.9449,0.9477,0.9461,0.9497,0.9516,0.9558,0.9555
3625.0000,0.9466,0.9465,0.9470,0.9497,0.9526,0.9558,0.9570
3630.0000,0.9458,0.9473,0.9466,0.9507,0.9521,0.9583,0.9544
3635.0000,0.9448,0.9478,0.9468,0.9510,0.9531,0.9579,0.9575
3640.0000,0.9465,0.9467,0.9478,0.9509,0.9542,0.9579,0.9591
3645.0000,0.9461,0.9474,0.9476,0.9519,0.9538,0.9605,0.9566
