150.0000,0.1465,0.1467,0.1457,0.1448,0.1435,0.1432,0.1428
155.0000,0.1467,0.1464,0.1456,0.1446,0.1434,0.1430,0.1428
160.0000,0.1465,0.1463,0.1454,0.1445,0.1431,0.1433,0.1422
165.0000,0.1462,0.1462,0.1452,0.1443,0.1431,0.1430,0.1426
170.0000,0.1463,0.1459,0.1452,0.1441,0.1431,0.1429,0.1426
175.0000,0.1461,0.1458,0.1450,0.1440,0.1429,0.1431,0.1421
180.0000,0.1457,0.1458,0.1448,0.1439,0.1428,0.1429,0.1423
185.0000,0.1458,0.1454,0.1448,0.1437,0.1429,0.1427,0.1425
190.0000,0.1456,0.1454,0.1445,0.1436,0.1427,0.1429,0.1420
195.0000,0.1453,0.1453,0.1443,0.1435,0.1427,0.1428,0.1422
200.0000,0.1448,0.1453,0.1441,0.1434,0.1427,0.1427,0.1423
205.0000,0.1451,0.1449,0.1440,0.1433,0.1425,0.1429,0.1416
210.0000,0.1449,0.1448,0.1439,0.1432,0.1426,0.1426,0.1421
215.0000,0.1444,0.1448,0.1437,0.1431,0.1426,0.1425,0.1422
220.0000,0.1447,0.1445,0.1436,0.1431,0.1424,0.1428,0.1415
225.0000,0.1444,0.1444,0.1435,0.1430,0.1425,0.1425,0.1420
230.0000,0.1440,0.1444,0.1433,0.1430,0.1425,0.1424,0.1421
235.0000,0.1443,0.1440,0.1433,0.1428,0.1425,0.1423,0.1422
240.0000,0.1440,0.1440,0.1431,0.1429,0.1423,0.1425,0.1418
245.0000,0.1437,0.1439,0.1430,0.1428,0.1423,0.1423,0.1421
250.0000,0.1439,0.1436,0.1430,0.1427,0.1424,0.1422,0.1422
255.0000,0.1436,0.1435,0.1429,0.1427,0.1422,0.1424,0.1418
260.0000,0.1432,0.1436,0.1428,0.1427,0.1422,0.1423,0.1420
265.0000,0.1435,0.1432,0.1429,0.1426,0.1422,0.1422,0.1421
270.0000,0.1433,0.1433,0.1427,0.1426,0.1421,0.1424,0.1418
275.0000,0.1430,0.1433,0.1426,0.1426,0.1421,0.1423,0.1419
280.0000,0.1432,0.1430,0.1427,0.1425,0.1422,0.1422,0.1420
285.0000,0.1430,0.1430,0.1426,0.1425,0.1420,0.1425,0.1415
290.0000,0.1428,0.1430,0.1426,0.1424,0.1421,0.1423,0.1419
295.0000,0.1430,0.1428,0.1426,0.1423,0.1422,0.1421,0.1420
300.0000,0.1428,0.1428,0.1425,0.1424,0.1420,0.1424,0.1415
305.0000,0.1426,0.1429,0.1424,0.1424,0.1421,0.1422,0.1417
310.0000,0.1428,0.1427,0.1425,0.1423,0.1422,0.1420,0.1419
315.0000,0.1427,0.1427,0.1424,0.1423,0.1420,0.1423,0.1413
320.0000,0.1425,0.1428,0.1423,0.1423,0.1420,0.1421,0.1415
325.0000,0.1420,0.1429,0.1421,0.1424,0.1420,0.1420,0.1416
330.0000,0.1425,0.1426,0.1422,0.1424,0.1419,0.1423,0.1408
335.0000,0.1424,0.1426,0.1422,0.1423,0.1420,0.1420,0.1413
340.0000,0.1421,0.1427,0.1421,0.1423,0.1420,0.1418,0.1413
345.0000,0.1424,0.1424,0.1422,0.1423,0.1418,0.1421,0.1405
350.0000,0.1423,0.1424,0.1422,0.1423,0.1419,0.1417,0.1410
355.0000,0.1420,0.1425,0.1421,0.1422,0.1419,0.1415,0.1411
360.0000,0.1423,0.1423,0.1422,0.1422,0.1419,0.1413,0.1411
365.0000,0.1421,0.1424,0.1421,0.1422,0.1417,0.1415,0.1407
370.0000,0.1419,0.1425,0.1420,0.1422,0.1416,0.1413,0.1408
375.0000,0.1422,0.1423,0.1422,0.1421,0.1416,0.1411,0.1408
380.0000,0.1421,0.1423,0.1421,0.1422,0.1413,0.1413,0.1403
385.0000,0.1418,0.1425,0.1420,0.1422,0.1413,0.1411,0.1404
390.0000,0.1422,0.1422,0.1421,0.1420,0.1413,0.1408,0.1405
395.0000,0.1421,0.1423,0.1421,0.1420,0.1411,0.1409,0.1400
400.0000,0.1419,0.1423,0.1421,0.1419,0.1410,0.1407,0.1401
405.0000,0.1422,0.1421,0.1421,0.1418,0.1410,0.1405,0.1401
410.0000,0.1421,0.1422,0.1420,0.1418,0.1408,0.1407,0.1395
415.0000,0.1419,0.1423,0.1420,0.1416,0.1407,0.1404,0.1398
420.0000,0.1421,0.1421,0.1420,0.1415,0.1407,0.1402,0.1398
425.0000,0.1420,0.1422,0.1419,0.1415,0.1404,0.1403,0.1392
430.0000,0.1418,0.1423,0.1418,0.1414,0.1404,0.1401,0.1394
435.0000,0.1421,0.1420,0.1418,0.1412,0.1404,0.1398,0.1395
440.0000,0.1420,0.1421,0.1417,0.1412,0.1401,0.1399,0.1390
445.0000,0.1418,0.1421,0.1415,0.1411,0.1400,0.1397,0.1392
450.0000,0.1414,0.1422,0.1414,0.1410,0.1399,0.1396,0.1393
455.0000,0.1419,0.1419,0.1414,0.1409,0.1397,0.1398,0.1386
460.0000,0.1417,0.1419,0.1413,0.1408,0.1397,0.1396,0.1391
465.0000,0.1415,0.1419,0.1412,0.1407,0.1396,0.1395,0.1392
470.0000,0.1417,0.1416,0.1412,0.1406,0.1394,0.1397,0.1385
475.0000,0.1415,0.1416,0.1410,0.1404,0.1394,0.1395,0.1391
480.0000,0.1412,0.1417,0.1409,0.1403,0.1393,0.1394,0.1393
485.0000,0.1415,0.1414,0.1409,0.1401,0.1393,0.1393,0.1394
490.0000,0.1413,0.1414,0.1407,0.1401,0.1392,0.1396,0.1390
495.0000,0.1410,0.1414,0.1406,0.1399,0.1392,0.1394,0.1393
500.0000,0.1413,0.1411,0.1406,0.1397,0.1393,0.1394,0.1395
505.0000,0.1411,0.1411,0.1404,0.1397,0.1391,0.1396,0.1392
510.0000,0.1407,0.1411,0.1402,0.1396,0.1392,0.1396,0.1395
515.0000,0.1410,0.1408,0.1403,0.1395,0.1393,0.1395,0.1397
520.0000,0.1408,0.1408,0.1400,0.1395,0.1392,0.1398,0.1395
525.0000,0.1405,0.1408,0.1399,0.1395,0.1392,0.1398,0.1398
530.0000,0.1407,0.1405,0.1399,0.1393,0.1393,0.1398,0.1400
535.0000,0.1405,0.1405,0.1397,0.1394,0.1392,0.1402,0.1396
540.0000,0.1402,0.1404,0.1395,0.1394,0.1394,0.1401,0.1400
545.0000,0.1404,0.1401,0.1396,0.1393,0.1396,0.1401,0.1402
550.0000,0.1402,0.1401,0.1394,0.1394,0.1395,0.1405,0.1397
555.0000,0.1399,0.1400,0.1393,0.1394,0.1397,0.1404,0.1401
560.0000,0.1400,0.1398,0.1394,0.1393,0.1399,0.1404,0.1403
565.0000,0.1399,0.1398,0.1393,0.1395,0.1398,0.1407,0.1398
570.0000,0.1396,0.1397,0.1392,0.1395,0.1400,0.1406,0.1401
575.0000,0.1392,0.1398,0.1391,0.1396,0.1401,0.1405,0.1402
580.0000,0.1396,0.1395,0.1392,0.1397,0.1401,0.1408,0.1396
585.0000,0.1394,0.1395,0.1392,0.1397,0.1403,0.1405,0.1401
590.0000,0.1391,0.1396,0.1391,0.1398,0.1404,0.1404,0.1402
595.0000,0.1394,0.1394,0.1393,0.1399,0.1405,0.1404,0.1402
600.0000,0.1392,0.1395,0.1392,0.1401,0.1404,0.1406,0.1399
605.0000,0.1389,0.1396,0.1392,0.1402,0.1404,0.1404,0.1400
610.0000,0.1393,0.1394,0.1394,0.1403,0.1405,0.1403,0.1400
615.0000,0.1391,0.1395,0.1394,0.1404,0.1403,0.1405,0.1395
620.0000,0.1390,0.1395,0.1395,0.1405,0.1404,0.1403,0.1397
625.0000,0.1393,0.1393,0.1397,0.1405,0.1404,0.1401,0.1397
630.0000,0.1392,0.1395,0.1398,0.1406,0.1403,0.1402,0.1392
635.0000,0.1390,0.1397,0.1398,0.1406,0.1403,0.1399,0.1394
640.0000,0.1394,0.1395,0.1401,0.1405,0.1403,0.1397,0.1394
645.0000,0.1394,0.1397,0.1401,0.1406,0.1401,0.1397,0.1391
650.0000,0.1393,0.1399,0.1402,0.1406,0.1401,0.1396,0.1392
655.0000,0.1396,0.1398,0.1403,0.1405,0.1400,0.1394,0.1392
660.0000,0.1395,0.1400,0.1402,0.1406,0.1397,0.1396,0.1386
665.0000,0.1395,0.1402,0.1403,0.1406,0.1396,0.1393,0.1390
670.0000,0.1398,0.1401,0.1404,0.1405,0.1396,0.1392,0.1391
675.0000,0.1399,0.1403,0.1404,0.1405,0.1393,0.1394,0.1385
680.0000,0.1397,0.1404,0.1403,0.1404,0.1392,0.1393,0.1388
685.0000,0.1401,0.1403,0.1405,0.1402,0.1392,0.1391,0.1389
690.0000,0.1401,0.1404,0.1405,0.1402,0.1390,0.1394,0.1384
695.0000,0.1401,0.1404,0.1405,0.1400,0.1390,0.1392,0.1388
700.0000,0.1397,0.1406,0.1404,0.1399,0.1390,0.1391,0.1389
705.0000,0.1402,0.1404,0.1404,0.1398,0.1389,0.1394,0.1383
710.0000,0.1401,0.1405,0.1403,0.1396,0.1389,0.1392,0.1388
715.0000,0.1399,0.1407,0.1402,0.1395,0.1389,0.1391,0.1390
720.0000,0.1403,0.1404,0.1402,0.1394,0.1390,0.1391,0.1391
725.0000,0.1402,0.1406,0.1399,0.1394,0.1388,0.1393,0.1388
730.0000,0.1399,0.1406,0.1398,0.1393,0.1389,0.1392,0.1390
735.0000,0.1403,0.1403,0.1398,0.1392,0.1390,0.1392,0.1392
740.0000,0.1402,0.1403,0.1396,0.1392,0.1389,0.1394,0.1388
745.0000,0.1399,0.1403,0.1395,0.1391,0.1390,0.1393,0.1391
750.0000,0.1402,0.1400,0.1395,0.1390,0.1391,0.1392,0.1392
755.0000,0.1400,0.1400,0.1393,0.1391,0.1390,0.1394,0.1389
760.0000,0.1396,0.1400,0.1392,0.1391,0.1391,0.1394,0.1392
765.0000,0.1399,0.1397,0.1392,0.1390,0.1392,0.1393,0.1393
770.0000,0.1397,0.1397,0.1390,0.1391,0.1391,0.1395,0.1390
775.0000,0.1394,0.1397,0.1390,0.1391,0.1391,0.1395,0.1392
780.0000,0.1396,0.1394,0.1390,0.1391,0.1393,0.1394,0.1394
785.0000,0.1394,0.1394,0.1389,0.1392,0.1391,0.1397,0.1389
790.0000,0.1392,0.1394,0.1389,0.1392,0.1392,0.1395,0.1394
795.0000,0.1394,0.1392,0.1390,0.1392,0.1393,0.1395,0.1396
800.0000,0.1392,0.1392,0.1389,0.1393,0.1392,0.1398,0.1392
805.0000,0.1390,0.1392,0.1389,0.1393,0.1393,0.1397,0.1396
810.0000,0.1392,0.1390,0.1390,0.1393,0.1394,0.1397,0.1398
815.0000,0.1391,0.1391,0.1390,0.1394,0.1392,0.1401,0.1394
820.0000,0.1389,0.1391,0.1390,0.1394,0.1393,0.1400,0.1397
825.0000,0.1384,0.1393,0.1389,0.1395,0.1394,0.1400,0.1399
830.0000,0.1389,0.1391,0.1390,0.1395,0.1393,0.1404,0.1393
835.0000,0.1389,0.1391,0.1391,0.1394,0.1395,0.1402,0.1400
840.0000,0.1387,0.1392,0.1391,0.1394,0.1397,0.1402,0.1402
845.0000,0.1390,0.1391,0.1392,0.1394,0.1398,0.1402,0.1404
850.0000,0.1389,0.1392,0.1392,0.1395,0.1398,0.1405,0.1401
855.0000,0.1387,0.1393,0.1392,0.1395,0.1399,0.1404,0.1404
860.0000,0.1390,0.1391,0.1393,0.1395,0.1401,0.1405,0.1406
865.0000,0.1390,0.1393,0.1392,0.1397,0.1400,0.1408,0.1403
870.0000,0.1387,0.1395,0.1391,0.1398,0.1401,0.1408,0.1405
875.0000,0.1391,0.1393,0.1393,0.1397,0.1403,0.1407,0.1407
880.0000,0.1390,0.1394,0.1393,0.1399,0.1403,0.1410,0.1403
885.0000,0.1388,0.1395,0.1392,0.1400,0.1404,0.1409,0.1406
890.0000,0.1392,0.1393,0.1394,0.1400,0.1406,0.1408,0.1408
895.0000,0.1392,0.1394,0.1394,0.1401,0.1406,0.1410,0.1405
900.0000,0.1391,0.1395,0.1395,0.1402,0.1407,0.1409,0.1407
905.0000,0.1393,0.1393,0.1396,0.1402,0.1408,0.1409,0.1409
910.0000,0.1392,0.1395,0.1396,0.1404,0.1407,0.1411,0.1405
915.0000,0.1391,0.1396,0.1396,0.1405,0.1408,0.1410,0.1408
920.0000,0.1394,0.1395,0.1398,0.1405,0.1408,0.1410,0.1409
925.0000,0.1393,0.1397,0.1398,0.1407,0.1407,0.1413,0.1404
930.0000,0.1392,0.1399,0.1398,0.1408,0.1407,0.1412,0.1407
935.0000,0.1395,0.1397,0.1400,0.1407,0.1409,0.1411,0.1409
940.0000,0.1396,0.1398,0.1401,0.1409,0.1408,0.1413,0.1403
945.0000,0.1395,0.1399,0.1402,0.1409,0.1409,0.1411,0.1407
950.0000,0.1392,0.1401,0.1402,0.1409,0.1409,0.1411,0.1408
955.0000,0.1397,0.1400,0.1404,0.1410,0.1408,0.1413,0.1402
960.0000,0.1397,0.1401,0.1405,0.1410,0.1409,0.1411,0.1407
965.0000,0.1395,0.1404,0.1405,0.1410,0.1410,0.1410,0.1408
970.0000,0.1400,0.1402,0.1406,0.1410,0.1410,0.1409,0.1409
975.0000,0.1399,0.1405,0.1406,0.1411,0.1409,0.1412,0.1406
980.0000,0.1397,0.1407,0.1406,0.1411,0.1409,0.1410,0.1409
985.0000,0.1402,0.1405,0.1407,0.1411,0.1409,0.1410,0.1410
990.0000,0.1402,0.1407,0.1407,0.1412,0.1408,0.1412,0.1406
995.0000,0.1400,0.1408,0.1407,0.1412,0.1408,0.1411,0.1409
1000.0000,0.1405,0.1406,0.1409,0.1411,0.1409,0.1410,0.1410
1005.0000,0.1405,0.1407,0.1409,0.1411,0.1408,0.1413,0.1407
1010.0000,0.1404,0.1409,0.1409,0.1411,0.1409,0.1412,0.1409
1015.0000,0.1406,0.1407,0.1410,0.1410,0.1410,0.1411,0.1411
1020.0000,0.1406,0.1409,0.1410,0.1411,0.1409,0.1413,0.1408
1025.0000,0.1405,0.1410,0.1409,0.1410,0.1409,0.1412,0.1411
1030.0000,0.1408,0.1409,0.1410,0.1410,0.1410,0.1412,0.1413
1035.0000,0.1407,0.1410,0.1409,0.1411,0.1409,0.1415,0.1409
1040.0000,0.1406,0.1411,0.1409,0.1411,0.1410,0.1414,0.1414
1045.0000,0.1409,0.1410,0.1410,0.1410,0.1411,0.1414,0.1415
1050.0000,0.1408,0.1411,0.1409,0.1411,0.1409,0.1418,0.1411
1055.0000,0.1407,0.1412,0.1408,0.1411,0.1410,0.1417,0.1415
1060.0000,0.1409,0.1410,0.1409,0.1410,0.1412,0.1417,0.1418
1065.0000,0.1409,0.1410,0.1409,0.1411,0.1411,0.1420,0.1414
1070.0000,0.1408,0.1411,0.1409,0.1411,0.1412,0.1420,0.1419
1075.0000,0.1404,0.1413,0.1408,0.1412,0.1413,0.1420,0.1422
1080.0000,0.1409,0.1410,0.1409,0.1412,0.1413,0.1424,0.1417
1085.0000,0.1408,0.1411,0.1409,0.1412,0.1415,0.1423,0.1423
1090.0000,0.1406,0.1411,0.1409,0.1412,0.1416,0.1424,0.1426
1095.0000,0.1409,0.1410,0.1410,0.1412,0.1418,0.1425,0.1429
1100.0000,0.1407,0.1411,0.1409,0.1414,0.1418,0.1429,0.1427
1105.0000,0.1405,0.1412,0.1409,0.1414,0.1419,0.1429,0.1431
1110.0000,0.1409,0.1410,0.1410,0.1414,0.1422,0.1430,0.1434
1115.0000,0.1408,0.1411,0.1410,0.1416,0.1422,0.1433,0.1432
1120.0000,0.1406,0.1412,0.1409,0.1417,0.1423,0.1434,0.1436
1125.0000,0.1409,0.1410,0.1411,0.1417,0.1426,0.1435,0.1438
1130.0000,0.1409,0.1411,0.1411,0.1419,0.1426,0.1439,0.1436
1135.0000,0.1407,0.1412,0.1411,0.1419,0.1429,0.1440,0.1440
1140.0000,0.1410,0.1410,0.1413,0.1420,0.1431,0.1440,0.1443
1145.0000,0.1409,0.1412,0.1413,0.1422,0.1432,0.1444,0.1440
1150.0000,0.1408,0.1413,0.1413,0.1423,0.1434,0.1444,0.1444
1155.0000,0.1411,0.1412,0.1415,0.1424,0.1437,0.1444,0.1446
1160.0000,0.1410,0.1414,0.1415,0.1427,0.1437,0.1448,0.1443
1165.0000,0.1409,0.1415,0.1416,0.1428,0.1439,0.1448,0.1447
1170.0000,0.1412,0.1414,0.1418,0.1429,0.1442,0.1448,0.1449
1175.0000,0.1412,0.1415,0.1418,0.1432,0.1442,0.1452,0.1445
1180.0000,0.1411,0.1417,0.1419,0.1434,0.1444,0.1451,0.1450
1185.0000,0.1414,0.1416,0.1422,0.1435,0.1446,0.1451,0.1453
1190.0000,0.1414,0.1418,0.1422,0.1437,0.1446,0.1454,0.1449
1195.0000,0.1414,0.1420,0.1424,0.1439,0.1447,0.1454,0.1453
1200.0000,0.1411,0.1423,0.1424,0.1441,0.1448,0.1455,0.1456
1205.0000,0.1417,0.1422,0.1427,0.1443,0.1448,0.1459,0.1450
1210.0000,0.1417,0.1423,0.1429,0.1444,0.1450,0.1458,0.1456
1215.0000,0.1417,0.1426,0.1430,0.1445,0.1451,0.1458,0.1459
1220.0000,0.1421,0.1425,0.1434,0.1446,0.1453,0.1459,0.1461
1225.0000,0.1421,0.1428,0.1435,0.1448,0.1452,0.1462,0.1459
1230.0000,0.1421,0.1430,0.1436,0.1449,0.1454,0.1462,0.1462
1235.0000,0.1426,0.1430,0.1439,0.1449,0.1456,0.1463,0.1464
1240.0000,0.1426,0.1432,0.1440,0.1450,0.1456,0.1466,0.1461
1245.0000,0.1425,0.1436,0.1441,0.1451,0.1458,0.1466,0.1465
1250.0000,0.1430,0.1435,0.1444,0.1451,0.1460,0.1465,0.1468
1255.0000,0.1432,0.1437,0.1444,0.1453,0.1460,0.1468,0.1466
1260.0000,0.1431,0.1440,0.1445,0.1454,0.1462,0.1468,0.1470
1265.0000,0.1436,0.1440,0.1447,0.1455,0.1464,0.1469,0.1473
1270.0000,0.1436,0.1443,0.1446,0.1457,0.1463,0.1473,0.1470
1275.0000,0.1436,0.1445,0.1447,0.1458,0.1464,0.1473,0.1474
1280.0000,0.1440,0.1445,0.1449,0.1459,0.1466,0.1474,0.1477
1285.0000,0.1441,0.1447,0.1449,0.1461,0.1465,0.1479,0.1473
1290.0000,0.1441,0.1448,0.1451,0.1462,0.1468,0.1479,0.1479
1295.0000,0.1445,0.1447,0.1453,0.1462,0.1470,0.1479,0.1483
1300.0000,0.1445,0.1449,0.1454,0.1464,0.1470,0.1483,0.1480
1305.0000,0.1444,0.1451,0.1455,0.1464,0.1473,0.1483,0.1488
1310.0000,0.1448,0.1450,0.1457,0.1465,0.1476,0.1483,0.1495
1315.0000,0.1449,0.1452,0.1457,0.1467,0.1475,0.1488,0.1496
1320.0000,0.1449,0.1454,0.1458,0.1468,0.1478,0.1489,0.1510
1325.0000,0.1445,0.1458,0.1458,0.1470,0.1479,0.1491,0.1526
1330.0000,0.1451,0.1457,0.1460,0.1472,0.1479,0.1500,0.1536
1335.0000,0.1451,0.1459,0.1460,0.1474,0.1479,0.1508,0.1559
1340.0000,0.1450,0.1461,0.1460,0.1475,0.1481,0.1517,0.1593
1345.0000,0.1455,0.1459,0.1463,0.1476,0.1485,0.1529,0.1635
1350.0000,0.1455,0.1462,0.1463,0.1479,0.1484,0.1552,0.1680
1355.0000,0.1454,0.1465,0.1463,0.1482,0.1484,0.1583,0.1730
1360.0000,0.1459,0.1462,0.1467,0.1481,0.1491,0.1615,0.1804
1365.0000,0.1459,0.1464,0.1468,0.1483,0.1496,0.1663,0.1883
1370.0000,0.1458,0.1466,0.1470,0.1483,0.1508,0.1714,0.1997
1375.0000,0.1462,0.1467,0.1471,0.1486,0.1515,0.1796,0.2095
1380.0000,0.1462,0.1469,0.1471,0.1488,0.1533,0.1887,0.2215
1385.0000,0.1462,0.1470,0.1475,0.1487,0.1564,0.1982,0.2374
1390.0000,0.1466,0.1468,0.1480,0.1484,0.1606,0.2091,0.2560
1395.0000,0.1467,0.1470,0.1481,0.1488,0.1652,0.2232,0.2754
1400.0000,0.1466,0.1474,0.1479,0.1497,0.1703,0.2409,0.2920
1405.0000,0.1471,0.1473,0.1484,0.1500,0.1785,0.2578,0.3151
1410.0000,0.1472,0.1474,0.1484,0.1511,0.1875,0.2781,0.3375
1415.0000,0.1472,0.1477,0.1484,0.1528,0.1984,0.3006,0.3594
1420.0000,0.1476,0.1474,0.1492,0.1542,0.2132,0.3212,0.3884
1425.0000,0.1477,0.1476,0.1493,0.1574,0.2284,0.3462,0.4148
1430.0000,0.1479,0.1478,0.1497,0.1612,0.2466,0.3706,0.4477
1435.0000,0.1479,0.1486,0.1491,0.1678,0.2641,0.4017,0.4710
1440.0000,0.1480,0.1492,0.1492,0.1752,0.2848,0.4320,0.4959
1445.0000,0.1481,0.1497,0.1501,0.1835,0.3092,0.4600,0.5268
1450.0000,0.1478,0.1504,0.1515,0.1935,0.3355,0.4884,0.5570
1455.0000,0.1489,0.1510,0.1534,0.2060,0.3622,0.5194,0.5815
1460.0000,0.1493,0.1522,0.1558,0.2207,0.3904,0.5506,0.6014
1465.0000,0.1501,0.1532,0.1602,0.2362,0.4221,0.5767,0.6263
1470.0000,0.1516,0.1543,0.1659,0.2538,0.4549,0.6013,0.6488
1475.0000,0.1526,0.1569,0.1720,0.2746,0.4866,0.6266,0.6655
1480.0000,0.1547,0.1598,0.1799,0.2973,0.5188,0.6491,0.6798
1485.0000,0.1572,0.1635,0.1897,0.3216,0.5515,0.6672,0.6941
1490.0000,0.1603,0.1686,0.2007,0.3489,0.5816,0.6850,0.7022
1495.0000,0.1623,0.1759,0.2132,0.3778,0.6109,0.6981,0.7116
1500.0000,0.1683,0.1831,0.2282,0.4081,0.6379,0.7091,0.7163
1505.0000,0.1743,0.1923,0.2450,0.4400,0.6617,0.7182,0.7167
1510.0000,0.1814,0.2028,0.2644,0.4722,0.6836,0.7226,0.7183
1515.0000,0.1908,0.2143,0.2863,0.5045,0.7020,0.7251,0.7162
1520.0000,0.1988,0.2299,0.3088,0.5376,0.7158,0.7267,0.7096
1525.0000,0.2118,0.2445,0.3357,0.5683,0.7283,0.7232,0.7063
1530.0000,0.2262,0.2606,0.3646,0.5976,0.7369,0.7186,0.6994
1535.0000,0.2428,0.2780,0.3955,0.6251,0.7419,0.7131,0.6898
1540.0000,0.2576,0.3000,0.4262,0.6508,0.7435,0.7057,0.6804
1545.0000,0.2763,0.3227,0.4585,0.6732,0.7432,0.6958,0.6726
1550.0000,0.2976,0.3468,0.4912,0.6930,0.7392,0.6867,0.6618
1555.0000,0.3157,0.3759,0.5217,0.7105,0.7323,0.6772,0.6513
1560.0000,0.3414,0.4028,0.5535,0.7236,0.7248,0.6658,0.6430
1565.0000,0.3688,0.4299,0.5843,0.7334,0.7148,0.6562,0.6324
1570.0000,0.3967,0.4578,0.6136,0.7397,0.7038,0.6462,0.6224
1575.0000,0.4163,0.4912,0.6379,0.7442,0.6912,0.6370,0.6125
1580.0000,0.4477,0.5196,0.6620,0.7447,0.6783,0.6291,0.5994
1585.0000,0.4786,0.5465,0.6843,0.7411,0.6677,0.6171,0.5969
1590.0000,0.5086,0.5728,0.7031,0.7356,0.6561,0.6079,0.5905
1595.0000,0.5352,0.5990,0.7180,0.7283,0.6445,0.5996,0.5844
1600.0000,0.5577,0.6265,0.7273,0.7206,0.6320,0.5935,0.5769
1605.0000,0.5852,0.6479,0.7358,0.7099,0.6221,0.5854,0.5750
1610.0000,0.6103,0.6670,0.7408,0.6986,0.6121,0.5795,0.5716
1615.0000,0.6327,0.6839,0.7424,0.6870,0.6024,0.5754,0.5677
1620.0000,0.6476,0.7011,0.7395,0.6756,0.5934,0.5714,0.5667
1625.0000,0.6683,0.7112,0.7363,0.6631,0.5863,0.5676,0.5670
1630.0000,0.6838,0.7196,0.7300,0.6514,0.5789,0.5664,0.5660
1635.0000,0.6953,0.7255,0.7220,0.6398,0.5731,0.5649,0.5681
1640.0000,0.7064,0.7271,0.7133,0.6281,0.5686,0.5641,0.5715
1645.0000,0.7118,0.7284,0.7020,0.6182,0.5637,0.5662,0.5731
1650.0000,0.7160,0.7261,0.6909,0.6082,0.5609,0.5675,0.5792
1655.0000,0.7192,0.7206,0.6800,0.5986,0.5594,0.5698,0.5860
1660.0000,0.7181,0.7149,0.6677,0.5907,0.5576,0.5749,0.5914
1665.0000,0.7152,0.7072,0.6560,0.5832,0.5577,0.5794,0.6016
1670.0000,0.7115,0.6978,0.6447,0.5766,0.5585,0.5862,0.6104
1675.0000,0.7047,0.6887,0.6328,0.5716,0.5595,0.5952,0.6185
1680.0000,0.6958,0.6795,0.6215,0.5671,0.5626,0.6032,0.6323
1685.0000,0.6866,0.6694,0.6110,0.5637,0.5663,0.6138,0.6437
1690.0000,0.6800,0.6572,0.6023,0.5609,0.5712,0.6261,0.6537
1695.0000,0.6692,0.6469,0.5938,0.5587,0.5786,0.6364,0.6716
1700.0000,0.6601,0.6356,0.5867,0.5574,0.5871,0.6480,0.6899
1705.0000,0.6510,0.6248,0.5801,0.5577,0.5954,0.6633,0.7051
1710.0000,0.6394,0.6162,0.5735,0.5596,0.6046,0.6798,0.7198
1715.0000,0.6279,0.6081,0.5682,0.5618,0.6166,0.6942,0.7415
1720.0000,0.6205,0.5990,0.5647,0.5648,0.6296,0.7099,0.7638
1725.0000,0.6122,0.5914,0.5613,0.5699,0.6422,0.7289,0.7849
1730.0000,0.6016,0.5864,0.5578,0.5770,0.6547,0.7512,0.8017
1735.0000,0.5961,0.5796,0.5572,0.5838,0.6702,0.7716,0.8224
1740.0000,0.5886,0.5755,0.5564,0.5925,0.6857,0.7945,0.8399
1745.0000,0.5824,0.5715,0.5575,0.6015,0.7039,0.8155,0.8603
1750.0000,0.5788,0.5674,0.5603,0.6114,0.7228,0.8381,0.8751
1755.0000,0.5740,0.5656,0.5635,0.6228,0.7427,0.8606,0.8857
1760.0000,0.5707,0.5640,0.5689,0.6339,0.7664,0.8771,0.9037
1765.0000,0.5690,0.5631,0.5756,0.6460,0.7913,0.8914,0.9210
1770.0000,0.5678,0.5641,0.5821,0.6610,0.8140,0.9084,0.9303
1775.0000,0.5668,0.5667,0.5895,0.6770,0.8376,0.9211,0.9431
1780.0000,0.5678,0.5702,0.5978,0.6946,0.8605,0.9319,0.9554
1785.0000,0.5691,0.5758,0.6059,0.7150,0.8803,0.9440,0.9625
1790.0000,0.5696,0.5835,0.6147,0.7366,0.8993,0.9526,0.9749
1795.0000,0.5757,0.5897,0.6257,0.7592,0.9156,0.9623,0.9822
1800.0000,0.5803,0.5985,0.6372,0.7830,0.9292,0.9721,0.9871
1805.0000,0.5858,0.6076,0.6510,0.8064,0.9418,0.9794,0.9954
1810.0000,0.5893,0.6190,0.6659,0.8299,0.9522,0.9871,1.0015
1815.0000,0.6023,0.6271,0.6848,0.8516,0.9610,0.9956,1.0037
1820.0000,0.6128,0.6371,0.7057,0.8712,0.9705,0.9997,1.0143
1825.0000,0.6208,0.6502,0.7271,0.8899,0.9782,1.0050,1.0231
1830.0000,0.6347,0.6626,0.7501,0.9071,0.9838,1.0131,1.0267
1835.0000,0.6494,0.6761,0.7744,0.9218,0.9901,1.0188,1.0355
1840.0000,0.6638,0.6919,0.7984,0.9347,0.9963,1.0243,1.0459
1845.0000,0.6772,0.7106,0.8210,0.9465,1.0017,1.0308,1.0562
1850.0000,0.6889,0.7336,0.8405,0.9585,1.0049,1.0406,1.0642
1855.0000,0.7071,0.7543,0.8606,0.9679,1.0096,1.0496,1.0743
1860.0000,0.7274,0.7743,0.8802,0.9755,1.0155,1.0581,1.0867
1865.0000,0.7472,0.7950,0.8977,0.9828,1.0204,1.0701,1.0958
1870.0000,0.7617,0.8185,0.9124,0.9893,1.0271,1.0799,1.1119
1875.0000,0.7853,0.8370,0.9276,0.9944,1.0344,1.0921,1.1248
1880.0000,0.8068,0.8552,0.9408,0.9995,1.0418,1.1064,1.1353
1885.0000,0.8268,0.8724,0.9531,1.0035,1.0521,1.1180,1.1534
1890.0000,0.8458,0.8888,0.9637,1.0077,1.0631,1.1307,1.1711
1895.0000,0.8604,0.9074,0.9703,1.0141,1.0723,1.1479,1.1839
1900.0000,0.8778,0.9221,0.9776,1.0197,1.0842,1.1634,1.2002
1905.0000,0.8957,0.9340,0.9851,1.0250,1.0983,1.1776,1.2196
1910.0000,0.9107,0.9459,0.9905,1.0324,1.1108,1.1963,1.2327
1915.0000,0.9201,0.9592,0.9944,1.0405,1.1256,1.2117,1.2547
1955.0000,0.9961,1.0150,1.0433,1.1354,1.2606,1.3578,1.3867
1960.0000,1.0033,1.0208,1.0530,1.1503,1.2804,1.3729,1.4075
1965.0000,1.0089,1.0275,1.0634,1.1659,1.3002,1.3879,1.4272
1970.0000,1.0176,1.0333,1.0754,1.1820,1.3196,1.4032,1.4455
1975.0000,1.0221,1.0432,1.0857,1.2005,1.3363,1.4218,1.4594
1980.0000,1.0292,1.0522,1.0980,1.2187,1.3537,1.4388,1.4741
1985.0000,1.0397,1.0598,1.1127,1.2362,1.3721,1.4540,1.4901
1990.0000,1.0480,1.0702,1.1267,1.2552,1.3881,1.4720,1.5007
1995.0000,1.0525,1.0836,1.1406,1.2741,1.4051,1.4868,1.5158
2000.0000,1.0664,1.0935,1.1576,1.2921,1.4223,1.5018,1.5268
2005.0000,1.0774,1.1061,1.1740,1.3109,1.4377,1.5182,1.5320
2010.0000,1.0890,1.1187,1.1921,1.3281,1.4558,1.5288,1.5447
2015.0000,1.1024,1.1315,1.2109,1.3451,1.4732,1.5390,1.5536
2020.0000,1.1131,1.1483,1.2275,1.3639,1.4874,1.5522,1.5535
2025.0000,1.1276,1.1632,1.2464,1.3807,1.5040,1.5589,1.5599
2030.0000,1.1433,1.1782,1.2656,1.3972,1.5199,1.5640,1.5635
2035.0000,1.1584,1.1951,1.2834,1.4151,1.5323,1.5715,1.5575
2040.0000,1.1697,1.2150,1.3001,1.4327,1.5454,1.5726,1.5588
2045.0000,1.1890,1.2310,1.3189,1.4489,1.5577,1.5715,1.5571
2050.0000,1.2063,1.2489,1.3360,1.4665,1.5657,1.5726,1.5461
2055.0000,1.2225,1.2673,1.3533,1.4830,1.5737,1.5681,1.5406
2060.0000,1.2304,1.2903,1.3680,1.5003,1.5785,1.5624,1.5316
2065.0000,1.2558,1.3052,1.3863,1.5158,1.5805,1.5582,1.5122
2070.0000,1.2750,1.3217,1.4048,1.5289,1.5839,1.5445,1.5086
2075.0000,1.2937,1.3380,1.4229,1.5417,1.5830,1.5331,1.4954
2080.0000,1.3130,1.3540,1.4408,1.5538,1.5782,1.5235,1.4741
2085.0000,1.3265,1.3736,1.4569,1.5640,1.5734,1.5067,1.4662
2090.0000,1.3439,1.3908,1.4736,1.5727,1.5650,1.4923,1.4499
2095.0000,1.3642,1.4060,1.4908,1.5788,1.5550,1.4771,1.4320
2100.0000,1.3783,1.4252,1.5048,1.5844,1.5414,1.4633,1.4097
2105.0000,1.3950,1.4416,1.5202,1.5856,1.5297,1.4429,1.3976
2110.0000,1.4152,1.4557,1.5351,1.5849,1.5149,1.4256,1.3787
2115.0000,1.4317,1.4713,1.5474,1.5827,1.4979,1.4096,1.3566
2120.0000,1.4426,1.4893,1.5569,1.5785,1.4805,1.3918,1.3360
2125.0000,1.4628,1.5009,1.5684,1.5695,1.4659,1.3687,1.3223
2130.0000,1.4786,1.5141,1.5756,1.5606,1.4471,1.3509,1.3015
2135.0000,1.4916,1.5270,1.5807,1.5495,1.4289,1.3305,1.2866
2140.0000,1.5067,1.5371,1.5844,1.5364,1.4106,1.3103,1.2726
2145.0000,1.5166,1.5495,1.5829,1.5240,1.3891,1.2943,1.2547
2150.0000,1.5277,1.5580,1.5811,1.5088,1.3700,1.2745,1.2487
2155.0000,1.5400,1.5632,1.5771,1.4932,1.3484,1.2606,1.2359
2160.0000,1.5474,1.5689,1.5697,1.4774,1.3261,1.2493,1.2227
2165.0000,1.5497,1.5746,1.5595,1.4610,1.3043,1.2394,1.2098
2170.0000,1.5594,1.5721,1.5516,1.4410,1.2866,1.2271,1.2023
2175.0000,1.5623,1.5706,1.5399,1.4219,1.2674,1.2202,1.1876
2180.0000,1.5629,1.5665,1.5279,1.4009,1.2521,1.2104,1.1799
2185.0000,1.5597,1.5611,1.5146,1.3793,1.2389,1.2006,1.1721
2190.0000,1.5613,1.5508,1.5011,1.3576,1.2261,1.1947,1.1552
2195.0000,1.5557,1.5414,1.4858,1.3353,1.2181,1.1814,1.1567
2200.0000,1.5464,1.5322,1.4677,1.3152,1.2093,1.1717,1.1513
2205.0000,1.5411,1.5189,1.4496,1.2957,1.2015,1.1627,1.1450
2210.0000,1.5307,1.5069,1.4286,1.2789,1.1925,1.1562,1.1360
2215.0000,1.5140,1.4959,1.4058,1.2638,1.1849,1.1474,1.1329
2220.0000,1.5065,1.4788,1.3849,1.2496,1.1772,1.1405,1.1272
2225.0000,1.4915,1.4641,1.3618,1.2382,1.1681,1.1358,1.1196
2230.0000,1.4709,1.4499,1.3388,1.2279,1.1600,1.1294,1.1161
2235.0000,1.4622,1.4277,1.3205,1.2169,1.1529,1.1239,1.1109
2240.0000,1.4441,1.4096,1.3006,1.2084,1.1442,1.1209,1.1027
2245.0000,1.4294,1.3874,1.2848,1.1985,1.1382,1.1151,1.0988
2250.0000,1.4134,1.3645,1.2714,1.1884,1.1335,1.1083,1.0962
2255.0000,1.3934,1.3449,1.2573,1.1802,1.1269,1.1048,1.0891
2260.0000,1.3713,1.3275,1.2439,1.1721,1.1216,1.0994,1.0861
2265.0000,1.3545,1.3084,1.2328,1.1638,1.1171,1.0940,1.0829
2270.0000,1.3372,1.2912,1.2219,1.1567,1.1113,1.0912,1.0754
2275.0000,1.3151,1.2782,1.2103,1.1501,1.1068,1.0852,1.0758
2280.0000,1.3011,1.2626,1.2011,1.1432,1.1023,1.0809,1.0732
2285.0000,1.2844,1.2506,1.1905,1.1381,1.0961,1.0793,1.0669
2290.0000,1.2705,1.2377,1.1819,1.1321,1.0917,1.0753,1.0656
2295.0000,1.2582,1.2245,1.1747,1.1257,1.0881,1.0709,1.0653
2300.0000,1.2436,1.2149,1.1658,1.1211,1.0825,1.0702,1.0598
2305.0000,1.2297,1.2058,1.1579,1.1160,1.0785,1.0672,1.0600
2310.0000,1.2178,1.1963,1.1510,1.1108,1.0749,1.0647,1.0592
2315.0000,1.2106,1.1851,1.1454,1.1057,1.0706,1.0651,1.0527
2320.0000,1.1988,1.1772,1.1392,1.1003,1.0685,1.0614,1.0569
2325.0000,1.1866,1.1705,1.1327,1.0957,1.0658,1.0595,1.0582
2330.0000,1.1812,1.1611,1.1280,1.0905,1.0638,1.0581,1.0590
2335.0000,1.1730,1.1541,1.1222,1.0865,1.0608,1.0592,1.0572
2340.0000,1.1623,1.1487,1.1163,1.0824,1.0591,1.0584,1.0599
2345.0000,1.1577,1.1406,1.1119,1.0780,1.0581,1.0580,1.0622
2350.0000,1.1493,1.1359,1.1057,1.0752,1.0557,1.0606,1.0616
2355.0000,1.1411,1.1310,1.1002,1.0720,1.0551,1.0612,1.0652
2360.0000,1.1379,1.1234,1.0965,1.0683,1.0552,1.0623,1.0682
2365.0000,1.1307,1.1187,1.0912,1.0662,1.0541,1.0661,1.0681
2370.0000,1.1239,1.1138,1.0868,1.0635,1.0551,1.0672,1.0738
2375.0000,1.1207,1.1069,1.0837,1.0607,1.0566,1.0692,1.0783
2380.0000,1.1142,1.1028,1.0791,1.0595,1.0569,1.0739,1.0797
2385.0000,1.1074,1.0989,1.0751,1.0581,1.0589,1.0766,1.0858
2390.0000,1.1046,1.0930,1.0725,1.0564,1.0617,1.0795,1.0922
2395.0000,1.0995,1.0891,1.0688,1.0564,1.0629,1.0857,1.0942
2400.0000,1.0929,1.0861,1.0654,1.0563,1.0660,1.0895,1.1019
2405.0000,1.0907,1.0809,1.0636,1.0560,1.0698,1.0938,1.1093
2410.0000,1.0859,1.0781,1.0605,1.0574,1.0720,1.1016,1.1121
2415.0000,1.0813,1.0752,1.0585,1.0583,1.0763,1.1064,1.1220
2420.0000,1.0795,1.0707,1.0578,1.0592,1.0812,1.1122,1.1303
2425.0000,1.0753,1.0686,1.0559,1.0617,1.0846,1.1213,1.1341
2430.0000,1.0710,1.0666,1.0551,1.0636,1.0904,1.1272,1.1458
2435.0000,1.0663,1.0653,1.0545,1.0662,1.0962,1.1343,1.1564
2440.0000,1.0671,1.0617,1.0552,1.0692,1.1012,1.1449,1.1609
2445.0000,1.0638,1.0607,1.0555,1.0724,1.1080,1.1526,1.1731
2450.0000,1.0596,1.0607,1.0560,1.0760,1.1154,1.1607,1.1856
2455.0000,1.0610,1.0584,1.0583,1.0794,1.1235,1.1695,1.1978
2460.0000,1.0590,1.0589,1.0591,1.0846,1.1301,1.1814,1.2067
2465.0000,1.0565,1.0598,1.0607,1.0897,1.1382,1.1922,1.2180
2470.0000,1.0589,1.0585,1.0643,1.0941,1.1481,1.2018,1.2314
2475.0000,1.0579,1.0601,1.0663,1.1005,1.1562,1.2151,1.2405
2480.0000,1.0561,1.0625,1.0689,1.1068,1.1662,1.2264,1.2535
2485.0000,1.0597,1.0622,1.0737,1.1125,1.1777,1.2367,1.2678
2490.0000,1.0605,1.0646,1.0772,1.1200,1.1876,1.2505,1.2776
2495.0000,1.0595,1.0682,1.0811,1.1275,1.1994,1.2611,1.2949
2500.0000,1.0640,1.0696,1.0864,1.1355,1.2107,1.2746,1.3076
2505.0000,1.0654,1.0736,1.0906,1.1449,1.2212,1.2898,1.3176
2510.0000,1.0674,1.0774,1.0962,1.1538,1.2339,1.3019,1.3341
2515.0000,1.0723,1.0801,1.1030,1.1628,1.2471,1.3144,1.3500
2520.0000,1.0744,1.0858,1.1083,1.1739,1.2580,1.3310,1.3600
2525.0000,1.0769,1.0913,1.1148,1.1845,1.2710,1.3450,1.3740
2530.0000,1.0835,1.0947,1.1235,1.1943,1.2856,1.3574,1.3897
2535.0000,1.0880,1.1006,1.1310,1.2062,1.2979,1.3741,1.3979
2540.0000,1.0911,1.1075,1.1393,1.2173,1.3129,1.3857,1.4166
2545.0000,1.0986,1.1126,1.1491,1.2287,1.3274,1.3995,1.4294
2550.0000,1.1044,1.1199,1.1580,1.2416,1.3403,1.4158,1.4365
2555.0000,1.1101,1.1274,1.1681,1.2537,1.3559,1.4270,1.4536
2560.0000,1.1127,1.1374,1.1775,1.2667,1.3708,1.4386,1.4693
2565.0000,1.1241,1.1442,1.1884,1.2804,1.3837,1.4543,1.4759
2570.0000,1.1314,1.1535,1.1991,1.2941,1.3981,1.4664,1.4892
2575.0000,1.1375,1.1638,1.2100,1.3080,1.4124,1.4776,1.5022
2580.0000,1.1493,1.1717,1.2228,1.3213,1.4271,1.4882,1.5148
2585.0000,1.1559,1.1841,1.2332,1.3368,1.4389,1.5022,1.5216
2590.0000,1.1652,1.1946,1.2458,1.3510,1.4524,1.5125,1.5323
2595.0000,1.1784,1.2031,1.2601,1.3643,1.4663,1.5220,1.5422
2600.0000,1.1886,1.2143,1.2732,1.3790,1.4777,1.5341,1.5464
2605.0000,1.1956,1.2277,1.2861,1.3932,1.4905,1.5419,1.5572
2610.0000,1.2099,1.2378,1.3011,1.4064,1.5031,1.5495,1.5653
2615.0000,1.2215,1.2502,1.3148,1.4208,1.5133,1.5596,1.5679
2620.0000,1.2282,1.2658,1.3275,1.4350,1.5240,1.5662,1.5754
2625.0000,1.2447,1.2767,1.3429,1.4476,1.5350,1.5718,1.5811
2630.0000,1.2572,1.2904,1.3565,1.4615,1.5432,1.5801,1.5807
2635.0000,1.2700,1.3036,1.3712,1.4737,1.5532,1.5830,1.5882
2640.0000,1.2847,1.3159,1.3863,1.4855,1.5622,1.5862,1.5928
2645.0000,1.2953,1.3321,1.3985,1.4989,1.5675,1.5930,1.5901
2650.0000,1.3089,1.3459,1.4125,1.5103,1.5747,1.5949,1.5944
2655.0000,1.3248,1.3581,1.4274,1.5206,1.5814,1.5963,1.5968
2660.0000,1.3384,1.3722,1.4405,1.5318,1.5850,1.6011,1.5916
2665.0000,1.3479,1.3886,1.4526,1.5419,1.5898,1.6009,1.5952
2670.0000,1.3652,1.4003,1.4668,1.5502,1.5944,1.6003,1.5962
2675.0000,1.3794,1.4139,1.4791,1.5593,1.5960,1.6032,1.5893
2680.0000,1.3929,1.4271,1.4917,1.5666,1.5991,1.6012,1.5905
2685.0000,1.3988,1.4440,1.5017,1.5742,1.6008,1.5993,1.5900
2690.0000,1.4186,1.4544,1.5138,1.5806,1.6006,1.6010,1.5795
2695.0000,1.4321,1.4667,1.5251,1.5853,1.6028,1.5956,1.5832
2700.0000,1.4445,1.4789,1.5353,1.5899,1.6031,1.5922,1.5812
2705.0000,1.4597,1.4890,1.5458,1.5933,1.6030,1.5885,1.5781
2710.0000,1.4683,1.5033,1.5526,1.5982,1.5998,1.5878,1.5698
2715.0000,1.4791,1.5149,1.5604,1.6006,1.5990,1.5820,1.5693
2720.0000,1.4946,1.5229,1.5691,1.6020,1.5972,1.5774,1.5655
2725.0000,1.5054,1.5330,1.5751,1.6041,1.5931,1.5754,1.5571
2730.0000,1.5108,1.5450,1.5795,1.6054,1.5897,1.5704,1.5538
2735.0000,1.5256,1.5508,1.5864,1.6044,1.5875,1.5638,1.5513
2740.0000,1.5345,1.5593,1.5902,1.6047,1.5822,1.5611,1.5429
2745.0000,1.5424,1.5666,1.5940,1.6035,1.5783,1.5554,1.5396
2750.0000,1.5529,1.5712,1.5984,1.6009,1.5750,1.5489,1.5365
2755.0000,1.5591,1.5781,1.5999,1.5996,1.5688,1.5461,1.5282
2760.0000,1.5638,1.5842,1.6012,1.5971,1.5640,1.5405,1.5246
2765.0000,1.5727,1.5870,1.6033,1.5934,1.5596,1.5349,1.5201
2770.0000,1.5762,1.5926,1.6022,1.5912,1.5526,1.5330,1.5089
2775.0000,1.5806,1.5957,1.6024,1.5867,1.5489,1.5251,1.5092
2780.0000,1.5873,1.5962,1.6029,1.5818,1.5446,1.5191,1.5052
2785.0000,1.5900,1.5986,1.6007,1.5782,1.5378,1.5167,1.4950
2790.0000,1.5895,1.6017,1.5979,1.5738,1.5329,1.5106,1.4924
2795.0000,1.5950,1.6000,1.5970,1.5678,1.5293,1.5033,1.4906
2800.0000,1.5961,1.6005,1.5935,1.5637,1.5226,1.5007,1.4812
2805.0000,1.5961,1.6001,1.5901,1.5586,1.5178,1.4947,1.4791
2810.0000,1.5909,1.6017,1.5850,1.5541,1.5123,1.4896,1.4752
2815.0000,1.5965,1.5973,1.5819,1.5491,1.5059,1.4880,1.4633
2820.0000,1.5942,1.5958,1.5776,1.5435,1.5021,1.4803,1.4657
2825.0000,1.5905,1.5942,1.5725,1.5384,1.4971,1.4751,1.4629
2830.0000,1.5930,1.5887,1.5693,1.5324,1.4927,1.4701,1.4595
2835.0000,1.5892,1.5864,1.5635,1.5281,1.4863,1.4681,1.4518
2840.0000,1.5836,1.5838,1.5582,1.5227,1.4822,1.4622,1.4517
2845.0000,1.5847,1.5771,1.5547,1.5165,1.4783,1.4574,1.4495
2850.0000,1.5801,1.5737,1.5488,1.5121,1.4723,1.4559,1.4432
2855.0000,1.5742,1.5702,1.5433,1.5070,1.4680,1.4517,1.4423
2860.0000,1.5737,1.5631,1.5396,1.5008,1.4647,1.4473,1.4416
2865.0000,1.5679,1.5596,1.5334,1.4966,1.4591,1.4466,1.4361
2870.0000,1.5611,1.5561,1.5275,1.4918,1.4552,1.4433,1.4363
2875.0000,1.5597,1.5491,1.5235,1.4861,1.4522,1.4404,1.4356
2880.0000,1.5543,1.5449,1.5174,1.4821,1.4470,1.4413,1.4291
2885.0000,1.5472,1.5407,1.5119,1.4771,1.4447,1.4379,1.4317
2890.0000,1.5453,1.5337,1.5079,1.4717,1.4426,1.4356,1.4317
2895.0000,1.5398,1.5290,1.5021,1.4680,1.4386,1.4371,1.4256
2900.0000,1.5326,1.5247,1.4969,1.4632,1.4375,1.4339,1.4292
2905.0000,1.5302,1.5177,1.4930,1.4583,1.4365,1.4320,1.4301
2910.0000,1.5241,1.5136,1.4870,1.4554,1.4333,1.4340,1.4249
2915.0000,1.5177,1.5093,1.4817,1.4518,1.4324,1.4323,1.4274
2920.0000,1.5151,1.5024,1.4781,1.4476,1.4325,1.4303,1.4296
2925.0000,1.5089,1.4985,1.4723,1.4456,1.4300,1.4326,1.4250
2930.0000,1.5023,1.4945,1.4673,1.4430,1.4296,1.4314,1.4285
2935.0000,1.4941,1.4912,1.4621,1.4410,1.4291,1.4309,1.4305
2940.0000,1.4944,1.4838,1.4588,1.4391,1.4274,1.4342,1.4246
2945.0000,1.4879,1.4798,1.4547,1.4370,1.4281,1.4325,1.4306
2950.0000,1.4802,1.4766,1.4505,1.4357,1.4281,1.4325,1.4332
2955.0000,1.4799,1.4697,1.4485,1.4336,1.4288,1.4325,1.4353
2960.0000,1.4745,1.4661,1.4448,1.4332,1.4277,1.4357,1.4332
2965.0000,1.4675,1.4631,1.4418,1.4322,1.4286,1.4356,1.4370
2970.0000,1.4669,1.4569,1.4408,1.4306,1.4300,1.4360,1.4397
2975.0000,1.4616,1.4544,1.4378,1.4308,1.4293,1.4396,1.4379
2980.0000,1.4554,1.4524,1.4354,1.4304,1.4306,1.4402,1.4421
2985.0000,1.4554,1.4471,1.4352,1.4293,1.4326,1.4408,1.4453
2990.0000,1.4510,1.4453,1.4329,1.4300,1.4325,1.4448,1.4438
2995.0000,1.4460,1.4438,1.4313,1.4301,1.4343,1.4455,1.4487
3000.0000,1.4460,1.4398,1.4314,1.4296,1.4366,1.4466,1.4528
3005.0000,1.4425,1.4389,1.4296,1.4311,1.4365,1.4516,1.4508
3010.0000,1.4387,1.4379,1.4287,1.4315,1.4389,1.4527,1.4567
3015.0000,1.4392,1.4346,1.4294,1.4316,1.4416,1.4543,1.4612
3020.0000,1.4366,1.4342,1.4282,1.4335,1.4419,1.4599,1.4593
3025.0000,1.4331,1.4342,1.4277,1.4344,1.4448,1.4611,1.4664
3030.0000,1.4344,1.4314,1.4290,1.4348,1.4481,1.4630,1.4718
3035.0000,1.4324,1.4316,1.4284,1.4371,1.4489,1.4691,1.4709
3040.0000,1.4298,1.4319,1.4284,1.4385,1.4520,1.4713,1.4785
3045.0000,1.4315,1.4298,1.4302,1.4394,1.4556,1.4740,1.4845
3050.0000,1.4302,1.4304,1.4301,1.4421,1.4570,1.4808,1.4842
3055.0000,1.4285,1.4311,1.4308,1.4438,1.4607,1.4837,1.4932
3060.0000,1.4243,1.4333,1.4310,1.4461,1.4642,1.4875,1.5009
3065.0000,1.4294,1.4313,1.4329,1.4485,1.4663,1.4957,1.5005
3070.0000,1.4285,1.4323,1.4342,1.4506,1.4708,1.4994,1.5113
3075.0000,1.4265,1.4340,1.4353,1.4530,1.4754,1.5039,1.5214
3080.0000,1.4307,1.4326,1.4384,1.4547,1.4807,1.5088,1.5319
3085.0000,1.4298,1.4350,1.4390,1.4585,1.4837,1.5181,1.5383
3090.0000,1.4285,1.4371,1.4404,1.4616,1.4886,1.5253,1.5501
3095.0000,1.4332,1.4360,1.4439,1.4638,1.4950,1.5323,1.5642
3100.0000,1.4334,1.4383,1.4452,1.4680,1.4990,1.5442,1.5743
3105.0000,1.4313,1.4417,1.4465,1.4721,1.5048,1.5547,1.5904
3110.0000,1.4366,1.4414,1.4498,1.4758,1.5106,1.5690,1.6012
3115.0000,1.4373,1.4441,1.4517,1.4806,1.5164,1.5852,1.6094
3120.0000,1.4374,1.4468,1.4544,1.4845,1.5254,1.5986,1.6232
3125.0000,1.4421,1.4467,1.4593,1.4873,1.5372,1.6105,1.6379
3130.0000,1.4428,1.4500,1.4618,1.4925,1.5470,1.6279,1.6425
3135.0000,1.4445,1.4522,1.4662,1.4962,1.5617,1.6382,1.6591
3140.0000,1.4488,1.4529,1.4715,1.5001,1.5780,1.6475,1.6757
3145.0000,1.4510,1.4562,1.4745,1.5072,1.5911,1.6623,1.6826
3150.0000,1.4514,1.4607,1.4775,1.5146,1.6068,1.6719,1.6994
3155.0000,1.4562,1.4630,1.4816,1.5229,1.6224,1.6819,1.7149
3160.0000,1.4583,1.4681,1.4836,1.5345,1.6347,1.6963,1.7239
3165.0000,1.4579,1.4747,1.4856,1.5471,1.6477,1.7079,1.7398
3170.0000,1.4651,1.4770,1.4902,1.5602,1.6595,1.7223,1.7487
3175.0000,1.4676,1.4825,1.4937,1.5752,1.6695,1.7387,1.7522
3180.0000,1.4699,1.4875,1.4997,1.5891,1.6820,1.7504,1.7628
3185.0000,1.4688,1.4937,1.5067,1.6029,1.6949,1.7609,1.7716
3190.0000,1.4806,1.4942,1.5177,1.6162,1.7063,1.7755,1.7666
3195.0000,1.4859,1.4976,1.5299,1.6279,1.7217,1.7808,1.7760
3200.0000,1.4909,1.5020,1.5431,1.6397,1.7364,1.7858,1.7790
3205.0000,1.4977,1.5067,1.5574,1.6511,1.7512,1.7885,1.7790
3210.0000,1.5023,1.5153,1.5697,1.6645,1.7626,1.7933,1.7701
3215.0000,1.5074,1.5248,1.5830,1.6766,1.7762,1.7896,1.7699
3220.0000,1.5164,1.5345,1.5961,1.6899,1.7864,1.7871,1.7610
3225.0000,1.5228,1.5479,1.6068,1.7051,1.7928,1.7847,1.7454
3265.0000,1.6163,1.6455,1.7127,1.7976,1.7692,1.6475,1.5733
3270.0000,1.6288,1.6580,1.7268,1.8029,1.7521,1.6225,1.5390
3275.0000,1.6373,1.6735,1.7390,1.8063,1.7324,1.5946,1.5051
3280.0000,1.6532,1.6844,1.7541,1.8044,1.7138,1.5590,1.4805
3285.0000,1.6661,1.6979,1.7657,1.8023,1.6884,1.5290,1.4456
3290.0000,1.6744,1.7141,1.7746,1.7979,1.6606,1.4974,1.4125
3295.0000,1.6915,1.7242,1.7858,1.7881,1.6337,1.4612,1.3859
3300.0000,1.7048,1.7363,1.7931,1.7773,1.6014,1.4302,1.3529
3305.0000,1.7168,1.7480,1.7984,1.7636,1.5676,1.3997,1.3187
3310.0000,1.7204,1.7626,1.7996,1.7475,1.5324,1.3691,1.2846
3315.0000,1.7390,1.7684,1.8022,1.7268,1.4971,1.3404,1.2440
3320.0000,1.7493,1.7755,1.8022,1.7017,1.4662,1.3018,1.2294
3325.0000,1.7571,1.7821,1.7980,1.6758,1.4314,1.2708,1.2023
3330.0000,1.7681,1.7843,1.7920,1.6472,1.3970,1.2412,1.1752
3335.0000,1.7719,1.7884,1.7806,1.6181,1.3615,1.2146,1.1465
3340.0000,1.7735,1.7898,1.7671,1.5860,1.3294,1.1837,1.1301
3345.0000,1.7804,1.7852,1.7519,1.5527,1.2964,1.1582,1.1092
3350.0000,1.7799,1.7814,1.7317,1.5197,1.2631,1.1360,1.0881
3355.0000,1.7760,1.7751,1.7086,1.4860,1.2314,1.1149,1.0692
3360.0000,1.7756,1.7623,1.6856,1.4501,1.2031,1.0928,1.0557
3365.0000,1.7658,1.7516,1.6569,1.4165,1.1735,1.0764,1.0389
3370.0000,1.7531,1.7380,1.6266,1.3826,1.1465,1.0606,1.0253
3375.0000,1.7461,1.7168,1.5975,1.3473,1.1229,1.0451,1.0133
3380.0000,1.7328,1.6948,1.5659,1.3137,1.0998,1.0337,0.9974
3385.0000,1.7118,1.6729,1.5326,1.2803,1.0810,1.0187,0.9932
3390.0000,1.6955,1.6450,1.5002,1.2477,1.0635,1.0072,0.9848
3395.0000,1.6720,1.6191,1.4647,1.2181,1.0460,0.9993,0.9730
3400.0000,1.6514,1.5876,1.4316,1.1882,1.0327,0.9891,0.9673
3405.0000,1.6256,1.5561,1.3979,1.1602,1.0212,0.9791,0.9632
3410.0000,1.5949,1.5271,1.3615,1.1362,1.0084,0.9735,0.9541
3415.0000,1.5606,1.4992,1.3248,1.1144,0.9975,0.9667,0.9501
3420.0000,1.5308,1.4667,1.2913,1.0930,0.9897,0.9578,0.9511
3425.0000,1.5056,1.4304,1.2603,1.0736,0.9813,0.9534,0.9474
3430.0000,1.4702,1.3994,1.2280,1.0572,0.9734,0.9483,0.9505
3435.0000,1.4409,1.3647,1.1991,1.0419,0.9659,0.9461,0.9513
3440.0000,1.4112,1.3297,1.1724,1.0283,0.9585,0.9464,0.9506
3445.0000,1.3742,1.3004,1.1451,1.0172,0.9511,0.9482,0.9500
3450.0000,1.3366,1.2724,1.1196,1.0073,0.9448,0.9509,0.9488
3455.0000,1.3114,1.2394,1.0999,0.9960,0.9419,0.9522,0.9486
3460.0000,1.2841,1.2084,1.0819,0.9859,0.9395,0.9556,0.9437
3465.0000,1.2503,1.1824,1.0647,0.9763,0.9404,0.9543,0.9464
3470.0000,1.2245,1.1549,1.0508,0.9666,0.9430,0.9527,0.9477
3475.0000,1.1957,1.1327,1.0357,0.9599,0.9439,0.9540,0.9435
3480.0000,1.1734,1.1090,1.0241,0.9526,0.9480,0.9506,0.9468
3485.0000,1.1493,1.0886,1.0125,0.9473,0.9512,0.9481,0.9483
3490.0000,1.1249,1.0722,0.9999,0.9449,0.9524,0.9476,0.9473
3495.0000,1.1008,1.0586,0.9874,0.9441,0.9531,0.9466,0.9485
3500.0000,1.0845,1.0432,0.9773,0.9440,0.9533,0.9461,0.9488
3505.0000,1.0668,1.0307,0.9672,0.9458,0.9517,0.9474,0.9471
3510.0000,1.0464,1.0215,0.9573,0.9484,0.9499,0.9479,0.9480
3515.0000,1.0366,1.0075,0.9523,0.9495,0.9489,0.9482,0.9485
3520.0000,1.0226,0.9978,0.9467,0.9521,0.9461,0.9512,0.9447
3525.0000,1.0122,0.9862,0.9449,0.9525,0.9459,0.9508,0.9468
3530.0000,1.0028,0.9750,0.9454,0.9519,0.9464,0.9499,0.9486
3535.0000,0.9930,0.9662,0.9460,0.9519,0.9456,0.9520,0.9450
3540.0000,0.9842,0.9587,0.9478,0.9506,0.9467,0.9509,0.9478
3545.0000,0.9750,0.9539,0.9491,0.9495,0.9477,0.9501,0.9494
3550.0000,0.9684,0.9504,0.9501,0.9491,0.9473,0.9522,0.9455
3555.0000,0.9592,0.9508,0.9496,0.9489,0.9481,0.9511,0.9492
3560.0000,0.9516,0.9522,0.9487,0.9491,0.9483,0.9510,0.9505
3565.0000,0.9529,0.9503,0.9491,0.9490,0.9478,0.9533,0.9465
3570.0000,0.9502,0.9509,0.9486,0.9489,0.9487,0.9522,0.9502
3575.0000,0.9479,0.9514,0.9481,0.9489,0.9492,0.9520,0.9518
3580.0000,0.9501,0.9498,0.9487,0.9485,0.9501,0.9519,0.9530
3585.0000,0.9488,0.9504,0.9479,0.9492,0.9495,0.9538,0.9512
3590.0000,0.9471,0.9509,0.9474,0.9494,0.9501,0.9534,0.9534
3595.0000,0.9493,0.9492,0.9482,0.9491,0.9510,0.9534,0.9545
3600.0000,0.9485,0.9496,0.9476,0.9498,0.9505,0.9554,0.9526
3605.0000,0.9464,0.9504,0.9471,0.9502,0.9511,0.9553,0.9547
3610.0000,0.9488,0.9487,0.9481,0.9498,0.9522,0.9551,0.9562
3615.0000,0.9481,0.9491,0.9477,0.9506,0.9519,0.9571,0.9544
3620.0000,0.9469,0.9494,0.9477,0.9509,0.9527,0.9570,0.9565
3625.0000,0.9485,0.9482,0.9486,0.9507,0.9538,0.9570,0.9580
3630.0000,0.9477,0.9489,0.9481,0.9517,0.9532,0.9594,0.9553
3635.0000,0.9466,0.9494,0.9482,0.9519,0.9544,0.9589,0.9584
3640.0000,0.9483,0.9483,0.9492,0.9519,0.9555,0.9589,0.9599
3645.0000,0.9478,0.9489,0.9489,0.9529,0.9551,0.9614,0.9572
