150.0000,0.2669,0.2672,0.2653,0.2647,0.2635,0.2631,0.2622
155.0000,0.2671,0.2666,0.2654,0.2645,0.2635,0.2629,0.2622
160.0000,0.2667,0.2665,0.2650,0.2646,0.2630,0.2632,0.2611
165.0000,0.2662,0.2664,0.2648,0.2644,0.2631,0.2627,0.2616
170.0000,0.2664,0.2658,0.2649,0.2641,0.2631,0.2624,0.2616
175.0000,0.2660,0.2657,0.2646,0.2642,0.2627,0.2627,0.2605
180.0000,0.2655,0.2657,0.2645,0.2640,0.2626,0.2622,0.2609
185.0000,0.2657,0.2652,0.2646,0.2637,0.2627,0.2617,0.2611
190.0000,0.2654,0.2652,0.2643,0.2638,0.2623,0.2619,0.2601
195.0000,0.2650,0.2652,0.2642,0.2636,0.2622,0.2615,0.2605
200.0000,0.2640,0.2654,0.2638,0.2636,0.2620,0.2613,0.2606
205.0000,0.2648,0.2648,0.2639,0.2635,0.2615,0.2617,0.2592
210.0000,0.2645,0.2648,0.2637,0.2633,0.2615,0.2611,0.2599
215.0000,0.2637,0.2650,0.2635,0.2632,0.2613,0.2609,0.2599
220.0000,0.2645,0.2644,0.2635,0.2631,0.2609,0.2613,0.2584
225.0000,0.2641,0.2644,0.2635,0.2628,0.2610,0.2607,0.2593
230.0000,0.2635,0.2645,0.2633,0.2626,0.2608,0.2604,0.2594
235.0000,0.2641,0.2639,0.2634,0.2623,0.2608,0.2600,0.2593
240.0000,0.2638,0.2640,0.2631,0.2622,0.2604,0.2602,0.2584
245.0000,0.2633,0.2640,0.2630,0.2620,0.2604,0.2597,0.2587
250.0000,0.2638,0.2635,0.2631,0.2617,0.2604,0.2593,0.2587
255.0000,0.2635,0.2635,0.2628,0.2616,0.2600,0.2594,0.2579
260.0000,0.2628,0.2638,0.2624,0.2615,0.2599,0.2590,0.2580
265.0000,0.2634,0.2632,0.2625,0.2612,0.2599,0.2586,0.2581
270.0000,0.2630,0.2633,0.2621,0.2612,0.2594,0.2587,0.2574
275.0000,0.2626,0.2633,0.2618,0.2611,0.2592,0.2584,0.2575
280.0000,0.2630,0.2628,0.2618,0.2608,0.2590,0.2581,0.2575
285.0000,0.2627,0.2628,0.2614,0.2608,0.2585,0.2585,0.2564
290.0000,0.2623,0.2627,0.2613,0.2606,0.2584,0.2580,0.2569
295.0000,0.2626,0.2622,0.2614,0.2602,0.2584,0.2577,0.2570
300.0000,0.2623,0.2621,0.2611,0.2601,0.2579,0.2580,0.2558
305.0000,0.2618,0.2621,0.2609,0.2599,0.2578,0.2575,0.2562
310.0000,0.2621,0.2616,0.2610,0.2595,0.2579,0.2571,0.2565
315.0000,0.2618,0.2616,0.2607,0.2594,0.2575,0.2573,0.2555
320.0000,0.2614,0.2615,0.2604,0.2591,0.2574,0.2570,0.2558
325.0000,0.2605,0.2618,0.2601,0.2590,0.2572,0.2567,0.2558
330.0000,0.2612,0.2612,0.2600,0.2588,0.2568,0.2571,0.2543
335.0000,0.2609,0.2611,0.2598,0.2585,0.2569,0.2564,0.2551
340.0000,0.2603,0.2611,0.2595,0.2584,0.2568,0.2561,0.2552
345.0000,0.2608,0.2606,0.2593,0.2582,0.2564,0.2564,0.2538
350.0000,0.2604,0.2606,0.2591,0.2580,0.2564,0.2558,0.2545
355.0000,0.2597,0.2606,0.2587,0.2579,0.2562,0.2555,0.2545
360.0000,0.2603,0.2600,0.2588,0.2576,0.2562,0.2552,0.2544
365.0000,0.2599,0.2599,0.2584,0.2575,0.2558,0.2553,0.2535
370.0000,0.2593,0.2598,0.2582,0.2573,0.2557,0.2548,0.2538
375.0000,0.2597,0.2592,0.2583,0.2570,0.2556,0.2544,0.2537
380.0000,0.2593,0.2592,0.2579,0.2570,0.2552,0.2546,0.2529
385.0000,0.2586,0.2592,0.2576,0.2569,0.2550,0.2542,0.2530
390.0000,0.2590,0.2586,0.2577,0.2565,0.2550,0.2536,0.2531
395.0000,0.2586,0.2586,0.2574,0.2565,0.2545,0.2538,0.2523
400.0000,0.2581,0.2586,0.2572,0.2563,0.2543,0.2534,0.2524
405.0000,0.2585,0.2581,0.2572,0.2560,0.2542,0.2530,0.2524
410.0000,0.2581,0.2580,0.2569,0.2560,0.2536,0.2533,0.2513
415.0000,0.2577,0.2580,0.2567,0.2557,0.2535,0.2528,0.2518
420.0000,0.2579,0.2575,0.2567,0.2554,0.2534,0.2525,0.2518
425.0000,0.2576,0.2574,0.2564,0.2553,0.2529,0.2528,0.2507
430.0000,0.2571,0.2575,0.2562,0.2551,0.2527,0.2524,0.2510
435.0000,0.2574,0.2570,0.2562,0.2546,0.2528,0.2518,0.2512
440.0000,0.2571,0.2569,0.2559,0.2545,0.2523,0.2521,0.2502
445.0000,0.2567,0.2569,0.2557,0.2542,0.2522,0.2517,0.2506
450.0000,0.2559,0.2570,0.2553,0.2540,0.2520,0.2514,0.2507
455.0000,0.2566,0.2564,0.2553,0.2538,0.2516,0.2518,0.2493
460.0000,0.2562,0.2563,0.2550,0.2535,0.2516,0.2512,0.2501
465.0000,0.2555,0.2564,0.2546,0.2533,0.2514,0.2510,0.2502
470.0000,0.2560,0.2559,0.2545,0.2532,0.2510,0.2514,0.2489
475.0000,0.2556,0.2558,0.2542,0.2529,0.2511,0.2508,0.2498
480.0000,0.2550,0.2557,0.2539,0.2527,0.2509,0.2505,0.2499
485.0000,0.2555,0.2551,0.2539,0.2524,0.2509,0.2503,0.2499
490.0000,0.2551,0.2551,0.2535,0.2523,0.2505,0.2506,0.2492
495.0000,0.2544,0.2550,0.2532,0.2521,0.2504,0.2503,0.2495
500.0000,0.2549,0.2544,0.2532,0.2518,0.2505,0.2500,0.2495
505.0000,0.2545,0.2543,0.2529,0.2517,0.2501,0.2503,0.2487
510.0000,0.2538,0.2543,0.2526,0.2515,0.2501,0.2500,0.2489
515.0000,0.2542,0.2536,0.2526,0.2512,0.2502,0.2495,0.2492
520.0000,0.2537,0.2536,0.2523,0.2511,0.2499,0.2497,0.2485
525.0000,0.2532,0.2535,0.2520,0.2510,0.2499,0.2494,0.2488
530.0000,0.2535,0.2530,0.2519,0.2508,0.2498,0.2492,0.2489
535.0000,0.2531,0.2530,0.2516,0.2508,0.2494,0.2495,0.2480
540.0000,0.2526,0.2529,0.2513,0.2507,0.2494,0.2492,0.2484
545.0000,0.2528,0.2524,0.2514,0.2505,0.2494,0.2489,0.2485
550.0000,0.2525,0.2523,0.2510,0.2505,0.2490,0.2493,0.2475
555.0000,0.2520,0.2523,0.2508,0.2504,0.2489,0.2490,0.2480
560.0000,0.2522,0.2517,0.2509,0.2501,0.2490,0.2487,0.2483
565.0000,0.2519,0.2517,0.2506,0.2501,0.2487,0.2490,0.2474
570.0000,0.2515,0.2516,0.2505,0.2500,0.2487,0.2487,0.2478
575.0000,0.2507,0.2517,0.2502,0.2499,0.2486,0.2485,0.2480
580.0000,0.2514,0.2511,0.2503,0.2497,0.2483,0.2490,0.2468
585.0000,0.2510,0.2510,0.2502,0.2495,0.2484,0.2485,0.2476
590.0000,0.2504,0.2511,0.2500,0.2494,0.2484,0.2483,0.2478
595.0000,0.2509,0.2506,0.2501,0.2492,0.2484,0.2482,0.2478
600.0000,0.2505,0.2508,0.2497,0.2493,0.2481,0.2485,0.2471
605.0000,0.2499,0.2509,0.2495,0.2491,0.2482,0.2482,0.2475
610.0000,0.2505,0.2503,0.2496,0.2489,0.2483,0.2479,0.2476
615.0000,0.2501,0.2504,0.2493,0.2490,0.2480,0.2482,0.2469
620.0000,0.2496,0.2504,0.2492,0.2488,0.2480,0.2479,0.2473
625.0000,0.2502,0.2499,0.2493,0.2486,0.2481,0.2476,0.2473
630.0000,0.2499,0.2499,0.2491,0.2487,0.2478,0.2479,0.2466
635.0000,0.2493,0.2500,0.2488,0.2486,0.2478,0.2477,0.2468
640.0000,0.2498,0.2495,0.2490,0.2484,0.2479,0.2473,0.2470
645.0000,0.2494,0.2496,0.2487,0.2485,0.2476,0.2476,0.2463
650.0000,0.2490,0.2496,0.2485,0.2485,0.2475,0.2473,0.2466
655.0000,0.2494,0.2492,0.2486,0.2483,0.2476,0.2470,0.2467
660.0000,0.2491,0.2493,0.2484,0.2484,0.2472,0.2474,0.2457
665.0000,0.2488,0.2493,0.2483,0.2483,0.2472,0.2470,0.2463
670.0000,0.2491,0.2488,0.2484,0.2481,0.2472,0.2468,0.2464
675.0000,0.2489,0.2489,0.2483,0.2482,0.2468,0.2472,0.2455
680.0000,0.2484,0.2490,0.2481,0.2481,0.2468,0.2469,0.2458
685.0000,0.2488,0.2485,0.2483,0.2478,0.2469,0.2465,0.2461
690.0000,0.2486,0.2486,0.2481,0.2478,0.2465,0.2469,0.2452
695.0000,0.2483,0.2486,0.2480,0.2477,0.2466,0.2466,0.2457
700.0000,0.2475,0.2489,0.2478,0.2476,0.2465,0.2464,0.2458
705.0000,0.2483,0.2484,0.2479,0.2475,0.2462,0.2469,0.2446
710.0000,0.2481,0.2485,0.2478,0.2474,0.2463,0.2464,0.2454
715.0000,0.2476,0.2486,0.2476,0.2473,0.2463,0.2462,0.2456
720.0000,0.2482,0.2481,0.2478,0.2470,0.2463,0.2460,0.2456
725.0000,0.2479,0.2483,0.2475,0.2471,0.2460,0.2463,0.2449
730.0000,0.2474,0.2484,0.2473,0.2470,0.2461,0.2459,0.2454
735.0000,0.2480,0.2479,0.2474,0.2468,0.2462,0.2457,0.2455
740.0000,0.2477,0.2480,0.2472,0.2468,0.2458,0.2460,0.2448
745.0000,0.2472,0.2481,0.2470,0.2467,0.2458,0.2457,0.2452
750.0000,0.2477,0.2476,0.2471,0.2465,0.2459,0.2455,0.2453
755.0000,0.2475,0.2477,0.2469,0.2466,0.2456,0.2458,0.2447
760.0000,0.2469,0.2478,0.2467,0.2466,0.2455,0.2456,0.2450
765.0000,0.2475,0.2473,0.2468,0.2463,0.2456,0.2454,0.2452
770.0000,0.2472,0.2474,0.2466,0.2464,0.2453,0.2457,0.2445
775.0000,0.2468,0.2474,0.2465,0.2463,0.2453,0.2455,0.2449
780.0000,0.2472,0.2470,0.2466,0.2461,0.2454,0.2453,0.2451
785.0000,0.2469,0.2471,0.2463,0.2461,0.2451,0.2458,0.2443
790.0000,0.2466,0.2471,0.2463,0.2460,0.2452,0.2454,0.2449
795.0000,0.2469,0.2467,0.2464,0.2458,0.2453,0.2452,0.2452
800.0000,0.2467,0.2467,0.2462,0.2459,0.2450,0.2457,0.2445
805.0000,0.2463,0.2468,0.2460,0.2458,0.2450,0.2455,0.2450
810.0000,0.2467,0.2464,0.2461,0.2456,0.2452,0.2454,0.2453
815.0000,0.2464,0.2465,0.2459,0.2457,0.2449,0.2459,0.2445
820.0000,0.2461,0.2466,0.2458,0.2456,0.2450,0.2457,0.2450
825.0000,0.2453,0.2468,0.2455,0.2456,0.2450,0.2457,0.2453
830.0000,0.2462,0.2463,0.2456,0.2456,0.2448,0.2463,0.2441
835.0000,0.2460,0.2463,0.2455,0.2454,0.2451,0.2458,0.2451
840.0000,0.2455,0.2464,0.2454,0.2454,0.2452,0.2457,0.2454
845.0000,0.2461,0.2459,0.2456,0.2452,0.2454,0.2456,0.2456
850.0000,0.2457,0.2460,0.2454,0.2454,0.2453,0.2460,0.2450
855.0000,0.2453,0.2461,0.2452,0.2454,0.2454,0.2458,0.2455
860.0000,0.2458,0.2457,0.2454,0.2453,0.2456,0.2457,0.2457
865.0000,0.2455,0.2458,0.2452,0.2454,0.2454,0.2461,0.2452
870.0000,0.2449,0.2460,0.2450,0.2455,0.2455,0.2460,0.2455
875.0000,0.2456,0.2456,0.2452,0.2454,0.2456,0.2459,0.2458
880.0000,0.2453,0.2456,0.2450,0.2456,0.2455,0.2463,0.2451
885.0000,0.2448,0.2458,0.2449,0.2457,0.2455,0.2461,0.2454
890.0000,0.2454,0.2453,0.2452,0.2456,0.2458,0.2459,0.2457
895.0000,0.2452,0.2454,0.2451,0.2457,0.2456,0.2463,0.2450
900.0000,0.2449,0.2455,0.2451,0.2457,0.2457,0.2460,0.2454
905.0000,0.2453,0.2452,0.2453,0.2456,0.2459,0.2458,0.2455
910.0000,0.2451,0.2454,0.2452,0.2459,0.2457,0.2462,0.2446
915.0000,0.2448,0.2455,0.2452,0.2459,0.2458,0.2459,0.2451
920.0000,0.2452,0.2452,0.2454,0.2458,0.2459,0.2457,0.2452
925.0000,0.2451,0.2454,0.2453,0.2460,0.2456,0.2460,0.2442
930.0000,0.2447,0.2457,0.2452,0.2461,0.2457,0.2457,0.2445
935.0000,0.2452,0.2454,0.2455,0.2459,0.2459,0.2453,0.2448
940.0000,0.2452,0.2455,0.2454,0.2461,0.2455,0.2456,0.2439
945.0000,0.2450,0.2456,0.2455,0.2461,0.2456,0.2453,0.2444
950.0000,0.2443,0.2460,0.2453,0.2462,0.2454,0.2451,0.2445
955.0000,0.2453,0.2456,0.2455,0.2462,0.2451,0.2455,0.2432
960.0000,0.2451,0.2457,0.2456,0.2462,0.2452,0.2450,0.2440
965.0000,0.2447,0.2459,0.2456,0.2461,0.2451,0.2448,0.2441
970.0000,0.2454,0.2456,0.2459,0.2460,0.2451,0.2445,0.2442
975.0000,0.2452,0.2459,0.2457,0.2460,0.2447,0.2448,0.2435
980.0000,0.2449,0.2460,0.2457,0.2459,0.2447,0.2444,0.2440
985.0000,0.2456,0.2457,0.2460,0.2457,0.2447,0.2442,0.2441
990.0000,0.2454,0.2459,0.2458,0.2457,0.2443,0.2445,0.2434
995.0000,0.2449,0.2462,0.2457,0.2457,0.2442,0.2443,0.2437
1000.0000,0.2457,0.2458,0.2459,0.2454,0.2443,0.2441,0.2440
1005.0000,0.2456,0.2460,0.2458,0.2453,0.2440,0.2444,0.2434
1010.0000,0.2453,0.2461,0.2457,0.2452,0.2440,0.2442,0.2438
1015.0000,0.2458,0.2458,0.2458,0.2449,0.2441,0.2441,0.2440
1020.0000,0.2456,0.2460,0.2456,0.2449,0.2438,0.2444,0.2434
1025.0000,0.2453,0.2461,0.2454,0.2448,0.2438,0.2443,0.2437
1030.0000,0.2458,0.2458,0.2455,0.2446,0.2440,0.2441,0.2440
1035.0000,0.2455,0.2459,0.2452,0.2446,0.2437,0.2446,0.2432
1040.0000,0.2453,0.2460,0.2450,0.2445,0.2439,0.2443,0.2439
1045.0000,0.2457,0.2456,0.2451,0.2443,0.2440,0.2442,0.2442
1050.0000,0.2455,0.2456,0.2448,0.2443,0.2438,0.2447,0.2434
1055.0000,0.2451,0.2457,0.2446,0.2443,0.2438,0.2445,0.2439
1060.0000,0.2455,0.2453,0.2447,0.2441,0.2440,0.2443,0.2442
1065.0000,0.2452,0.2453,0.2444,0.2442,0.2438,0.2448,0.2433
1070.0000,0.2449,0.2453,0.2442,0.2442,0.2439,0.2447,0.2438
1075.0000,0.2441,0.2455,0.2440,0.2442,0.2440,0.2446,0.2441
1080.0000,0.2449,0.2449,0.2441,0.2443,0.2439,0.2451,0.2429
1085.0000,0.2447,0.2448,0.2441,0.2442,0.2442,0.2446,0.2439
1090.0000,0.2442,0.2449,0.2439,0.2442,0.2443,0.2444,0.2443
1095.0000,0.2447,0.2444,0.2441,0.2441,0.2444,0.2443,0.2444
1100.0000,0.2443,0.2446,0.2438,0.2443,0.2442,0.2447,0.2439
1105.0000,0.2437,0.2447,0.2437,0.2444,0.2442,0.2446,0.2443
1110.0000,0.2443,0.2443,0.2439,0.2443,0.2444,0.2445,0.2445
1115.0000,0.2441,0.2443,0.2438,0.2445,0.2441,0.2449,0.2439
1120.0000,0.2436,0.2445,0.2437,0.2445,0.2442,0.2448,0.2442
1125.0000,0.2441,0.2441,0.2440,0.2444,0.2444,0.2446,0.2445
1130.0000,0.2439,0.2442,0.2439,0.2446,0.2442,0.2450,0.2438
1135.0000,0.2436,0.2443,0.2439,0.2446,0.2443,0.2449,0.2442
1140.0000,0.2440,0.2440,0.2442,0.2444,0.2445,0.2446,0.2444
1145.0000,0.2439,0.2441,0.2441,0.2445,0.2444,0.2450,0.2438
1150.0000,0.2436,0.2442,0.2441,0.2445,0.2445,0.2447,0.2442
1155.0000,0.2440,0.2440,0.2443,0.2444,0.2447,0.2445,0.2444
1160.0000,0.2438,0.2442,0.2442,0.2446,0.2444,0.2449,0.2435
1165.0000,0.2435,0.2445,0.2441,0.2446,0.2445,0.2446,0.2441
1170.0000,0.2440,0.2442,0.2443,0.2446,0.2446,0.2444,0.2443
1175.0000,0.2439,0.2444,0.2441,0.2448,0.2443,0.2449,0.2435
1180.0000,0.2436,0.2446,0.2440,0.2449,0.2443,0.2447,0.2439
1185.0000,0.2441,0.2443,0.2443,0.2447,0.2445,0.2445,0.2443
1190.0000,0.2441,0.2444,0.2442,0.2449,0.2442,0.2449,0.2434
1195.0000,0.2440,0.2445,0.2443,0.2449,0.2442,0.2447,0.2439
1200.0000,0.2433,0.2448,0.2442,0.2449,0.2442,0.2446,0.2441
1205.0000,0.2442,0.2444,0.2444,0.2449,0.2440,0.2451,0.2428
1210.0000,0.2440,0.2445,0.2444,0.2448,0.2442,0.2447,0.2437
1215.0000,0.2436,0.2447,0.2444,0.2447,0.2443,0.2445,0.2439
1220.0000,0.2442,0.2444,0.2447,0.2446,0.2444,0.2443,0.2440
1225.0000,0.2440,0.2446,0.2445,0.2447,0.2442,0.2446,0.2434
1230.0000,0.2437,0.2448,0.2444,0.2446,0.2443,0.2443,0.2438
1235.0000,0.2443,0.2445,0.2446,0.2445,0.2444,0.2441,0.2439
1240.0000,0.2442,0.2447,0.2445,0.2446,0.2442,0.2444,0.2433
1245.0000,0.2437,0.2450,0.2443,0.2447,0.2441,0.2442,0.2436
1250.0000,0.2444,0.2446,0.2445,0.2445,0.2442,0.2440,0.2438
1255.0000,0.2443,0.2448,0.2443,0.2447,0.2440,0.2443,0.2431
1260.0000,0.2441,0.2449,0.2443,0.2446,0.2440,0.2441,0.2434
1265.0000,0.2445,0.2446,0.2445,0.2445,0.2441,0.2439,0.2435
1270.0000,0.2443,0.2447,0.2443,0.2446,0.2437,0.2443,0.2425
1275.0000,0.2441,0.2448,0.2443,0.2445,0.2439,0.2439,0.2432
1280.0000,0.2445,0.2445,0.2445,0.2444,0.2440,0.2436,0.2433
1285.0000,0.2443,0.2446,0.2443,0.2445,0.2436,0.2440,0.2425
1290.0000,0.2440,0.2447,0.2443,0.2444,0.2437,0.2436,0.2431
1295.0000,0.2444,0.2444,0.2445,0.2442,0.2438,0.2434,0.2433
1300.0000,0.2443,0.2445,0.2443,0.2443,0.2435,0.2438,0.2424
1305.0000,0.2439,0.2448,0.2442,0.2443,0.2434,0.2437,0.2428
1310.0000,0.2444,0.2444,0.2443,0.2441,0.2435,0.2434,0.2431
1315.0000,0.2443,0.2446,0.2442,0.2442,0.2432,0.2438,0.2422
1320.0000,0.2441,0.2446,0.2441,0.2442,0.2432,0.2436,0.2427
1325.0000,0.2434,0.2449,0.2439,0.2441,0.2432,0.2434,0.2429
1330.0000,0.2443,0.2445,0.2440,0.2441,0.2430,0.2439,0.2416
1335.0000,0.2441,0.2445,0.2440,0.2439,0.2431,0.2434,0.2425
1340.0000,0.2437,0.2446,0.2440,0.2438,0.2432,0.2433,0.2427
1345.0000,0.2442,0.2442,0.2441,0.2436,0.2433,0.2430,0.2428
1350.0000,0.2439,0.2444,0.2439,0.2437,0.2430,0.2434,0.2422
1355.0000,0.2435,0.2445,0.2438,0.2436,0.2431,0.2430,0.2427
1360.0000,0.2441,0.2441,0.2439,0.2435,0.2432,0.2428,0.2429
1365.0000,0.2439,0.2443,0.2437,0.2436,0.2429,0.2432,0.2424
1370.0000,0.2433,0.2445,0.2434,0.2436,0.2429,0.2430,0.2427
1375.0000,0.2440,0.2441,0.2436,0.2435,0.2430,0.2429,0.2430
1380.0000,0.2438,0.2441,0.2434,0.2436,0.2427,0.2433,0.2425
1385.0000,0.2435,0.2442,0.2433,0.2435,0.2426,0.2432,0.2428
1390.0000,0.2439,0.2438,0.2435,0.2433,0.2428,0.2431,0.2431
1395.0000,0.2437,0.2439,0.2433,0.2434,0.2425,0.2437,0.2423
1400.0000,0.2434,0.2439,0.2433,0.2433,0.2427,0.2434,0.2431
1405.0000,0.2437,0.2435,0.2435,0.2431,0.2428,0.2433,0.2435
1410.0000,0.2435,0.2436,0.2433,0.2432,0.2426,0.2439,0.2427
1415.0000,0.2431,0.2437,0.2432,0.2431,0.2428,0.2437,0.2435
1420.0000,0.2435,0.2434,0.2433,0.2429,0.2430,0.2437,0.2438
1425.0000,0.2434,0.2435,0.2431,0.2430,0.2429,0.2442,0.2430
1430.0000,0.2430,0.2437,0.2430,0.2430,0.2430,0.2442,0.2436
1435.0000,0.2434,0.2433,0.2431,0.2429,0.2433,0.2440,0.2440
1440.0000,0.2432,0.2434,0.2429,0.2431,0.2432,0.2446,0.2432
1445.0000,0.2430,0.2435,0.2428,0.2431,0.2434,0.2444,0.2438
1450.0000,0.2422,0.2438,0.2426,0.2432,0.2436,0.2444,0.2442
1455.0000,0.2431,0.2433,0.2427,0.2433,0.2435,0.2450,0.2431
1460.0000,0.2429,0.2433,0.2427,0.2433,0.2438,0.2446,0.2440
1465.0000,0.2425,0.2434,0.2426,0.2434,0.2440,0.2446,0.2443
1470.0000,0.2431,0.2430,0.2428,0.2434,0.2442,0.2445,0.2445
1475.0000,0.2428,0.2432,0.2427,0.2437,0.2441,0.2449,0.2439
1480.0000,0.2423,0.2433,0.2426,0.2438,0.2443,0.2447,0.2444
1485.0000,0.2429,0.2429,0.2429,0.2437,0.2445,0.2446,0.2446
1490.0000,0.2427,0.2431,0.2428,0.2440,0.2443,0.2450,0.2441
1495.0000,0.2422,0.2433,0.2428,0.2442,0.2444,0.2448,0.2444
1500.0000,0.2428,0.2429,0.2431,0.2441,0.2446,0.2447,0.2446
1505.0000,0.2427,0.2431,0.2431,0.2444,0.2444,0.2451,0.2440
1510.0000,0.2425,0.2432,0.2432,0.2445,0.2445,0.2449,0.2444
1515.0000,0.2429,0.2430,0.2435,0.2444,0.2447,0.2447,0.2447
1520.0000,0.2428,0.2433,0.2435,0.2446,0.2444,0.2452,0.2439
1525.0000,0.2426,0.2435,0.2436,0.2447,0.2446,0.2449,0.2446
1530.0000,0.2431,0.2433,0.2439,0.2446,0.2447,0.2448,0.2449
1535.0000,0.2430,0.2435,0.2439,0.2448,0.2444,0.2453,0.2441
1540.0000,0.2428,0.2438,0.2439,0.2449,0.2445,0.2452,0.2446
1545.0000,0.2433,0.2436,0.2442,0.2447,0.2447,0.2450,0.2450
1550.0000,0.2433,0.2438,0.2442,0.2449,0.2445,0.2456,0.2443
1555.0000,0.2431,0.2441,0.2442,0.2449,0.2446,0.2455,0.2448
1560.0000,0.2437,0.2439,0.2445,0.2447,0.2448,0.2453,0.2452
1565.0000,0.2437,0.2441,0.2444,0.2449,0.2446,0.2458,0.2444
1570.0000,0.2435,0.2443,0.2444,0.2449,0.2448,0.2456,0.2450
1575.0000,0.2429,0.2448,0.2443,0.2449,0.2449,0.2456,0.2453
1580.0000,0.2439,0.2445,0.2445,0.2450,0.2448,0.2462,0.2442
1585.0000,0.2438,0.2446,0.2445,0.2449,0.2450,0.2458,0.2452
1590.0000,0.2436,0.2448,0.2445,0.2449,0.2452,0.2457,0.2455
1595.0000,0.2443,0.2445,0.2447,0.2449,0.2454,0.2457,0.2457
1600.0000,0.2441,0.2448,0.2445,0.2451,0.2452,0.2461,0.2451
1605.0000,0.2437,0.2450,0.2444,0.2451,0.2454,0.2459,0.2456
1610.0000,0.2444,0.2446,0.2447,0.2451,0.2456,0.2458,0.2457
1615.0000,0.2442,0.2448,0.2445,0.2453,0.2454,0.2462,0.2451
1620.0000,0.2438,0.2451,0.2444,0.2454,0.2455,0.2461,0.2454
1625.0000,0.2445,0.2447,0.2447,0.2453,0.2458,0.2459,0.2456
1630.0000,0.2444,0.2448,0.2447,0.2455,0.2456,0.2462,0.2449
1635.0000,0.2442,0.2449,0.2447,0.2456,0.2458,0.2460,0.2452
1640.0000,0.2446,0.2447,0.2450,0.2455,0.2459,0.2457,0.2453
1645.0000,0.2444,0.2449,0.2448,0.2458,0.2457,0.2461,0.2444
1650.0000,0.2442,0.2451,0.2449,0.2458,0.2458,0.2457,0.2449
1655.0000,0.2447,0.2448,0.2451,0.2458,0.2459,0.2454,0.2450
1660.0000,0.2446,0.2450,0.2451,0.2460,0.2456,0.2458,0.2441
1665.0000,0.2443,0.2453,0.2450,0.2461,0.2456,0.2455,0.2445
1670.0000,0.2448,0.2450,0.2453,0.2460,0.2457,0.2451,0.2448
1675.0000,0.2448,0.2452,0.2453,0.2462,0.2454,0.2454,0.2440
1680.0000,0.2446,0.2454,0.2453,0.2462,0.2453,0.2452,0.2444
1685.0000,0.2440,0.2458,0.2453,0.2462,0.2452,0.2450,0.2446
1690.0000,0.2450,0.2454,0.2455,0.2462,0.2449,0.2453,0.2438
1695.0000,0.2448,0.2455,0.2456,0.2461,0.2449,0.2451,0.2442
1700.0000,0.2442,0.2459,0.2455,0.2461,0.2448,0.2449,0.2444
1705.0000,0.2452,0.2456,0.2457,0.2460,0.2445,0.2454,0.2432
1710.0000,0.2451,0.2457,0.2458,0.2458,0.2446,0.2449,0.2442
1715.0000,0.2447,0.2459,0.2458,0.2457,0.2446,0.2448,0.2445
1720.0000,0.2454,0.2457,0.2460,0.2454,0.2447,0.2447,0.2447
1725.0000,0.2452,0.2460,0.2458,0.2455,0.2444,0.2451,0.2441
1730.0000,0.2449,0.2462,0.2457,0.2453,0.2445,0.2449,0.2447
1735.0000,0.2456,0.2458,0.2459,0.2451,0.2446,0.2448,0.2449
1740.0000,0.2455,0.2460,0.2456,0.2451,0.2444,0.2452,0.2444
1745.0000,0.2450,0.2463,0.2454,0.2451,0.2444,0.2452,0.2447
1750.0000,0.2457,0.2459,0.2455,0.2449,0.2446,0.2450,0.2450
1755.0000,0.2456,0.2460,0.2453,0.2449,0.2444,0.2454,0.2445
1760.0000,0.2453,0.2460,0.2451,0.2449,0.2446,0.2453,0.2450
1765.0000,0.2457,0.2457,0.2452,0.2447,0.2448,0.2452,0.2453
1770.0000,0.2455,0.2458,0.2449,0.2448,0.2446,0.2458,0.2446
1775.0000,0.2452,0.2458,0.2448,0.2448,0.2448,0.2456,0.2453
1780.0000,0.2456,0.2454,0.2449,0.2446,0.2450,0.2455,0.2457
1785.0000,0.2454,0.2454,0.2447,0.2448,0.2448,0.2460,0.2450
1790.0000,0.2449,0.2455,0.2445,0.2449,0.2450,0.2459,0.2457
1795.0000,0.2453,0.2451,0.2447,0.2448,0.2452,0.2458,0.2462
1800.0000,0.2451,0.2452,0.2445,0.2450,0.2450,0.2464,0.2456
1805.0000,0.2447,0.2452,0.2444,0.2451,0.2452,0.2465,0.2463
1810.0000,0.2440,0.2454,0.2442,0.2452,0.2453,0.2465,0.2467
1815.0000,0.2449,0.2449,0.2444,0.2452,0.2453,0.2472,0.2461
1820.0000,0.2446,0.2449,0.2445,0.2453,0.2455,0.2471,0.2468
1825.0000,0.2439,0.2452,0.2444,0.2453,0.2457,0.2472,0.2474
1830.0000,0.2447,0.2447,0.2446,0.2454,0.2457,0.2479,0.2464
1835.0000,0.2444,0.2448,0.2447,0.2454,0.2461,0.2478,0.2475
1840.0000,0.2440,0.2450,0.2447,0.2455,0.2464,0.2479,0.2480
1845.0000,0.2446,0.2447,0.2449,0.2455,0.2468,0.2479,0.2483
1850.0000,0.2443,0.2449,0.2448,0.2458,0.2468,0.2485,0.2479
1855.0000,0.2440,0.2451,0.2448,0.2459,0.2471,0.2485,0.2485
1860.0000,0.2446,0.2448,0.2451,0.2459,0.2475,0.2486,0.2488
1865.0000,0.2445,0.2450,0.2450,0.2462,0.2475,0.2491,0.2483
1870.0000,0.2440,0.2454,0.2449,0.2465,0.2478,0.2491,0.2487
1875.0000,0.2448,0.2450,0.2453,0.2465,0.2482,0.2490,0.2490
1880.0000,0.2447,0.2452,0.2452,0.2469,0.2482,0.2495,0.2484
1885.0000,0.2444,0.2454,0.2453,0.2471,0.2485,0.2494,0.2489
1890.0000,0.2450,0.2452,0.2456,0.2472,0.2489,0.2493,0.2491
1895.0000,0.2449,0.2454,0.2456,0.2476,0.2487,0.2498,0.2483
1900.0000,0.2447,0.2456,0.2458,0.2478,0.2490,0.2495,0.2489
1905.0000,0.2452,0.2454,0.2462,0.2479,0.2493,0.2493,0.2490
1910.0000,0.2452,0.2457,0.2462,0.2483,0.2491,0.2498,0.2481
1915.0000,0.2449,0.2461,0.2463,0.2486,0.2492,0.2495,0.2485
1920.0000,0.2455,0.2459,0.2468,0.2487,0.2494,0.2492,0.2489
1925.0000,0.2455,0.2462,0.2469,0.2490,0.2492,0.2496,0.2480
1930.0000,0.2455,0.2464,0.2471,0.2491,0.2493,0.2493,0.2484
1935.0000,0.2450,0.2469,0.2472,0.2493,0.2492,0.2491,0.2486
1940.0000,0.2460,0.2467,0.2476,0.2495,0.2490,0.2496,0.2474
1945.0000,0.2460,0.2470,0.2479,0.2495,0.2491,0.2491,0.2483
1950.0000,0.2455,0.2476,0.2479,0.2496,0.2490,0.2489,0.2486
1955.0000,0.2466,0.2474,0.2483,0.2497,0.2487,0.2494,0.2474
1960.0000,0.2466,0.2477,0.2485,0.2496,0.2488,0.2490,0.2483
1965.0000,0.2465,0.2481,0.2486,0.2496,0.2487,0.2489,0.2486
1970.0000,0.2473,0.2479,0.2490,0.2495,0.2488,0.2488,0.2488
1975.0000,0.2472,0.2484,0.2490,0.2496,0.2485,0.2492,0.2482
1980.0000,0.2471,0.2488,0.2490,0.2495,0.2485,0.2490,0.2488
1985.0000,0.2480,0.2486,0.2494,0.2493,0.2487,0.2489,0.2490
1990.0000,0.2480,0.2488,0.2493,0.2493,0.2484,0.2493,0.2485
1995.0000,0.2477,0.2493,0.2492,0.2492,0.2485,0.2493,0.2490
2000.0000,0.2485,0.2490,0.2494,0.2490,0.2487,0.2491,0.2493
2005.0000,0.2485,0.2492,0.2493,0.2490,0.2485,0.2496,0.2488
2010.0000,0.2483,0.2495,0.2492,0.2490,0.2486,0.2496,0.2493
2015.0000,0.2489,0.2493,0.2493,0.2488,0.2488,0.2495,0.2497
2020.0000,0.2488,0.2495,0.2490,0.2489,0.2486,0.2501,0.2489
2025.0000,0.2486,0.2496,0.2489,0.2488,0.2489,0.2499,0.2497
2030.0000,0.2492,0.2493,0.2491,0.2487,0.2492,0.2499,0.2501
2035.0000,0.2491,0.2494,0.2488,0.2489,0.2490,0.2505,0.2495
2040.0000,0.2487,0.2495,0.2487,0.2489,0.2492,0.2504,0.2501
2045.0000,0.2492,0.2491,0.2488,0.2488,0.2495,0.2504,0.2506
2050.0000,0.2490,0.2492,0.2486,0.2491,0.2494,0.2510,0.2498
2055.0000,0.2488,0.2493,0.2485,0.2491,0.2497,0.2509,0.2505
2060.0000,0.2480,0.2495,0.2483,0.2493,0.2498,0.2510,0.2509
2065.0000,0.2489,0.2490,0.2485,0.2494,0.2498,0.2516,0.2499
2070.0000,0.2487,0.2491,0.2485,0.2494,0.2501,0.2514,0.2509
2075.0000,0.2482,0.2492,0.2485,0.2496,0.2504,0.2514,0.2514
2080.0000,0.2488,0.2488,0.2486,0.2497,0.2503,0.2521,0.2504
2085.0000,0.2485,0.2490,0.2486,0.2498,0.2506,0.2518,0.2514
2090.0000,0.2481,0.2491,0.2487,0.2500,0.2508,0.2518,0.2518
2095.0000,0.2487,0.2487,0.2490,0.2500,0.2511,0.2518,0.2521
2100.0000,0.2484,0.2490,0.2489,0.2503,0.2510,0.2524,0.2515
2105.0000,0.2480,0.2492,0.2489,0.2505,0.2513,0.2523,0.2521
2110.0000,0.2487,0.2489,0.2493,0.2505,0.2516,0.2522,0.2523
2115.0000,0.2486,0.2491,0.2493,0.2508,0.2515,0.2527,0.2518
2120.0000,0.2481,0.2494,0.2493,0.2510,0.2517,0.2526,0.2523
2125.0000,0.2489,0.2491,0.2497,0.2510,0.2520,0.2525,0.2527
2130.0000,0.2488,0.2494,0.2497,0.2512,0.2519,0.2529,0.2522
2135.0000,0.2486,0.2496,0.2498,0.2514,0.2521,0.2529,0.2526
2140.0000,0.2492,0.2494,0.2502,0.2515,0.2523,0.2529,0.2528
2145.0000,0.2491,0.2498,0.2502,0.2518,0.2521,0.2535,0.2519
2150.0000,0.2489,0.2500,0.2503,0.2519,0.2524,0.2532,0.2526
2155.0000,0.2495,0.2498,0.2507,0.2519,0.2527,0.2531,0.2529
2160.0000,0.2495,0.2501,0.2507,0.2522,0.2525,0.2536,0.2520
2165.0000,0.2493,0.2505,0.2508,0.2523,0.2527,0.2534,0.2526
2170.0000,0.2499,0.2503,0.2512,0.2523,0.2530,0.2531,0.2530
2175.0000,0.2500,0.2506,0.2512,0.2525,0.2528,0.2536,0.2522
2180.0000,0.2500,0.2508,0.2513,0.2526,0.2529,0.2534,0.2526
2185.0000,0.2493,0.2514,0.2513,0.2528,0.2530,0.2533,0.2528
2190.0000,0.2504,0.2511,0.2516,0.2529,0.2528,0.2539,0.2516
2195.0000,0.2504,0.2513,0.2517,0.2530,0.2530,0.2534,0.2525
2200.0000,0.2501,0.2517,0.2518,0.2531,0.2531,0.2532,0.2528
2205.0000,0.2509,0.2514,0.2521,0.2530,0.2532,0.2531,0.2529
2210.0000,0.2508,0.2518,0.2520,0.2533,0.2529,0.2534,0.2522
2215.0000,0.2506,0.2521,0.2521,0.2533,0.2531,0.2531,0.2526
2220.0000,0.2514,0.2518,0.2525,0.2532,0.2532,0.2529,0.2527
2225.0000,0.2513,0.2522,0.2524,0.2534,0.2529,0.2533,0.2521
2230.0000,0.2511,0.2524,0.2525,0.2534,0.2530,0.2530,0.2525
2235.0000,0.2518,0.2522,0.2528,0.2532,0.2531,0.2528,0.2527
2240.0000,0.2518,0.2524,0.2528,0.2534,0.2528,0.2531,0.2521
2245.0000,0.2513,0.2529,0.2527,0.2535,0.2528,0.2529,0.2524
2250.0000,0.2521,0.2526,0.2530,0.2533,0.2529,0.2527,0.2527
2255.0000,0.2521,0.2529,0.2529,0.2534,0.2526,0.2531,0.2521
2260.0000,0.2520,0.2531,0.2529,0.2534,0.2526,0.2529,0.2525
2265.0000,0.2525,0.2528,0.2531,0.2532,0.2527,0.2528,0.2528
2270.0000,0.2525,0.2530,0.2530,0.2533,0.2524,0.2533,0.2519
2275.0000,0.2523,0.2532,0.2530,0.2532,0.2525,0.2530,0.2527
2280.0000,0.2528,0.2529,0.2533,0.2530,0.2526,0.2529,0.2530
2285.0000,0.2527,0.2531,0.2531,0.2531,0.2524,0.2535,0.2523
2290.0000,0.2524,0.2534,0.2530,0.2531,0.2524,0.2534,0.2529
2295.0000,0.2529,0.2531,0.2532,0.2529,0.2527,0.2532,0.2533
2300.0000,0.2529,0.2533,0.2530,0.2530,0.2524,0.2538,0.2525
2305.0000,0.2527,0.2533,0.2530,0.2529,0.2526,0.2537,0.2533
2310.0000,0.2521,0.2537,0.2528,0.2529,0.2527,0.2537,0.2537
2315.0000,0.2530,0.2532,0.2529,0.2529,0.2526,0.2543,0.2527
2320.0000,0.2528,0.2533,0.2528,0.2528,0.2529,0.2541,0.2537
2325.0000,0.2523,0.2535,0.2526,0.2529,0.2531,0.2541,0.2541
2330.0000,0.2530,0.2531,0.2528,0.2527,0.2533,0.2541,0.2545
2335.0000,0.2527,0.2533,0.2526,0.2530,0.2532,0.2547,0.2540
2340.0000,0.2523,0.2534,0.2525,0.2530,0.2535,0.2546,0.2546
2345.0000,0.2529,0.2529,0.2527,0.2529,0.2538,0.2547,0.2549
2350.0000,0.2527,0.2530,0.2525,0.2531,0.2537,0.2552,0.2544
2355.0000,0.2522,0.2532,0.2524,0.2532,0.2540,0.2551,0.2549
2360.0000,0.2528,0.2528,0.2527,0.2532,0.2543,0.2551,0.2552
2365.0000,0.2526,0.2529,0.2525,0.2534,0.2543,0.2556,0.2547
2370.0000,0.2521,0.2532,0.2525,0.2536,0.2545,0.2555,0.2552
2375.0000,0.2527,0.2527,0.2527,0.2536,0.2548,0.2554,0.2555
2380.0000,0.2525,0.2529,0.2527,0.2539,0.2548,0.2559,0.2550
2385.0000,0.2522,0.2530,0.2527,0.2541,0.2550,0.2558,0.2554
2390.0000,0.2527,0.2527,0.2530,0.2541,0.2553,0.2557,0.2557
2395.0000,0.2525,0.2530,0.2529,0.2545,0.2551,0.2563,0.2548
2400.0000,0.2522,0.2531,0.2530,0.2546,0.2554,0.2560,0.2556
2405.0000,0.2527,0.2529,0.2533,0.2547,0.2556,0.2559,0.2558
2410.0000,0.2527,0.2531,0.2533,0.2550,0.2554,0.2564,0.2550
2415.0000,0.2524,0.2534,0.2534,0.2552,0.2555,0.2563,0.2555
2420.0000,0.2529,0.2531,0.2538,0.2551,0.2558,0.2560,0.2560
2425.0000,0.2529,0.2533,0.2539,0.2554,0.2556,0.2565,0.2552
2430.0000,0.2528,0.2536,0.2540,0.2555,0.2557,0.2563,0.2559
2435.0000,0.2521,0.2541,0.2540,0.2557,0.2558,0.2563,0.2562
2440.0000,0.2532,0.2538,0.2543,0.2558,0.2556,0.2569,0.2552
2445.0000,0.2532,0.2540,0.2545,0.2559,0.2558,0.2566,0.2562
2450.0000,0.2529,0.2544,0.2546,0.2560,0.2559,0.2566,0.2566
2455.0000,0.2537,0.2541,0.2550,0.2559,0.2560,0.2566,0.2569
2460.0000,0.2535,0.2546,0.2549,0.2561,0.2558,0.2572,0.2564
2465.0000,0.2533,0.2549,0.2550,0.2561,0.2560,0.2571,0.2570
2470.0000,0.2542,0.2546,0.2554,0.2560,0.2562,0.2571,0.2574
2475.0000,0.2542,0.2549,0.2554,0.2561,0.2561,0.2576,0.2569
2480.0000,0.2538,0.2553,0.2554,0.2561,0.2564,0.2576,0.2575
2485.0000,0.2546,0.2550,0.2557,0.2560,0.2567,0.2576,0.2579
2490.0000,0.2546,0.2553,0.2557,0.2562,0.2566,0.2581,0.2574
2495.0000,0.2542,0.2558,0.2556,0.2563,0.2568,0.2581,0.2580
2500.0000,0.2550,0.2555,0.2558,0.2562,0.2572,0.2581,0.2584
2505.0000,0.2550,0.2557,0.2557,0.2564,0.2571,0.2586,0.2579
2510.0000,0.2548,0.2559,0.2557,0.2565,0.2574,0.2586,0.2585
2515.0000,0.2554,0.2557,0.2559,0.2565,0.2577,0.2586,0.2589
2520.0000,0.2553,0.2560,0.2557,0.2569,0.2576,0.2593,0.2582
2525.0000,0.2551,0.2562,0.2557,0.2570,0.2579,0.2592,0.2590
2530.0000,0.2556,0.2559,0.2560,0.2570,0.2582,0.2591,0.2594
2535.0000,0.2556,0.2560,0.2559,0.2573,0.2581,0.2598,0.2587
2540.0000,0.2553,0.2562,0.2560,0.2575,0.2584,0.2597,0.2594
2545.0000,0.2558,0.2559,0.2563,0.2575,0.2588,0.2596,0.2600
2550.0000,0.2558,0.2561,0.2563,0.2578,0.2587,0.2603,0.2593
2555.0000,0.2556,0.2563,0.2564,0.2580,0.2589,0.2603,0.2600
2560.0000,0.2549,0.2568,0.2564,0.2583,0.2591,0.2604,0.2605
2565.0000,0.2559,0.2564,0.2567,0.2585,0.2590,0.2611,0.2595
2570.0000,0.2558,0.2566,0.2569,0.2586,0.2594,0.2609,0.2606
2575.0000,0.2555,0.2569,0.2570,0.2587,0.2596,0.2610,0.2611
2580.0000,0.2563,0.2566,0.2574,0.2588,0.2600,0.2611,0.2615
2585.0000,0.2561,0.2570,0.2574,0.2591,0.2599,0.2617,0.2610
2590.0000,0.2559,0.2573,0.2575,0.2592,0.2602,0.2616,0.2617
2595.0000,0.2566,0.2570,0.2579,0.2592,0.2606,0.2617,0.2621
2600.0000,0.2566,0.2573,0.2580,0.2595,0.2606,0.2622,0.2617
2605.0000,0.2562,0.2578,0.2580,0.2598,0.2609,0.2623,0.2622
2610.0000,0.2571,0.2576,0.2584,0.2598,0.2612,0.2623,0.2627
2615.0000,0.2571,0.2579,0.2585,0.2601,0.2612,0.2629,0.2622
2620.0000,0.2567,0.2584,0.2585,0.2603,0.2615,0.2629,0.2628
2625.0000,0.2576,0.2581,0.2589,0.2604,0.2619,0.2629,0.2632
2630.0000,0.2576,0.2584,0.2589,0.2607,0.2619,0.2635,0.2627
2635.0000,0.2575,0.2587,0.2591,0.2609,0.2622,0.2634,0.2633
2640.0000,0.2581,0.2586,0.2595,0.2610,0.2625,0.2634,0.2637
2645.0000,0.2581,0.2590,0.2594,0.2614,0.2624,0.2641,0.2629
2650.0000,0.2580,0.2592,0.2596,0.2616,0.2628,0.2639,0.2638
2655.0000,0.2587,0.2591,0.2600,0.2617,0.2631,0.2639,0.2641
2660.0000,0.2587,0.2594,0.2601,0.2620,0.2630,0.2646,0.2633
2665.0000,0.2585,0.2598,0.2602,0.2623,0.2632,0.2645,0.2640
2670.0000,0.2592,0.2597,0.2606,0.2623,0.2636,0.2644,0.2645
2675.0000,0.2592,0.2600,0.2607,0.2627,0.2635,0.2650,0.2637
2680.0000,0.2592,0.2602,0.2609,0.2628,0.2638,0.2649,0.2644
2685.0000,0.2586,0.2608,0.2609,0.2631,0.2639,0.2649,0.2648
2690.0000,0.2598,0.2606,0.2613,0.2633,0.2638,0.2656,0.2637
2695.0000,0.2598,0.2608,0.2616,0.2634,0.2642,0.2653,0.2648
2700.0000,0.2596,0.2612,0.2617,0.2636,0.2644,0.2652,0.2654
2705.0000,0.2605,0.2610,0.2622,0.2636,0.2647,0.2652,0.2657
2710.0000,0.2604,0.2615,0.2621,0.2640,0.2645,0.2658,0.2654
2715.0000,0.2602,0.2619,0.2623,0.2641,0.2647,0.2658,0.2660
2720.0000,0.2611,0.2617,0.2627,0.2641,0.2649,0.2659,0.2663
2725.0000,0.2611,0.2621,0.2627,0.2644,0.2648,0.2665,0.2659
2730.0000,0.2608,0.2626,0.2628,0.2646,0.2650,0.2666,0.2665
2735.0000,0.2617,0.2623,0.2633,0.2645,0.2653,0.2666,0.2670
2740.0000,0.2618,0.2626,0.2634,0.2647,0.2653,0.2672,0.2665
2745.0000,0.2617,0.2629,0.2635,0.2648,0.2656,0.2672,0.2672
2750.0000,0.2624,0.2628,0.2639,0.2648,0.2660,0.2672,0.2678
2755.0000,0.2624,0.2632,0.2639,0.2651,0.2660,0.2678,0.2674
2760.0000,0.2623,0.2635,0.2640,0.2652,0.2663,0.2679,0.2681
2765.0000,0.2629,0.2634,0.2643,0.2652,0.2667,0.2680,0.2686
2770.0000,0.2629,0.2638,0.2642,0.2656,0.2666,0.2688,0.2679
2775.0000,0.2628,0.2641,0.2642,0.2657,0.2670,0.2687,0.2688
2780.0000,0.2635,0.2639,0.2645,0.2658,0.2674,0.2688,0.2693
2785.0000,0.2635,0.2642,0.2645,0.2662,0.2674,0.2697,0.2686
2790.0000,0.2633,0.2646,0.2645,0.2664,0.2677,0.2697,0.2694
2795.0000,0.2639,0.2643,0.2649,0.2664,0.2682,0.2697,0.2700
2800.0000,0.2640,0.2646,0.2649,0.2668,0.2682,0.2704,0.2693
2805.0000,0.2639,0.2648,0.2651,0.2670,0.2686,0.2704,0.2700
2810.0000,0.2634,0.2652,0.2652,0.2673,0.2689,0.2705,0.2705
2815.0000,0.2644,0.2649,0.2655,0.2676,0.2690,0.2713,0.2694
2820.0000,0.2643,0.2652,0.2657,0.2677,0.2695,0.2710,0.2706
2825.0000,0.2640,0.2655,0.2658,0.2680,0.2698,0.2710,0.2711
2830.0000,0.2648,0.2653,0.2663,0.2682,0.2702,0.2711,0.2714
2835.0000,0.2646,0.2658,0.2662,0.2687,0.2701,0.2717,0.2709
2840.0000,0.2644,0.2662,0.2664,0.2689,0.2705,0.2716,0.2715
2845.0000,0.2654,0.2659,0.2669,0.2691,0.2708,0.2716,0.2718
2850.0000,0.2654,0.2663,0.2670,0.2695,0.2707,0.2721,0.2713
2855.0000,0.2650,0.2667,0.2671,0.2698,0.2710,0.2721,0.2718
2860.0000,0.2659,0.2665,0.2677,0.2699,0.2713,0.2720,0.2722
2865.0000,0.2660,0.2669,0.2679,0.2703,0.2712,0.2726,0.2716
2870.0000,0.2659,0.2672,0.2681,0.2705,0.2715,0.2725,0.2722
2875.0000,0.2666,0.2672,0.2686,0.2706,0.2718,0.2724,0.2726
2880.0000,0.2666,0.2676,0.2687,0.2710,0.2716,0.2730,0.2718
2885.0000,0.2666,0.2680,0.2690,0.2711,0.2719,0.2728,0.2726
2890.0000,0.2673,0.2680,0.2695,0.2712,0.2722,0.2728,0.2729
2895.0000,0.2674,0.2685,0.2695,0.2715,0.2720,0.2734,0.2721
2900.0000,0.2674,0.2689,0.2697,0.2717,0.2722,0.2732,0.2729
2905.0000,0.2681,0.2688,0.2702,0.2717,0.2725,0.2732,0.2733
2910.0000,0.2683,0.2692,0.2702,0.2720,0.2723,0.2738,0.2724
2915.0000,0.2681,0.2697,0.2704,0.2721,0.2725,0.2737,0.2732
2920.0000,0.2689,0.2696,0.2708,0.2721,0.2729,0.2735,0.2737
2925.0000,0.2691,0.2700,0.2709,0.2723,0.2727,0.2741,0.2730
2930.0000,0.2691,0.2703,0.2710,0.2724,0.2729,0.2740,0.2737
2935.0000,0.2686,0.2709,0.2710,0.2726,0.2730,0.2741,0.2742
2940.0000,0.2698,0.2707,0.2713,0.2728,0.2729,0.2748,0.2731
2945.0000,0.2698,0.2710,0.2715,0.2728,0.2732,0.2746,0.2743
2950.0000,0.2696,0.2714,0.2715,0.2729,0.2734,0.2747,0.2748
2955.0000,0.2705,0.2711,0.2719,0.2729,0.2737,0.2747,0.2751
2960.0000,0.2704,0.2716,0.2718,0.2732,0.2736,0.2754,0.2746
2965.0000,0.2702,0.2719,0.2719,0.2733,0.2739,0.2753,0.2753
2970.0000,0.2711,0.2716,0.2723,0.2732,0.2743,0.2753,0.2757
2975.0000,0.2711,0.2719,0.2723,0.2734,0.2742,0.2759,0.2753
2980.0000,0.2707,0.2723,0.2723,0.2736,0.2745,0.2760,0.2759
2985.0000,0.2716,0.2720,0.2727,0.2736,0.2749,0.2759,0.2763
2990.0000,0.2716,0.2723,0.2726,0.2739,0.2749,0.2765,0.2759
2995.0000,0.2714,0.2726,0.2727,0.2740,0.2752,0.2766,0.2765
3000.0000,0.2720,0.2724,0.2730,0.2741,0.2755,0.2766,0.2769
3005.0000,0.2719,0.2728,0.2728,0.2745,0.2754,0.2774,0.2761
3010.0000,0.2717,0.2730,0.2729,0.2746,0.2758,0.2772,0.2770
3015.0000,0.2724,0.2728,0.2733,0.2747,0.2761,0.2772,0.2774
3020.0000,0.2724,0.2730,0.2733,0.2751,0.2761,0.2779,0.2766
3025.0000,0.2722,0.2733,0.2734,0.2752,0.2764,0.2778,0.2774
3030.0000,0.2728,0.2730,0.2738,0.2753,0.2768,0.2777,0.2778
3035.0000,0.2728,0.2733,0.2738,0.2756,0.2768,0.2783,0.2770
3040.0000,0.2725,0.2737,0.2739,0.2759,0.2770,0.2782,0.2777
3045.0000,0.2731,0.2735,0.2743,0.2759,0.2774,0.2781,0.2782
3050.0000,0.2731,0.2738,0.2743,0.2763,0.2773,0.2787,0.2773
3055.0000,0.2730,0.2741,0.2745,0.2765,0.2775,0.2786,0.2781
3060.0000,0.2724,0.2746,0.2745,0.2768,0.2776,0.2786,0.2785
3065.0000,0.2736,0.2743,0.2749,0.2771,0.2775,0.2793,0.2773
3070.0000,0.2735,0.2746,0.2751,0.2772,0.2778,0.2790,0.2783
3075.0000,0.2733,0.2749,0.2753,0.2774,0.2780,0.2790,0.2786
3080.0000,0.2742,0.2747,0.2758,0.2774,0.2783,0.2789,0.2789
3085.0000,0.2741,0.2751,0.2758,0.2777,0.2782,0.2794,0.2783
3090.0000,0.2739,0.2755,0.2760,0.2778,0.2785,0.2791,0.2790
3095.0000,0.2748,0.2753,0.2765,0.2778,0.2787,0.2790,0.2792
3100.0000,0.2748,0.2757,0.2765,0.2781,0.2786,0.2795,0.2787
3105.0000,0.2744,0.2762,0.2766,0.2783,0.2787,0.2794,0.2792
3110.0000,0.2753,0.2760,0.2770,0.2783,0.2789,0.2793,0.2795
3115.0000,0.2754,0.2764,0.2770,0.2785,0.2788,0.2799,0.2789
3120.0000,0.2753,0.2768,0.2771,0.2787,0.2789,0.2798,0.2795
3125.0000,0.2760,0.2766,0.2775,0.2786,0.2791,0.2797,0.2799
3130.0000,0.2760,0.2770,0.2775,0.2789,0.2789,0.2804,0.2791
3135.0000,0.2759,0.2773,0.2776,0.2790,0.2791,0.2801,0.2800
3140.0000,0.2767,0.2771,0.2780,0.2789,0.2794,0.2801,0.2804
3145.0000,0.2767,0.2774,0.2780,0.2791,0.2792,0.2808,0.2797
3150.0000,0.2765,0.2778,0.2781,0.2792,0.2794,0.2807,0.2805
3155.0000,0.2772,0.2776,0.2784,0.2791,0.2797,0.2806,0.2810
3160.0000,0.2772,0.2779,0.2784,0.2793,0.2796,0.2814,0.2803
3165.0000,0.2769,0.2783,0.2784,0.2794,0.2798,0.2813,0.2811
3170.0000,0.2776,0.2781,0.2787,0.2793,0.2802,0.2813,0.2818
3175.0000,0.2777,0.2783,0.2786,0.2796,0.2800,0.2820,0.2812
3180.0000,0.2776,0.2786,0.2787,0.2797,0.2803,0.2821,0.2821
3185.0000,0.2768,0.2791,0.2785,0.2799,0.2805,0.2823,0.2826
3190.0000,0.2780,0.2788,0.2788,0.2800,0.2804,0.2832,0.2816
3195.0000,0.2780,0.2789,0.2789,0.2800,0.2809,0.2831,0.2828
3200.0000,0.2777,0.2791,0.2789,0.2801,0.2813,0.2832,0.2835
3205.0000,0.2785,0.2788,0.2793,0.2801,0.2817,0.2833,0.2841
3210.0000,0.2783,0.2791,0.2792,0.2805,0.2817,0.2841,0.2837
3215.0000,0.2779,0.2795,0.2792,0.2806,0.2822,0.2841,0.2846
3220.0000,0.2787,0.2791,0.2795,0.2807,0.2826,0.2843,0.2852
3225.0000,0.2787,0.2793,0.2795,0.2810,0.2827,0.2851,0.2849
3230.0000,0.2782,0.2797,0.2795,0.2813,0.2831,0.2852,0.2857
3235.0000,0.2791,0.2794,0.2798,0.2814,0.2836,0.2854,0.2863
3240.0000,0.2790,0.2796,0.2798,0.2818,0.2837,0.2862,0.2859
3245.0000,0.2787,0.2799,0.2799,0.2821,0.2841,0.2865,0.2867
3250.0000,0.2794,0.2797,0.2803,0.2823,0.2846,0.2867,0.2872
3255.0000,0.2792,0.2800,0.2803,0.2828,0.2846,0.2876,0.2865
3260.0000,0.2791,0.2803,0.2805,0.2830,0.2852,0.2875,0.2875
3265.0000,0.2797,0.2801,0.2810,0.2832,0.2858,0.2876,0.2881
3270.0000,0.2798,0.2803,0.2811,0.2836,0.2859,0.2885,0.2875
3275.0000,0.2795,0.2807,0.2813,0.2840,0.2864,0.2885,0.2884
3280.0000,0.2802,0.2805,0.2818,0.2842,0.2870,0.2885,0.2890
3285.0000,0.2802,0.2809,0.2819,0.2847,0.2871,0.2893,0.2884
3290.0000,0.2799,0.2814,0.2821,0.2851,0.2875,0.2894,0.2892
3295.0000,0.2807,0.2813,0.2826,0.2854,0.2880,0.2894,0.2898
3300.0000,0.2808,0.2818,0.2827,0.2859,0.2879,0.2902,0.2890
3305.0000,0.2808,0.2821,0.2830,0.2863,0.2883,0.2902,0.2898
3310.0000,0.2802,0.2828,0.2832,0.2867,0.2887,0.2903,0.2903
3315.0000,0.2816,0.2826,0.2837,0.2871,0.2887,0.2912,0.2891
3320.0000,0.2817,0.2829,0.2842,0.2874,0.2892,0.2909,0.2904
3325.0000,0.2816,0.2833,0.2845,0.2877,0.2896,0.2908,0.2909
3330.0000,0.2825,0.2833,0.2852,0.2879,0.2900,0.2909,0.2913
3335.0000,0.2825,0.2839,0.2853,0.2884,0.2899,0.2915,0.2909
3340.0000,0.2824,0.2844,0.2856,0.2887,0.2902,0.2914,0.2916
3345.0000,0.2834,0.2844,0.2863,0.2888,0.2906,0.2915,0.2919
3350.0000,0.2836,0.2849,0.2865,0.2893,0.2905,0.2921,0.2915
3355.0000,0.2833,0.2857,0.2866,0.2896,0.2907,0.2922,0.2920
3360.0000,0.2845,0.2856,0.2873,0.2897,0.2911,0.2922,0.2925
3365.0000,0.2847,0.2861,0.2875,0.2901,0.2910,0.2928,0.2919
3370.0000,0.2848,0.2865,0.2878,0.2903,0.2913,0.2928,0.2926
3375.0000,0.2857,0.2865,0.2883,0.2903,0.2917,0.2928,0.2930
3380.0000,0.2858,0.2871,0.2885,0.2907,0.2916,0.2935,0.2922
3385.0000,0.2859,0.2875,0.2888,0.2909,0.2920,0.2933,0.2932
3390.0000,0.2867,0.2875,0.2893,0.2909,0.2924,0.2933,0.2936
3395.0000,0.2869,0.2880,0.2894,0.2913,0.2922,0.2940,0.2928
3400.0000,0.2868,0.2886,0.2895,0.2915,0.2925,0.2940,0.2936
3405.0000,0.2877,0.2886,0.2899,0.2915,0.2929,0.2939,0.2942
3410.0000,0.2879,0.2890,0.2900,0.2919,0.2928,0.2946,0.2934
3415.0000,0.2879,0.2894,0.2901,0.2921,0.2930,0.2946,0.2942
3420.0000,0.2874,0.2901,0.2901,0.2924,0.2933,0.2946,0.2947
3425.0000,0.2888,0.2898,0.2906,0.2925,0.2933,0.2953,0.2938
3430.0000,0.2889,0.2901,0.2908,0.2927,0.2936,0.2952,0.2947
3435.0000,0.2883,0.2907,0.2908,0.2929,0.2939,0.2952,0.2952
3440.0000,0.2896,0.2904,0.2912,0.2931,0.2938,0.2960,0.2939
3445.0000,0.2896,0.2907,0.2914,0.2932,0.2943,0.2957,0.2952
3450.0000,0.2894,0.2911,0.2916,0.2934,0.2946,0.2957,0.2957
3455.0000,0.2903,0.2909,0.2920,0.2934,0.2949,0.2957,0.2960
3460.0000,0.2902,0.2914,0.2919,0.2938,0.2948,0.2963,0.2955
3465.0000,0.2899,0.2919,0.2920,0.2940,0.2951,0.2962,0.2961
3470.0000,0.2909,0.2916,0.2925,0.2941,0.2954,0.2962,0.2965
3475.0000,0.2910,0.2920,0.2925,0.2945,0.2953,0.2968,0.2959
3480.0000,0.2905,0.2925,0.2926,0.2947,0.2955,0.2968,0.2965
3485.0000,0.2916,0.2922,0.2931,0.2947,0.2959,0.2967,0.2970
3490.0000,0.2916,0.2925,0.2931,0.2950,0.2958,0.2973,0.2964
3495.0000,0.2915,0.2928,0.2933,0.2952,0.2961,0.2972,0.2970
3500.0000,0.2922,0.2927,0.2937,0.2952,0.2964,0.2972,0.2974
3505.0000,0.2921,0.2931,0.2937,0.2956,0.2962,0.2979,0.2966
3510.0000,0.2921,0.2934,0.2939,0.2957,0.2965,0.2977,0.2977
3515.0000,0.2928,0.2932,0.2944,0.2957,0.2969,0.2976,0.2984
3520.0000,0.2928,0.2936,0.2944,0.2961,0.2967,0.2984,0.2978
3525.0000,0.2926,0.2941,0.2945,0.2963,0.2969,0.2983,0.2991
3530.0000,0.2933,0.2939,0.2949,0.2963,0.2972,0.2984,0.3002
3535.0000,0.2934,0.2943,0.2949,0.2966,0.2970,0.2994,0.3001
3540.0000,0.2934,0.2946,0.2950,0.2967,0.2973,0.2995,0.3023
3545.0000,0.2928,0.2951,0.2950,0.2970,0.2975,0.3000,0.3045
3550.0000,0.2940,0.2948,0.2954,0.2972,0.2973,0.3016,0.3054
3555.0000,0.2940,0.2951,0.2955,0.2973,0.2976,0.3026,0.3087
3560.0000,0.2933,0.2957,0.2955,0.2974,0.2980,0.3038,0.3129
3565.0000,0.2945,0.2954,0.2958,0.2976,0.2980,0.3066,0.3157
3570.0000,0.2945,0.2957,0.2960,0.2977,0.2985,0.3091,0.3210
3575.0000,0.2942,0.2960,0.2961,0.2978,0.2993,0.3121,0.3274
3580.0000,0.2952,0.2957,0.2966,0.2976,0.3005,0.3157,0.3351
3585.0000,0.2951,0.2961,0.2966,0.2979,0.3014,0.3211,0.3428
3590.0000,0.2948,0.2966,0.2965,0.2983,0.3026,0.3278,0.3508
3595.0000,0.2957,0.2962,0.2970,0.2982,0.3050,0.3345,0.3613
3600.0000,0.2957,0.2966,0.2970,0.2986,0.3075,0.3433,0.3716
3605.0000,0.2953,0.2970,0.2972,0.2988,0.3114,0.3521,0.3857
3610.0000,0.2962,0.2968,0.2974,0.2994,0.3153,0.3638,0.3975
3615.0000,0.2962,0.2970,0.2974,0.3002,0.3205,0.3764,0.4102
3620.0000,0.2962,0.2971,0.2977,0.3008,0.3276,0.3885,0.4272
3625.0000,0.2968,0.2969,0.2983,0.3018,0.3361,0.4018,0.4449
3630.0000,0.2968,0.2972,0.2983,0.3038,0.3448,0.4178,0.4613
3635.0000,0.2966,0.2977,0.2981,0.3065,0.3546,0.4353,0.4761
3640.0000,0.2972,0.2975,0.2988,0.3092,0.3673,0.4513,0.4951
3645.0000,0.2973,0.2980,0.2989,0.3135,0.3799,0.4700,0.5109
