150.0000,0.2652,0.2658,0.2640,0.2646,0.2648,0.2637,0.2625
155.0000,0.2656,0.2653,0.2641,0.2647,0.2648,0.2632,0.2624
160.0000,0.2652,0.2653,0.2638,0.2650,0.2643,0.2634,0.2613
165.0000,0.2648,0.2652,0.2638,0.2651,0.2642,0.2628,0.2617
170.0000,0.2651,0.2646,0.2640,0.2651,0.2640,0.2624,0.2617
175.0000,0.2648,0.2646,0.2640,0.2653,0.2634,0.2626,0.2606
180.0000,0.2642,0.2647,0.2640,0.2653,0.2631,0.2621,0.2609
185.0000,0.2646,0.2642,0.2644,0.2650,0.2630,0.2616,0.2611
190.0000,0.2644,0.2643,0.2645,0.2651,0.2624,0.2619,0.2601
195.0000,0.2641,0.2644,0.2646,0.2648,0.2621,0.2615,0.2604
200.0000,0.2634,0.2647,0.2646,0.2647,0.2618,0.2613,0.2605
205.0000,0.2642,0.2643,0.2648,0.2644,0.2613,0.2617,0.2591
210.0000,0.2640,0.2645,0.2649,0.2640,0.2613,0.2612,0.2599
215.0000,0.2632,0.2651,0.2647,0.2638,0.2610,0.2610,0.2599
220.0000,0.2642,0.2647,0.2648,0.2634,0.2606,0.2614,0.2584
225.0000,0.2641,0.2649,0.2647,0.2630,0.2608,0.2608,0.2591
230.0000,0.2638,0.2651,0.2645,0.2626,0.2607,0.2604,0.2591
235.0000,0.2645,0.2647,0.2645,0.2622,0.2608,0.2600,0.2590
240.0000,0.2643,0.2649,0.2641,0.2620,0.2605,0.2601,0.2580
245.0000,0.2639,0.2651,0.2637,0.2618,0.2606,0.2595,0.2583
250.0000,0.2645,0.2646,0.2636,0.2614,0.2606,0.2590,0.2583
255.0000,0.2643,0.2646,0.2631,0.2614,0.2602,0.2590,0.2575
260.0000,0.2636,0.2648,0.2626,0.2614,0.2600,0.2585,0.2576
265.0000,0.2643,0.2641,0.2625,0.2611,0.2599,0.2580,0.2577
270.0000,0.2639,0.2641,0.2620,0.2612,0.2593,0.2581,0.2570
275.0000,0.2634,0.2639,0.2616,0.2611,0.2590,0.2578,0.2571
280.0000,0.2637,0.2633,0.2616,0.2609,0.2587,0.2575,0.2572
285.0000,0.2633,0.2631,0.2612,0.2609,0.2580,0.2579,0.2562
290.0000,0.2628,0.2629,0.2611,0.2607,0.2578,0.2575,0.2567
295.0000,0.2630,0.2623,0.2613,0.2603,0.2577,0.2573,0.2569
300.0000,0.2626,0.2621,0.2611,0.2601,0.2572,0.2577,0.2559
305.0000,0.2620,0.2620,0.2609,0.2598,0.2571,0.2574,0.2564
310.0000,0.2622,0.2615,0.2611,0.2593,0.2571,0.2571,0.2568
315.0000,0.2618,0.2614,0.2608,0.2591,0.2568,0.2575,0.2558
320.0000,0.2614,0.2614,0.2606,0.2587,0.2568,0.2573,0.2562
325.0000,0.2605,0.2616,0.2602,0.2584,0.2568,0.2572,0.2563
330.0000,0.2612,0.2611,0.2601,0.2582,0.2565,0.2577,0.2549
335.0000,0.2608,0.2611,0.2598,0.2578,0.2567,0.2571,0.2556
340.0000,0.2602,0.2612,0.2594,0.2577,0.2568,0.2569,0.2556
345.0000,0.2607,0.2607,0.2591,0.2575,0.2566,0.2572,0.2540
350.0000,0.2604,0.2606,0.2588,0.2573,0.2569,0.2564,0.2548
355.0000,0.2597,0.2605,0.2584,0.2572,0.2569,0.2560,0.2548
360.0000,0.2602,0.2599,0.2583,0.2570,0.2570,0.2556,0.2546
365.0000,0.2598,0.2598,0.2578,0.2572,0.2566,0.2556,0.2537
370.0000,0.2591,0.2597,0.2575,0.2572,0.2566,0.2550,0.2538
375.0000,0.2595,0.2590,0.2575,0.2571,0.2565,0.2545,0.2536
380.0000,0.2591,0.2589,0.2571,0.2573,0.2560,0.2545,0.2527
385.0000,0.2583,0.2589,0.2568,0.2574,0.2557,0.2540,0.2527
390.0000,0.2587,0.2582,0.2570,0.2572,0.2555,0.2534,0.2527
395.0000,0.2583,0.2581,0.2568,0.2572,0.2549,0.2534,0.2519
400.0000,0.2577,0.2580,0.2568,0.2572,0.2545,0.2530,0.2520
405.0000,0.2580,0.2575,0.2570,0.2569,0.2541,0.2526,0.2520
410.0000,0.2577,0.2575,0.2569,0.2568,0.2534,0.2529,0.2509
415.0000,0.2573,0.2574,0.2570,0.2565,0.2532,0.2523,0.2514
420.0000,0.2575,0.2570,0.2572,0.2560,0.2530,0.2520,0.2515
425.0000,0.2572,0.2571,0.2570,0.2558,0.2524,0.2523,0.2505
430.0000,0.2567,0.2573,0.2569,0.2554,0.2521,0.2520,0.2509
435.0000,0.2571,0.2569,0.2570,0.2549,0.2521,0.2516,0.2512
440.0000,0.2569,0.2571,0.2567,0.2546,0.2516,0.2520,0.2502
445.0000,0.2567,0.2572,0.2565,0.2542,0.2515,0.2517,0.2507
450.0000,0.2559,0.2574,0.2561,0.2538,0.2514,0.2515,0.2508
455.0000,0.2568,0.2569,0.2559,0.2534,0.2511,0.2519,0.2496
460.0000,0.2565,0.2569,0.2556,0.2530,0.2512,0.2515,0.2504
465.0000,0.2560,0.2570,0.2551,0.2527,0.2512,0.2512,0.2506
470.0000,0.2565,0.2565,0.2548,0.2525,0.2509,0.2517,0.2493
475.0000,0.2561,0.2564,0.2544,0.2522,0.2511,0.2512,0.2501
480.0000,0.2554,0.2564,0.2538,0.2521,0.2511,0.2510,0.2502
485.0000,0.2560,0.2557,0.2537,0.2518,0.2512,0.2507,0.2502
490.0000,0.2555,0.2555,0.2531,0.2518,0.2509,0.2510,0.2493
495.0000,0.2549,0.2553,0.2527,0.2517,0.2509,0.2506,0.2496
500.0000,0.2552,0.2545,0.2527,0.2514,0.2510,0.2503,0.2495
505.0000,0.2547,0.2543,0.2522,0.2515,0.2507,0.2504,0.2487
510.0000,0.2539,0.2542,0.2519,0.2515,0.2507,0.2500,0.2488
515.0000,0.2542,0.2534,0.2520,0.2513,0.2508,0.2495,0.2489
520.0000,0.2537,0.2533,0.2516,0.2514,0.2504,0.2496,0.2481
525.0000,0.2530,0.2531,0.2514,0.2514,0.2503,0.2492,0.2484
530.0000,0.2532,0.2526,0.2515,0.2512,0.2501,0.2488,0.2484
535.0000,0.2528,0.2525,0.2512,0.2513,0.2496,0.2491,0.2475
540.0000,0.2522,0.2524,0.2511,0.2512,0.2494,0.2486,0.2480
545.0000,0.2524,0.2519,0.2513,0.2510,0.2493,0.2484,0.2481
550.0000,0.2521,0.2519,0.2511,0.2511,0.2487,0.2488,0.2472
555.0000,0.2515,0.2519,0.2510,0.2509,0.2485,0.2486,0.2476
560.0000,0.2519,0.2515,0.2512,0.2505,0.2485,0.2482,0.2479
565.0000,0.2516,0.2515,0.2511,0.2504,0.2480,0.2486,0.2470
570.0000,0.2513,0.2515,0.2510,0.2501,0.2480,0.2483,0.2477
575.0000,0.2505,0.2517,0.2508,0.2499,0.2479,0.2482,0.2480
580.0000,0.2513,0.2512,0.2509,0.2496,0.2476,0.2488,0.2469
585.0000,0.2510,0.2512,0.2508,0.2493,0.2478,0.2485,0.2478
590.0000,0.2505,0.2514,0.2505,0.2491,0.2478,0.2484,0.2480
595.0000,0.2510,0.2510,0.2505,0.2487,0.2479,0.2484,0.2480
600.0000,0.2506,0.2512,0.2501,0.2487,0.2477,0.2488,0.2472
605.0000,0.2501,0.2513,0.2498,0.2485,0.2479,0.2485,0.2476
610.0000,0.2508,0.2508,0.2498,0.2482,0.2482,0.2483,0.2477
615.0000,0.2505,0.2508,0.2493,0.2482,0.2480,0.2486,0.2469
620.0000,0.2500,0.2508,0.2490,0.2481,0.2483,0.2481,0.2473
625.0000,0.2505,0.2502,0.2490,0.2480,0.2485,0.2478,0.2474
630.0000,0.2502,0.2501,0.2486,0.2481,0.2483,0.2479,0.2467
635.0000,0.2495,0.2501,0.2483,0.2482,0.2483,0.2476,0.2469
640.0000,0.2499,0.2495,0.2483,0.2481,0.2484,0.2472,0.2471
645.0000,0.2495,0.2495,0.2480,0.2484,0.2480,0.2474,0.2465
650.0000,0.2490,0.2495,0.2478,0.2485,0.2478,0.2472,0.2467
655.0000,0.2493,0.2489,0.2479,0.2485,0.2477,0.2470,0.2468
660.0000,0.2489,0.2489,0.2477,0.2488,0.2472,0.2475,0.2459
665.0000,0.2485,0.2489,0.2477,0.2487,0.2471,0.2472,0.2464
670.0000,0.2488,0.2483,0.2480,0.2485,0.2470,0.2470,0.2465
675.0000,0.2485,0.2483,0.2480,0.2486,0.2466,0.2475,0.2455
680.0000,0.2482,0.2482,0.2481,0.2483,0.2467,0.2472,0.2459
685.0000,0.2484,0.2479,0.2485,0.2480,0.2469,0.2468,0.2462
690.0000,0.2482,0.2480,0.2484,0.2479,0.2466,0.2471,0.2453
695.0000,0.2478,0.2482,0.2484,0.2477,0.2467,0.2467,0.2458
700.0000,0.2470,0.2486,0.2482,0.2476,0.2467,0.2465,0.2459
705.0000,0.2479,0.2483,0.2482,0.2475,0.2464,0.2469,0.2447
710.0000,0.2477,0.2485,0.2481,0.2473,0.2465,0.2464,0.2455
715.0000,0.2473,0.2488,0.2478,0.2473,0.2465,0.2462,0.2457
720.0000,0.2481,0.2484,0.2479,0.2471,0.2465,0.2460,0.2457
725.0000,0.2478,0.2486,0.2475,0.2472,0.2462,0.2463,0.2449
730.0000,0.2474,0.2487,0.2473,0.2471,0.2462,0.2460,0.2453
735.0000,0.2481,0.2482,0.2474,0.2469,0.2463,0.2457,0.2454
740.0000,0.2479,0.2482,0.2471,0.2470,0.2459,0.2459,0.2447
745.0000,0.2474,0.2483,0.2470,0.2469,0.2460,0.2455,0.2452
750.0000,0.2479,0.2477,0.2471,0.2467,0.2459,0.2454,0.2452
755.0000,0.2477,0.2477,0.2469,0.2468,0.2456,0.2456,0.2446
760.0000,0.2471,0.2478,0.2468,0.2467,0.2455,0.2455,0.2447
765.0000,0.2476,0.2473,0.2469,0.2465,0.2456,0.2452,0.2449
770.0000,0.2473,0.2474,0.2467,0.2465,0.2452,0.2455,0.2441
775.0000,0.2468,0.2475,0.2466,0.2464,0.2452,0.2453,0.2444
780.0000,0.2472,0.2471,0.2467,0.2462,0.2453,0.2450,0.2447
785.0000,0.2470,0.2472,0.2465,0.2462,0.2449,0.2454,0.2437
790.0000,0.2467,0.2472,0.2464,0.2460,0.2451,0.2449,0.2445
795.0000,0.2470,0.2468,0.2465,0.2458,0.2451,0.2447,0.2447
800.0000,0.2468,0.2468,0.2463,0.2458,0.2448,0.2451,0.2439
805.0000,0.2464,0.2469,0.2462,0.2458,0.2447,0.2449,0.2444
810.0000,0.2468,0.2466,0.2462,0.2455,0.2448,0.2447,0.2448
815.0000,0.2465,0.2467,0.2460,0.2456,0.2445,0.2452,0.2440
820.0000,0.2462,0.2467,0.2458,0.2455,0.2445,0.2451,0.2445
825.0000,0.2454,0.2470,0.2455,0.2455,0.2444,0.2451,0.2449
830.0000,0.2463,0.2465,0.2456,0.2454,0.2442,0.2457,0.2438
835.0000,0.2461,0.2464,0.2455,0.2452,0.2444,0.2453,0.2448
840.0000,0.2456,0.2464,0.2454,0.2451,0.2445,0.2453,0.2452
845.0000,0.2462,0.2460,0.2455,0.2449,0.2447,0.2453,0.2455
850.0000,0.2459,0.2460,0.2453,0.2450,0.2445,0.2457,0.2451
855.0000,0.2454,0.2460,0.2452,0.2449,0.2447,0.2457,0.2456
860.0000,0.2459,0.2456,0.2453,0.2447,0.2450,0.2457,0.2458
865.0000,0.2455,0.2457,0.2450,0.2448,0.2448,0.2462,0.2453
870.0000,0.2448,0.2460,0.2448,0.2449,0.2450,0.2462,0.2457
875.0000,0.2455,0.2455,0.2449,0.2447,0.2453,0.2460,0.2460
880.0000,0.2453,0.2456,0.2447,0.2449,0.2453,0.2465,0.2454
885.0000,0.2448,0.2456,0.2445,0.2449,0.2455,0.2463,0.2459
890.0000,0.2454,0.2451,0.2447,0.2448,0.2459,0.2461,0.2463
895.0000,0.2451,0.2452,0.2446,0.2451,0.2458,0.2465,0.2458
900.0000,0.2447,0.2452,0.2445,0.2452,0.2460,0.2464,0.2462
905.0000,0.2451,0.2449,0.2446,0.2453,0.2461,0.2464,0.2463
910.0000,0.2448,0.2450,0.2444,0.2456,0.2459,0.2470,0.2455
915.0000,0.2444,0.2452,0.2444,0.2457,0.2460,0.2468,0.2460
920.0000,0.2448,0.2448,0.2446,0.2457,0.2463,0.2466,0.2461
925.0000,0.2447,0.2449,0.2446,0.2460,0.2460,0.2471,0.2450
930.0000,0.2443,0.2450,0.2447,0.2461,0.2462,0.2468,0.2452
935.0000,0.2448,0.2447,0.2450,0.2460,0.2466,0.2464,0.2454
940.0000,0.2447,0.2448,0.2451,0.2462,0.2464,0.2466,0.2442
945.0000,0.2445,0.2449,0.2452,0.2462,0.2466,0.2461,0.2446
950.0000,0.2439,0.2453,0.2452,0.2464,0.2466,0.2457,0.2446
955.0000,0.2447,0.2450,0.2455,0.2465,0.2464,0.2458,0.2433
960.0000,0.2445,0.2453,0.2455,0.2465,0.2465,0.2451,0.2440
965.0000,0.2442,0.2456,0.2455,0.2467,0.2463,0.2447,0.2441
970.0000,0.2449,0.2454,0.2458,0.2467,0.2461,0.2443,0.2440
975.0000,0.2447,0.2458,0.2456,0.2470,0.2455,0.2445,0.2433
980.0000,0.2444,0.2461,0.2456,0.2471,0.2452,0.2441,0.2437
985.0000,0.2453,0.2458,0.2460,0.2469,0.2450,0.2438,0.2438
990.0000,0.2453,0.2459,0.2460,0.2470,0.2444,0.2441,0.2433
995.0000,0.2450,0.2462,0.2461,0.2469,0.2441,0.2440,0.2436
1000.0000,0.2457,0.2458,0.2465,0.2465,0.2439,0.2438,0.2438
1005.0000,0.2457,0.2460,0.2466,0.2463,0.2435,0.2442,0.2431
1010.0000,0.2455,0.2462,0.2467,0.2460,0.2434,0.2441,0.2435
1015.0000,0.2459,0.2460,0.2470,0.2455,0.2435,0.2440,0.2438
1020.0000,0.2458,0.2463,0.2468,0.2453,0.2433,0.2444,0.2431
1025.0000,0.2456,0.2466,0.2467,0.2449,0.2434,0.2442,0.2436
1030.0000,0.2462,0.2464,0.2467,0.2444,0.2436,0.2440,0.2439
1035.0000,0.2461,0.2467,0.2463,0.2443,0.2434,0.2445,0.2430
1040.0000,0.2458,0.2469,0.2460,0.2441,0.2436,0.2442,0.2436
1045.0000,0.2464,0.2466,0.2459,0.2438,0.2439,0.2440,0.2438
1050.0000,0.2462,0.2467,0.2454,0.2439,0.2437,0.2445,0.2429
1055.0000,0.2458,0.2468,0.2449,0.2438,0.2438,0.2442,0.2435
1060.0000,0.2463,0.2463,0.2448,0.2437,0.2441,0.2439,0.2439
1065.0000,0.2461,0.2462,0.2443,0.2438,0.2439,0.2443,0.2432
1070.0000,0.2457,0.2461,0.2440,0.2439,0.2439,0.2442,0.2437
1075.0000,0.2449,0.2461,0.2436,0.2441,0.2439,0.2442,0.2439
1080.0000,0.2456,0.2454,0.2436,0.2441,0.2436,0.2447,0.2428
1085.0000,0.2452,0.2451,0.2435,0.2441,0.2438,0.2443,0.2438
1090.0000,0.2446,0.2450,0.2434,0.2442,0.2438,0.2443,0.2441
1095.0000,0.2450,0.2444,0.2437,0.2441,0.2440,0.2442,0.2444
1100.0000,0.2445,0.2443,0.2435,0.2442,0.2437,0.2446,0.2439
1105.0000,0.2439,0.2444,0.2435,0.2442,0.2438,0.2445,0.2444
1110.0000,0.2443,0.2439,0.2438,0.2441,0.2440,0.2445,0.2446
1115.0000,0.2439,0.2440,0.2437,0.2442,0.2438,0.2450,0.2441
1120.0000,0.2433,0.2442,0.2436,0.2442,0.2439,0.2449,0.2444
1125.0000,0.2439,0.2438,0.2439,0.2440,0.2442,0.2448,0.2447
1130.0000,0.2437,0.2439,0.2439,0.2441,0.2441,0.2452,0.2442
1135.0000,0.2434,0.2440,0.2439,0.2441,0.2443,0.2451,0.2446
1140.0000,0.2438,0.2438,0.2441,0.2440,0.2446,0.2449,0.2449
1145.0000,0.2436,0.2440,0.2439,0.2442,0.2445,0.2453,0.2444
1150.0000,0.2433,0.2442,0.2438,0.2443,0.2446,0.2453,0.2447
1155.0000,0.2438,0.2440,0.2439,0.2442,0.2448,0.2451,0.2448
1160.0000,0.2436,0.2442,0.2437,0.2445,0.2446,0.2456,0.2438
1165.0000,0.2435,0.2442,0.2438,0.2445,0.2449,0.2452,0.2445
1170.0000,0.2439,0.2439,0.2440,0.2444,0.2451,0.2450,0.2447
1175.0000,0.2438,0.2441,0.2439,0.2447,0.2449,0.2454,0.2438
1180.0000,0.2434,0.2443,0.2438,0.2448,0.2450,0.2451,0.2443
1185.0000,0.2439,0.2440,0.2440,0.2448,0.2452,0.2448,0.2446
1190.0000,0.2438,0.2441,0.2439,0.2451,0.2449,0.2451,0.2438
1195.0000,0.2436,0.2442,0.2440,0.2451,0.2449,0.2449,0.2443
1200.0000,0.2430,0.2445,0.2439,0.2453,0.2448,0.2448,0.2446
1205.0000,0.2439,0.2442,0.2442,0.2454,0.2445,0.2453,0.2435
1210.0000,0.2437,0.2443,0.2443,0.2454,0.2446,0.2450,0.2444
1215.0000,0.2433,0.2445,0.2443,0.2454,0.2445,0.2449,0.2446
1220.0000,0.2440,0.2442,0.2447,0.2453,0.2446,0.2449,0.2447
1225.0000,0.2438,0.2445,0.2446,0.2454,0.2443,0.2454,0.2440
1230.0000,0.2435,0.2447,0.2447,0.2453,0.2445,0.2451,0.2445
1235.0000,0.2442,0.2444,0.2451,0.2450,0.2447,0.2449,0.2447
1240.0000,0.2442,0.2446,0.2450,0.2450,0.2445,0.2453,0.2441
1245.0000,0.2438,0.2449,0.2450,0.2450,0.2446,0.2451,0.2444
1250.0000,0.2445,0.2447,0.2452,0.2448,0.2449,0.2449,0.2445
1255.0000,0.2444,0.2449,0.2451,0.2448,0.2447,0.2452,0.2438
1260.0000,0.2441,0.2452,0.2449,0.2448,0.2448,0.2449,0.2441
1265.0000,0.2447,0.2450,0.2450,0.2447,0.2450,0.2446,0.2442
1270.0000,0.2445,0.2453,0.2447,0.2449,0.2447,0.2450,0.2432
1275.0000,0.2444,0.2454,0.2446,0.2449,0.2449,0.2445,0.2439
1280.0000,0.2449,0.2451,0.2447,0.2449,0.2450,0.2442,0.2440
1285.0000,0.2448,0.2452,0.2445,0.2451,0.2446,0.2446,0.2432
1290.0000,0.2445,0.2453,0.2445,0.2451,0.2446,0.2442,0.2438
1295.0000,0.2449,0.2449,0.2446,0.2451,0.2446,0.2440,0.2439
1300.0000,0.2448,0.2450,0.2445,0.2453,0.2441,0.2444,0.2431
1305.0000,0.2444,0.2451,0.2444,0.2453,0.2440,0.2443,0.2434
1310.0000,0.2449,0.2448,0.2447,0.2451,0.2441,0.2440,0.2437
1315.0000,0.2447,0.2448,0.2447,0.2452,0.2437,0.2445,0.2428
1320.0000,0.2445,0.2449,0.2447,0.2450,0.2437,0.2443,0.2432
1325.0000,0.2438,0.2452,0.2447,0.2450,0.2437,0.2441,0.2433
1330.0000,0.2446,0.2448,0.2449,0.2448,0.2435,0.2446,0.2419
1335.0000,0.2444,0.2449,0.2449,0.2446,0.2437,0.2441,0.2428
1340.0000,0.2441,0.2451,0.2449,0.2444,0.2438,0.2438,0.2430
1345.0000,0.2447,0.2448,0.2451,0.2442,0.2440,0.2435,0.2430
1350.0000,0.2445,0.2450,0.2448,0.2443,0.2438,0.2437,0.2422
1355.0000,0.2440,0.2453,0.2446,0.2442,0.2439,0.2432,0.2425
1360.0000,0.2447,0.2449,0.2447,0.2440,0.2439,0.2429,0.2426
1365.0000,0.2445,0.2452,0.2444,0.2442,0.2436,0.2431,0.2419
1370.0000,0.2440,0.2454,0.2441,0.2443,0.2434,0.2428,0.2421
1375.0000,0.2447,0.2449,0.2442,0.2441,0.2435,0.2424,0.2423
1380.0000,0.2446,0.2450,0.2440,0.2442,0.2431,0.2427,0.2418
1385.0000,0.2443,0.2450,0.2439,0.2442,0.2429,0.2424,0.2422
1390.0000,0.2447,0.2445,0.2440,0.2441,0.2428,0.2422,0.2425
1395.0000,0.2444,0.2446,0.2439,0.2442,0.2423,0.2427,0.2419
1400.0000,0.2441,0.2446,0.2438,0.2440,0.2422,0.2425,0.2428
1405.0000,0.2444,0.2442,0.2440,0.2438,0.2422,0.2425,0.2433
1410.0000,0.2443,0.2442,0.2439,0.2438,0.2417,0.2432,0.2428
1415.0000,0.2438,0.2444,0.2439,0.2436,0.2417,0.2433,0.2436
1420.0000,0.2442,0.2440,0.2441,0.2432,0.2418,0.2435,0.2440
1425.0000,0.2440,0.2441,0.2439,0.2431,0.2416,0.2444,0.2434
1430.0000,0.2436,0.2442,0.2438,0.2429,0.2419,0.2445,0.2441
1435.0000,0.2440,0.2439,0.2439,0.2425,0.2423,0.2446,0.2447
1440.0000,0.2439,0.2440,0.2437,0.2424,0.2424,0.2454,0.2439
1445.0000,0.2436,0.2441,0.2435,0.2422,0.2430,0.2454,0.2445
1450.0000,0.2429,0.2443,0.2432,0.2421,0.2435,0.2454,0.2448
1455.0000,0.2437,0.2439,0.2431,0.2421,0.2437,0.2461,0.2436
1460.0000,0.2435,0.2439,0.2429,0.2421,0.2444,0.2456,0.2446
1465.0000,0.2430,0.2440,0.2425,0.2422,0.2449,0.2454,0.2448
1470.0000,0.2436,0.2435,0.2424,0.2424,0.2454,0.2452,0.2449
1475.0000,0.2431,0.2437,0.2419,0.2429,0.2454,0.2454,0.2442
1480.0000,0.2426,0.2437,0.2416,0.2433,0.2456,0.2451,0.2446
1485.0000,0.2432,0.2431,0.2418,0.2436,0.2458,0.2448,0.2446
1490.0000,0.2429,0.2431,0.2416,0.2442,0.2455,0.2450,0.2440
1495.0000,0.2423,0.2432,0.2415,0.2447,0.2454,0.2448,0.2441
1500.0000,0.2428,0.2425,0.2419,0.2449,0.2455,0.2445,0.2442
1505.0000,0.2425,0.2425,0.2421,0.2454,0.2451,0.2447,0.2436
1510.0000,0.2422,0.2425,0.2424,0.2456,0.2449,0.2445,0.2438
1515.0000,0.2425,0.2421,0.2430,0.2456,0.2449,0.2442,0.2440
1520.0000,0.2423,0.2423,0.2433,0.2459,0.2444,0.2446,0.2431
1525.0000,0.2420,0.2425,0.2438,0.2458,0.2444,0.2442,0.2439
1530.0000,0.2424,0.2424,0.2444,0.2456,0.2443,0.2440,0.2442
1535.0000,0.2424,0.2428,0.2446,0.2457,0.2439,0.2445,0.2436
1540.0000,0.2422,0.2433,0.2448,0.2456,0.2438,0.2444,0.2443
1545.0000,0.2428,0.2434,0.2453,0.2453,0.2439,0.2443,0.2447
1550.0000,0.2430,0.2439,0.2453,0.2453,0.2435,0.2450,0.2441
1555.0000,0.2428,0.2445,0.2453,0.2451,0.2435,0.2450,0.2448
1560.0000,0.2436,0.2444,0.2456,0.2447,0.2437,0.2450,0.2454
1565.0000,0.2438,0.2449,0.2454,0.2447,0.2435,0.2458,0.2447
1570.0000,0.2439,0.2451,0.2454,0.2444,0.2438,0.2458,0.2455
1575.0000,0.2435,0.2456,0.2451,0.2443,0.2440,0.2460,0.2459
1580.0000,0.2446,0.2453,0.2451,0.2442,0.2441,0.2467,0.2449
1585.0000,0.2446,0.2454,0.2450,0.2440,0.2446,0.2465,0.2460
1590.0000,0.2443,0.2456,0.2448,0.2439,0.2450,0.2465,0.2465
1595.0000,0.2450,0.2453,0.2448,0.2438,0.2454,0.2466,0.2467
1600.0000,0.2448,0.2454,0.2443,0.2440,0.2455,0.2471,0.2462
1605.0000,0.2444,0.2456,0.2440,0.2442,0.2459,0.2470,0.2466
1610.0000,0.2450,0.2451,0.2441,0.2442,0.2463,0.2470,0.2467
1615.0000,0.2447,0.2451,0.2437,0.2446,0.2463,0.2474,0.2460
1620.0000,0.2442,0.2452,0.2435,0.2449,0.2466,0.2473,0.2462
1625.0000,0.2448,0.2446,0.2437,0.2450,0.2470,0.2469,0.2463
1630.0000,0.2445,0.2446,0.2436,0.2455,0.2469,0.2472,0.2455
1635.0000,0.2441,0.2446,0.2436,0.2458,0.2471,0.2468,0.2456
1640.0000,0.2444,0.2441,0.2440,0.2459,0.2473,0.2464,0.2455
1645.0000,0.2442,0.2442,0.2440,0.2464,0.2471,0.2466,0.2444
1650.0000,0.2438,0.2443,0.2442,0.2466,0.2472,0.2460,0.2448
1655.0000,0.2442,0.2440,0.2446,0.2467,0.2472,0.2455,0.2447
1660.0000,0.2440,0.2442,0.2447,0.2471,0.2467,0.2457,0.2436
1665.0000,0.2436,0.2445,0.2449,0.2473,0.2465,0.2451,0.2439
1670.0000,0.2441,0.2443,0.2454,0.2473,0.2464,0.2446,0.2441
1675.0000,0.2441,0.2446,0.2456,0.2476,0.2458,0.2447,0.2431
1680.0000,0.2441,0.2449,0.2459,0.2476,0.2455,0.2442,0.2437
1685.0000,0.2435,0.2455,0.2460,0.2476,0.2451,0.2439,0.2439
1690.0000,0.2445,0.2453,0.2464,0.2475,0.2446,0.2442,0.2433
1695.0000,0.2446,0.2456,0.2466,0.2473,0.2442,0.2441,0.2437
1700.0000,0.2441,0.2462,0.2467,0.2471,0.2439,0.2441,0.2439
1705.0000,0.2452,0.2460,0.2470,0.2469,0.2434,0.2448,0.2428
1710.0000,0.2453,0.2463,0.2472,0.2464,0.2434,0.2445,0.2438
1715.0000,0.2451,0.2467,0.2472,0.2460,0.2433,0.2444,0.2443
1720.0000,0.2459,0.2465,0.2475,0.2454,0.2435,0.2444,0.2446
1725.0000,0.2459,0.2469,0.2472,0.2452,0.2433,0.2449,0.2442
1730.0000,0.2458,0.2472,0.2470,0.2447,0.2435,0.2449,0.2448
1735.0000,0.2465,0.2469,0.2470,0.2443,0.2438,0.2449,0.2450
1740.0000,0.2465,0.2471,0.2466,0.2441,0.2438,0.2454,0.2445
1745.0000,0.2460,0.2474,0.2460,0.2439,0.2440,0.2454,0.2448
1750.0000,0.2467,0.2470,0.2459,0.2436,0.2445,0.2453,0.2451
1755.0000,0.2465,0.2471,0.2453,0.2437,0.2445,0.2457,0.2445
1760.0000,0.2462,0.2471,0.2448,0.2437,0.2448,0.2456,0.2448
1765.0000,0.2466,0.2465,0.2446,0.2437,0.2451,0.2454,0.2450
1770.0000,0.2463,0.2464,0.2441,0.2440,0.2451,0.2458,0.2440
1775.0000,0.2459,0.2462,0.2438,0.2441,0.2454,0.2454,0.2447
1780.0000,0.2461,0.2455,0.2438,0.2442,0.2456,0.2451,0.2449
1785.0000,0.2457,0.2453,0.2435,0.2446,0.2454,0.2454,0.2442
1790.0000,0.2452,0.2451,0.2434,0.2448,0.2455,0.2451,0.2448
1795.0000,0.2453,0.2445,0.2436,0.2449,0.2455,0.2448,0.2452
1800.0000,0.2449,0.2444,0.2435,0.2453,0.2451,0.2452,0.2446
1805.0000,0.2443,0.2444,0.2435,0.2455,0.2450,0.2451,0.2453
1810.0000,0.2434,0.2446,0.2434,0.2458,0.2448,0.2452,0.2458
1815.0000,0.2442,0.2441,0.2438,0.2458,0.2445,0.2458,0.2454
1820.0000,0.2439,0.2441,0.2441,0.2458,0.2445,0.2459,0.2462
1825.0000,0.2432,0.2443,0.2443,0.2458,0.2444,0.2462,0.2469
1830.0000,0.2440,0.2439,0.2447,0.2458,0.2442,0.2471,0.2461
1835.0000,0.2438,0.2441,0.2450,0.2455,0.2445,0.2472,0.2474
1840.0000,0.2434,0.2443,0.2452,0.2453,0.2448,0.2475,0.2482
1845.0000,0.2440,0.2442,0.2455,0.2450,0.2452,0.2478,0.2489
1850.0000,0.2438,0.2446,0.2454,0.2450,0.2453,0.2487,0.2487
1855.0000,0.2436,0.2450,0.2454,0.2449,0.2458,0.2490,0.2495
1860.0000,0.2444,0.2449,0.2456,0.2447,0.2465,0.2494,0.2500
1865.0000,0.2444,0.2452,0.2454,0.2448,0.2468,0.2502,0.2497
1870.0000,0.2440,0.2456,0.2451,0.2449,0.2474,0.2504,0.2503
1875.0000,0.2448,0.2453,0.2452,0.2449,0.2482,0.2506,0.2506
1880.0000,0.2447,0.2456,0.2448,0.2453,0.2486,0.2512,0.2500
1885.0000,0.2445,0.2457,0.2446,0.2456,0.2493,0.2513,0.2504
1890.0000,0.2451,0.2454,0.2447,0.2459,0.2500,0.2512,0.2505
1895.0000,0.2450,0.2455,0.2444,0.2465,0.2502,0.2516,0.2494
1900.0000,0.2447,0.2455,0.2444,0.2470,0.2508,0.2511,0.2500
1905.0000,0.2452,0.2451,0.2447,0.2474,0.2513,0.2508,0.2499
1910.0000,0.2450,0.2452,0.2446,0.2482,0.2513,0.2510,0.2488
1915.0000,0.2446,0.2453,0.2447,0.2488,0.2515,0.2505,0.2490
1920.0000,0.2450,0.2450,0.2452,0.2493,0.2517,0.2499,0.2491
1925.0000,0.2449,0.2451,0.2455,0.2500,0.2514,0.2500,0.2480
1930.0000,0.2447,0.2453,0.2459,0.2505,0.2512,0.2494,0.2482
1935.0000,0.2439,0.2458,0.2462,0.2511,0.2509,0.2490,0.2482
1940.0000,0.2450,0.2456,0.2469,0.2515,0.2503,0.2492,0.2469
1945.0000,0.2450,0.2458,0.2476,0.2517,0.2500,0.2485,0.2477
1950.0000,0.2445,0.2465,0.2480,0.2519,0.2496,0.2483,0.2478
1955.0000,0.2456,0.2464,0.2488,0.2520,0.2489,0.2486,0.2467
1960.0000,0.2458,0.2469,0.2495,0.2518,0.2486,0.2482,0.2475
1965.0000,0.2458,0.2475,0.2500,0.2516,0.2483,0.2480,0.2478
1970.0000,0.2467,0.2477,0.2507,0.2512,0.2481,0.2479,0.2480
1975.0000,0.2468,0.2484,0.2509,0.2510,0.2475,0.2484,0.2474
1980.0000,0.2470,0.2491,0.2512,0.2505,0.2475,0.2482,0.2480
1985.0000,0.2480,0.2492,0.2516,0.2500,0.2475,0.2481,0.2483
1990.0000,0.2484,0.2498,0.2516,0.2496,0.2472,0.2486,0.2478
1995.0000,0.2482,0.2506,0.2514,0.2492,0.2473,0.2486,0.2483
2000.0000,0.2493,0.2505,0.2515,0.2487,0.2476,0.2485,0.2487
2005.0000,0.2496,0.2509,0.2511,0.2485,0.2475,0.2490,0.2482
2010.0000,0.2497,0.2513,0.2507,0.2482,0.2477,0.2490,0.2487
2015.0000,0.2504,0.2511,0.2505,0.2478,0.2480,0.2489,0.2490
2020.0000,0.2503,0.2513,0.2498,0.2479,0.2479,0.2496,0.2483
2025.0000,0.2502,0.2514,0.2493,0.2478,0.2483,0.2493,0.2491
2030.0000,0.2507,0.2509,0.2491,0.2476,0.2486,0.2493,0.2495
2035.0000,0.2506,0.2508,0.2486,0.2478,0.2485,0.2498,0.2489
2040.0000,0.2501,0.2506,0.2482,0.2479,0.2487,0.2498,0.2495
2045.0000,0.2504,0.2500,0.2481,0.2479,0.2491,0.2497,0.2499
2050.0000,0.2501,0.2498,0.2477,0.2482,0.2489,0.2503,0.2492
2055.0000,0.2496,0.2495,0.2476,0.2483,0.2492,0.2502,0.2500
2060.0000,0.2487,0.2495,0.2473,0.2486,0.2493,0.2503,0.2505
2065.0000,0.2493,0.2488,0.2474,0.2488,0.2492,0.2510,0.2496
2070.0000,0.2488,0.2486,0.2475,0.2489,0.2495,0.2508,0.2506
2075.0000,0.2481,0.2486,0.2475,0.2490,0.2496,0.2509,0.2511
2080.0000,0.2485,0.2481,0.2477,0.2492,0.2495,0.2517,0.2501
2085.0000,0.2481,0.2481,0.2478,0.2493,0.2499,0.2515,0.2512
2090.0000,0.2475,0.2482,0.2479,0.2494,0.2501,0.2516,0.2516
2095.0000,0.2480,0.2478,0.2483,0.2494,0.2505,0.2517,0.2519
2100.0000,0.2477,0.2480,0.2483,0.2497,0.2504,0.2523,0.2514
2105.0000,0.2472,0.2483,0.2484,0.2498,0.2508,0.2522,0.2522
2110.0000,0.2479,0.2480,0.2488,0.2497,0.2512,0.2522,0.2526
2115.0000,0.2477,0.2483,0.2488,0.2500,0.2512,0.2527,0.2522
2120.0000,0.2473,0.2487,0.2488,0.2502,0.2515,0.2528,0.2527
2125.0000,0.2481,0.2485,0.2491,0.2503,0.2518,0.2528,0.2530
2130.0000,0.2480,0.2488,0.2491,0.2506,0.2518,0.2533,0.2525
2135.0000,0.2479,0.2491,0.2492,0.2508,0.2521,0.2533,0.2530
2140.0000,0.2485,0.2489,0.2495,0.2509,0.2524,0.2533,0.2533
2145.0000,0.2484,0.2492,0.2494,0.2513,0.2523,0.2539,0.2524
2150.0000,0.2483,0.2495,0.2496,0.2515,0.2526,0.2537,0.2530
2155.0000,0.2489,0.2493,0.2500,0.2516,0.2530,0.2536,0.2533
2160.0000,0.2489,0.2495,0.2500,0.2520,0.2529,0.2541,0.2523
2165.0000,0.2488,0.2498,0.2502,0.2521,0.2532,0.2538,0.2529
2170.0000,0.2493,0.2496,0.2506,0.2522,0.2535,0.2535,0.2533
2175.0000,0.2494,0.2499,0.2507,0.2525,0.2534,0.2539,0.2524
2180.0000,0.2493,0.2502,0.2509,0.2527,0.2535,0.2536,0.2529
2185.0000,0.2486,0.2508,0.2508,0.2530,0.2535,0.2535,0.2531
2190.0000,0.2497,0.2506,0.2512,0.2533,0.2533,0.2540,0.2518
2195.0000,0.2497,0.2509,0.2514,0.2534,0.2534,0.2536,0.2527
2200.0000,0.2495,0.2513,0.2515,0.2536,0.2534,0.2534,0.2528
2205.0000,0.2504,0.2510,0.2520,0.2536,0.2535,0.2532,0.2528
2210.0000,0.2504,0.2514,0.2520,0.2538,0.2532,0.2536,0.2520
2215.0000,0.2503,0.2517,0.2523,0.2538,0.2533,0.2532,0.2525
2220.0000,0.2511,0.2515,0.2528,0.2537,0.2534,0.2529,0.2526
2225.0000,0.2510,0.2519,0.2528,0.2538,0.2531,0.2532,0.2519
2230.0000,0.2508,0.2523,0.2530,0.2538,0.2532,0.2528,0.2523
2235.0000,0.2516,0.2522,0.2533,0.2536,0.2532,0.2526,0.2524
2240.0000,0.2516,0.2526,0.2533,0.2538,0.2528,0.2529,0.2518
2245.0000,0.2513,0.2531,0.2532,0.2538,0.2527,0.2527,0.2521
2250.0000,0.2522,0.2529,0.2535,0.2536,0.2528,0.2524,0.2523
2255.0000,0.2522,0.2532,0.2534,0.2537,0.2524,0.2528,0.2516
2260.0000,0.2521,0.2535,0.2534,0.2536,0.2524,0.2526,0.2519
2265.0000,0.2528,0.2533,0.2536,0.2534,0.2525,0.2524,0.2521
2270.0000,0.2527,0.2535,0.2534,0.2535,0.2521,0.2529,0.2512
2275.0000,0.2527,0.2536,0.2534,0.2532,0.2522,0.2525,0.2520
2280.0000,0.2532,0.2534,0.2536,0.2530,0.2524,0.2523,0.2524
2285.0000,0.2532,0.2535,0.2535,0.2530,0.2521,0.2527,0.2517
2290.0000,0.2528,0.2538,0.2533,0.2529,0.2521,0.2526,0.2523
2295.0000,0.2533,0.2535,0.2534,0.2527,0.2522,0.2524,0.2528
2300.0000,0.2532,0.2536,0.2532,0.2528,0.2519,0.2530,0.2522
2305.0000,0.2530,0.2537,0.2530,0.2527,0.2520,0.2529,0.2531
2310.0000,0.2523,0.2541,0.2527,0.2527,0.2520,0.2531,0.2537
2315.0000,0.2532,0.2536,0.2528,0.2527,0.2518,0.2539,0.2529
2320.0000,0.2530,0.2536,0.2527,0.2526,0.2520,0.2539,0.2540
2325.0000,0.2526,0.2537,0.2525,0.2525,0.2521,0.2541,0.2546
2330.0000,0.2532,0.2532,0.2527,0.2523,0.2524,0.2544,0.2551
2335.0000,0.2530,0.2532,0.2525,0.2524,0.2524,0.2552,0.2547
2340.0000,0.2525,0.2533,0.2524,0.2523,0.2528,0.2553,0.2554
2345.0000,0.2530,0.2528,0.2526,0.2521,0.2533,0.2555,0.2558
2350.0000,0.2528,0.2529,0.2524,0.2523,0.2535,0.2562,0.2552
2355.0000,0.2522,0.2530,0.2522,0.2523,0.2541,0.2562,0.2559
2360.0000,0.2527,0.2526,0.2524,0.2522,0.2547,0.2562,0.2562
2365.0000,0.2525,0.2527,0.2521,0.2525,0.2549,0.2567,0.2557
2370.0000,0.2519,0.2530,0.2519,0.2528,0.2554,0.2566,0.2561
2375.0000,0.2525,0.2525,0.2521,0.2529,0.2559,0.2565,0.2563
2380.0000,0.2523,0.2526,0.2518,0.2535,0.2560,0.2569,0.2556
2385.0000,0.2519,0.2528,0.2517,0.2539,0.2563,0.2567,0.2558
2390.0000,0.2524,0.2524,0.2520,0.2542,0.2567,0.2564,0.2559
2395.0000,0.2521,0.2525,0.2519,0.2548,0.2565,0.2568,0.2548
2400.0000,0.2518,0.2526,0.2520,0.2552,0.2567,0.2563,0.2553
2405.0000,0.2523,0.2523,0.2525,0.2555,0.2569,0.2559,0.2554
2410.0000,0.2521,0.2524,0.2526,0.2560,0.2566,0.2562,0.2544
2415.0000,0.2519,0.2526,0.2529,0.2563,0.2565,0.2558,0.2548
2420.0000,0.2523,0.2523,0.2535,0.2565,0.2565,0.2554,0.2551
2425.0000,0.2523,0.2526,0.2538,0.2568,0.2561,0.2556,0.2542
2430.0000,0.2522,0.2529,0.2542,0.2570,0.2559,0.2553,0.2547
2435.0000,0.2515,0.2536,0.2545,0.2571,0.2556,0.2551,0.2550
2440.0000,0.2526,0.2534,0.2550,0.2572,0.2552,0.2556,0.2539
2445.0000,0.2527,0.2538,0.2554,0.2571,0.2551,0.2552,0.2549
2450.0000,0.2526,0.2543,0.2557,0.2570,0.2549,0.2552,0.2555
2455.0000,0.2535,0.2543,0.2563,0.2567,0.2548,0.2552,0.2559
2460.0000,0.2535,0.2549,0.2563,0.2567,0.2544,0.2558,0.2555
2465.0000,0.2535,0.2554,0.2565,0.2564,0.2544,0.2559,0.2562
2470.0000,0.2545,0.2553,0.2569,0.2560,0.2546,0.2560,0.2567
2475.0000,0.2547,0.2557,0.2568,0.2559,0.2544,0.2568,0.2564
2480.0000,0.2544,0.2563,0.2567,0.2556,0.2547,0.2569,0.2571
2485.0000,0.2554,0.2561,0.2569,0.2552,0.2550,0.2571,0.2576
2490.0000,0.2554,0.2565,0.2566,0.2551,0.2551,0.2578,0.2572
2495.0000,0.2551,0.2569,0.2562,0.2550,0.2555,0.2580,0.2578
2500.0000,0.2560,0.2566,0.2563,0.2547,0.2561,0.2580,0.2583
2505.0000,0.2560,0.2567,0.2559,0.2548,0.2563,0.2586,0.2578
2510.0000,0.2558,0.2568,0.2556,0.2548,0.2568,0.2586,0.2584
2515.0000,0.2563,0.2564,0.2555,0.2548,0.2574,0.2586,0.2588
2520.0000,0.2561,0.2565,0.2550,0.2552,0.2575,0.2593,0.2581
2525.0000,0.2557,0.2566,0.2547,0.2555,0.2580,0.2591,0.2588
2530.0000,0.2562,0.2560,0.2547,0.2557,0.2584,0.2590,0.2592
2535.0000,0.2559,0.2560,0.2545,0.2562,0.2584,0.2596,0.2585
2540.0000,0.2554,0.2560,0.2543,0.2566,0.2587,0.2595,0.2593
2545.0000,0.2558,0.2554,0.2546,0.2569,0.2590,0.2594,0.2597
2550.0000,0.2555,0.2554,0.2546,0.2575,0.2588,0.2599,0.2591
2555.0000,0.2551,0.2553,0.2547,0.2578,0.2590,0.2599,0.2597
2560.0000,0.2543,0.2555,0.2548,0.2582,0.2591,0.2600,0.2601
2565.0000,0.2551,0.2551,0.2553,0.2586,0.2589,0.2608,0.2591
2570.0000,0.2549,0.2551,0.2557,0.2587,0.2592,0.2605,0.2603
2575.0000,0.2544,0.2554,0.2561,0.2589,0.2593,0.2606,0.2609
2580.0000,0.2551,0.2552,0.2567,0.2589,0.2596,0.2607,0.2613
2585.0000,0.2549,0.2556,0.2569,0.2592,0.2595,0.2613,0.2609
2590.0000,0.2547,0.2560,0.2573,0.2593,0.2598,0.2614,0.2617
2595.0000,0.2555,0.2559,0.2579,0.2592,0.2601,0.2615,0.2622
2600.0000,0.2555,0.2564,0.2580,0.2595,0.2601,0.2622,0.2620
2605.0000,0.2551,0.2571,0.2581,0.2596,0.2603,0.2624,0.2626
2610.0000,0.2561,0.2570,0.2586,0.2595,0.2607,0.2625,0.2631
2615.0000,0.2563,0.2575,0.2586,0.2598,0.2608,0.2633,0.2627
2620.0000,0.2560,0.2581,0.2586,0.2600,0.2612,0.2634,0.2634
2625.0000,0.2571,0.2580,0.2590,0.2599,0.2617,0.2635,0.2639
2630.0000,0.2572,0.2584,0.2590,0.2602,0.2618,0.2642,0.2633
2635.0000,0.2572,0.2587,0.2590,0.2604,0.2623,0.2642,0.2640
2640.0000,0.2579,0.2586,0.2593,0.2604,0.2628,0.2642,0.2644
2645.0000,0.2580,0.2589,0.2593,0.2609,0.2629,0.2649,0.2636
2650.0000,0.2580,0.2592,0.2594,0.2611,0.2635,0.2647,0.2644
2655.0000,0.2586,0.2590,0.2597,0.2613,0.2639,0.2647,0.2647
2660.0000,0.2586,0.2593,0.2596,0.2618,0.2639,0.2653,0.2639
2665.0000,0.2583,0.2598,0.2596,0.2622,0.2642,0.2652,0.2644
2670.0000,0.2590,0.2595,0.2600,0.2624,0.2646,0.2650,0.2647
2675.0000,0.2591,0.2598,0.2601,0.2630,0.2644,0.2655,0.2638
2680.0000,0.2591,0.2600,0.2603,0.2633,0.2647,0.2652,0.2644
2685.0000,0.2585,0.2605,0.2605,0.2637,0.2649,0.2650,0.2647
2690.0000,0.2596,0.2602,0.2609,0.2640,0.2647,0.2656,0.2636
2695.0000,0.2595,0.2604,0.2613,0.2642,0.2650,0.2651,0.2647
2700.0000,0.2593,0.2608,0.2616,0.2645,0.2650,0.2650,0.2651
2705.0000,0.2601,0.2606,0.2622,0.2646,0.2651,0.2649,0.2655
2710.0000,0.2600,0.2612,0.2623,0.2650,0.2647,0.2654,0.2651
2715.0000,0.2599,0.2616,0.2626,0.2651,0.2647,0.2654,0.2658
2720.0000,0.2608,0.2615,0.2632,0.2651,0.2648,0.2654,0.2663
2725.0000,0.2609,0.2620,0.2634,0.2653,0.2645,0.2661,0.2661
2730.0000,0.2606,0.2627,0.2636,0.2654,0.2645,0.2663,0.2668
2735.0000,0.2616,0.2625,0.2641,0.2652,0.2647,0.2666,0.2674
2740.0000,0.2619,0.2629,0.2643,0.2653,0.2646,0.2674,0.2670
2745.0000,0.2619,0.2633,0.2645,0.2652,0.2649,0.2676,0.2678
2750.0000,0.2627,0.2633,0.2649,0.2649,0.2654,0.2678,0.2684
2755.0000,0.2628,0.2638,0.2649,0.2649,0.2655,0.2686,0.2680
2760.0000,0.2628,0.2641,0.2650,0.2648,0.2661,0.2687,0.2689
2765.0000,0.2635,0.2641,0.2652,0.2647,0.2667,0.2689,0.2695
2770.0000,0.2635,0.2646,0.2649,0.2650,0.2669,0.2698,0.2689
2775.0000,0.2634,0.2650,0.2648,0.2651,0.2675,0.2698,0.2698
2780.0000,0.2641,0.2648,0.2649,0.2652,0.2681,0.2699,0.2704
2785.0000,0.2642,0.2651,0.2646,0.2656,0.2683,0.2707,0.2697
2790.0000,0.2640,0.2654,0.2644,0.2660,0.2688,0.2707,0.2706
2795.0000,0.2646,0.2650,0.2646,0.2662,0.2694,0.2707,0.2712
2800.0000,0.2646,0.2651,0.2645,0.2668,0.2694,0.2714,0.2706
2805.0000,0.2644,0.2652,0.2645,0.2672,0.2698,0.2715,0.2714
2810.0000,0.2636,0.2656,0.2644,0.2678,0.2701,0.2716,0.2718
2815.0000,0.2647,0.2651,0.2648,0.2682,0.2701,0.2725,0.2708
2820.0000,0.2646,0.2651,0.2651,0.2686,0.2706,0.2723,0.2718
2825.0000,0.2642,0.2653,0.2654,0.2690,0.2709,0.2724,0.2723
2830.0000,0.2649,0.2650,0.2660,0.2692,0.2713,0.2725,0.2725
2835.0000,0.2647,0.2653,0.2663,0.2697,0.2713,0.2731,0.2719
2840.0000,0.2643,0.2657,0.2667,0.2700,0.2717,0.2729,0.2724
2845.0000,0.2651,0.2655,0.2674,0.2701,0.2721,0.2728,0.2727
2850.0000,0.2651,0.2660,0.2676,0.2706,0.2721,0.2733,0.2719
2855.0000,0.2648,0.2666,0.2679,0.2709,0.2724,0.2731,0.2722
2860.0000,0.2657,0.2665,0.2686,0.2710,0.2728,0.2729,0.2724
2865.0000,0.2659,0.2670,0.2688,0.2714,0.2727,0.2732,0.2716
2870.0000,0.2660,0.2676,0.2691,0.2717,0.2729,0.2729,0.2720
2875.0000,0.2668,0.2677,0.2696,0.2718,0.2731,0.2725,0.2721
2880.0000,0.2669,0.2683,0.2697,0.2723,0.2728,0.2729,0.2710
2885.0000,0.2669,0.2688,0.2700,0.2725,0.2730,0.2724,0.2717
2890.0000,0.2679,0.2689,0.2705,0.2726,0.2730,0.2721,0.2719
2895.0000,0.2680,0.2695,0.2705,0.2730,0.2726,0.2725,0.2710
2900.0000,0.2681,0.2699,0.2708,0.2731,0.2725,0.2720,0.2717
2905.0000,0.2690,0.2698,0.2713,0.2731,0.2725,0.2718,0.2720
2910.0000,0.2692,0.2702,0.2715,0.2734,0.2720,0.2723,0.2712
2915.0000,0.2691,0.2708,0.2717,0.2734,0.2718,0.2722,0.2719
2920.0000,0.2699,0.2707,0.2722,0.2732,0.2718,0.2721,0.2724
2925.0000,0.2701,0.2711,0.2723,0.2733,0.2714,0.2728,0.2716
2930.0000,0.2702,0.2715,0.2725,0.2731,0.2714,0.2727,0.2725
2935.0000,0.2697,0.2721,0.2725,0.2730,0.2714,0.2728,0.2731
2940.0000,0.2710,0.2719,0.2729,0.2728,0.2712,0.2736,0.2722
2945.0000,0.2711,0.2722,0.2730,0.2725,0.2715,0.2735,0.2734
2950.0000,0.2709,0.2726,0.2730,0.2723,0.2717,0.2737,0.2741
2955.0000,0.2718,0.2724,0.2732,0.2720,0.2720,0.2739,0.2746
2960.0000,0.2717,0.2728,0.2729,0.2720,0.2720,0.2747,0.2743
2965.0000,0.2715,0.2731,0.2727,0.2719,0.2724,0.2748,0.2750
2970.0000,0.2723,0.2728,0.2728,0.2717,0.2730,0.2749,0.2756
2975.0000,0.2722,0.2731,0.2724,0.2718,0.2731,0.2757,0.2751
2980.0000,0.2718,0.2734,0.2721,0.2719,0.2736,0.2758,0.2759
2985.0000,0.2726,0.2729,0.2721,0.2719,0.2741,0.2759,0.2764
2990.0000,0.2725,0.2730,0.2718,0.2722,0.2743,0.2766,0.2760
2995.0000,0.2721,0.2730,0.2716,0.2724,0.2748,0.2767,0.2765
3000.0000,0.2726,0.2725,0.2717,0.2726,0.2753,0.2768,0.2769
3005.0000,0.2723,0.2726,0.2714,0.2731,0.2754,0.2775,0.2761
3010.0000,0.2720,0.2726,0.2714,0.2734,0.2759,0.2773,0.2770
3015.0000,0.2724,0.2721,0.2717,0.2736,0.2764,0.2772,0.2774
3020.0000,0.2721,0.2722,0.2716,0.2742,0.2764,0.2779,0.2767
3025.0000,0.2716,0.2723,0.2716,0.2746,0.2767,0.2777,0.2774
3030.0000,0.2720,0.2719,0.2721,0.2749,0.2771,0.2776,0.2778
3035.0000,0.2719,0.2720,0.2722,0.2754,0.2769,0.2782,0.2771
3040.0000,0.2715,0.2723,0.2724,0.2758,0.2772,0.2781,0.2778
3045.0000,0.2720,0.2720,0.2730,0.2760,0.2775,0.2780,0.2783
3050.0000,0.2719,0.2723,0.2733,0.2765,0.2773,0.2787,0.2775
3055.0000,0.2717,0.2726,0.2736,0.2768,0.2774,0.2787,0.2781
3060.0000,0.2710,0.2732,0.2738,0.2771,0.2775,0.2788,0.2784
3065.0000,0.2722,0.2730,0.2744,0.2773,0.2774,0.2795,0.2770
3070.0000,0.2723,0.2734,0.2749,0.2773,0.2778,0.2791,0.2781
3075.0000,0.2722,0.2738,0.2752,0.2775,0.2781,0.2790,0.2786
3080.0000,0.2731,0.2738,0.2759,0.2774,0.2784,0.2788,0.2788
3085.0000,0.2731,0.2744,0.2760,0.2777,0.2783,0.2793,0.2782
3090.0000,0.2730,0.2749,0.2762,0.2778,0.2786,0.2790,0.2788
3095.0000,0.2740,0.2749,0.2767,0.2778,0.2788,0.2789,0.2790
3100.0000,0.2741,0.2754,0.2767,0.2781,0.2787,0.2793,0.2784
3105.0000,0.2737,0.2762,0.2766,0.2783,0.2787,0.2792,0.2788
3110.0000,0.2749,0.2761,0.2770,0.2783,0.2789,0.2791,0.2791
3115.0000,0.2751,0.2765,0.2770,0.2786,0.2787,0.2795,0.2784
3120.0000,0.2752,0.2768,0.2771,0.2787,0.2788,0.2794,0.2788
3125.0000,0.2760,0.2767,0.2775,0.2787,0.2790,0.2793,0.2791
3130.0000,0.2760,0.2771,0.2775,0.2790,0.2787,0.2799,0.2781
3135.0000,0.2760,0.2773,0.2777,0.2790,0.2790,0.2794,0.2790
3140.0000,0.2767,0.2771,0.2781,0.2789,0.2791,0.2792,0.2794
3145.0000,0.2768,0.2774,0.2781,0.2791,0.2789,0.2798,0.2787
3150.0000,0.2766,0.2778,0.2782,0.2791,0.2790,0.2796,0.2795
3155.0000,0.2772,0.2776,0.2785,0.2791,0.2792,0.2795,0.2799
3160.0000,0.2773,0.2779,0.2784,0.2793,0.2789,0.2802,0.2792
3165.0000,0.2769,0.2784,0.2784,0.2794,0.2789,0.2801,0.2801
3170.0000,0.2776,0.2782,0.2787,0.2792,0.2792,0.2801,0.2807
3175.0000,0.2777,0.2784,0.2786,0.2794,0.2789,0.2809,0.2801
3180.0000,0.2776,0.2786,0.2787,0.2794,0.2791,0.2809,0.2812
3185.0000,0.2770,0.2791,0.2786,0.2794,0.2793,0.2812,0.2819
3190.0000,0.2781,0.2787,0.2788,0.2794,0.2792,0.2822,0.2810
3195.0000,0.2781,0.2788,0.2789,0.2794,0.2796,0.2822,0.2823
3200.0000,0.2777,0.2791,0.2789,0.2794,0.2799,0.2825,0.2831
3205.0000,0.2785,0.2787,0.2792,0.2792,0.2804,0.2827,0.2837
3210.0000,0.2783,0.2791,0.2790,0.2794,0.2805,0.2836,0.2835
3215.0000,0.2779,0.2793,0.2789,0.2795,0.2811,0.2838,0.2845
3220.0000,0.2787,0.2790,0.2792,0.2794,0.2817,0.2840,0.2853
3225.0000,0.2786,0.2792,0.2790,0.2797,0.2819,0.2849,0.2851
3230.0000,0.2780,0.2796,0.2788,0.2800,0.2824,0.2853,0.2861
3235.0000,0.2789,0.2792,0.2790,0.2801,0.2830,0.2857,0.2866
3240.0000,0.2788,0.2794,0.2789,0.2806,0.2832,0.2866,0.2863
3245.0000,0.2785,0.2795,0.2789,0.2809,0.2838,0.2869,0.2870
3250.0000,0.2790,0.2792,0.2792,0.2811,0.2845,0.2872,0.2877
3255.0000,0.2789,0.2794,0.2791,0.2817,0.2848,0.2881,0.2869
3260.0000,0.2786,0.2795,0.2793,0.2820,0.2855,0.2881,0.2880
3265.0000,0.2791,0.2792,0.2797,0.2823,0.2863,0.2881,0.2887
3270.0000,0.2790,0.2795,0.2798,0.2830,0.2865,0.2890,0.2880
3275.0000,0.2788,0.2797,0.2800,0.2835,0.2870,0.2890,0.2890
3280.0000,0.2793,0.2795,0.2805,0.2839,0.2876,0.2890,0.2896
3285.0000,0.2793,0.2798,0.2807,0.2846,0.2877,0.2898,0.2889
3290.0000,0.2789,0.2803,0.2809,0.2852,0.2881,0.2898,0.2897
3295.0000,0.2796,0.2802,0.2816,0.2856,0.2886,0.2899,0.2902
3300.0000,0.2797,0.2806,0.2818,0.2863,0.2885,0.2907,0.2894
3305.0000,0.2797,0.2810,0.2823,0.2868,0.2889,0.2907,0.2902
3310.0000,0.2790,0.2818,0.2826,0.2873,0.2892,0.2908,0.2907
3315.0000,0.2805,0.2816,0.2833,0.2877,0.2892,0.2916,0.2894
3320.0000,0.2807,0.2820,0.2840,0.2880,0.2897,0.2913,0.2907
3325.0000,0.2808,0.2824,0.2846,0.2883,0.2900,0.2913,0.2912
3330.0000,0.2817,0.2825,0.2854,0.2885,0.2904,0.2913,0.2915
3335.0000,0.2818,0.2833,0.2857,0.2889,0.2904,0.2919,0.2910
3340.0000,0.2817,0.2840,0.2861,0.2892,0.2907,0.2917,0.2916
3345.0000,0.2829,0.2841,0.2868,0.2893,0.2911,0.2917,0.2919
3350.0000,0.2831,0.2849,0.2870,0.2898,0.2910,0.2923,0.2914
3355.0000,0.2829,0.2858,0.2872,0.2901,0.2911,0.2922,0.2919
3360.0000,0.2843,0.2858,0.2878,0.2902,0.2915,0.2921,0.2923
3365.0000,0.2847,0.2864,0.2880,0.2906,0.2914,0.2926,0.2918
3370.0000,0.2850,0.2869,0.2884,0.2908,0.2916,0.2925,0.2925
3375.0000,0.2859,0.2869,0.2889,0.2908,0.2919,0.2925,0.2930
3380.0000,0.2861,0.2876,0.2890,0.2912,0.2917,0.2932,0.2923
3385.0000,0.2862,0.2881,0.2892,0.2914,0.2919,0.2931,0.2932
3390.0000,0.2871,0.2881,0.2897,0.2914,0.2921,0.2931,0.2938
3395.0000,0.2874,0.2886,0.2898,0.2917,0.2919,0.2940,0.2931
3400.0000,0.2873,0.2892,0.2899,0.2919,0.2921,0.2941,0.2940
3405.0000,0.2882,0.2891,0.2904,0.2918,0.2924,0.2942,0.2946
3410.0000,0.2884,0.2895,0.2905,0.2921,0.2923,0.2951,0.2938
3415.0000,0.2885,0.2898,0.2907,0.2921,0.2927,0.2951,0.2947
3420.0000,0.2880,0.2905,0.2908,0.2922,0.2931,0.2952,0.2954
3425.0000,0.2893,0.2902,0.2911,0.2923,0.2932,0.2960,0.2945
3430.0000,0.2894,0.2905,0.2913,0.2923,0.2938,0.2959,0.2955
3435.0000,0.2888,0.2911,0.2913,0.2925,0.2942,0.2960,0.2960
3440.0000,0.2900,0.2909,0.2915,0.2927,0.2943,0.2968,0.2948
3445.0000,0.2900,0.2912,0.2916,0.2928,0.2949,0.2966,0.2960
3450.0000,0.2897,0.2916,0.2915,0.2931,0.2953,0.2966,0.2964
3455.0000,0.2907,0.2914,0.2919,0.2932,0.2958,0.2965,0.2968
3460.0000,0.2905,0.2918,0.2917,0.2938,0.2957,0.2971,0.2962
3465.0000,0.2903,0.2922,0.2917,0.2941,0.2961,0.2970,0.2969
3470.0000,0.2913,0.2918,0.2921,0.2943,0.2964,0.2969,0.2971
3475.0000,0.2912,0.2921,0.2921,0.2948,0.2963,0.2975,0.2965
3480.0000,0.2908,0.2925,0.2922,0.2952,0.2965,0.2974,0.2971
3485.0000,0.2917,0.2921,0.2928,0.2954,0.2968,0.2973,0.2974
3490.0000,0.2917,0.2923,0.2929,0.2958,0.2967,0.2978,0.2968
3495.0000,0.2915,0.2926,0.2932,0.2961,0.2969,0.2977,0.2973
3500.0000,0.2921,0.2924,0.2938,0.2962,0.2971,0.2976,0.2978
3505.0000,0.2920,0.2929,0.2939,0.2966,0.2969,0.2983,0.2969
3510.0000,0.2919,0.2932,0.2943,0.2967,0.2972,0.2980,0.2979
3515.0000,0.2926,0.2931,0.2948,0.2967,0.2974,0.2980,0.2983
3520.0000,0.2927,0.2936,0.2950,0.2970,0.2971,0.2987,0.2976
3525.0000,0.2925,0.2942,0.2951,0.2972,0.2973,0.2987,0.2983
3530.0000,0.2933,0.2941,0.2957,0.2971,0.2975,0.2986,0.2988
3535.0000,0.2935,0.2945,0.2958,0.2974,0.2973,0.2994,0.2979
3540.0000,0.2936,0.2949,0.2960,0.2974,0.2976,0.2993,0.2988
3545.0000,0.2930,0.2957,0.2960,0.2976,0.2978,0.2994,0.2993
3550.0000,0.2943,0.2954,0.2964,0.2976,0.2978,0.3002,0.2980
3555.0000,0.2944,0.2958,0.2966,0.2976,0.2982,0.2999,0.2994
3560.0000,0.2939,0.2964,0.2965,0.2977,0.2986,0.2998,0.3001
3565.0000,0.2952,0.2962,0.2968,0.2978,0.2985,0.3006,0.2991
3570.0000,0.2953,0.2964,0.2970,0.2978,0.2991,0.3002,0.3012
3575.0000,0.2951,0.2968,0.2970,0.2980,0.2994,0.3001,0.3031
3580.0000,0.2960,0.2965,0.2973,0.2979,0.2999,0.2999,0.3058
3585.0000,0.2958,0.2971,0.2970,0.2984,0.2996,0.3010,0.3081
3590.0000,0.2954,0.2975,0.2969,0.2988,0.2996,0.3018,0.3128
3595.0000,0.2965,0.2972,0.2972,0.2989,0.2997,0.3030,0.3192
3600.0000,0.2964,0.2975,0.2970,0.2994,0.2991,0.3061,0.3262
3605.0000,0.2958,0.2980,0.2969,0.2998,0.2990,0.3094,0.3376
3610.0000,0.2968,0.2976,0.2971,0.3002,0.2984,0.3156,0.3490
3615.0000,0.2967,0.2979,0.2971,0.3007,0.2981,0.3236,0.3629
3620.0000,0.2965,0.2981,0.2974,0.3007,0.2988,0.3329,0.3822
3625.0000,0.2973,0.2977,0.2980,0.3005,0.3001,0.3452,0.4038
3630.0000,0.2971,0.2980,0.2982,0.3005,0.3019,0.3614,0.4277
3635.0000,0.2967,0.2985,0.2982,0.3007,0.3044,0.3827,0.4489
3640.0000,0.2976,0.2979,0.2993,0.2996,0.3108,0.4039,0.4779
3645.0000,0.2977,0.2979,0.2999,0.2990,0.3186,0.4299,0.5062
