150.0000,1.5352,1.5823,1.6978,1.7705,1.6566,1.5450,1.4957
155.0000,1.5562,1.6027,1.7180,1.7648,1.6335,1.5253,1.4751
160.0000,1.5735,1.6268,1.7331,1.7571,1.6078,1.5091,1.4490
165.0000,1.5952,1.6467,1.7484,1.7434,1.5868,1.4855,1.4388
170.0000,1.6174,1.6654,1.7601,1.7276,1.5640,1.4666,1.4212
175.0000,1.6375,1.6840,1.7671,1.7103,1.5402,1.4512,1.3984
180.0000,1.6512,1.7046,1.7687,1.6911,1.5183,1.4332,1.3822
185.0000,1.6731,1.7172,1.7701,1.6682,1.5000,1.4119,1.3717
190.0000,1.6898,1.7300,1.7653,1.6466,1.4787,1.3973,1.3521
195.0000,1.7039,1.7398,1.7575,1.6234,1.4601,1.3798,1.3406
200.0000,1.7102,1.7494,1.7448,1.6010,1.4413,1.3639,1.3277
205.0000,1.7261,1.7501,1.7316,1.5781,1.4225,1.3516,1.3085
210.0000,1.7309,1.7515,1.7143,1.5553,1.4065,1.3340,1.3052
215.0000,1.7287,1.7519,1.6933,1.5347,1.3887,1.3216,1.2948
220.0000,1.7378,1.7420,1.6741,1.5133,1.3715,1.3120,1.2796
225.0000,1.7348,1.7331,1.6524,1.4926,1.3568,1.2988,1.2762
230.0000,1.7262,1.7225,1.6294,1.4728,1.3422,1.2875,1.2728
235.0000,1.7244,1.7043,1.6093,1.4518,1.3305,1.2746,1.2760
240.0000,1.7138,1.6879,1.5863,1.4339,1.3159,1.2686,1.2767
245.0000,1.6975,1.6711,1.5633,1.4164,1.3029,1.2624,1.2874
250.0000,1.6870,1.6491,1.5423,1.3993,1.2898,1.2619,1.2984
255.0000,1.6687,1.6303,1.5194,1.3843,1.2760,1.2665,1.3130
260.0000,1.6499,1.6100,1.4977,1.3695,1.2636,1.2756,1.3313
265.0000,1.6344,1.5863,1.4789,1.3537,1.2545,1.2881,1.3550
270.0000,1.6117,1.5670,1.4581,1.3398,1.2462,1.3074,1.3800
275.0000,1.5886,1.5469,1.4399,1.3241,1.2449,1.3245,1.4268
280.0000,1.5723,1.5233,1.4242,1.3083,1.2467,1.3490,1.4776
285.0000,1.5538,1.5011,1.4080,1.2946,1.2495,1.3847,1.5299
290.0000,1.5297,1.4832,1.3900,1.2834,1.2546,1.4313,1.5786
295.0000,1.5119,1.4617,1.3760,1.2701,1.2702,1.4761,1.6482
300.0000,1.4910,1.4443,1.3594,1.2611,1.2873,1.5346,1.7142
305.0000,1.4737,1.4250,1.3452,1.2525,1.3133,1.5960,1.7930
310.0000,1.4550,1.4080,1.3289,1.2493,1.3402,1.6762,1.8478
315.0000,1.4344,1.3935,1.3130,1.2480,1.3778,1.7565,1.9042
320.0000,1.4140,1.3792,1.2991,1.2478,1.4286,1.8312,1.9734
325.0000,1.3968,1.3635,1.2876,1.2505,1.4895,1.9053,2.0359
330.0000,1.3850,1.3462,1.2772,1.2595,1.5549,1.9861,2.0716
370.0000,1.2683,1.2869,1.2525,1.6078,2.2060,2.2117,2.1525
375.0000,1.2750,1.2836,1.2688,1.6920,2.2528,2.1942,2.1273
380.0000,1.2710,1.2889,1.2905,1.7822,2.2832,2.1706,2.0978
385.0000,1.2654,1.2983,1.3220,1.8738,2.2981,2.1417,2.0656
390.0000,1.2797,1.3010,1.3706,1.9598,2.3018,2.1056,2.0370
395.0000,1.2860,1.3145,1.4270,2.0426,2.2898,2.0695,2.0081
400.0000,1.2950,1.3337,1.4940,2.1176,2.2643,2.0364,1.9734
405.0000,1.3148,1.3561,1.5724,2.1809,2.2295,2.0047,1.9383
410.0000,1.3358,1.3889,1.6567,2.2317,2.1873,1.9743,1.9044
415.0000,1.3714,1.4230,1.7506,2.2648,2.1453,1.9393,1.8844
420.0000,1.4001,1.4732,1.8414,2.2865,2.0971,1.9125,1.8579
425.0000,1.4426,1.5278,1.9323,2.2933,2.0486,1.8901,1.8289
430.0000,1.4815,1.5978,2.0134,2.2889,2.0009,1.8697,1.8018
435.0000,1.5356,1.6686,2.0901,2.2699,1.9605,1.8451,1.7838
440.0000,1.6010,1.7385,2.1580,2.2414,1.9211,1.8293,1.7512
445.0000,1.6674,1.8116,2.2141,2.2029,1.8918,1.8033,1.7444
450.0000,1.7132,1.8980,2.2482,2.1637,1.8634,1.7810,1.7356
455.0000,1.7897,1.9693,2.2723,2.1210,1.8358,1.7677,1.7119
460.0000,1.8616,2.0341,2.2841,2.0751,1.8167,1.7453,1.7148
465.0000,1.9272,2.0927,2.2812,2.0318,1.7964,1.7314,1.7053
470.0000,1.9917,2.1398,2.2674,1.9908,1.7770,1.7222,1.6898
475.0000,2.0368,2.1853,2.2391,1.9541,1.7599,1.7105,1.6855
480.0000,2.0825,2.2139,2.2061,1.9196,1.7445,1.7018,1.6764
485.0000,2.1304,2.2242,2.1716,1.8862,1.7326,1.6923,1.6680
490.0000,2.1485,2.2369,2.1257,1.8608,1.7174,1.6884,1.6527
495.0000,2.1692,2.2299,2.0850,1.8337,1.7099,1.6756,1.6525
500.0000,2.1899,2.2075,2.0479,1.8080,1.7033,1.6652,1.6478
505.0000,2.1929,2.1820,2.0094,1.7870,1.6950,1.6586,1.6387
510.0000,2.1814,2.1543,1.9712,1.7686,1.6879,1.6499,1.6353
515.0000,2.1694,2.1193,1.9372,1.7518,1.6815,1.6414,1.6323
520.0000,2.1457,2.0864,1.9027,1.7390,1.6727,1.6367,1.6260
525.0000,2.1157,2.0536,1.8703,1.7282,1.6642,1.6316,1.6227
530.0000,2.0903,2.0164,1.8430,1.7178,1.6562,1.6274,1.6184
535.0000,2.0599,1.9816,1.8174,1.7095,1.6468,1.6265,1.6092
540.0000,2.0202,1.9525,1.7928,1.7020,1.6393,1.6221,1.6085
545.0000,1.9935,1.9174,1.7753,1.6927,1.6337,1.6179,1.6059
550.0000,1.9599,1.8894,1.7569,1.6862,1.6255,1.6187,1.5949
555.0000,1.9347,1.8573,1.7455,1.6761,1.6229,1.6126,1.5956
560.0000,1.9058,1.8292,1.7355,1.6663,1.6210,1.6062,1.5963
565.0000,1.8783,1.8048,1.7255,1.6583,1.6168,1.6049,1.5882
570.0000,1.8485,1.7863,1.7149,1.6508,1.6144,1.5995,1.5900
575.0000,1.8173,1.7729,1.7031,1.6451,1.6110,1.5956,1.5900
580.0000,1.8019,1.7555,1.6941,1.6395,1.6064,1.5958,1.5820
585.0000,1.7802,1.7441,1.6837,1.6346,1.6036,1.5913,1.5867
590.0000,1.7589,1.7347,1.6731,1.6309,1.5996,1.5894,1.5873
595.0000,1.7505,1.7200,1.6664,1.6259,1.5968,1.5876,1.5880
600.0000,1.7361,1.7101,1.6578,1.6229,1.5919,1.5895,1.5845
605.0000,1.7200,1.7013,1.6504,1.6191,1.5893,1.5883,1.5875
610.0000,1.7139,1.6885,1.6461,1.6142,1.5877,1.5878,1.5891
615.0000,1.7035,1.6792,1.6404,1.6108,1.5845,1.5909,1.5859
620.0000,1.6898,1.6721,1.6352,1.6067,1.5841,1.5900,1.5903
625.0000,1.6843,1.6619,1.6323,1.6019,1.5845,1.5898,1.5932
630.0000,1.6740,1.6562,1.6268,1.5992,1.5828,1.5937,1.5909
635.0000,1.6647,1.6504,1.6225,1.5957,1.5838,1.5937,1.5959
640.0000,1.6606,1.6423,1.6198,1.5919,1.5856,1.5941,1.5997
645.0000,1.6520,1.6385,1.6144,1.5904,1.5851,1.5985,1.5984
650.0000,1.6428,1.6353,1.6094,1.5887,1.5868,1.5995,1.6044
655.0000,1.6407,1.6287,1.6065,1.5866,1.5891,1.6009,1.6093
660.0000,1.6345,1.6254,1.6015,1.5868,1.5889,1.6068,1.6078
665.0000,1.6273,1.6223,1.5973,1.5865,1.5912,1.6088,1.6143
670.0000,1.6261,1.6159,1.5955,1.5855,1.5946,1.6107,1.6206
675.0000,1.6207,1.6129,1.5915,1.5869,1.5951,1.6175,1.6195
680.0000,1.6149,1.6098,1.5889,1.5874,1.5984,1.6198,1.6285
685.0000,1.6137,1.6040,1.5884,1.5876,1.6021,1.6232,1.6349
690.0000,1.6091,1.6013,1.5861,1.5897,1.6035,1.6309,1.6344
695.0000,1.6040,1.5988,1.5851,1.5909,1.6079,1.6337,1.6457
700.0000,1.5967,1.5980,1.5838,1.5927,1.6121,1.6376,1.6563
705.0000,1.5990,1.5931,1.5844,1.5949,1.6146,1.6469,1.6581
710.0000,1.5948,1.5920,1.5842,1.5972,1.6191,1.6523,1.6703
715.0000,1.5896,1.5919,1.5841,1.5999,1.6237,1.6589,1.6819
720.0000,1.5919,1.5884,1.5864,1.6017,1.6296,1.6658,1.6945
725.0000,1.5886,1.5892,1.5862,1.6058,1.6330,1.6776,1.7027
730.0000,1.5847,1.5903,1.5869,1.6093,1.6385,1.6878,1.7148
735.0000,1.5883,1.5875,1.5904,1.6116,1.6461,1.6977,1.7284
740.0000,1.5870,1.5885,1.5917,1.6159,1.6518,1.7122,1.7365
745.0000,1.5840,1.5905,1.5936,1.6195,1.6606,1.7232,1.7519
750.0000,1.5882,1.5888,1.5981,1.6221,1.6715,1.7338,1.7679
755.0000,1.5877,1.5910,1.6001,1.6273,1.6803,1.7495,1.7778
760.0000,1.5857,1.5940,1.6025,1.6320,1.6920,1.7613,1.7968
765.0000,1.5905,1.5939,1.6066,1.6371,1.7041,1.7755,1.8114
770.0000,1.5910,1.5972,1.6087,1.6444,1.7148,1.7929,1.8214
775.0000,1.5910,1.6005,1.6120,1.6507,1.7299,1.8038,1.8467
780.0000,1.5958,1.6014,1.6168,1.6577,1.7451,1.8164,1.8716
785.0000,1.5964,1.6064,1.6187,1.6683,1.7564,1.8361,1.8902
790.0000,1.5973,1.6110,1.6216,1.6791,1.7693,1.8552,1.9137
795.0000,1.6036,1.6122,1.6275,1.6892,1.7840,1.8742,1.9415
800.0000,1.6057,1.6168,1.6315,1.7022,1.7959,1.9001,1.9631
805.0000,1.6054,1.6228,1.6366,1.7146,1.8110,1.9233,1.9965
810.0000,1.6132,1.6244,1.6449,1.7267,1.8265,1.9517,2.0226
815.0000,1.6172,1.6289,1.6527,1.7400,1.8420,1.9843,2.0433
820.0000,1.6209,1.6331,1.6633,1.7510,1.8645,2.0089,2.0863
825.0000,1.6203,1.6406,1.6733,1.7629,1.8882,2.0356,2.1309
830.0000,1.6309,1.6444,1.6850,1.7764,1.9100,2.0725,2.1631
835.0000,1.6366,1.6514,1.6964,1.7903,1.9351,2.1080,2.2033
840.0000,1.6418,1.6595,1.7085,1.8043,1.9642,2.1420,2.2526
845.0000,1.6510,1.6670,1.7211,1.8198,1.9941,2.1802,2.3014
850.0000,1.6550,1.6800,1.7304,1.8393,2.0223,2.2259,2.3461
855.0000,1.6602,1.6932,1.7402,1.8603,2.0522,2.2757,2.3849
860.0000,1.6750,1.7009,1.7548,1.8793,2.0897,2.3197,2.4342
865.0000,1.6844,1.7130,1.7670,1.9026,2.1253,2.3718,2.4728
870.0000,1.6888,1.7281,1.7795,1.9266,2.1665,2.4191,2.5196
875.0000,1.7060,1.7370,1.7960,1.9516,2.2092,2.4710,2.5510
880.0000,1.7174,1.7497,1.8120,1.9793,2.2540,2.5226,2.5718
920.0000,1.8346,1.8844,1.9888,2.2878,2.6573,2.6795,2.5984
925.0000,1.8529,1.9086,2.0159,2.3424,2.6868,2.6704,2.5543
930.0000,1.8659,1.9375,2.0450,2.3978,2.7110,2.6467,2.5129
935.0000,1.8960,1.9572,2.0848,2.4481,2.7339,2.6033,2.4838
940.0000,1.9206,1.9832,2.1237,2.5020,2.7389,2.5656,2.4302
945.0000,1.9453,2.0111,2.1670,2.5529,2.7352,2.5186,2.3776
950.0000,1.9568,2.0492,2.2090,2.6030,2.7184,2.4689,2.3169
955.0000,1.9976,2.0770,2.2603,2.6455,2.6923,2.4162,2.2467
960.0000,2.0309,2.1099,2.3149,2.6789,2.6631,2.3457,2.2124
965.0000,2.0642,2.1471,2.3685,2.7085,2.6171,2.2879,2.1505
970.0000,2.1019,2.1854,2.4240,2.7287,2.5637,2.2291,2.0896
975.0000,2.1316,2.2339,2.4744,2.7417,2.5020,2.1718,2.0284
980.0000,2.1747,2.2767,2.5287,2.7403,2.4413,2.1060,1.9879
985.0000,2.2201,2.3207,2.5788,2.7307,2.3716,2.0531,1.9328
990.0000,2.2644,2.3668,2.6245,2.7102,2.3009,2.0017,1.8805
995.0000,2.2966,2.4210,2.6602,2.6811,2.2295,1.9525,1.8314
1000.0000,2.3505,2.4627,2.6961,2.6375,2.1659,1.8971,1.7981
1005.0000,2.4015,2.5032,2.7220,2.5881,2.0994,1.8536,1.7560
1010.0000,2.4467,2.5432,2.7376,2.5318,2.0362,1.8129,1.7157
1015.0000,2.4878,2.5802,2.7433,2.4688,1.9793,1.7707,1.6835
1020.0000,2.5208,2.6188,2.7333,2.4057,1.9219,1.7374,1.6444
1025.0000,2.5593,2.6449,2.7167,2.3372,1.8730,1.6999,1.6184
1030.0000,2.5930,2.6634,2.6900,2.2679,1.8280,1.6652,1.5927
1035.0000,2.6142,2.6798,2.6495,2.2022,1.7829,1.6383,1.5593
1040.0000,2.6259,2.6885,2.6012,2.1362,1.7460,1.6039,1.5496
1045.0000,2.6476,2.6785,2.5502,2.0716,1.7111,1.5760,1.5337
1050.0000,2.6522,2.6651,2.4896,2.0130,1.6754,1.5550,1.5149
1055.0000,2.6516,2.6395,2.4271,1.9567,1.6436,1.5352,1.5000
1060.0000,2.6431,2.6042,2.3633,1.9031,1.6151,1.5169,1.4880
1065.0000,2.6157,2.5710,2.2921,1.8569,1.5851,1.5051,1.4717
1070.0000,2.5835,2.5288,2.2229,1.8130,1.5593,1.4930,1.4603
1075.0000,2.5560,2.4730,2.1598,1.7695,1.5386,1.4801,1.4514
1080.0000,2.5218,2.4115,2.0997,1.7293,1.5189,1.4726,1.4339
1085.0000,2.4688,2.3552,2.0388,1.6924,1.5040,1.4591,1.4342
1090.0000,2.4099,2.2984,1.9799,1.6595,1.4893,1.4499,1.4282
1095.0000,2.3649,2.2326,1.9287,1.6271,1.4785,1.4401,1.4234
1100.0000,2.3166,2.1658,1.8812,1.5977,1.4682,1.4336,1.4149
1105.0000,2.2467,2.1117,1.8312,1.5735,1.4586,1.4256,1.4128
1110.0000,2.1936,2.0517,1.7880,1.5506,1.4504,1.4194,1.4080
1115.0000,2.1324,2.0001,1.7439,1.5326,1.4406,1.4165,1.4001
1120.0000,2.0819,1.9444,1.7069,1.5145,1.4342,1.4109,1.3963
1125.0000,2.0284,1.8925,1.6729,1.4984,1.4288,1.4050,1.3930
1130.0000,1.9677,1.8515,1.6367,1.4875,1.4204,1.4035,1.3842
1135.0000,1.9128,1.8108,1.6054,1.4768,1.4145,1.3990,1.3803
1140.0000,1.8728,1.7650,1.5817,1.4648,1.4115,1.3923,1.3775
1145.0000,1.8338,1.7213,1.5614,1.4542,1.4074,1.3887,1.3689
1150.0000,1.7851,1.6879,1.5400,1.4460,1.4035,1.3829,1.3650
1155.0000,1.7480,1.6534,1.5231,1.4376,1.4005,1.3765,1.3604
1160.0000,1.7116,1.6235,1.5069,1.4313,1.3956,1.3731,1.3499
1165.0000,1.6740,1.5986,1.4918,1.4253,1.3924,1.3648,1.3493
1170.0000,1.6454,1.5734,1.4796,1.4197,1.3884,1.3583,1.3449
1175.0000,1.6144,1.5549,1.4657,1.4168,1.3813,1.3552,1.3354
1180.0000,1.5889,1.5361,1.4551,1.4127,1.3762,1.3487,1.3321
1185.0000,1.5691,1.5164,1.4476,1.4078,1.3716,1.3417,1.3292
1190.0000,1.5478,1.5014,1.4391,1.4045,1.3643,1.3386,1.3202
1195.0000,1.5270,1.4886,1.4317,1.4007,1.3581,1.3331,1.3164
1200.0000,1.5084,1.4768,1.4256,1.3963,1.3522,1.3278,1.3117
1205.0000,1.4980,1.4631,1.4216,1.3916,1.3452,1.3257,1.2993
1210.0000,1.4825,1.4541,1.4171,1.3860,1.3408,1.3177,1.3004
1215.0000,1.4680,1.4465,1.4124,1.3806,1.3354,1.3121,1.2963
1220.0000,1.4610,1.4368,1.4096,1.3742,1.3309,1.3059,1.2921
1225.0000,1.4511,1.4306,1.4050,1.3690,1.3246,1.3027,1.2836
1230.0000,1.4389,1.4264,1.4001,1.3631,1.3203,1.2954,1.2828
1235.0000,1.4352,1.4189,1.3967,1.3567,1.3157,1.2898,1.2792
1240.0000,1.4277,1.4148,1.3911,1.3517,1.3094,1.2868,1.2723
1245.0000,1.4195,1.4112,1.3854,1.3463,1.3042,1.2817,1.2698
1250.0000,1.4173,1.4044,1.3814,1.3399,1.3000,1.2759,1.2681
1255.0000,1.4102,1.4012,1.3747,1.3354,1.2935,1.2738,1.2623
1260.0000,1.4029,1.3980,1.3682,1.3305,1.2882,1.2698,1.2607
1265.0000,1.4014,1.3910,1.3637,1.3245,1.2837,1.2662,1.2584
1270.0000,1.3959,1.3866,1.3574,1.3200,1.2774,1.2658,1.2511
1275.0000,1.3892,1.3819,1.3519,1.3142,1.2740,1.2610,1.2531
1280.0000,1.3869,1.3746,1.3478,1.3079,1.2709,1.2572,1.2533
1285.0000,1.3816,1.3693,1.3421,1.3030,1.2659,1.2573,1.2483
1290.0000,1.3745,1.3644,1.3368,1.2972,1.2637,1.2527,1.2547
1295.0000,1.3712,1.3573,1.3327,1.2908,1.2624,1.2480,1.2645
1300.0000,1.3649,1.3530,1.3262,1.2870,1.2576,1.2498,1.2700
1305.0000,1.3583,1.3483,1.3205,1.2820,1.2559,1.2472,1.2960
1310.0000,1.3549,1.3420,1.3150,1.2782,1.2517,1.2522,1.3204
1315.0000,1.3483,1.3383,1.3075,1.2761,1.2455,1.2640,1.3490
1320.0000,1.3411,1.3344,1.3008,1.2734,1.2412,1.2779,1.3963
1325.0000,1.3320,1.3309,1.2942,1.2708,1.2375,1.2987,1.4573
1330.0000,1.3325,1.3228,1.2898,1.2681,1.2331,1.3334,1.5240
1335.0000,1.3246,1.3195,1.2826,1.2674,1.2274,1.3857,1.5832
1340.0000,1.3167,1.3147,1.2785,1.2632,1.2307,1.4408,1.6689
1345.0000,1.3167,1.3055,1.2778,1.2566,1.2411,1.5071,1.7661
1350.0000,1.3114,1.2992,1.2758,1.2505,1.2569,1.5887,1.8700
1355.0000,1.3035,1.2954,1.2717,1.2472,1.2752,1.6971,1.9429
1360.0000,1.3019,1.2868,1.2731,1.2380,1.3151,1.7996,2.0363
1365.0000,1.2972,1.2809,1.2726,1.2308,1.3663,1.9126,2.1172
1370.0000,1.2949,1.2736,1.2737,1.2230,1.4371,2.0213,2.1986
1410.0000,1.2582,1.2635,1.2156,1.4829,2.3725,2.3734,2.2209
1415.0000,1.2470,1.2710,1.2057,1.5867,2.4620,2.3142,2.2077
1420.0000,1.2535,1.2700,1.2056,1.7073,2.5170,2.2596,2.1656
1425.0000,1.2460,1.2780,1.2125,1.8396,2.5436,2.1944,2.1378
1430.0000,1.2290,1.2936,1.2290,1.9813,2.5324,2.1426,2.0848
1435.0000,1.2511,1.2877,1.2771,2.1138,2.4989,2.0899,2.0401
1440.0000,1.2531,1.2968,1.3406,2.2376,2.4448,2.0349,2.0202
1445.0000,1.2625,1.3064,1.4270,2.3463,2.3669,2.0034,1.9668
1450.0000,1.2729,1.3232,1.5348,2.4310,2.2810,1.9772,1.9199
1455.0000,1.3043,1.3412,1.6648,2.4854,2.1963,1.9528,1.8778
1460.0000,1.3434,1.3684,1.8095,2.5084,2.1202,1.9232,1.8581
1465.0000,1.3972,1.4081,1.9589,2.5040,2.0499,1.9005,1.8330
1470.0000,1.4191,1.4848,2.0938,2.4795,1.9878,1.8786,1.8133
1475.0000,1.4749,1.5677,2.2200,2.4349,1.9333,1.8668,1.7783
1480.0000,1.5513,1.6587,2.3326,2.3699,1.8999,1.8373,1.7787
1485.0000,1.6073,1.7771,2.4102,2.3031,1.8683,1.8179,1.7676
1490.0000,1.6944,1.8885,2.4661,2.2315,1.8425,1.8059,1.7443
1495.0000,1.7545,2.0191,2.4846,2.1642,1.8232,1.7881,1.7371
1500.0000,1.8606,2.1219,2.4882,2.0952,1.8128,1.7672,1.7333
1505.0000,1.9554,2.2172,2.4650,2.0363,1.7995,1.7557,1.7181
1510.0000,2.0431,2.2945,2.4249,1.9836,1.7902,1.7406,1.7119
1515.0000,2.1361,2.3432,2.3766,1.9363,1.7828,1.7265,1.7037
1520.0000,2.1885,2.3924,2.3066,1.9040,1.7689,1.7191,1.6894
1525.0000,2.2474,2.4059,2.2419,1.8729,1.7606,1.7058,1.6862
1530.0000,2.3011,2.3925,2.1810,1.8460,1.7520,1.6952,1.6782
1535.0000,2.3258,2.3697,2.1188,1.8260,1.7408,1.6875,1.6675
1540.0000,2.3248,2.3400,2.0581,1.8111,1.7289,1.6799,1.6592
1545.0000,2.3251,2.2913,2.0088,1.7955,1.7199,1.6700,1.6539
1550.0000,2.3047,2.2425,1.9620,1.7846,1.7075,1.6649,1.6425
1555.0000,2.2804,2.1858,1.9248,1.7725,1.6981,1.6567,1.6373
1560.0000,2.2418,2.1315,1.8926,1.7616,1.6890,1.6484,1.6326
1565.0000,2.1957,2.0826,1.8629,1.7531,1.6772,1.6450,1.6207
1570.0000,2.1474,2.0367,1.8383,1.7439,1.6679,1.6383,1.6162
1575.0000,2.1093,1.9884,1.8213,1.7327,1.6607,1.6305,1.6118
1580.0000,2.0649,1.9471,1.8056,1.7230,1.6515,1.6279,1.5973
1585.0000,2.0171,1.9144,1.7909,1.7128,1.6457,1.6182,1.6000
1590.0000,1.9716,1.8875,1.7765,1.7038,1.6385,1.6120,1.5962
1595.0000,1.9408,1.8591,1.7661,1.6936,1.6326,1.6057,1.5917
1600.0000,1.9105,1.8357,1.7553,1.6848,1.6252,1.6026,1.5826
1605.0000,1.8743,1.8201,1.7431,1.6766,1.6195,1.5957,1.5812
1610.0000,1.8548,1.8003,1.7344,1.6673,1.6144,1.5902,1.5767
1615.0000,1.8310,1.7871,1.7229,1.6605,1.6071,1.5879,1.5675
1620.0000,1.8115,1.7735,1.7134,1.6526,1.6023,1.5822,1.5637
1625.0000,1.7982,1.7580,1.7060,1.6438,1.5990,1.5751,1.5607
1630.0000,1.7801,1.7483,1.6954,1.6378,1.5927,1.5723,1.5513
1635.0000,1.7629,1.7392,1.6856,1.6314,1.5882,1.5661,1.5479
1640.0000,1.7544,1.7265,1.6783,1.6242,1.5845,1.5596,1.5432
1645.0000,1.7427,1.7167,1.6694,1.6189,1.5784,1.5568,1.5318
1650.0000,1.7287,1.7085,1.6609,1.6130,1.5748,1.5484,1.5316
1655.0000,1.7215,1.6972,1.6543,1.6070,1.5706,1.5419,1.5266
1660.0000,1.7103,1.6896,1.6456,1.6031,1.5637,1.5389,1.5157
1665.0000,1.6998,1.6814,1.6382,1.5982,1.5586,1.5323,1.5112
1670.0000,1.6934,1.6709,1.6329,1.5923,1.5546,1.5242,1.5077
1675.0000,1.6830,1.6643,1.6253,1.5887,1.5472,1.5208,1.4962
1680.0000,1.6723,1.6579,1.6185,1.5842,1.5415,1.5139,1.4917
1685.0000,1.6614,1.6517,1.6124,1.5793,1.5364,1.5058,1.4877
1690.0000,1.6593,1.6414,1.6084,1.5741,1.5297,1.5015,1.4763
1695.0000,1.6500,1.6353,1.6030,1.5690,1.5239,1.4939,1.4719
1700.0000,1.6397,1.6300,1.5976,1.5638,1.5179,1.4864,1.4662
1705.0000,1.6377,1.6212,1.5938,1.5585,1.5105,1.4826,1.4521
1710.0000,1.6290,1.6163,1.5890,1.5524,1.5056,1.4722,1.4535
1715.0000,1.6194,1.6124,1.5832,1.5472,1.4988,1.4650,1.4488
1720.0000,1.6178,1.6048,1.5795,1.5409,1.4924,1.4581,1.4432
1725.0000,1.6109,1.6007,1.5735,1.5360,1.4839,1.4540,1.4339
1730.0000,1.6020,1.5972,1.5678,1.5301,1.4774,1.4463,1.4318
1735.0000,1.6012,1.5895,1.5640,1.5232,1.4707,1.4403,1.4265
1740.0000,1.5947,1.5855,1.5578,1.5177,1.4623,1.4372,1.4175
1745.0000,1.5876,1.5813,1.5521,1.5112,1.4557,1.4314,1.4131
1750.0000,1.5863,1.5734,1.5487,1.5030,1.4508,1.4241,1.4101
1755.0000,1.5799,1.5690,1.5425,1.4967,1.4435,1.4209,1.4012
1760.0000,1.5726,1.5648,1.5365,1.4895,1.4380,1.4147,1.3979
1765.0000,1.5703,1.5576,1.5317,1.4816,1.4333,1.4086,1.3936
1770.0000,1.5645,1.5528,1.5249,1.4753,1.4266,1.4059,1.3831
1775.0000,1.5569,1.5484,1.5183,1.4681,1.4226,1.3980,1.3836
1780.0000,1.5542,1.5412,1.5126,1.4608,1.4181,1.3920,1.3799
1785.0000,1.5476,1.5367,1.5045,1.4555,1.4113,1.3895,1.3710
1790.0000,1.5407,1.5317,1.4970,1.4495,1.4064,1.3838,1.3686
1795.0000,1.5377,1.5236,1.4912,1.4427,1.4024,1.3773,1.3669
1800.0000,1.5306,1.5186,1.4830,1.4381,1.3956,1.3752,1.3586
1805.0000,1.5226,1.5134,1.4753,1.4328,1.3905,1.3703,1.3569
1810.0000,1.5133,1.5082,1.4678,1.4276,1.3857,1.3652,1.3552
1815.0000,1.5127,1.4984,1.4626,1.4220,1.3800,1.3634,1.3475
1820.0000,1.5046,1.4922,1.4561,1.4166,1.3754,1.3589,1.3462
1825.0000,1.4955,1.4863,1.4496,1.4113,1.3710,1.3549,1.3439
1830.0000,1.4934,1.4771,1.4448,1.4059,1.3656,1.3543,1.3339
1835.0000,1.4849,1.4712,1.4391,1.4001,1.3628,1.3483,1.3367
1840.0000,1.4752,1.4662,1.4329,1.3951,1.3589,1.3447,1.3348
1845.0000,1.4727,1.4578,1.4286,1.3893,1.3559,1.3410,1.3322
1850.0000,1.4656,1.4525,1.4223,1.3850,1.3512,1.3400,1.3255
1855.0000,1.4563,1.4479,1.4164,1.3801,1.3486,1.3353,1.3255
1860.0000,1.4540,1.4399,1.4122,1.3747,1.3462,1.3315,1.3230
1865.0000,1.4468,1.4354,1.4058,1.3711,1.3418,1.3306,1.3165
1870.0000,1.4392,1.4306,1.4001,1.3670,1.3392,1.3267,1.3148
1875.0000,1.4369,1.4228,1.3963,1.3619,1.3376,1.3218,1.3137
1880.0000,1.4297,1.4185,1.3902,1.3590,1.3335,1.3204,1.3076
1885.0000,1.4220,1.4143,1.3846,1.3556,1.3307,1.3164,1.3065
1890.0000,1.4195,1.4071,1.3808,1.3516,1.3284,1.3124,1.3048
1895.0000,1.4138,1.4024,1.3754,1.3492,1.3240,1.3117,1.2977
1900.0000,1.4063,1.3982,1.3706,1.3459,1.3216,1.3068,1.2995
1905.0000,1.4037,1.3914,1.3674,1.3423,1.3189,1.3034,1.2984
1910.0000,1.3976,1.3875,1.3624,1.3404,1.3140,1.3034,1.2925
1915.0000,1.3916,1.3832,1.3584,1.3374,1.3109,1.3004,1.2929
1920.0000,1.3890,1.3767,1.3561,1.3336,1.3086,1.2972,1.2932
1925.0000,1.3833,1.3731,1.3519,1.3313,1.3040,1.2980,1.2874
1930.0000,1.3771,1.3698,1.3483,1.3282,1.3013,1.2959,1.2879
1935.0000,1.3697,1.3670,1.3447,1.3251,1.2987,1.2942,1.2871
1940.0000,1.3701,1.3607,1.3427,1.3217,1.2954,1.2958,1.2785
1945.0000,1.3648,1.3573,1.3400,1.3177,1.2948,1.2919,1.2817
1950.0000,1.3578,1.3551,1.3365,1.3143,1.2934,1.2898,1.2806
1955.0000,1.3583,1.3497,1.3343,1.3111,1.2911,1.2908,1.2713
1960.0000,1.3533,1.3470,1.3313,1.3074,1.2914,1.2860,1.2744
1965.0000,1.3473,1.3452,1.3274,1.3045,1.2908,1.2827,1.2734
1970.0000,1.3475,1.3403,1.3251,1.3013,1.2905,1.2792,1.2716
1975.0000,1.3431,1.3384,1.3206,1.2999,1.2880,1.2782,1.2657
1980.0000,1.3372,1.3367,1.3164,1.2981,1.2872,1.2736,1.2665
1985.0000,1.3378,1.3315,1.3140,1.2960,1.2859,1.2700,1.2652
1990.0000,1.3335,1.3295,1.3095,1.2957,1.2823,1.2690,1.2608
1995.0000,1.3281,1.3276,1.3056,1.2949,1.2795,1.2661,1.2602
2000.0000,1.3287,1.3219,1.3041,1.2931,1.2773,1.2629,1.2599
2005.0000,1.3245,1.3195,1.3008,1.2927,1.2730,1.2628,1.2559
2010.0000,1.3195,1.3170,1.2983,1.2914,1.2698,1.2607,1.2562
2015.0000,1.3192,1.3119,1.2978,1.2891,1.2672,1.2589,1.2560
2020.0000,1.3157,1.3092,1.2959,1.2877,1.2630,1.2604,1.2505
2025.0000,1.3112,1.3068,1.2948,1.2850,1.2612,1.2580,1.2531
2030.0000,1.3103,1.3026,1.2949,1.2815,1.2597,1.2565,1.2533
2035.0000,1.3069,1.3010,1.2932,1.2793,1.2565,1.2584,1.2478
2040.0000,1.3032,1.2995,1.2920,1.2760,1.2557,1.2566,1.2495
2045.0000,1.3027,1.2963,1.2916,1.2720,1.2558,1.2545,1.2506
2050.0000,1.2998,1.2956,1.2891,1.2697,1.2538,1.2561,1.2451
2055.0000,1.2965,1.2950,1.2866,1.2668,1.2538,1.2542,1.2463
2060.0000,1.2912,1.2954,1.2833,1.2645,1.2536,1.2526,1.2461
2065.0000,1.2941,1.2919,1.2812,1.2624,1.2524,1.2541,1.2384
2070.0000,1.2912,1.2910,1.2781,1.2602,1.2533,1.2502,1.2423
2075.0000,1.2871,1.2905,1.2744,1.2589,1.2531,1.2480,1.2420
2080.0000,1.2891,1.2867,1.2718,1.2580,1.2515,1.2489,1.2348
2085.0000,1.2862,1.2851,1.2687,1.2569,1.2517,1.2451,1.2380
2090.0000,1.2818,1.2837,1.2653,1.2565,1.2507,1.2428,1.2378
2095.0000,1.2834,1.2790,1.2640,1.2555,1.2501,1.2405,1.2371
2100.0000,1.2799,1.2772,1.2609,1.2559,1.2473,1.2407,1.2329
2105.0000,1.2753,1.2755,1.2587,1.2556,1.2461,1.2380,1.2342
2110.0000,1.2763,1.2707,1.2584,1.2545,1.2448,1.2361,1.2338
2115.0000,1.2728,1.2689,1.2565,1.2547,1.2416,1.2368,1.2300
2120.0000,1.2684,1.2675,1.2552,1.2540,1.2398,1.2351,1.2307
2125.0000,1.2692,1.2633,1.2560,1.2521,1.2389,1.2332,1.2313
2130.0000,1.2661,1.2619,1.2550,1.2515,1.2360,1.2343,1.2277
2135.0000,1.2625,1.2610,1.2544,1.2500,1.2347,1.2330,1.2287
2140.0000,1.2627,1.2582,1.2550,1.2477,1.2339,1.2318,1.2288
2145.0000,1.2604,1.2577,1.2539,1.2466,1.2314,1.2338,1.2234
2150.0000,1.2575,1.2574,1.2533,1.2444,1.2315,1.2314,1.2262
2155.0000,1.2583,1.2552,1.2535,1.2417,1.2316,1.2297,1.2269
2160.0000,1.2565,1.2553,1.2517,1.2407,1.2297,1.2314,1.2219
2165.0000,1.2538,1.2557,1.2500,1.2389,1.2299,1.2293,1.2246
2170.0000,1.2553,1.2535,1.2495,1.2366,1.2304,1.2273,1.2263
2175.0000,1.2538,1.2536,1.2470,1.2361,1.2287,1.2288,1.2224
2180.0000,1.2519,1.2534,1.2449,1.2350,1.2285,1.2274,1.2253
2185.0000,1.2475,1.2542,1.2421,1.2345,1.2278,1.2268,1.2270
2190.0000,1.2513,1.2508,1.2410,1.2338,1.2261,1.2293,1.2223
2195.0000,1.2490,1.2501,1.2390,1.2330,1.2260,1.2281,1.2266
2200.0000,1.2456,1.2497,1.2368,1.2326,1.2254,1.2283,1.2282
2205.0000,1.2481,1.2459,1.2367,1.2313,1.2255,1.2285,1.2293
2210.0000,1.2457,1.2451,1.2347,1.2313,1.2240,1.2313,1.2265
2215.0000,1.2424,1.2440,1.2336,1.2303,1.2247,1.2309,1.2288
2220.0000,1.2441,1.2404,1.2341,1.2288,1.2258,1.2309,1.2296
2225.0000,1.2417,1.2396,1.2327,1.2286,1.2253,1.2334,1.2259
2230.0000,1.2383,1.2388,1.2320,1.2275,1.2270,1.2321,1.2281
2235.0000,1.2396,1.2358,1.2324,1.2261,1.2289,1.2312,1.2284
2240.0000,1.2374,1.2355,1.2309,1.2264,1.2288,1.2327,1.2244
2245.0000,1.2337,1.2360,1.2294,1.2263,1.2302,1.2311,1.2254
2250.0000,1.2356,1.2334,1.2296,1.2257,1.2320,1.2290,1.2259
2255.0000,1.2334,1.2337,1.2277,1.2270,1.2314,1.2296,1.2221
2260.0000,1.2308,1.2339,1.2262,1.2278,1.2319,1.2275,1.2231
2265.0000,1.2326,1.2316,1.2263,1.2281,1.2323,1.2255,1.2235
2270.0000,1.2309,1.2318,1.2247,1.2301,1.2303,1.2266,1.2191
2275.0000,1.2288,1.2316,1.2241,1.2310,1.2300,1.2240,1.2221
2280.0000,1.2305,1.2291,1.2250,1.2314,1.2293,1.2226,1.2230
2285.0000,1.2291,1.2290,1.2245,1.2330,1.2264,1.2243,1.2195
2290.0000,1.2267,1.2292,1.2245,1.2336,1.2249,1.2236,1.2215
2295.0000,1.2285,1.2269,1.2265,1.2331,1.2241,1.2229,1.2229
2300.0000,1.2274,1.2270,1.2269,1.2335,1.2215,1.2255,1.2188
2305.0000,1.2262,1.2270,1.2282,1.2327,1.2208,1.2251,1.2214
2310.0000,1.2225,1.2285,1.2287,1.2318,1.2203,1.2249,1.2231
2315.0000,1.2265,1.2268,1.2305,1.2306,1.2189,1.2282,1.2170
2320.0000,1.2257,1.2274,1.2316,1.2286,1.2202,1.2262,1.2227
2325.0000,1.2242,1.2287,1.2319,1.2270,1.2209,1.2259,1.2246
2330.0000,1.2271,1.2279,1.2330,1.2250,1.2221,1.2256,1.2257
2335.0000,1.2261,1.2300,1.2316,1.2246,1.2215,1.2279,1.2228
2340.0000,1.2245,1.2318,1.2306,1.2236,1.2228,1.2270,1.2252
2345.0000,1.2283,1.2305,1.2306,1.2223,1.2242,1.2266,1.2259
2350.0000,1.2279,1.2318,1.2285,1.2226,1.2238,1.2287,1.2228
2355.0000,1.2254,1.2336,1.2263,1.2227,1.2249,1.2277,1.2245
2360.0000,1.2294,1.2313,1.2262,1.2221,1.2263,1.2269,1.2248
2365.0000,1.2287,1.2316,1.2241,1.2231,1.2257,1.2285,1.2210
2370.0000,1.2262,1.2321,1.2225,1.2237,1.2264,1.2273,1.2218
2375.0000,1.2294,1.2290,1.2229,1.2234,1.2278,1.2253,1.2224
2380.0000,1.2283,1.2285,1.2217,1.2247,1.2270,1.2262,1.2184
2385.0000,1.2264,1.2279,1.2212,1.2253,1.2274,1.2243,1.2195
2390.0000,1.2277,1.2255,1.2219,1.2255,1.2278,1.2224,1.2195
2395.0000,1.2260,1.2255,1.2211,1.2270,1.2260,1.2236,1.2146
2400.0000,1.2236,1.2255,1.2211,1.2276,1.2260,1.2209,1.2173
2405.0000,1.2250,1.2234,1.2223,1.2276,1.2256,1.2191,1.2179
2410.0000,1.2236,1.2238,1.2220,1.2290,1.2230,1.2205,1.2138
2415.0000,1.2214,1.2246,1.2221,1.2294,1.2220,1.2190,1.2160
2420.0000,1.2234,1.2228,1.2239,1.2287,1.2214,1.2175,1.2179
2425.0000,1.2227,1.2233,1.2242,1.2292,1.2188,1.2195,1.2144
2430.0000,1.2217,1.2238,1.2249,1.2286,1.2179,1.2187,1.2176
2435.0000,1.2182,1.2257,1.2250,1.2282,1.2167,1.2188,1.2194
2440.0000,1.2226,1.2241,1.2264,1.2273,1.2147,1.2222,1.2146
2445.0000,1.2219,1.2249,1.2270,1.2258,1.2149,1.2213,1.2194
2450.0000,1.2203,1.2262,1.2272,1.2244,1.2149,1.2218,1.2215
2455.0000,1.2238,1.2250,1.2285,1.2223,1.2158,1.2220,1.2232
2460.0000,1.2230,1.2265,1.2276,1.2215,1.2151,1.2251,1.2206
2465.0000,1.2217,1.2277,1.2271,1.2199,1.2167,1.2246,1.2240
2470.0000,1.2251,1.2263,1.2275,1.2180,1.2186,1.2246,1.2258
2475.0000,1.2246,1.2274,1.2258,1.2178,1.2187,1.2273,1.2235
2480.0000,1.2224,1.2289,1.2240,1.2172,1.2205,1.2268,1.2265
2485.0000,1.2259,1.2269,1.2238,1.2162,1.2225,1.2267,1.2281
2490.0000,1.2250,1.2275,1.2215,1.2171,1.2227,1.2291,1.2260
2495.0000,1.2222,1.2286,1.2192,1.2177,1.2240,1.2290,1.2285
2500.0000,1.2255,1.2258,1.2191,1.2177,1.2258,1.2288,1.2302
2505.0000,1.2242,1.2257,1.2171,1.2194,1.2255,1.2312,1.2279
2510.0000,1.2221,1.2255,1.2158,1.2206,1.2265,1.2313,1.2299
2515.0000,1.2240,1.2227,1.2162,1.2211,1.2278,1.2313,1.2310
2520.0000,1.2224,1.2223,1.2152,1.2231,1.2271,1.2343,1.2267
2525.0000,1.2204,1.2216,1.2153,1.2239,1.2285,1.2332,1.2297
2530.0000,1.2216,1.2190,1.2168,1.2243,1.2300,1.2325,1.2308
2535.0000,1.2201,1.2187,1.2169,1.2260,1.2294,1.2350,1.2261
2540.0000,1.2180,1.2188,1.2176,1.2267,1.2307,1.2335,1.2289
2545.0000,1.2192,1.2171,1.2196,1.2268,1.2323,1.2317,1.2310
2550.0000,1.2181,1.2178,1.2200,1.2284,1.2315,1.2336,1.2271
2555.0000,1.2165,1.2188,1.2207,1.2292,1.2321,1.2323,1.2299
2560.0000,1.2127,1.2212,1.2206,1.2305,1.2320,1.2318,1.2314
2565.0000,1.2174,1.2198,1.2222,1.2315,1.2308,1.2343,1.2264
2570.0000,1.2169,1.2210,1.2231,1.2321,1.2313,1.2327,1.2312
2575.0000,1.2153,1.2227,1.2237,1.2329,1.2310,1.2326,1.2330
2580.0000,1.2193,1.2217,1.2258,1.2328,1.2311,1.2327,1.2342
2585.0000,1.2185,1.2237,1.2258,1.2339,1.2295,1.2355,1.2316
2590.0000,1.2177,1.2252,1.2267,1.2339,1.2299,1.2352,1.2342
2595.0000,1.2217,1.2240,1.2291,1.2330,1.2308,1.2351,1.2356
2600.0000,1.2220,1.2253,1.2295,1.2333,1.2300,1.2378,1.2328
2605.0000,1.2207,1.2272,1.2301,1.2329,1.2310,1.2374,1.2355
2610.0000,1.2244,1.2262,1.2321,1.2316,1.2328,1.2369,1.2373
2615.0000,1.2246,1.2278,1.2320,1.2319,1.2326,1.2392,1.2347
2620.0000,1.2226,1.2302,1.2315,1.2319,1.2337,1.2389,1.2370
2625.0000,1.2267,1.2293,1.2327,1.2311,1.2355,1.2382,1.2388
2630.0000,1.2266,1.2311,1.2317,1.2320,1.2352,1.2404,1.2362
2635.0000,1.2258,1.2326,1.2310,1.2324,1.2363,1.2398,1.2388
2640.0000,1.2291,1.2315,1.2315,1.2323,1.2376,1.2394,1.2406
2645.0000,1.2287,1.2330,1.2302,1.2339,1.2367,1.2422,1.2372
2650.0000,1.2280,1.2337,1.2298,1.2345,1.2378,1.2412,1.2411
2655.0000,1.2308,1.2320,1.2307,1.2347,1.2388,1.2411,1.2431
2660.0000,1.2306,1.2325,1.2301,1.2363,1.2378,1.2442,1.2400
2665.0000,1.2290,1.2333,1.2299,1.2371,1.2384,1.2442,1.2433
2670.0000,1.2314,1.2315,1.2313,1.2371,1.2395,1.2442,1.2455
2675.0000,1.2309,1.2319,1.2313,1.2384,1.2387,1.2476,1.2419
2680.0000,1.2300,1.2322,1.2319,1.2387,1.2397,1.2476,1.2451
2685.0000,1.2266,1.2338,1.2320,1.2393,1.2407,1.2479,1.2472
2690.0000,1.2309,1.2320,1.2336,1.2397,1.2405,1.2516,1.2417
2695.0000,1.2301,1.2327,1.2345,1.2395,1.2426,1.2501,1.2471
2700.0000,1.2283,1.2340,1.2349,1.2398,1.2441,1.2499,1.2495
2705.0000,1.2317,1.2327,1.2366,1.2396,1.2461,1.2496,1.2514
2710.0000,1.2308,1.2345,1.2362,1.2409,1.2459,1.2520,1.2495
2715.0000,1.2294,1.2360,1.2363,1.2415,1.2474,1.2515,1.2528
2720.0000,1.2330,1.2349,1.2376,1.2418,1.2488,1.2516,1.2546
2725.0000,1.2326,1.2364,1.2371,1.2435,1.2483,1.2544,1.2531
2730.0000,1.2301,1.2388,1.2365,1.2449,1.2489,1.2550,1.2558
2735.0000,1.2345,1.2372,1.2381,1.2452,1.2502,1.2554,1.2578
2740.0000,1.2343,1.2384,1.2379,1.2468,1.2497,1.2585,1.2557
2745.0000,1.2337,1.2393,1.2385,1.2477,1.2507,1.2591,1.2584
2750.0000,1.2367,1.2379,1.2404,1.2477,1.2524,1.2594,1.2602
2755.0000,1.2364,1.2390,1.2407,1.2491,1.2524,1.2625,1.2573
2760.0000,1.2357,1.2398,1.2418,1.2494,1.2542,1.2623,1.2599
2765.0000,1.2382,1.2389,1.2438,1.2493,1.2563,1.2621,1.2615
2770.0000,1.2378,1.2403,1.2440,1.2507,1.2564,1.2651,1.2573
2775.0000,1.2371,1.2416,1.2448,1.2511,1.2587,1.2636,1.2612
2780.0000,1.2397,1.2412,1.2465,1.2513,1.2608,1.2628,1.2630
2785.0000,1.2397,1.2429,1.2463,1.2532,1.2605,1.2652,1.2594
2790.0000,1.2383,1.2453,1.2462,1.2546,1.2617,1.2643,1.2626
2795.0000,1.2417,1.2446,1.2477,1.2552,1.2630,1.2635,1.2647
2800.0000,1.2420,1.2462,1.2474,1.2574,1.2621,1.2661,1.2614
2805.0000,1.2418,1.2475,1.2479,1.2588,1.2626,1.2657,1.2646
2810.0000,1.2388,1.2501,1.2477,1.2605,1.2625,1.2660,1.2665
2815.0000,1.2446,1.2484,1.2496,1.2618,1.2615,1.2695,1.2614
2820.0000,1.2447,1.2492,1.2509,1.2623,1.2625,1.2684,1.2667
2825.0000,1.2438,1.2504,1.2521,1.2629,1.2631,1.2685,1.2694
2830.0000,1.2476,1.2492,1.2548,1.2626,1.2644,1.2682,1.2725
2835.0000,1.2470,1.2510,1.2554,1.2638,1.2637,1.2713,1.2714
2840.0000,1.2462,1.2525,1.2567,1.2637,1.2651,1.2706,1.2782
2845.0000,1.2499,1.2517,1.2593,1.2630,1.2670,1.2702,1.2863
2850.0000,1.2501,1.2536,1.2596,1.2640,1.2664,1.2742,1.2914
2855.0000,1.2483,1.2562,1.2600,1.2642,1.2679,1.2746,1.3099
2860.0000,1.2525,1.2559,1.2612,1.2645,1.2681,1.2796,1.3279
2865.0000,1.2525,1.2583,1.2604,1.2664,1.2664,1.2896,1.3475
2870.0000,1.2519,1.2605,1.2601,1.2673,1.2666,1.2995,1.3816
2875.0000,1.2558,1.2600,1.2611,1.2679,1.2667,1.3151,1.4214
2880.0000,1.2555,1.2623,1.2599,1.2701,1.2651,1.3403,1.4649
2885.0000,1.2543,1.2647,1.2584,1.2727,1.2629,1.3770,1.5021
2890.0000,1.2588,1.2628,1.2606,1.2720,1.2672,1.4151,1.5527
2895.0000,1.2585,1.2638,1.2612,1.2720,1.2735,1.4633,1.6026
2900.0000,1.2580,1.2643,1.2624,1.2711,1.2845,1.5205,1.6424
2905.0000,1.2614,1.2613,1.2672,1.2664,1.3073,1.5748,1.6909
2910.0000,1.2621,1.2606,1.2703,1.2632,1.3352,1.6368,1.7255
2915.0000,1.2633,1.2591,1.2745,1.2585,1.3753,1.6923,1.7658
2920.0000,1.2634,1.2588,1.2772,1.2562,1.4227,1.7485,1.7875
2925.0000,1.2645,1.2589,1.2781,1.2578,1.4764,1.8032,1.7864
2930.0000,1.2655,1.2591,1.2791,1.2609,1.5436,1.8364,1.7990
2935.0000,1.2654,1.2607,1.2781,1.2696,1.6174,1.8542,1.8058
2940.0000,1.2649,1.2646,1.2717,1.2907,1.6842,1.8739,1.7745
2945.0000,1.2641,1.2681,1.2665,1.3167,1.7582,1.8602,1.7849
2950.0000,1.2599,1.2744,1.2578,1.3553,1.8215,1.8417,1.7773
2955.0000,1.2649,1.2762,1.2513,1.4041,1.8730,1.8165,1.7634
2960.0000,1.2592,1.2847,1.2423,1.4657,1.9066,1.7896,1.7453
2965.0000,1.2517,1.2929,1.2380,1.5343,1.9249,1.7579,1.7338
2970.0000,1.2656,1.2890,1.2462,1.6056,1.9256,1.7317,1.7147
2975.0000,1.2637,1.2925,1.2608,1.6775,1.9131,1.7022,1.7109
2980.0000,1.2565,1.2997,1.2833,1.7491,1.8813,1.6884,1.6885
2985.0000,1.2739,1.2949,1.3257,1.8086,1.8437,1.6768,1.6707
2990.0000,1.2794,1.2989,1.3777,1.8567,1.8026,1.6655,1.6629
2995.0000,1.2907,1.3043,1.4420,1.8903,1.7594,1.6616,1.6483
3000.0000,1.3015,1.3173,1.5140,1.9080,1.7200,1.6583,1.6381
3005.0000,1.3193,1.3367,1.5898,1.9115,1.6835,1.6613,1.6179
3010.0000,1.3485,1.3593,1.6700,1.8968,1.6611,1.6522,1.6221
3015.0000,1.3625,1.4026,1.7384,1.8746,1.6424,1.6468,1.6214
3020.0000,1.3979,1.4451,1.8018,1.8439,1.6282,1.6485,1.6047
3025.0000,1.4314,1.5003,1.8507,1.8076,1.6251,1.6372,1.6153
3030.0000,1.4654,1.5644,1.8811,1.7729,1.6228,1.6303,1.6183
3035.0000,1.5105,1.6261,1.8970,1.7406,1.6202,1.6298,1.6106
3040.0000,1.5424,1.6956,1.8934,1.7136,1.6198,1.6248,1.6161
3045.0000,1.6024,1.7439,1.8855,1.6870,1.6225,1.6197,1.6203
3050.0000,1.6499,1.7897,1.8637,1.6684,1.6214,1.6204,1.6174
3055.0000,1.6933,1.8231,1.8370,1.6531,1.6220,1.6185,1.6218
3060.0000,1.7163,1.8520,1.8030,1.6441,1.6201,1.6193,1.6240
3065.0000,1.7658,1.8539,1.7758,1.6351,1.6192,1.6224,1.6205
3070.0000,1.7893,1.8534,1.7462,1.6298,1.6190,1.6226,1.6258
3075.0000,1.8038,1.8434,1.7198,1.6260,1.6186,1.6241,1.6288
3080.0000,1.8171,1.8231,1.6990,1.6223,1.6194,1.6255,1.6316
3085.0000,1.8164,1.8023,1.6793,1.6212,1.6183,1.6301,1.6301
3090.0000,1.8058,1.7805,1.6632,1.6200,1.6195,1.6313,1.6346
3095.0000,1.7962,1.7551,1.6520,1.6184,1.6215,1.6326,1.6383
3100.0000,1.7785,1.7341,1.6410,1.6190,1.6214,1.6377,1.6367
3105.0000,1.7619,1.7125,1.6343,1.6182,1.6242,1.6385,1.6428
3110.0000,1.7442,1.6925,1.6297,1.6176,1.6272,1.6399,1.6475
3115.0000,1.7231,1.6783,1.6242,1.6192,1.6277,1.6452,1.6468
3120.0000,1.7028,1.6666,1.6204,1.6201,1.6306,1.6466,1.6544
3125.0000,1.6900,1.6537,1.6193,1.6204,1.6339,1.6486,1.6614
3130.0000,1.6764,1.6447,1.6174,1.6225,1.6347,1.6552,1.6620
3135.0000,1.6609,1.6393,1.6157,1.6243,1.6374,1.6584,1.6711
3140.0000,1.6538,1.6316,1.6166,1.6252,1.6409,1.6621,1.6798
3145.0000,1.6440,1.6287,1.6153,1.6284,1.6416,1.6710,1.6819
3150.0000,1.6356,1.6264,1.6155,1.6303,1.6453,1.6759,1.6935
3155.0000,1.6333,1.6217,1.6180,1.6312,1.6502,1.6811,1.7056
3160.0000,1.6279,1.6211,1.6182,1.6343,1.6523,1.6922,1.7106
3165.0000,1.6230,1.6210,1.6195,1.6362,1.6577,1.6990,1.7276
3170.0000,1.6235,1.6186,1.6223,1.6378,1.6634,1.7084,1.7418
3175.0000,1.6211,1.6195,1.6232,1.6412,1.6673,1.7229,1.7501
3180.0000,1.6188,1.6206,1.6252,1.6434,1.6751,1.7326,1.7734
3185.0000,1.6137,1.6238,1.6261,1.6465,1.6830,1.7448,1.7970
3190.0000,1.6196,1.6225,1.6288,1.6502,1.6895,1.7642,1.8125
3195.0000,1.6187,1.6249,1.6303,1.6542,1.6987,1.7816,1.8388
3200.0000,1.6172,1.6275,1.6322,1.6581,1.7101,1.7993,1.8712
3205.0000,1.6227,1.6267,1.6360,1.6619,1.7228,1.8202,1.9054
3210.0000,1.6221,1.6304,1.6369,1.6686,1.7338,1.8486,1.9374
3215.0000,1.6208,1.6342,1.6380,1.6760,1.7461,1.8812,1.9672
3220.0000,1.6274,1.6334,1.6428,1.6817,1.7636,1.9132,2.0027
3225.0000,1.6284,1.6363,1.6455,1.6899,1.7811,1.9515,2.0328
3230.0000,1.6269,1.6404,1.6487,1.6983,1.8031,1.9895,2.0643
3235.0000,1.6337,1.6404,1.6544,1.7070,1.8276,2.0324,2.0812
3240.0000,1.6357,1.6434,1.6595,1.7169,1.8566,2.0736,2.0889
3280.0000,1.6682,1.6817,1.7254,1.8700,2.2092,1.9721,1.7762
3285.0000,1.6730,1.6942,1.7301,1.9155,2.2226,1.8949,1.7033
3290.0000,1.6719,1.7118,1.7339,1.9673,2.2182,1.8053,1.6442
3295.0000,1.6873,1.7209,1.7452,2.0206,2.1942,1.7103,1.5980
3300.0000,1.6930,1.7375,1.7563,2.0779,2.1450,1.6197,1.5670
3305.0000,1.6967,1.7560,1.7710,2.1360,2.0666,1.5528,1.5129
3310.0000,1.6883,1.7799,1.7912,2.1878,1.9685,1.5006,1.4636
3315.0000,1.7257,1.7804,1.8353,2.2172,1.8697,1.4462,1.4475
3320.0000,1.7405,1.7929,1.8823,2.2339,1.7589,1.4149,1.4194
3325.0000,1.7600,1.8036,1.9402,2.2292,1.6485,1.3988,1.3947
3330.0000,1.7834,1.8151,2.0059,2.2002,1.5481,1.3911,1.3781
3335.0000,1.8087,1.8311,2.0735,2.1485,1.4612,1.3918,1.3612
3340.0000,1.8475,1.8454,2.1431,2.0726,1.3971,1.3887,1.3600
3345.0000,1.8581,1.8822,2.1944,1.9851,1.3485,1.3895,1.3590
3350.0000,1.8926,1.9152,2.2345,1.8871,1.3141,1.4014,1.3369
3355.0000,1.9234,1.9570,2.2548,1.7816,1.3052,1.3945,1.3462
3360.0000,1.9439,2.0085,2.2481,1.6797,1.3089,1.3849,1.3559
3365.0000,1.9771,2.0547,2.2169,1.5884,1.3149,1.3868,1.3426
3370.0000,2.0026,2.0996,2.1615,1.5078,1.3312,1.3762,1.3510
3375.0000,2.0381,2.1274,2.0901,1.4404,1.3499,1.3654,1.3551
3380.0000,2.0506,2.1554,1.9948,1.3942,1.3620,1.3604,1.3520
3385.0000,2.0583,2.1642,1.8919,1.3625,1.3727,1.3532,1.3544
3390.0000,2.0893,2.1345,1.7972,1.3397,1.3822,1.3467,1.3533
3395.0000,2.0828,2.1020,1.6969,1.3326,1.3844,1.3421,1.3552
3400.0000,2.0665,2.0495,1.6069,1.3333,1.3821,1.3414,1.3508
3405.0000,2.0505,1.9747,1.5338,1.3367,1.3789,1.3406,1.3466
3410.0000,2.0073,1.9010,1.4687,1.3459,1.3719,1.3407,1.3443
3415.0000,1.9512,1.8242,1.4167,1.3564,1.3632,1.3423,1.3407
3420.0000,1.9031,1.7371,1.3845,1.3628,1.3571,1.3418,1.3391
3425.0000,1.8398,1.6564,1.3634,1.3682,1.3500,1.3441,1.3325
3430.0000,1.7686,1.5873,1.3504,1.3716,1.3448,1.3433,1.3325
3435.0000,1.7172,1.5173,1.3507,1.3697,1.3432,1.3406,1.3330
3440.0000,1.6443,1.4688,1.3502,1.3695,1.3383,1.3435,1.3230
3445.0000,1.5801,1.4315,1.3530,1.3665,1.3377,1.3393,1.3282
3450.0000,1.5210,1.4069,1.3550,1.3639,1.3361,1.3373,1.3283
3455.0000,1.4806,1.3861,1.3595,1.3595,1.3360,1.3349,1.3277
3460.0000,1.4484,1.3717,1.3633,1.3556,1.3347,1.3351,1.3220
3465.0000,1.4153,1.3670,1.3642,1.3519,1.3349,1.3314,1.3235
3470.0000,1.3990,1.3615,1.3660,1.3478,1.3352,1.3286,1.3224
3475.0000,1.3825,1.3623,1.3638,1.3460,1.3332,1.3287,1.3169
3480.0000,1.3699,1.3643,1.3612,1.3439,1.3325,1.3257,1.3164
3485.0000,1.3690,1.3619,1.3605,1.3408,1.3328,1.3219,1.3159
3490.0000,1.3639,1.3637,1.3565,1.3402,1.3303,1.3213,1.3106
3495.0000,1.3600,1.3645,1.3530,1.3391,1.3289,1.3182,1.3101
3500.0000,1.3623,1.3617,1.3513,1.3373,1.3278,1.3150,1.3086
3505.0000,1.3602,1.3616,1.3474,1.3373,1.3242,1.3151,1.3018
3510.0000,1.3575,1.3606,1.3447,1.3362,1.3226,1.3108,1.3033
3515.0000,1.3592,1.3565,1.3436,1.3346,1.3208,1.3078,1.3020
3520.0000,1.3572,1.3548,1.3410,1.3342,1.3168,1.3080,1.2956
3525.0000,1.3541,1.3530,1.3392,1.3329,1.3144,1.3049,1.2955
3530.0000,1.3544,1.3488,1.3391,1.3305,1.3129,1.3013,1.2956
3535.0000,1.3516,1.3472,1.3373,1.3295,1.3089,1.3015,1.2893
3540.0000,1.3482,1.3457,1.3361,1.3275,1.3067,1.2986,1.2899
3545.0000,1.3429,1.3453,1.3343,1.3255,1.3043,1.2961,1.2892
3550.0000,1.3454,1.3414,1.3341,1.3232,1.3009,1.2970,1.2810
3555.0000,1.3423,1.3402,1.3330,1.3203,1.2998,1.2926,1.2851
3560.0000,1.3370,1.3405,1.3309,1.3180,1.2977,1.2904,1.2850
3565.0000,1.3398,1.3371,1.3301,1.3155,1.2945,1.2914,1.2777
3570.0000,1.3370,1.3364,1.3282,1.3127,1.2935,1.2879,1.2812
3575.0000,1.3332,1.3363,1.3257,1.3103,1.2916,1.2861,1.2812
3580.0000,1.3354,1.3329,1.3247,1.3072,1.2904,1.2843,1.2805
3585.0000,1.3327,1.3326,1.3215,1.3056,1.2875,1.2851,1.2758
3590.0000,1.3290,1.3319,1.3189,1.3030,1.2866,1.2824,1.2775
3595.0000,1.3311,1.3280,1.3178,1.2999,1.2861,1.2803,1.2776
3600.0000,1.3286,1.3269,1.3146,1.2984,1.2836,1.2811,1.2737
3605.0000,1.3247,1.3260,1.3116,1.2964,1.2827,1.2792,1.2749
3610.0000,1.3262,1.3218,1.3104,1.2936,1.2825,1.2770,1.2759
3615.0000,1.3233,1.3203,1.3071,1.2925,1.2802,1.2780,1.2727
3620.0000,1.3195,1.3189,1.3043,1.2909,1.2792,1.2766,1.2745
3625.0000,1.3199,1.3150,1.3028,1.2888,1.2787,1.2755,1.2756
3630.0000,1.3169,1.3135,1.2996,1.2882,1.2761,1.2778,1.2716
3635.0000,1.3128,1.3120,1.2970,1.2868,1.2756,1.2764,1.2750
3640.0000,1.3131,1.3079,1.2960,1.2848,1.2754,1.2761,1.2762
3645.0000,1.3101,1.3063,1.2933,1.2843,1.2732,1.2790,1.2720
