150.0000,1.5466,1.5901,1.6776,1.7254,1.6409,1.5471,1.5003
155.0000,1.5655,1.6060,1.6918,1.7208,1.6233,1.5289,1.4817
160.0000,1.5795,1.6254,1.7011,1.7157,1.6026,1.5141,1.4572
165.0000,1.5968,1.6408,1.7112,1.7057,1.5858,1.4917,1.4481
170.0000,1.6155,1.6539,1.7191,1.6942,1.5666,1.4737,1.4315
175.0000,1.6310,1.6674,1.7233,1.6818,1.5458,1.4588,1.4105
180.0000,1.6408,1.6823,1.7237,1.6679,1.5259,1.4417,1.3948
185.0000,1.6579,1.6902,1.7248,1.6504,1.5087,1.4217,1.3842
190.0000,1.6698,1.6990,1.7210,1.6340,1.4884,1.4079,1.3655
195.0000,1.6794,1.7055,1.7153,1.6158,1.4701,1.3916,1.3535
200.0000,1.6826,1.7123,1.7060,1.5976,1.4516,1.3767,1.3402
205.0000,1.6952,1.7113,1.6970,1.5784,1.4330,1.3651,1.3202
210.0000,1.6980,1.7117,1.6850,1.5581,1.4183,1.3464,1.3210
215.0000,1.6959,1.7111,1.6706,1.5381,1.4037,1.3287,1.3263
220.0000,1.7026,1.7034,1.6561,1.5190,1.3865,1.3192,1.3254
225.0000,1.6997,1.6972,1.6385,1.5009,1.3694,1.3111,1.3342
230.0000,1.6911,1.6912,1.6181,1.4850,1.3495,1.3122,1.3365
235.0000,1.6908,1.6777,1.6001,1.4676,1.3317,1.3167,1.3408
240.0000,1.6811,1.6664,1.5801,1.4509,1.3156,1.3247,1.3463
245.0000,1.6674,1.6538,1.5610,1.4326,1.3045,1.3319,1.3596
250.0000,1.6622,1.6337,1.5460,1.4116,1.2993,1.3388,1.3787
255.0000,1.6483,1.6174,1.5277,1.3932,1.2938,1.3542,1.3919
260.0000,1.6356,1.5980,1.5120,1.3728,1.2963,1.3647,1.4219
265.0000,1.6218,1.5779,1.4959,1.3539,1.3009,1.3810,1.4503
270.0000,1.6043,1.5604,1.4774,1.3382,1.3064,1.4036,1.4771
275.0000,1.5854,1.5434,1.4586,1.3237,1.3176,1.4243,1.5197
280.0000,1.5693,1.5254,1.4393,1.3125,1.3299,1.4517,1.5620
285.0000,1.5522,1.5080,1.4188,1.3053,1.3432,1.4864,1.6050
290.0000,1.5278,1.4958,1.3949,1.3036,1.3563,1.5302,1.6387
295.0000,1.5146,1.4762,1.3768,1.3009,1.3783,1.5698,1.6868
300.0000,1.4939,1.4620,1.3560,1.3041,1.4000,1.6190,1.7265
305.0000,1.4752,1.4448,1.3397,1.3075,1.4300,1.6638,1.7802
310.0000,1.4628,1.4232,1.3277,1.3135,1.4626,1.7161,1.8196
315.0000,1.4443,1.4057,1.3163,1.3233,1.4987,1.7710,1.8509
320.0000,1.4282,1.3859,1.3109,1.3327,1.5452,1.8154,1.8999
325.0000,1.4192,1.3635,1.3104,1.3442,1.5966,1.8580,1.9441
330.0000,1.3998,1.3488,1.3081,1.3632,1.6460,1.9071,1.9688
370.0000,1.3222,1.3345,1.3712,1.6793,2.0417,2.0904,2.0702
375.0000,1.3290,1.3396,1.3988,1.7332,2.0726,2.0900,2.0609
380.0000,1.3314,1.3523,1.4288,1.7892,2.0947,2.0878,2.0433
385.0000,1.3349,1.3689,1.4642,1.8433,2.1122,2.0773,2.0297
390.0000,1.3514,1.3833,1.5077,1.8934,2.1249,2.0611,2.0154
395.0000,1.3659,1.4048,1.5533,1.9424,2.1281,2.0463,1.9931
400.0000,1.3822,1.4308,1.6026,1.9867,2.1259,2.0273,1.9723
405.0000,1.4054,1.4590,1.6559,2.0252,2.1185,2.0063,1.9498
410.0000,1.4277,1.4953,1.7081,2.0600,2.1035,1.9876,1.9203
415.0000,1.4608,1.5297,1.7654,2.0849,2.0896,1.9593,1.9080
420.0000,1.4928,1.5703,1.8200,2.1053,2.0686,1.9366,1.8862
425.0000,1.5294,1.6135,1.8727,2.1194,2.0437,1.9164,1.8608
430.0000,1.5590,1.6661,1.9186,2.1286,2.0165,1.8955,1.8396
435.0000,1.6053,1.7120,1.9656,2.1285,1.9915,1.8712,1.8250
440.0000,1.6520,1.7588,2.0069,2.1239,1.9629,1.8539,1.8011
445.0000,1.6981,1.8057,2.0431,2.1132,1.9363,1.8344,1.7841
450.0000,1.7281,1.8605,2.0682,2.1005,1.9080,1.8185,1.7620
455.0000,1.7833,1.9015,2.0922,2.0818,1.8814,1.8059,1.7290
460.0000,1.8311,1.9402,2.1112,2.0570,1.8627,1.7809,1.7242
465.0000,1.8754,1.9751,2.1235,2.0302,1.8447,1.7578,1.7160
470.0000,1.9163,2.0066,2.1276,2.0044,1.8237,1.7431,1.6946
475.0000,1.9476,2.0374,2.1240,1.9774,1.8074,1.7198,1.6998
480.0000,1.9788,2.0616,2.1140,1.9526,1.7872,1.7065,1.6915
485.0000,2.0110,2.0772,2.1003,1.9283,1.7668,1.6971,1.6811
490.0000,2.0259,2.0955,2.0777,1.9073,1.7452,1.6910,1.6702
495.0000,2.0426,2.1028,2.0555,1.8847,1.7275,1.6830,1.6646
500.0000,2.0649,2.0975,2.0353,1.8608,1.7126,1.6763,1.6575
505.0000,2.0733,2.0916,2.0113,1.8393,1.6973,1.6737,1.6448
510.0000,2.0694,2.0845,1.9858,1.8178,1.6861,1.6670,1.6400
515.0000,2.0748,2.0654,1.9650,1.7941,1.6800,1.6572,1.6384
520.0000,2.0678,2.0485,1.9407,1.7743,1.6713,1.6538,1.6273
525.0000,2.0575,2.0281,1.9179,1.7541,1.6671,1.6448,1.6265
530.0000,2.0458,2.0053,1.8957,1.7356,1.6634,1.6368,1.6239
535.0000,2.0309,1.9821,1.8726,1.7202,1.6580,1.6326,1.6155
540.0000,2.0073,1.9626,1.8479,1.7070,1.6540,1.6249,1.6164
545.0000,1.9895,1.9394,1.8250,1.6957,1.6491,1.6195,1.6141
550.0000,1.9657,1.9205,1.7998,1.6883,1.6414,1.6181,1.6073
555.0000,1.9415,1.9008,1.7766,1.6815,1.6349,1.6146,1.6060
560.0000,1.9250,1.8755,1.7584,1.6741,1.6299,1.6107,1.6052
565.0000,1.9000,1.8565,1.7380,1.6702,1.6216,1.6120,1.5970
570.0000,1.8768,1.8353,1.7221,1.6645,1.6166,1.6091,1.5980
575.0000,1.8611,1.8095,1.7118,1.6571,1.6136,1.6055,1.5986
580.0000,1.8432,1.7852,1.7029,1.6506,1.6089,1.6071,1.5893
585.0000,1.8228,1.7637,1.6958,1.6428,1.6082,1.6018,1.5956
590.0000,1.7952,1.7497,1.6862,1.6374,1.6056,1.5998,1.5969
595.0000,1.7791,1.7333,1.6795,1.6313,1.6041,1.5978,1.5981
600.0000,1.7581,1.7233,1.6698,1.6278,1.6001,1.5998,1.5946
605.0000,1.7382,1.7142,1.6615,1.6236,1.5986,1.5983,1.5980
610.0000,1.7301,1.7009,1.6562,1.6187,1.5979,1.5976,1.6001
615.0000,1.7181,1.6913,1.6494,1.6156,1.5954,1.6004,1.5977
620.0000,1.7025,1.6843,1.6427,1.6122,1.5950,1.5998,1.6024
625.0000,1.6967,1.6735,1.6387,1.6082,1.5954,1.6001,1.6058
630.0000,1.6852,1.6676,1.6320,1.6067,1.5935,1.6043,1.6045
635.0000,1.6752,1.6613,1.6269,1.6042,1.5941,1.6053,1.6100
640.0000,1.6711,1.6520,1.6240,1.6011,1.5956,1.6066,1.6145
645.0000,1.6620,1.6471,1.6188,1.6003,1.5950,1.6119,1.6139
650.0000,1.6526,1.6426,1.6146,1.5988,1.5969,1.6136,1.6214
655.0000,1.6495,1.6352,1.6124,1.5968,1.5996,1.6160,1.6278
660.0000,1.6431,1.6309,1.6084,1.5970,1.5999,1.6230,1.6278
665.0000,1.6353,1.6275,1.6051,1.5966,1.6028,1.6263,1.6356
670.0000,1.6331,1.6212,1.6040,1.5955,1.6069,1.6294,1.6439
675.0000,1.6272,1.6185,1.6006,1.5970,1.6082,1.6378,1.6447
680.0000,1.6211,1.6160,1.5984,1.5975,1.6125,1.6416,1.6561
685.0000,1.6200,1.6108,1.5980,1.5979,1.6171,1.6473,1.6640
690.0000,1.6156,1.6089,1.5958,1.6004,1.6197,1.6571,1.6654
695.0000,1.6108,1.6070,1.5948,1.6019,1.6254,1.6623,1.6778
700.0000,1.6036,1.6068,1.5934,1.6043,1.6310,1.6688,1.6886
705.0000,1.6067,1.6022,1.5942,1.6071,1.6353,1.6803,1.6898
710.0000,1.6030,1.6014,1.5943,1.6098,1.6422,1.6871,1.7020
715.0000,1.5984,1.6012,1.5946,1.6129,1.6497,1.6942,1.7134
720.0000,1.6010,1.5979,1.5972,1.6155,1.6583,1.7012,1.7246
725.0000,1.5981,1.5987,1.5973,1.6207,1.6644,1.7128,1.7303
730.0000,1.5946,1.5998,1.5985,1.6254,1.6728,1.7211,1.7411
735.0000,1.5981,1.5975,1.6021,1.6294,1.6825,1.7290,1.7523
740.0000,1.5970,1.5990,1.6036,1.6359,1.6896,1.7410,1.7577
745.0000,1.5937,1.6017,1.6056,1.6420,1.6995,1.7485,1.7717
750.0000,1.5984,1.6003,1.6106,1.6470,1.7109,1.7546,1.7884
755.0000,1.5981,1.6032,1.6130,1.6552,1.7185,1.7668,1.7995
760.0000,1.5960,1.6071,1.6160,1.6631,1.7280,1.7758,1.8213
765.0000,1.6018,1.6076,1.6209,1.6715,1.7357,1.7901,1.8374
770.0000,1.6026,1.6116,1.6244,1.6814,1.7423,1.8074,1.8529
775.0000,1.6027,1.6161,1.6290,1.6908,1.7504,1.8243,1.8734
780.0000,1.6090,1.6173,1.6363,1.6989,1.7601,1.8425,1.8939
785.0000,1.6103,1.6229,1.6417,1.7088,1.7682,1.8666,1.9073
790.0000,1.6132,1.6271,1.6496,1.7166,1.7809,1.8870,1.9273
795.0000,1.6201,1.6289,1.6603,1.7223,1.7981,1.9041,1.9531
800.0000,1.6241,1.6341,1.6687,1.7306,1.8125,1.9294,1.9659
805.0000,1.6266,1.6406,1.6781,1.7371,1.8336,1.9453,2.0007
810.0000,1.6339,1.6456,1.6877,1.7450,1.8539,1.9665,2.0264
815.0000,1.6400,1.6526,1.6956,1.7554,1.8728,1.9925,2.0452
820.0000,1.6452,1.6607,1.7035,1.7659,1.8957,2.0126,2.0809
825.0000,1.6439,1.6734,1.7083,1.7797,1.9171,2.0364,2.1143
830.0000,1.6572,1.6801,1.7153,1.7951,1.9368,2.0670,2.1388
835.0000,1.6628,1.6909,1.7206,1.8124,1.9576,2.0973,2.1664
840.0000,1.6667,1.7015,1.7271,1.8300,1.9811,2.1251,2.2010
845.0000,1.6816,1.7062,1.7378,1.8473,2.0062,2.1546,2.2341
850.0000,1.6857,1.7176,1.7453,1.8683,2.0287,2.1903,2.2599
855.0000,1.6942,1.7251,1.7572,1.8880,2.0552,2.2235,2.2869
860.0000,1.7085,1.7284,1.7739,1.9056,2.0868,2.2519,2.3189
865.0000,1.7186,1.7350,1.7897,1.9262,2.1158,2.2865,2.3393
870.0000,1.7255,1.7441,1.8068,1.9464,2.1496,2.3137,2.3701
875.0000,1.7355,1.7536,1.8245,1.9683,2.1827,2.3433,2.3906
880.0000,1.7437,1.7669,1.8409,1.9931,2.2144,2.3741,2.4018
920.0000,1.8590,1.9033,2.0051,2.2361,2.4524,2.4722,2.4355
925.0000,1.8769,1.9242,2.0307,2.2713,2.4675,2.4721,2.4109
930.0000,1.8888,1.9502,2.0565,2.3057,2.4809,2.4624,2.3913
935.0000,1.9152,1.9688,2.0892,2.3353,2.4948,2.4414,2.3776
940.0000,1.9375,1.9922,2.1200,2.3668,2.4980,2.4262,2.3446
945.0000,1.9600,2.0164,2.1530,2.3950,2.4990,2.4023,2.3173
950.0000,1.9716,2.0485,2.1831,2.4228,2.4931,2.3769,2.2822
955.0000,2.0058,2.0721,2.2180,2.4462,2.4816,2.3517,2.2333
960.0000,2.0333,2.0989,2.2538,2.4635,2.4718,2.3092,2.2158
965.0000,2.0591,2.1287,2.2870,2.4799,2.4518,2.2740,2.1778
970.0000,2.0901,2.1571,2.3205,2.4917,2.4269,2.2380,2.1356
975.0000,2.1121,2.1934,2.3481,2.5017,2.3953,2.2029,2.0883
980.0000,2.1434,2.2235,2.3788,2.5028,2.3660,2.1564,2.0594
985.0000,2.1782,2.2517,2.4073,2.5003,2.3296,2.1170,2.0178
990.0000,2.2080,2.2824,2.4314,2.4937,2.2894,2.0788,1.9738
995.0000,2.2275,2.3180,2.4495,2.4830,2.2470,2.0394,1.9321
1000.0000,2.2661,2.3413,2.4710,2.4626,2.2088,1.9926,1.9022
1005.0000,2.2977,2.3659,2.4856,2.4404,2.1645,1.9544,1.8635
1010.0000,2.3246,2.3899,2.4953,2.4138,2.1201,1.9165,1.8269
1015.0000,2.3523,2.4096,2.5020,2.3816,2.0779,1.8762,1.7972
1020.0000,2.3720,2.4321,2.4993,2.3491,2.0320,1.8429,1.7624
1025.0000,2.3941,2.4479,2.4936,2.3124,1.9879,1.8102,1.7296
1030.0000,2.4160,2.4581,2.4839,2.2726,1.9455,1.7790,1.6953
1035.0000,2.4284,2.4691,2.4662,2.2327,1.9026,1.7521,1.6542
1040.0000,2.4362,2.4752,2.4455,2.1887,1.8671,1.7156,1.6347
1045.0000,2.4512,2.4706,2.4235,2.1428,1.8331,1.6823,1.6101
1050.0000,2.4558,2.4658,2.3940,2.0993,1.7971,1.6556,1.5772
1055.0000,2.4576,2.4544,2.3629,2.0539,1.7664,1.6228,1.5605
1060.0000,2.4556,2.4376,2.3290,2.0091,1.7373,1.5906,1.5480
1065.0000,2.4433,2.4226,2.2877,1.9691,1.7042,1.5671,1.5299
1070.0000,2.4270,2.4036,2.2439,1.9309,1.6716,1.5461,1.5146
1075.0000,2.4094,2.3785,2.1996,1.8939,1.6395,1.5292,1.4985
1080.0000,2.3965,2.3445,2.1574,1.8570,1.6091,1.5156,1.4803
1085.0000,2.3661,2.3154,2.1114,1.8224,1.5808,1.5014,1.4712
1090.0000,2.3298,2.2845,2.0652,1.7893,1.5538,1.4915,1.4573
1095.0000,2.3108,2.2403,2.0266,1.7530,1.5333,1.4789,1.4473
1100.0000,2.2817,2.1972,1.9874,1.7190,1.5132,1.4714,1.4302
1105.0000,2.2412,2.1567,1.9488,1.6847,1.4996,1.4568,1.4280
1110.0000,2.2084,2.1113,1.9133,1.6514,1.4877,1.4453,1.4206
1115.0000,2.1675,2.0713,1.8751,1.6223,1.4749,1.4379,1.4081
1120.0000,2.1350,2.0259,1.8413,1.5926,1.4673,1.4259,1.4039
1125.0000,2.0929,1.9855,1.8058,1.5667,1.4596,1.4149,1.3996
1130.0000,2.0469,1.9513,1.7669,1.5463,1.4494,1.4081,1.3915
1135.0000,1.9982,1.9207,1.7271,1.5294,1.4392,1.4015,1.3853
1140.0000,1.9668,1.8815,1.6936,1.5124,1.4312,1.3939,1.3803
1145.0000,1.9292,1.8464,1.6597,1.4991,1.4214,1.3896,1.3718
1150.0000,1.8847,1.8152,1.6265,1.4879,1.4121,1.3842,1.3668
1155.0000,1.8566,1.7757,1.6011,1.4753,1.4052,1.3781,1.3616
1160.0000,1.8244,1.7387,1.5775,1.4645,1.3971,1.3751,1.3504
1165.0000,1.7884,1.7045,1.5567,1.4534,1.3921,1.3669,1.3497
1170.0000,1.7560,1.6708,1.5391,1.4429,1.3869,1.3604,1.3453
1175.0000,1.7217,1.6424,1.5211,1.4347,1.3797,1.3574,1.3350
1180.0000,1.6912,1.6144,1.5065,1.4255,1.3752,1.3504,1.3321
1185.0000,1.6621,1.5886,1.4936,1.4167,1.3711,1.3428,1.3296
1190.0000,1.6320,1.5686,1.4791,1.4106,1.3642,1.3396,1.3205
1195.0000,1.6034,1.5510,1.4658,1.4044,1.3585,1.3337,1.3174
1200.0000,1.5792,1.5335,1.4544,1.3981,1.3531,1.3280,1.3134
1205.0000,1.5630,1.5143,1.4453,1.3920,1.3466,1.3255,1.3022
1210.0000,1.5410,1.5005,1.4355,1.3860,1.3421,1.3180,1.3033
1215.0000,1.5207,1.4879,1.4263,1.3806,1.3365,1.3129,1.2994
1220.0000,1.5090,1.4728,1.4198,1.3742,1.3317,1.3076,1.2953
1225.0000,1.4944,1.4611,1.4122,1.3690,1.3253,1.3048,1.2874
1230.0000,1.4759,1.4527,1.4044,1.3636,1.3207,1.2986,1.2865
1235.0000,1.4679,1.4404,1.3994,1.3572,1.3163,1.2935,1.2832
1240.0000,1.4559,1.4321,1.3925,1.3524,1.3101,1.2911,1.2762
1245.0000,1.4447,1.4239,1.3866,1.3467,1.3056,1.2862,1.2741
1250.0000,1.4378,1.4140,1.3822,1.3402,1.3021,1.2806,1.2728
1255.0000,1.4268,1.4082,1.3754,1.3357,1.2962,1.2787,1.2671
1260.0000,1.4163,1.4027,1.3690,1.3305,1.2918,1.2744,1.2666
1265.0000,1.4117,1.3944,1.3645,1.3246,1.2882,1.2700,1.2668
1270.0000,1.4041,1.3886,1.3582,1.3202,1.2825,1.2696,1.2621
1275.0000,1.3946,1.3837,1.3524,1.3148,1.2796,1.2643,1.2708
1280.0000,1.3910,1.3760,1.3480,1.3091,1.2766,1.2609,1.2801
1285.0000,1.3841,1.3710,1.3416,1.3054,1.2708,1.2633,1.2866
1290.0000,1.3761,1.3665,1.3354,1.3013,1.2663,1.2653,1.3019
1295.0000,1.3728,1.3591,1.3310,1.2963,1.2629,1.2692,1.3234
1300.0000,1.3660,1.3547,1.3246,1.2932,1.2571,1.2807,1.3445
1305.0000,1.3587,1.3501,1.3188,1.2892,1.2537,1.2933,1.3788
1310.0000,1.3557,1.3432,1.3140,1.2857,1.2492,1.3167,1.4068
1315.0000,1.3491,1.3388,1.3084,1.2821,1.2470,1.3448,1.4396
1320.0000,1.3422,1.3337,1.3043,1.2766,1.2505,1.3734,1.4887
1325.0000,1.3350,1.3285,1.3010,1.2702,1.2587,1.4064,1.5464
1330.0000,1.3341,1.3206,1.2985,1.2646,1.2683,1.4517,1.5993
1335.0000,1.3278,1.3159,1.2944,1.2601,1.2821,1.5051,1.6494
1340.0000,1.3216,1.3107,1.2915,1.2541,1.3059,1.5566,1.7165
1345.0000,1.3188,1.3041,1.2892,1.2489,1.3363,1.6133,1.7869
1350.0000,1.3142,1.2995,1.2847,1.2475,1.3704,1.6796,1.8533
1355.0000,1.3062,1.2976,1.2777,1.2504,1.4087,1.7551,1.9052
1360.0000,1.3039,1.2920,1.2738,1.2530,1.4605,1.8226,1.9691
1365.0000,1.2981,1.2897,1.2667,1.2625,1.5151,1.8976,2.0180
1370.0000,1.2920,1.2867,1.2612,1.2745,1.5811,1.9624,2.0771
1410.0000,1.2659,1.2713,1.2806,1.6209,2.1776,2.2358,2.1674
1415.0000,1.2616,1.2790,1.2997,1.6963,2.2309,2.2184,2.1610
1420.0000,1.2691,1.2841,1.3278,1.7760,2.2690,2.2000,2.1375
1425.0000,1.2717,1.2969,1.3610,1.8592,2.2923,2.1770,2.1093
1430.0000,1.2717,1.3167,1.4009,1.9429,2.3012,2.1504,2.0771
1435.0000,1.2914,1.3304,1.4558,2.0194,2.3011,2.1159,2.0511
1440.0000,1.3075,1.3528,1.5168,2.0920,2.2865,2.0834,2.0218
1445.0000,1.3284,1.3793,1.5867,2.1559,2.2613,2.0524,1.9874
1450.0000,1.3422,1.4182,1.6599,2.2110,2.2266,2.0234,1.9515
1455.0000,1.3796,1.4547,1.7423,2.2519,2.1874,1.9956,1.9120
1460.0000,1.4194,1.4974,1.8288,2.2777,2.1494,1.9595,1.8953
1465.0000,1.4664,1.5460,1.9146,2.2917,2.1067,1.9312,1.8671
1470.0000,1.5065,1.6066,1.9946,2.2943,2.0638,1.9040,1.8413
1475.0000,1.5510,1.6758,2.0660,2.2875,2.0193,1.8826,1.8099
1480.0000,1.6139,1.7400,2.1352,2.2658,1.9842,1.8515,1.8005
1485.0000,1.6706,1.8118,2.1902,2.2391,1.9476,1.8287,1.7837
1490.0000,1.7362,1.8803,2.2348,2.2062,1.9126,1.8111,1.7624
1495.0000,1.7826,1.9593,2.2604,2.1714,1.8803,1.7930,1.7494
1500.0000,1.8550,2.0213,2.2803,2.1302,1.8547,1.7733,1.7411
1505.0000,1.9207,2.0790,2.2862,2.0898,1.8283,1.7616,1.7250
1510.0000,1.9802,2.1292,2.2814,2.0487,1.8067,1.7482,1.7155
1515.0000,2.0381,2.1678,2.2685,2.0077,1.7886,1.7358,1.7054
1520.0000,2.0759,2.2076,2.2402,1.9731,1.7682,1.7302,1.6861
1525.0000,2.1189,2.2276,2.2119,1.9360,1.7567,1.7151,1.6855
1530.0000,2.1586,2.2336,2.1807,1.9012,1.7462,1.7035,1.6784
1535.0000,2.1830,2.2338,2.1436,1.8715,1.7343,1.6965,1.6641
1540.0000,2.1895,2.2308,2.1020,1.8455,1.7247,1.6861,1.6584
1545.0000,2.2025,2.2115,2.0648,1.8199,1.7183,1.6738,1.6547
1550.0000,2.2000,2.1910,2.0241,1.8002,1.7083,1.6673,1.6431
1555.0000,2.1911,2.1642,1.9858,1.7822,1.7003,1.6577,1.6388
1560.0000,2.1783,2.1313,1.9508,1.7659,1.6930,1.6483,1.6345
1565.0000,2.1542,2.1011,1.9146,1.7543,1.6822,1.6437,1.6244
1570.0000,2.1250,2.0697,1.8814,1.7438,1.6726,1.6373,1.6190
1575.0000,2.0981,2.0339,1.8536,1.7334,1.6639,1.6308,1.6134
1580.0000,2.0738,1.9951,1.8305,1.7236,1.6543,1.6282,1.5993
1585.0000,2.0385,1.9626,1.8086,1.7140,1.6476,1.6193,1.6006
1590.0000,2.0020,1.9322,1.7890,1.7053,1.6400,1.6133,1.5963
1595.0000,1.9759,1.8988,1.7746,1.6954,1.6338,1.6069,1.5913
1600.0000,1.9487,1.8683,1.7617,1.6864,1.6266,1.6034,1.5816
1605.0000,1.9123,1.8458,1.7482,1.6778,1.6212,1.5958,1.5802
1610.0000,1.8880,1.8213,1.7380,1.6686,1.6161,1.5897,1.5756
1615.0000,1.8598,1.8038,1.7255,1.6619,1.6087,1.5869,1.5663
1620.0000,1.8366,1.7861,1.7155,1.6540,1.6038,1.5805,1.5628
1625.0000,1.8186,1.7680,1.7076,1.6454,1.5999,1.5733,1.5599
1630.0000,1.7963,1.7562,1.6965,1.6397,1.5930,1.5703,1.5510
1635.0000,1.7758,1.7454,1.6864,1.6335,1.5877,1.5645,1.5473
1640.0000,1.7648,1.7312,1.6791,1.6263,1.5833,1.5585,1.5425
1645.0000,1.7512,1.7200,1.6705,1.6209,1.5767,1.5560,1.5310
1650.0000,1.7348,1.7113,1.6620,1.6148,1.5727,1.5480,1.5305
1655.0000,1.7264,1.6993,1.6558,1.6083,1.5684,1.5415,1.5258
1660.0000,1.7140,1.6914,1.6472,1.6039,1.5614,1.5388,1.5146
1665.0000,1.7034,1.6826,1.6404,1.5982,1.5568,1.5319,1.5107
1670.0000,1.6961,1.6719,1.6353,1.5917,1.5532,1.5237,1.5078
1675.0000,1.6855,1.6651,1.6278,1.5875,1.5462,1.5202,1.4969
1680.0000,1.6744,1.6589,1.6208,1.5826,1.5409,1.5133,1.4930
1685.0000,1.6626,1.6532,1.6141,1.5776,1.5357,1.5057,1.4894
1690.0000,1.6606,1.6431,1.6095,1.5724,1.5291,1.5017,1.4789
1695.0000,1.6511,1.6374,1.6033,1.5675,1.5232,1.4949,1.4745
1700.0000,1.6405,1.6324,1.5972,1.5626,1.5172,1.4882,1.4690
1705.0000,1.6390,1.6232,1.5929,1.5573,1.5099,1.4851,1.4550
1710.0000,1.6303,1.6180,1.5877,1.5514,1.5052,1.4754,1.4562
1715.0000,1.6207,1.6135,1.5819,1.5462,1.4989,1.4687,1.4512
1720.0000,1.6191,1.6053,1.5782,1.5397,1.4932,1.4618,1.4456
1725.0000,1.6122,1.6004,1.5724,1.5347,1.4855,1.4578,1.4357
1730.0000,1.6034,1.5961,1.5670,1.5286,1.4801,1.4494,1.4338
1735.0000,1.6017,1.5884,1.5633,1.5219,1.4743,1.4428,1.4289
1740.0000,1.5948,1.5842,1.5570,1.5167,1.4664,1.4391,1.4201
1745.0000,1.5870,1.5803,1.5510,1.5108,1.4600,1.4329,1.4158
1750.0000,1.5855,1.5725,1.5472,1.5034,1.4549,1.4256,1.4127
1755.0000,1.5787,1.5685,1.5406,1.4979,1.4473,1.4223,1.4043
1760.0000,1.5712,1.5644,1.5344,1.4917,1.4412,1.4165,1.4009
1765.0000,1.5692,1.5571,1.5298,1.4845,1.4359,1.4107,1.3964
1770.0000,1.5634,1.5522,1.5232,1.4788,1.4286,1.4085,1.3861
1775.0000,1.5559,1.5476,1.5171,1.4719,1.4242,1.4009,1.3865
1780.0000,1.5533,1.5401,1.5122,1.4646,1.4195,1.3952,1.3831
1785.0000,1.5469,1.5354,1.5051,1.4591,1.4127,1.3930,1.3740
1790.0000,1.5402,1.5301,1.4986,1.4527,1.4080,1.3873,1.3719
1795.0000,1.5369,1.5224,1.4935,1.4456,1.4043,1.3809,1.3704
1800.0000,1.5301,1.5175,1.4860,1.4405,1.3979,1.3790,1.3621
1805.0000,1.5222,1.5128,1.4788,1.4349,1.3931,1.3740,1.3605
1810.0000,1.5129,1.5084,1.4715,1.4294,1.3887,1.3689,1.3588
1815.0000,1.5125,1.4994,1.4662,1.4237,1.3833,1.3671,1.3509
1820.0000,1.5047,1.4941,1.4593,1.4184,1.3790,1.3628,1.3491
1825.0000,1.4956,1.4891,1.4524,1.4133,1.3747,1.3586,1.3464
1830.0000,1.4944,1.4801,1.4473,1.4081,1.3695,1.3579,1.3358
1835.0000,1.4864,1.4744,1.4414,1.4025,1.3669,1.3514,1.3385
1840.0000,1.4774,1.4693,1.4350,1.3976,1.3633,1.3472,1.3364
1845.0000,1.4752,1.4608,1.4306,1.3921,1.3603,1.3429,1.3336
1850.0000,1.4684,1.4552,1.4243,1.3880,1.3555,1.3414,1.3268
1855.0000,1.4591,1.4505,1.4183,1.3834,1.3527,1.3362,1.3268
1860.0000,1.4567,1.4424,1.4142,1.3784,1.3497,1.3322,1.3243
1865.0000,1.4493,1.4378,1.4078,1.3752,1.3448,1.3310,1.3182
1870.0000,1.4414,1.4332,1.4021,1.3714,1.3414,1.3273,1.3163
1875.0000,1.4392,1.4253,1.3985,1.3665,1.3390,1.3227,1.3151
1880.0000,1.4321,1.4209,1.3927,1.3635,1.3344,1.3216,1.3090
1885.0000,1.4244,1.4166,1.3876,1.3599,1.3312,1.3179,1.3080
1890.0000,1.4219,1.4094,1.3842,1.3555,1.3286,1.3141,1.3063
1895.0000,1.4163,1.4046,1.3793,1.3526,1.3240,1.3137,1.2990
1900.0000,1.4091,1.4004,1.3750,1.3487,1.3218,1.3089,1.3009
1905.0000,1.4063,1.3938,1.3720,1.3445,1.3193,1.3056,1.2997
1910.0000,1.4004,1.3901,1.3672,1.3419,1.3147,1.3056,1.2933
1915.0000,1.3945,1.3861,1.3631,1.3384,1.3121,1.3024,1.2933
1920.0000,1.3919,1.3800,1.3605,1.3342,1.3102,1.2989,1.2932
1925.0000,1.3863,1.3768,1.3559,1.3317,1.3060,1.2992,1.2868
1930.0000,1.3802,1.3737,1.3518,1.3285,1.3036,1.2965,1.2870
1935.0000,1.3727,1.3713,1.3474,1.3255,1.3013,1.2941,1.2860
1940.0000,1.3735,1.3649,1.3448,1.3222,1.2980,1.2949,1.2772
1945.0000,1.3682,1.3614,1.3415,1.3185,1.2972,1.2903,1.2808
1950.0000,1.3614,1.3590,1.3375,1.3156,1.2954,1.2876,1.2800
1955.0000,1.3618,1.3531,1.3349,1.3127,1.2926,1.2881,1.2719
1960.0000,1.3566,1.3502,1.3315,1.3096,1.2918,1.2836,1.2752
1965.0000,1.3503,1.3479,1.3275,1.3072,1.2900,1.2811,1.2743
1970.0000,1.3503,1.3425,1.3252,1.3042,1.2887,1.2785,1.2727
1975.0000,1.3456,1.3401,1.3210,1.3027,1.2855,1.2784,1.2673
1980.0000,1.3394,1.3380,1.3172,1.3006,1.2841,1.2749,1.2681
1985.0000,1.3398,1.3324,1.3154,1.2978,1.2828,1.2720,1.2671
1990.0000,1.3353,1.3301,1.3116,1.2967,1.2795,1.2719,1.2622
1995.0000,1.3301,1.3277,1.3085,1.2948,1.2776,1.2692,1.2621
2000.0000,1.3302,1.3222,1.3073,1.2920,1.2765,1.2660,1.2620
2005.0000,1.3260,1.3198,1.3043,1.2907,1.2732,1.2660,1.2577
2010.0000,1.3210,1.3176,1.3016,1.2888,1.2713,1.2636,1.2581
2015.0000,1.3204,1.3131,1.3004,1.2862,1.2697,1.2614,1.2577
2020.0000,1.3168,1.3110,1.2977,1.2850,1.2663,1.2624,1.2522
2025.0000,1.3120,1.3092,1.2954,1.2827,1.2649,1.2596,1.2544
2030.0000,1.3117,1.3052,1.2945,1.2800,1.2637,1.2578,1.2542
2035.0000,1.3082,1.3037,1.2917,1.2787,1.2605,1.2592,1.2487
2040.0000,1.3043,1.3022,1.2895,1.2764,1.2593,1.2572,1.2499
2045.0000,1.3042,1.2983,1.2888,1.2734,1.2590,1.2548,1.2507
2050.0000,1.3012,1.2968,1.2861,1.2719,1.2565,1.2561,1.2450
2055.0000,1.2978,1.2953,1.2840,1.2696,1.2559,1.2540,1.2461
2060.0000,1.2926,1.2947,1.2813,1.2677,1.2552,1.2521,1.2460
2065.0000,1.2948,1.2906,1.2799,1.2659,1.2533,1.2535,1.2384
2070.0000,1.2915,1.2892,1.2778,1.2637,1.2537,1.2496,1.2423
2075.0000,1.2869,1.2885,1.2749,1.2623,1.2529,1.2476,1.2421
2080.0000,1.2884,1.2849,1.2731,1.2612,1.2508,1.2487,1.2350
2085.0000,1.2852,1.2836,1.2706,1.2597,1.2507,1.2451,1.2384
2090.0000,1.2808,1.2827,1.2679,1.2588,1.2496,1.2431,1.2383
2095.0000,1.2824,1.2786,1.2670,1.2573,1.2488,1.2411,1.2377
2100.0000,1.2794,1.2773,1.2642,1.2571,1.2462,1.2416,1.2335
2105.0000,1.2751,1.2761,1.2622,1.2561,1.2452,1.2390,1.2348
2110.0000,1.2765,1.2719,1.2619,1.2545,1.2442,1.2372,1.2344
2115.0000,1.2734,1.2707,1.2598,1.2542,1.2415,1.2379,1.2304
2120.0000,1.2693,1.2698,1.2581,1.2532,1.2401,1.2362,1.2310
2125.0000,1.2705,1.2658,1.2584,1.2511,1.2396,1.2341,1.2314
2130.0000,1.2679,1.2647,1.2569,1.2504,1.2371,1.2349,1.2275
2135.0000,1.2645,1.2638,1.2557,1.2489,1.2361,1.2332,1.2286
2140.0000,1.2650,1.2609,1.2557,1.2467,1.2357,1.2314,1.2291
2145.0000,1.2626,1.2603,1.2540,1.2460,1.2332,1.2330,1.2244
2150.0000,1.2596,1.2598,1.2528,1.2443,1.2328,1.2306,1.2274
2155.0000,1.2604,1.2572,1.2526,1.2422,1.2325,1.2294,1.2281
2160.0000,1.2584,1.2569,1.2505,1.2415,1.2301,1.2313,1.2237
2165.0000,1.2554,1.2569,1.2487,1.2402,1.2296,1.2300,1.2259
2170.0000,1.2567,1.2542,1.2484,1.2381,1.2297,1.2286,1.2274
2175.0000,1.2549,1.2538,1.2462,1.2376,1.2278,1.2307,1.2230
2180.0000,1.2527,1.2531,1.2446,1.2363,1.2277,1.2296,1.2255
2185.0000,1.2483,1.2534,1.2424,1.2353,1.2274,1.2288,1.2269
2190.0000,1.2516,1.2499,1.2418,1.2342,1.2262,1.2314,1.2212
2195.0000,1.2493,1.2490,1.2404,1.2329,1.2269,1.2293,1.2258
2200.0000,1.2459,1.2486,1.2386,1.2320,1.2270,1.2288,1.2272
2205.0000,1.2480,1.2453,1.2383,1.2306,1.2276,1.2282,1.2280
2210.0000,1.2455,1.2449,1.2362,1.2306,1.2265,1.2303,1.2250
2215.0000,1.2420,1.2444,1.2346,1.2300,1.2270,1.2292,1.2271
2220.0000,1.2439,1.2412,1.2345,1.2289,1.2278,1.2287,1.2276
2225.0000,1.2413,1.2410,1.2325,1.2293,1.2267,1.2307,1.2243
2230.0000,1.2379,1.2406,1.2311,1.2290,1.2275,1.2294,1.2262
2235.0000,1.2399,1.2374,1.2314,1.2281,1.2285,1.2284,1.2265
2240.0000,1.2378,1.2369,1.2298,1.2286,1.2275,1.2300,1.2229
2245.0000,1.2344,1.2368,1.2286,1.2287,1.2280,1.2288,1.2241
2250.0000,1.2364,1.2337,1.2293,1.2279,1.2292,1.2269,1.2250
2255.0000,1.2345,1.2334,1.2282,1.2286,1.2282,1.2280,1.2215
2260.0000,1.2319,1.2332,1.2275,1.2288,1.2284,1.2265,1.2229
2265.0000,1.2331,1.2310,1.2280,1.2285,1.2287,1.2250,1.2235
2270.0000,1.2313,1.2313,1.2268,1.2297,1.2269,1.2267,1.2191
2275.0000,1.2289,1.2315,1.2264,1.2299,1.2269,1.2247,1.2217
2280.0000,1.2306,1.2294,1.2273,1.2295,1.2267,1.2236,1.2224
2285.0000,1.2294,1.2295,1.2267,1.2304,1.2246,1.2255,1.2180
2290.0000,1.2272,1.2301,1.2264,1.2305,1.2241,1.2243,1.2203
2295.0000,1.2291,1.2281,1.2279,1.2295,1.2244,1.2227,1.2221
2300.0000,1.2282,1.2284,1.2276,1.2299,1.2224,1.2248,1.2180
2305.0000,1.2270,1.2286,1.2279,1.2293,1.2222,1.2238,1.2206
2310.0000,1.2232,1.2302,1.2274,1.2290,1.2217,1.2235,1.2218
2315.0000,1.2274,1.2282,1.2284,1.2284,1.2203,1.2263,1.2160
2320.0000,1.2264,1.2287,1.2286,1.2272,1.2211,1.2243,1.2209
2325.0000,1.2246,1.2297,1.2283,1.2265,1.2212,1.2239,1.2224
2330.0000,1.2276,1.2281,1.2293,1.2251,1.2219,1.2234,1.2234
2335.0000,1.2263,1.2295,1.2280,1.2252,1.2208,1.2256,1.2204
2340.0000,1.2244,1.2305,1.2273,1.2244,1.2215,1.2246,1.2230
2345.0000,1.2278,1.2287,1.2278,1.2232,1.2225,1.2242,1.2238
2350.0000,1.2271,1.2294,1.2265,1.2235,1.2217,1.2262,1.2208
2355.0000,1.2246,1.2305,1.2252,1.2233,1.2224,1.2253,1.2227
2360.0000,1.2279,1.2283,1.2257,1.2223,1.2236,1.2246,1.2232
2365.0000,1.2270,1.2286,1.2243,1.2229,1.2229,1.2264,1.2198
2370.0000,1.2244,1.2294,1.2231,1.2231,1.2235,1.2253,1.2213
2375.0000,1.2273,1.2269,1.2237,1.2224,1.2248,1.2238,1.2223
2380.0000,1.2261,1.2271,1.2225,1.2233,1.2240,1.2251,1.2190
2385.0000,1.2242,1.2272,1.2217,1.2236,1.2244,1.2238,1.2204
2390.0000,1.2260,1.2252,1.2223,1.2234,1.2250,1.2226,1.2211
2395.0000,1.2247,1.2255,1.2212,1.2247,1.2234,1.2244,1.2166
2400.0000,1.2228,1.2255,1.2209,1.2249,1.2238,1.2223,1.2198
2405.0000,1.2246,1.2235,1.2219,1.2248,1.2240,1.2212,1.2207
2410.0000,1.2236,1.2237,1.2213,1.2259,1.2221,1.2232,1.2167
2415.0000,1.2213,1.2244,1.2211,1.2262,1.2217,1.2222,1.2190
2420.0000,1.2233,1.2225,1.2225,1.2256,1.2220,1.2210,1.2207
2425.0000,1.2224,1.2230,1.2222,1.2262,1.2201,1.2233,1.2168
2430.0000,1.2212,1.2234,1.2226,1.2259,1.2200,1.2224,1.2198
2435.0000,1.2179,1.2248,1.2225,1.2257,1.2198,1.2221,1.2216
2440.0000,1.2221,1.2229,1.2237,1.2254,1.2184,1.2250,1.2164
2445.0000,1.2212,1.2234,1.2241,1.2244,1.2192,1.2236,1.2215
2450.0000,1.2192,1.2246,1.2240,1.2239,1.2194,1.2235,1.2234
2455.0000,1.2224,1.2231,1.2252,1.2227,1.2202,1.2236,1.2248
2460.0000,1.2213,1.2246,1.2243,1.2229,1.2193,1.2263,1.2223
2465.0000,1.2195,1.2258,1.2238,1.2223,1.2202,1.2258,1.2251
2470.0000,1.2230,1.2242,1.2246,1.2211,1.2215,1.2258,1.2266
2475.0000,1.2224,1.2251,1.2235,1.2215,1.2211,1.2284,1.2240
2480.0000,1.2203,1.2264,1.2225,1.2212,1.2224,1.2277,1.2270
2485.0000,1.2237,1.2244,1.2232,1.2204,1.2240,1.2274,1.2285
2490.0000,1.2229,1.2250,1.2219,1.2211,1.2238,1.2298,1.2262
2495.0000,1.2203,1.2262,1.2207,1.2216,1.2248,1.2296,1.2285
2500.0000,1.2236,1.2239,1.2213,1.2212,1.2263,1.2294,1.2299
2505.0000,1.2226,1.2243,1.2201,1.2225,1.2260,1.2317,1.2272
2510.0000,1.2209,1.2246,1.2195,1.2231,1.2270,1.2314,1.2293
2515.0000,1.2230,1.2226,1.2202,1.2232,1.2284,1.2309,1.2307
2520.0000,1.2218,1.2231,1.2193,1.2248,1.2276,1.2336,1.2266
2525.0000,1.2201,1.2232,1.2192,1.2253,1.2290,1.2323,1.2302
2530.0000,1.2220,1.2213,1.2204,1.2255,1.2302,1.2317,1.2316
2535.0000,1.2211,1.2217,1.2201,1.2271,1.2293,1.2343,1.2276
2540.0000,1.2193,1.2223,1.2203,1.2278,1.2301,1.2335,1.2303
2545.0000,1.2213,1.2206,1.2219,1.2278,1.2313,1.2325,1.2322
2550.0000,1.2206,1.2212,1.2220,1.2292,1.2304,1.2349,1.2283
2555.0000,1.2194,1.2219,1.2226,1.2298,1.2311,1.2340,1.2312
2560.0000,1.2158,1.2241,1.2224,1.2307,1.2313,1.2337,1.2328
2565.0000,1.2204,1.2224,1.2239,1.2314,1.2304,1.2366,1.2273
2570.0000,1.2197,1.2234,1.2247,1.2315,1.2314,1.2350,1.2321
2575.0000,1.2182,1.2247,1.2252,1.2320,1.2318,1.2347,1.2339
2580.0000,1.2219,1.2235,1.2271,1.2316,1.2327,1.2343,1.2352
2585.0000,1.2211,1.2252,1.2269,1.2327,1.2317,1.2366,1.2327
2590.0000,1.2200,1.2266,1.2275,1.2328,1.2325,1.2359,1.2355
2595.0000,1.2236,1.2253,1.2293,1.2323,1.2334,1.2358,1.2367
2600.0000,1.2235,1.2267,1.2292,1.2331,1.2326,1.2382,1.2342
2605.0000,1.2215,1.2288,1.2291,1.2335,1.2331,1.2381,1.2364
2610.0000,1.2254,1.2276,1.2307,1.2328,1.2345,1.2376,1.2381
2615.0000,1.2252,1.2290,1.2304,1.2336,1.2339,1.2400,1.2354
2620.0000,1.2233,1.2310,1.2301,1.2340,1.2346,1.2397,1.2378
2625.0000,1.2274,1.2295,1.2316,1.2333,1.2362,1.2391,1.2396
2630.0000,1.2274,1.2306,1.2313,1.2342,1.2358,1.2413,1.2370
2635.0000,1.2267,1.2315,1.2313,1.2344,1.2368,1.2408,1.2396
2640.0000,1.2293,1.2305,1.2324,1.2342,1.2381,1.2404,1.2412
2645.0000,1.2287,1.2320,1.2315,1.2355,1.2372,1.2433,1.2375
2650.0000,1.2277,1.2330,1.2314,1.2359,1.2384,1.2423,1.2412
2655.0000,1.2305,1.2317,1.2326,1.2358,1.2395,1.2420,1.2429
2660.0000,1.2303,1.2326,1.2320,1.2372,1.2386,1.2450,1.2393
2665.0000,1.2288,1.2338,1.2319,1.2378,1.2394,1.2445,1.2425
2670.0000,1.2315,1.2324,1.2333,1.2376,1.2407,1.2440,1.2449
2675.0000,1.2312,1.2331,1.2330,1.2389,1.2399,1.2469,1.2413
2680.0000,1.2305,1.2338,1.2334,1.2393,1.2408,1.2466,1.2446
2685.0000,1.2272,1.2357,1.2332,1.2401,1.2415,1.2468,1.2466
2690.0000,1.2319,1.2338,1.2345,1.2406,1.2410,1.2502,1.2413
2695.0000,1.2314,1.2344,1.2352,1.2406,1.2427,1.2489,1.2465
2700.0000,1.2298,1.2356,1.2355,1.2410,1.2437,1.2488,1.2488
2705.0000,1.2332,1.2342,1.2372,1.2408,1.2452,1.2488,1.2504
2710.0000,1.2320,1.2359,1.2367,1.2421,1.2447,1.2515,1.2481
2715.0000,1.2305,1.2374,1.2368,1.2426,1.2459,1.2510,1.2512
2720.0000,1.2342,1.2360,1.2385,1.2425,1.2474,1.2510,1.2531
2725.0000,1.2340,1.2372,1.2382,1.2438,1.2470,1.2537,1.2511
2730.0000,1.2319,1.2391,1.2380,1.2446,1.2479,1.2539,1.2538
2735.0000,1.2358,1.2376,1.2397,1.2445,1.2494,1.2539,1.2557
2740.0000,1.2355,1.2388,1.2395,1.2459,1.2490,1.2567,1.2535
2745.0000,1.2346,1.2399,1.2398,1.2466,1.2501,1.2570,1.2561
2750.0000,1.2374,1.2388,1.2414,1.2466,1.2518,1.2569,1.2579
2755.0000,1.2370,1.2402,1.2412,1.2480,1.2516,1.2597,1.2553
2760.0000,1.2363,1.2412,1.2418,1.2485,1.2531,1.2594,1.2583
2765.0000,1.2390,1.2402,1.2434,1.2485,1.2548,1.2592,1.2602
2770.0000,1.2385,1.2416,1.2432,1.2501,1.2544,1.2624,1.2566
2775.0000,1.2379,1.2427,1.2438,1.2507,1.2561,1.2615,1.2604
2780.0000,1.2405,1.2418,1.2454,1.2509,1.2578,1.2613,1.2622
2785.0000,1.2404,1.2432,1.2452,1.2526,1.2572,1.2643,1.2586
2790.0000,1.2391,1.2449,1.2454,1.2536,1.2585,1.2638,1.2621
2795.0000,1.2421,1.2440,1.2471,1.2539,1.2601,1.2633,1.2647
2800.0000,1.2422,1.2453,1.2471,1.2556,1.2594,1.2662,1.2614
2805.0000,1.2418,1.2465,1.2477,1.2565,1.2605,1.2658,1.2657
2810.0000,1.2388,1.2489,1.2477,1.2577,1.2612,1.2660,1.2689
2815.0000,1.2442,1.2474,1.2493,1.2588,1.2606,1.2697,1.2652
2820.0000,1.2441,1.2484,1.2503,1.2593,1.2621,1.2690,1.2726
2825.0000,1.2430,1.2497,1.2511,1.2600,1.2631,1.2694,1.2789
2830.0000,1.2468,1.2486,1.2533,1.2599,1.2646,1.2701,1.2863
2835.0000,1.2460,1.2506,1.2533,1.2616,1.2638,1.2749,1.2910
2840.0000,1.2449,1.2524,1.2538,1.2624,1.2644,1.2781,1.3022
2845.0000,1.2489,1.2513,1.2559,1.2623,1.2659,1.2821,1.3162
2850.0000,1.2488,1.2531,1.2559,1.2638,1.2653,1.2912,1.3286
2855.0000,1.2467,1.2556,1.2561,1.2646,1.2666,1.2991,1.3518
2860.0000,1.2512,1.2548,1.2575,1.2653,1.2672,1.3133,1.3712
2865.0000,1.2513,1.2564,1.2576,1.2665,1.2681,1.3312,1.3926
2870.0000,1.2509,1.2577,1.2585,1.2666,1.2723,1.3490,1.4244
2875.0000,1.2543,1.2567,1.2606,1.2660,1.2784,1.3709,1.4588
2880.0000,1.2543,1.2582,1.2609,1.2668,1.2845,1.4003,1.4909
2885.0000,1.2536,1.2598,1.2611,1.2677,1.2931,1.4348,1.5197
2890.0000,1.2569,1.2585,1.2638,1.2665,1.3085,1.4674,1.5570
2895.0000,1.2570,1.2598,1.2642,1.2676,1.3249,1.5077,1.5858
2900.0000,1.2573,1.2604,1.2655,1.2681,1.3480,1.5461,1.6174
2905.0000,1.2596,1.2593,1.2682,1.2681,1.3784,1.5807,1.6530
2910.0000,1.2602,1.2602,1.2683,1.2723,1.4091,1.6219,1.6740
2915.0000,1.2600,1.2614,1.2689,1.2774,1.4474,1.6540,1.7074
2920.0000,1.2616,1.2620,1.2687,1.2865,1.4869,1.6882,1.7269
2925.0000,1.2617,1.2643,1.2667,1.3008,1.5267,1.7224,1.7330
2930.0000,1.2612,1.2665,1.2658,1.3174,1.5718,1.7446,1.7492
2935.0000,1.2572,1.2705,1.2645,1.3390,1.6169,1.7611,1.7599
2940.0000,1.2631,1.2704,1.2650,1.3663,1.6575,1.7791,1.7505
2945.0000,1.2624,1.2732,1.2668,1.3968,1.6995,1.7820,1.7576
2950.0000,1.2605,1.2768,1.2705,1.4323,1.7362,1.7815,1.7558
2955.0000,1.2673,1.2763,1.2794,1.4705,1.7679,1.7762,1.7494
2960.0000,1.2661,1.2820,1.2883,1.5142,1.7899,1.7706,1.7357
2965.0000,1.2664,1.2872,1.3030,1.5579,1.8077,1.7565,1.7301
2970.0000,1.2757,1.2895,1.3245,1.6018,1.8170,1.7434,1.7183
2975.0000,1.2797,1.2973,1.3490,1.6457,1.8181,1.7295,1.7066
2980.0000,1.2806,1.3102,1.3769,1.6880,1.8114,1.7167,1.6930
2985.0000,1.2948,1.3194,1.4132,1.7242,1.8011,1.7023,1.6824
2990.0000,1.3057,1.3349,1.4520,1.7561,1.7849,1.6903,1.6714
2995.0000,1.3194,1.3531,1.4947,1.7814,1.7660,1.6793,1.6614
3000.0000,1.3365,1.3746,1.5400,1.7994,1.7456,1.6698,1.6520
3005.0000,1.3531,1.4032,1.5836,1.8119,1.7225,1.6650,1.6376
3010.0000,1.3795,1.4300,1.6304,1.8141,1.7047,1.6543,1.6374
3015.0000,1.4042,1.4621,1.6734,1.8108,1.6870,1.6474,1.6335
3020.0000,1.4352,1.4947,1.7134,1.8021,1.6698,1.6456,1.6223
3025.0000,1.4620,1.5337,1.7461,1.7887,1.6577,1.6383,1.6253
3030.0000,1.4940,1.5726,1.7725,1.7724,1.6471,1.6339,1.6249
3035.0000,1.5290,1.6106,1.7916,1.7552,1.6365,1.6350,1.6159
3040.0000,1.5549,1.6528,1.8008,1.7375,1.6298,1.6315,1.6190
3045.0000,1.5947,1.6842,1.8076,1.7174,1.6270,1.6271,1.6227
3050.0000,1.6288,1.7141,1.8058,1.7005,1.6223,1.6291,1.6164
3055.0000,1.6594,1.7387,1.7997,1.6836,1.6216,1.6262,1.6215
3060.0000,1.6751,1.7642,1.7857,1.6705,1.6202,1.6252,1.6244
3065.0000,1.7094,1.7739,1.7730,1.6580,1.6188,1.6283,1.6184
3070.0000,1.7285,1.7827,1.7564,1.6475,1.6201,1.6261,1.6259
3075.0000,1.7415,1.7861,1.7386,1.6394,1.6208,1.6260,1.6297
3080.0000,1.7579,1.7805,1.7228,1.6321,1.6224,1.6263,1.6330
3085.0000,1.7608,1.7764,1.7040,1.6289,1.6213,1.6303,1.6322
3090.0000,1.7589,1.7686,1.6872,1.6260,1.6221,1.6314,1.6369
3095.0000,1.7623,1.7531,1.6748,1.6228,1.6240,1.6327,1.6411
3100.0000,1.7551,1.7408,1.6612,1.6226,1.6235,1.6379,1.6407
3105.0000,1.7462,1.7265,1.6506,1.6218,1.6253,1.6397,1.6472
3110.0000,1.7392,1.7095,1.6435,1.6208,1.6277,1.6421,1.6522
3115.0000,1.7259,1.6965,1.6356,1.6220,1.6280,1.6483,1.6524
3120.0000,1.7111,1.6847,1.6298,1.6224,1.6306,1.6508,1.6605
3125.0000,1.7016,1.6710,1.6271,1.6223,1.6341,1.6538,1.6683
3130.0000,1.6903,1.6602,1.6240,1.6239,1.6353,1.6615,1.6695
3135.0000,1.6760,1.6527,1.6215,1.6251,1.6389,1.6654,1.6793
3140.0000,1.6681,1.6435,1.6215,1.6256,1.6434,1.6697,1.6893
3145.0000,1.6576,1.6389,1.6195,1.6284,1.6451,1.6795,1.6922
3150.0000,1.6484,1.6348,1.6192,1.6301,1.6500,1.6849,1.7052
3155.0000,1.6444,1.6290,1.6209,1.6310,1.6560,1.6907,1.7189
3160.0000,1.6376,1.6275,1.6203,1.6345,1.6591,1.7026,1.7256
3165.0000,1.6313,1.6265,1.6208,1.6370,1.6653,1.7104,1.7448
3170.0000,1.6306,1.6234,1.6230,1.6394,1.6716,1.7215,1.7604
3175.0000,1.6269,1.6239,1.6231,1.6439,1.6760,1.7376,1.7709
3180.0000,1.6237,1.6244,1.6246,1.6471,1.6843,1.7496,1.7953
3185.0000,1.6180,1.6268,1.6255,1.6512,1.6927,1.7644,1.8194
3190.0000,1.6234,1.6247,1.6285,1.6557,1.7003,1.7861,1.8353
3195.0000,1.6219,1.6264,1.6304,1.6604,1.7106,1.8062,1.8591
3200.0000,1.6197,1.6285,1.6330,1.6650,1.7234,1.8262,1.8866
3205.0000,1.6247,1.6274,1.6377,1.6693,1.7382,1.8486,1.9131
3210.0000,1.6241,1.6305,1.6399,1.6762,1.7522,1.8764,1.9343
3215.0000,1.6232,1.6337,1.6428,1.6832,1.7691,1.9044,1.9538
3220.0000,1.6290,1.6333,1.6487,1.6892,1.7907,1.9297,1.9744
3225.0000,1.6302,1.6366,1.6523,1.6981,1.8117,1.9590,1.9848
3230.0000,1.6291,1.6411,1.6564,1.7072,1.8377,1.9818,1.9995
3235.0000,1.6356,1.6419,1.6631,1.7167,1.8666,2.0021,2.0065
3240.0000,1.6380,1.6463,1.6676,1.7299,1.8942,2.0231,1.9994
3280.0000,1.6755,1.6953,1.7346,1.9143,2.0793,1.8926,1.7744
3285.0000,1.6816,1.7059,1.7482,1.9480,2.0719,1.8459,1.7262
3290.0000,1.6837,1.7203,1.7629,1.9818,2.0539,1.7949,1.6794
3295.0000,1.6992,1.7280,1.7855,2.0109,2.0285,1.7380,1.6415
3300.0000,1.7089,1.7413,1.8084,2.0387,1.9899,1.6851,1.6039
3305.0000,1.7186,1.7564,1.8339,2.0622,1.9398,1.6394,1.5576
3310.0000,1.7216,1.7767,1.8609,2.0790,1.8823,1.5966,1.5149
3315.0000,1.7471,1.7879,1.8964,2.0838,1.8227,1.5554,1.4763
3320.0000,1.7649,1.8044,1.9328,2.0778,1.7634,1.5116,1.4598
3325.0000,1.7832,1.8235,1.9682,2.0632,1.6998,1.4800,1.4344
3330.0000,1.8039,1.8440,2.0027,2.0376,1.6382,1.4535,1.4131
3335.0000,1.8231,1.8690,2.0320,2.0030,1.5793,1.4334,1.3929
3340.0000,1.8499,1.8909,2.0591,1.9571,1.5294,1.4123,1.3855
3345.0000,1.8709,1.9171,2.0767,1.9054,1.4836,1.3987,1.3763
3350.0000,1.8959,1.9420,2.0856,1.8489,1.4433,1.3919,1.3631
3355.0000,1.9131,1.9703,2.0824,1.7892,1.4121,1.3836,1.3596
3360.0000,1.9379,1.9915,2.0713,1.7268,1.3901,1.3752,1.3594
3365.0000,1.9587,2.0108,2.0471,1.6677,1.3706,1.3749,1.3492
3370.0000,1.9740,2.0254,2.0131,1.6104,1.3599,1.3698,1.3505
3375.0000,1.9929,2.0290,1.9726,1.5561,1.3553,1.3644,1.3514
3380.0000,1.9987,2.0310,1.9203,1.5107,1.3502,1.3653,1.3423
3385.0000,1.9987,2.0238,1.8639,1.4698,1.3514,1.3591,1.3472
3390.0000,2.0045,2.0009,1.8076,1.4343,1.3546,1.3543,1.3479
3395.0000,1.9934,1.9764,1.7456,1.4085,1.3551,1.3534,1.3428
3400.0000,1.9775,1.9419,1.6862,1.3875,1.3579,1.3490,1.3442
3405.0000,1.9592,1.8977,1.6311,1.3715,1.3603,1.3451,1.3440
3410.0000,1.9261,1.8553,1.5755,1.3633,1.3592,1.3443,1.3404
3415.0000,1.8845,1.8112,1.5241,1.3595,1.3571,1.3428,1.3395
3420.0000,1.8456,1.7598,1.4817,1.3571,1.3553,1.3409,1.3385
3425.0000,1.8113,1.7024,1.4491,1.3554,1.3530,1.3406,1.3340
3430.0000,1.7618,1.6533,1.4194,1.3563,1.3498,1.3393,1.3336
3435.0000,1.7230,1.6000,1.3998,1.3556,1.3479,1.3373,1.3328
3440.0000,1.6768,1.5530,1.3843,1.3562,1.3440,1.3388,1.3251
3445.0000,1.6268,1.5146,1.3721,1.3563,1.3419,1.3358,1.3278
3450.0000,1.5785,1.4825,1.3628,1.3567,1.3390,1.3344,1.3271
3455.0000,1.5433,1.4509,1.3591,1.3551,1.3375,1.3324,1.3260
3460.0000,1.5122,1.4235,1.3578,1.3534,1.3352,1.3326,1.3204
3465.0000,1.4755,1.4061,1.3557,1.3515,1.3342,1.3293,1.3217
3470.0000,1.4509,1.3897,1.3560,1.3489,1.3335,1.3267,1.3207
3475.0000,1.4265,1.3803,1.3542,1.3478,1.3307,1.3271,1.3151
3480.0000,1.4078,1.3723,1.3538,1.3453,1.3299,1.3240,1.3151
3485.0000,1.3960,1.3645,1.3545,1.3422,1.3298,1.3204,1.3149
3490.0000,1.3826,1.3621,1.3524,1.3412,1.3271,1.3203,1.3098
3495.0000,1.3715,1.3607,1.3503,1.3395,1.3257,1.3175,1.3095
3500.0000,1.3683,1.3568,1.3499,1.3372,1.3247,1.3146,1.3082
3505.0000,1.3626,1.3562,1.3472,1.3365,1.3214,1.3150,1.3013
3510.0000,1.3570,1.3558,1.3451,1.3347,1.3203,1.3109,1.3031
3515.0000,1.3572,1.3524,1.3445,1.3325,1.3190,1.3080,1.3021
3520.0000,1.3542,1.3517,1.3418,1.3318,1.3154,1.3083,1.2957
3525.0000,1.3507,1.3510,1.3397,1.3302,1.3136,1.3051,1.2960
3530.0000,1.3516,1.3475,1.3393,1.3277,1.3125,1.3015,1.2963
3535.0000,1.3492,1.3464,1.3370,1.3267,1.3090,1.3018,1.2903
3540.0000,1.3463,1.3453,1.3352,1.3249,1.3070,1.2989,1.2909
3545.0000,1.3411,1.3453,1.3328,1.3233,1.3047,1.2966,1.2902
3550.0000,1.3442,1.3413,1.3321,1.3214,1.3015,1.2976,1.2823
3555.0000,1.3413,1.3402,1.3306,1.3189,1.3004,1.2935,1.2858
3560.0000,1.3360,1.3403,1.3281,1.3171,1.2983,1.2914,1.2855
3565.0000,1.3391,1.3364,1.3273,1.3150,1.2952,1.2925,1.2779
3570.0000,1.3363,1.3353,1.3256,1.3123,1.2943,1.2888,1.2816
3575.0000,1.3325,1.3346,1.3235,1.3101,1.2927,1.2866,1.2819
3580.0000,1.3344,1.3310,1.3227,1.3072,1.2916,1.2846,1.2814
3585.0000,1.3316,1.3303,1.3199,1.3058,1.2887,1.2854,1.2771
3590.0000,1.3277,1.3296,1.3176,1.3035,1.2877,1.2829,1.2787
3595.0000,1.3295,1.3258,1.3167,1.3006,1.2869,1.2810,1.2786
3600.0000,1.3267,1.3249,1.3137,1.2993,1.2842,1.2820,1.2748
3605.0000,1.3226,1.3244,1.3109,1.2975,1.2831,1.2803,1.2760
3610.0000,1.3243,1.3203,1.3100,1.2947,1.2829,1.2783,1.2770
3615.0000,1.3214,1.3191,1.3070,1.2936,1.2805,1.2794,1.2737
3620.0000,1.3179,1.3179,1.3044,1.2919,1.2797,1.2782,1.2753
3625.0000,1.3185,1.3142,1.3032,1.2897,1.2793,1.2771,1.2761
3630.0000,1.3159,1.3127,1.3004,1.2889,1.2769,1.2794,1.2715
3635.0000,1.3122,1.3113,1.2982,1.2872,1.2769,1.2776,1.2748
3640.0000,1.3125,1.3075,1.2973,1.2851,1.2770,1.2767,1.2760
3645.0000,1.3097,1.3061,1.2945,1.2846,1.2750,1.2792,1.2716
