150.0000,0.3575,0.3606,0.3654,0.3735,0.3799,0.3852,0.3867
155.0000,0.3590,0.3612,0.3668,0.3742,0.3810,0.3859,0.3881
160.0000,0.3596,0.3626,0.3676,0.3754,0.3815,0.3876,0.3877
165.0000,0.3603,0.3638,0.3686,0.3763,0.3827,0.3881,0.3894
170.0000,0.3619,0.3645,0.3699,0.3770,0.3839,0.3888,0.3907
175.0000,0.3628,0.3658,0.3707,0.3781,0.3844,0.3905,0.3902
180.0000,0.3631,0.3673,0.3715,0.3790,0.3855,0.3910,0.3921
185.0000,0.3650,0.3678,0.3727,0.3797,0.3868,0.3915,0.3935
190.0000,0.3660,0.3690,0.3735,0.3809,0.3874,0.3931,0.3930
195.0000,0.3669,0.3700,0.3745,0.3818,0.3885,0.3936,0.3950
200.0000,0.3666,0.3716,0.3751,0.3828,0.3895,0.3943,0.3966
205.0000,0.3690,0.3720,0.3762,0.3839,0.3901,0.3960,0.3960
210.0000,0.3698,0.3731,0.3771,0.3848,0.3912,0.3965,0.3982
215.0000,0.3695,0.3747,0.3777,0.3859,0.3920,0.3974,0.3999
220.0000,0.3720,0.3750,0.3788,0.3869,0.3925,0.3994,0.3992
225.0000,0.3728,0.3759,0.3799,0.3877,0.3937,0.3999,0.4018
230.0000,0.3732,0.3770,0.3808,0.3886,0.3948,0.4008,0.4038
235.0000,0.3751,0.3773,0.3821,0.3893,0.3960,0.4018,0.4055
240.0000,0.3754,0.3787,0.3828,0.3905,0.3966,0.4037,0.4061
245.0000,0.3759,0.3799,0.3837,0.3913,0.3977,0.4050,0.4080
250.0000,0.3778,0.3802,0.3850,0.3920,0.3990,0.4062,0.4099
255.0000,0.3786,0.3813,0.3859,0.3930,0.3999,0.4083,0.4104
260.0000,0.3787,0.3827,0.3866,0.3939,0.4013,0.4095,0.4129
265.0000,0.3806,0.3831,0.3879,0.3946,0.4028,0.4109,0.4147
270.0000,0.3814,0.3843,0.3886,0.3958,0.4038,0.4131,0.4152
275.0000,0.3819,0.3854,0.3895,0.3967,0.4055,0.4144,0.4177
280.0000,0.3836,0.3859,0.3906,0.3975,0.4073,0.4157,0.4200
285.0000,0.3841,0.3873,0.3912,0.3989,0.4084,0.4182,0.4204
290.0000,0.3848,0.3884,0.3920,0.4000,0.4102,0.4196,0.4230
295.0000,0.3864,0.3888,0.3932,0.4010,0.4122,0.4209,0.4254
300.0000,0.3872,0.3899,0.3939,0.4026,0.4134,0.4235,0.4259
305.0000,0.3875,0.3912,0.3946,0.4039,0.4153,0.4249,0.4289
310.0000,0.3892,0.3916,0.3959,0.4052,0.4172,0.4266,0.4310
315.0000,0.3899,0.3927,0.3967,0.4070,0.4185,0.4293,0.4313
320.0000,0.3906,0.3938,0.3977,0.4085,0.4204,0.4308,0.4344
325.0000,0.3901,0.3953,0.3986,0.4101,0.4223,0.4325,0.4370
330.0000,0.3927,0.3956,0.4001,0.4118,0.4238,0.4354,0.4370
335.0000,0.3935,0.3967,0.4014,0.4133,0.4259,0.4369,0.4401
340.0000,0.3940,0.3978,0.4028,0.4150,0.4280,0.4385,0.4426
345.0000,0.3959,0.3985,0.4043,0.4168,0.4295,0.4415,0.4423
350.0000,0.3964,0.3999,0.4057,0.4184,0.4318,0.4428,0.4454
355.0000,0.3970,0.4013,0.4072,0.4201,0.4341,0.4443,0.4479
360.0000,0.3991,0.4020,0.4091,0.4216,0.4364,0.4457,0.4501
365.0000,0.3998,0.4039,0.4104,0.4238,0.4380,0.4482,0.4509
370.0000,0.4006,0.4055,0.4119,0.4257,0.4401,0.4496,0.4532
375.0000,0.4029,0.4063,0.4139,0.4274,0.4424,0.4510,0.4555
380.0000,0.4041,0.4080,0.4154,0.4296,0.4439,0.4534,0.4563
385.0000,0.4043,0.4102,0.4167,0.4317,0.4458,0.4548,0.4589
390.0000,0.4070,0.4111,0.4188,0.4335,0.4478,0.4564,0.4611
395.0000,0.4084,0.4130,0.4204,0.4358,0.4491,0.4589,0.4619
400.0000,0.4096,0.4147,0.4222,0.4378,0.4510,0.4604,0.4648
405.0000,0.4119,0.4158,0.4245,0.4396,0.4529,0.4620,0.4675
410.0000,0.4131,0.4180,0.4261,0.4419,0.4540,0.4649,0.4682
415.0000,0.4145,0.4198,0.4281,0.4437,0.4558,0.4667,0.4711
420.0000,0.4169,0.4210,0.4305,0.4453,0.4579,0.4685,0.4739
425.0000,0.4185,0.4230,0.4324,0.4473,0.4592,0.4716,0.4745
430.0000,0.4195,0.4253,0.4342,0.4490,0.4613,0.4734,0.4781
435.0000,0.4221,0.4267,0.4366,0.4505,0.4636,0.4755,0.4807
440.0000,0.4240,0.4287,0.4385,0.4523,0.4652,0.4788,0.4813
445.0000,0.4256,0.4307,0.4405,0.4539,0.4677,0.4805,0.4851
450.0000,0.4257,0.4336,0.4420,0.4557,0.4700,0.4825,0.4885
455.0000,0.4293,0.4349,0.4440,0.4575,0.4719,0.4860,0.4891
460.0000,0.4311,0.4370,0.4457,0.4593,0.4745,0.4879,0.4929
465.0000,0.4326,0.4391,0.4474,0.4611,0.4770,0.4901,0.4963
470.0000,0.4356,0.4406,0.4492,0.4633,0.4790,0.4938,0.4967
475.0000,0.4369,0.4429,0.4507,0.4653,0.4817,0.4958,0.5008
480.0000,0.4383,0.4449,0.4524,0.4673,0.4844,0.4980,0.5046
485.0000,0.4413,0.4460,0.4546,0.4692,0.4873,0.5002,0.5083
490.0000,0.4424,0.4484,0.4559,0.4718,0.4893,0.5038,0.5104
495.0000,0.4438,0.4504,0.4576,0.4742,0.4919,0.5066,0.5141
500.0000,0.4468,0.4514,0.4599,0.4763,0.4948,0.5093,0.5179
505.0000,0.4484,0.4533,0.4617,0.4789,0.4969,0.5133,0.5202
510.0000,0.4490,0.4557,0.4634,0.4814,0.4997,0.5162,0.5248
515.0000,0.4521,0.4568,0.4659,0.4837,0.5026,0.5197,0.5284
520.0000,0.4538,0.4588,0.4679,0.4864,0.5051,0.5241,0.5306
525.0000,0.4552,0.4609,0.4702,0.4887,0.5084,0.5271,0.5357
530.0000,0.4578,0.4623,0.4729,0.4909,0.5120,0.5303,0.5406
535.0000,0.4592,0.4648,0.4748,0.4938,0.5147,0.5352,0.5431
540.0000,0.4609,0.4670,0.4772,0.4964,0.5182,0.5389,0.5479
545.0000,0.4637,0.4686,0.4801,0.4987,0.5223,0.5423,0.5534
550.0000,0.4656,0.4709,0.4822,0.5018,0.5254,0.5475,0.5562
555.0000,0.4668,0.4738,0.4844,0.5046,0.5294,0.5511,0.5629
560.0000,0.4699,0.4756,0.4871,0.5075,0.5333,0.5557,0.5679
565.0000,0.4721,0.4781,0.4893,0.5110,0.5367,0.5615,0.5709
570.0000,0.4740,0.4807,0.4919,0.5141,0.5411,0.5657,0.5783
575.0000,0.4741,0.4842,0.4939,0.5176,0.5454,0.5704,0.5853
580.0000,0.4787,0.4858,0.4968,0.5212,0.5491,0.5770,0.5892
585.0000,0.4810,0.4884,0.4996,0.5248,0.5537,0.5825,0.5961
590.0000,0.4832,0.4908,0.5026,0.5282,0.5587,0.5878,0.6038
595.0000,0.4868,0.4925,0.5062,0.5315,0.5642,0.5932,0.6119
600.0000,0.4886,0.4957,0.5089,0.5358,0.5687,0.6006,0.6182
605.0000,0.4906,0.4986,0.5120,0.5398,0.5739,0.6076,0.6257
610.0000,0.4944,0.5007,0.5158,0.5435,0.5799,0.6142,0.6343
615.0000,0.4961,0.5044,0.5187,0.5483,0.5851,0.6227,0.6409
620.0000,0.4985,0.5077,0.5221,0.5526,0.5915,0.6301,0.6501
625.0000,0.5027,0.5099,0.5264,0.5566,0.5988,0.6368,0.6609
630.0000,0.5055,0.5133,0.5299,0.5616,0.6051,0.6460,0.6695
635.0000,0.5071,0.5174,0.5333,0.5666,0.6124,0.6539,0.6827
640.0000,0.5117,0.5202,0.5374,0.5720,0.6192,0.6642,0.6933
645.0000,0.5149,0.5240,0.5410,0.5780,0.6260,0.6755,0.7035
650.0000,0.5179,0.5277,0.5453,0.5835,0.6346,0.6848,0.7206
655.0000,0.5222,0.5307,0.5503,0.5889,0.6438,0.6946,0.7402
660.0000,0.5250,0.5354,0.5541,0.5959,0.6513,0.7088,0.7580
665.0000,0.5284,0.5397,0.5585,0.6029,0.6596,0.7238,0.7791
670.0000,0.5333,0.5432,0.5635,0.6099,0.6684,0.7413,0.8012
675.0000,0.5370,0.5477,0.5683,0.6176,0.6771,0.7620,0.8235
680.0000,0.5392,0.5535,0.5728,0.6258,0.6866,0.7857,0.8438
685.0000,0.5452,0.5571,0.5789,0.6334,0.6977,0.8120,0.8594
690.0000,0.5498,0.5615,0.5854,0.6408,0.7115,0.8387,0.8721
695.0000,0.5547,0.5653,0.5938,0.6462,0.7316,0.8583,0.8990
700.0000,0.5585,0.5700,0.6021,0.6520,0.7544,0.8767,0.9267
705.0000,0.5644,0.5749,0.6096,0.6601,0.7758,0.9007,0.9437
710.0000,0.5704,0.5800,0.6173,0.6688,0.8003,0.9212,0.9666
715.0000,0.5759,0.5862,0.6243,0.6792,0.8259,0.9404,0.9904
720.0000,0.5809,0.5936,0.6299,0.6929,0.8500,0.9620,1.0092
725.0000,0.5846,0.6030,0.6343,0.7093,0.8734,0.9839,1.0256
730.0000,0.5887,0.6125,0.6385,0.7283,0.8958,1.0070,1.0340
735.0000,0.5983,0.6187,0.6458,0.7473,0.9204,1.0250,1.0439
740.0000,0.6043,0.6271,0.6526,0.7691,0.9430,1.0435,1.0458
745.0000,0.6072,0.6369,0.6605,0.7918,0.9662,1.0573,1.0452
750.0000,0.6193,0.6413,0.6736,0.8133,0.9908,1.0655,1.0401
790.0000,0.6909,0.7354,0.8216,1.0068,1.0935,0.9309,0.8271
795.0000,0.7094,0.7529,0.8434,1.0313,1.0805,0.8938,0.7791
800.0000,0.7247,0.7734,0.8653,1.0537,1.0611,0.8515,0.7312
805.0000,0.7397,0.7949,0.8881,1.0733,1.0343,0.8077,0.6774
810.0000,0.7628,0.8115,0.9163,1.0852,1.0066,0.7526,0.6388
815.0000,0.7846,0.8294,0.9441,1.0938,0.9698,0.7014,0.5946
820.0000,0.8052,0.8492,0.9712,1.0977,0.9259,0.6531,0.5439
825.0000,0.8171,0.8753,0.9947,1.0972,0.8761,0.6058,0.4939
830.0000,0.8427,0.8960,1.0201,1.0884,0.8246,0.5576,0.4470
835.0000,0.8664,0.9172,1.0441,1.0715,0.7732,0.5050,0.4186
840.0000,0.8892,0.9397,1.0636,1.0502,0.7156,0.4632,0.3770
845.0000,0.9113,0.9617,1.0796,1.0216,0.6585,0.4225,0.3406
850.0000,0.9300,0.9857,1.0895,0.9876,0.6016,0.3849,0.3071
855.0000,0.9545,1.0040,1.0971,0.9458,0.5490,0.3458,0.2861
860.0000,0.9755,1.0215,1.0973,0.9007,0.4955,0.3162,0.2592
865.0000,0.9948,1.0362,1.0916,0.8509,0.4460,0.2888,0.2364
870.0000,1.0082,1.0500,1.0781,0.7984,0.4000,0.2645,0.2163
875.0000,1.0247,1.0566,1.0599,0.7422,0.3603,0.2401,0.2041
880.0000,1.0375,1.0592,1.0342,0.6860,0.3228,0.2218,0.1903
885.0000,1.0405,1.0605,1.0000,0.6310,0.2889,0.2072,0.1773
890.0000,1.0467,1.0523,0.9625,0.5752,0.2613,0.1926,0.1689
895.0000,1.0438,1.0415,0.9177,0.5228,0.2362,0.1822,0.1592
900.0000,1.0369,1.0242,0.8688,0.4729,0.2149,0.1740,0.1485
905.0000,1.0288,0.9983,0.8186,0.4246,0.1997,0.1634,0.1438
910.0000,1.0134,0.9679,0.7652,0.3809,0.1863,0.1561,0.1361
915.0000,0.9852,0.9368,0.7087,0.3413,0.1774,0.1442,0.1445
920.0000,0.9626,0.8960,0.6537,0.3061,0.1685,0.1380,0.1475
925.0000,0.9295,0.8551,0.5968,0.2767,0.1598,0.1341,0.1542
930.0000,0.8998,0.8055,0.5440,0.2512,0.1507,0.1366,0.1520
935.0000,0.8596,0.7565,0.4923,0.2302,0.1420,0.1422,0.1477
940.0000,0.8117,0.7101,0.4418,0.2128,0.1355,0.1462,0.1471
945.0000,0.7627,0.6621,0.3957,0.1979,0.1309,0.1513,0.1434
950.0000,0.7261,0.6055,0.3593,0.1819,0.1316,0.1522,0.1435
955.0000,0.6779,0.5536,0.3254,0.1689,0.1327,0.1547,0.1376
960.0000,0.6258,0.5065,0.2945,0.1576,0.1369,0.1520,0.1418
965.0000,0.5759,0.4617,0.2673,0.1484,0.1416,0.1493,0.1438
970.0000,0.5312,0.4184,0.2439,0.1412,0.1463,0.1463,0.1450
975.0000,0.4940,0.3740,0.2260,0.1349,0.1514,0.1430,0.1465
980.0000,0.4445,0.3423,0.2053,0.1337,0.1530,0.1419,0.1463
985.0000,0.4047,0.3120,0.1877,0.1342,0.1534,0.1415,0.1457
990.0000,0.3664,0.2863,0.1716,0.1365,0.1528,0.1405,0.1476
995.0000,0.3355,0.2611,0.1591,0.1396,0.1508,0.1418,0.1460
1000.0000,0.3062,0.2389,0.1491,0.1431,0.1482,0.1432,0.1447
1005.0000,0.2745,0.2234,0.1393,0.1477,0.1447,0.1451,0.1437
1010.0000,0.2495,0.2074,0.1339,0.1508,0.1421,0.1464,0.1431
1015.0000,0.2332,0.1893,0.1336,0.1514,0.1415,0.1462,0.1438
1020.0000,0.2195,0.1717,0.1365,0.1506,0.1414,0.1467,0.1423
1025.0000,0.2059,0.1577,0.1406,0.1488,0.1426,0.1455,0.1436
1030.0000,0.1886,0.1500,0.1433,0.1475,0.1433,0.1448,0.1442
1035.0000,0.1795,0.1411,0.1481,0.1450,0.1448,0.1440,0.1445
1040.0000,0.1633,0.1418,0.1481,0.1448,0.1447,0.1440,0.1447
1045.0000,0.1556,0.1418,0.1484,0.1444,0.1447,0.1440,0.1449
1050.0000,0.1479,0.1451,0.1466,0.1451,0.1439,0.1448,0.1444
1055.0000,0.1456,0.1461,0.1461,0.1451,0.1438,0.1450,0.1446
1060.0000,0.1459,0.1460,0.1462,0.1447,0.1440,0.1450,0.1449
1065.0000,0.1459,0.1461,0.1460,0.1446,0.1439,0.1454,0.1443
1070.0000,0.1458,0.1462,0.1458,0.1444,0.1442,0.1453,0.1448
1075.0000,0.1454,0.1464,0.1455,0.1442,0.1444,0.1453,0.1450
1080.0000,0.1459,0.1461,0.1454,0.1441,0.1445,0.1456,0.1444
1085.0000,0.1458,0.1461,0.1452,0.1440,0.1448,0.1453,0.1450
1090.0000,0.1455,0.1461,0.1449,0.1441,0.1450,0.1453,0.1451
1095.0000,0.1458,0.1457,0.1447,0.1441,0.1452,0.1452,0.1452
1100.0000,0.1455,0.1458,0.1444,0.1443,0.1452,0.1454,0.1449
1105.0000,0.1451,0.1458,0.1441,0.1445,0.1453,0.1453,0.1451
1110.0000,0.1455,0.1453,0.1440,0.1446,0.1454,0.1452,0.1452
1115.0000,0.1452,0.1452,0.1439,0.1448,0.1452,0.1455,0.1448
1120.0000,0.1448,0.1451,0.1438,0.1450,0.1452,0.1454,0.1450
1125.0000,0.1451,0.1447,0.1440,0.1450,0.1453,0.1453,0.1451
1130.0000,0.1448,0.1446,0.1440,0.1452,0.1452,0.1455,0.1446
1135.0000,0.1445,0.1444,0.1441,0.1453,0.1452,0.1453,0.1448
1140.0000,0.1446,0.1442,0.1444,0.1453,0.1453,0.1451,0.1449
1145.0000,0.1444,0.1442,0.1445,0.1454,0.1452,0.1453,0.1446
1150.0000,0.1441,0.1443,0.1446,0.1454,0.1452,0.1451,0.1447
1155.0000,0.1443,0.1442,0.1448,0.1454,0.1452,0.1450,0.1447
1160.0000,0.1441,0.1444,0.1448,0.1455,0.1450,0.1452,0.1441
1165.0000,0.1440,0.1446,0.1449,0.1455,0.1451,0.1450,0.1444
1170.0000,0.1443,0.1445,0.1451,0.1454,0.1451,0.1448,0.1445
1175.0000,0.1443,0.1447,0.1451,0.1455,0.1449,0.1450,0.1439
1180.0000,0.1442,0.1449,0.1451,0.1455,0.1449,0.1448,0.1442
1185.0000,0.1446,0.1448,0.1453,0.1453,0.1449,0.1445,0.1444
1190.0000,0.1446,0.1450,0.1453,0.1454,0.1447,0.1447,0.1439
1195.0000,0.1446,0.1451,0.1453,0.1453,0.1447,0.1445,0.1443
1200.0000,0.1442,0.1454,0.1451,0.1453,0.1446,0.1444,0.1445
1205.0000,0.1448,0.1453,0.1452,0.1453,0.1444,0.1447,0.1440
1210.0000,0.1448,0.1453,0.1452,0.1452,0.1444,0.1446,0.1447
1215.0000,0.1447,0.1455,0.1452,0.1452,0.1443,0.1446,0.1450
1220.0000,0.1451,0.1453,0.1453,0.1451,0.1443,0.1447,0.1453
1225.0000,0.1450,0.1454,0.1452,0.1451,0.1441,0.1451,0.1452
1230.0000,0.1448,0.1456,0.1451,0.1450,0.1441,0.1453,0.1457
1235.0000,0.1452,0.1453,0.1452,0.1448,0.1442,0.1454,0.1461
1240.0000,0.1451,0.1453,0.1451,0.1447,0.1442,0.1459,0.1460
1245.0000,0.1449,0.1454,0.1451,0.1446,0.1443,0.1461,0.1465
1250.0000,0.1452,0.1452,0.1452,0.1444,0.1446,0.1463,0.1469
1255.0000,0.1451,0.1452,0.1450,0.1444,0.1447,0.1469,0.1468
1260.0000,0.1449,0.1453,0.1449,0.1443,0.1451,0.1471,0.1472
1265.0000,0.1452,0.1451,0.1449,0.1442,0.1455,0.1472,0.1476
1270.0000,0.1450,0.1452,0.1447,0.1443,0.1457,0.1478,0.1473
1275.0000,0.1448,0.1452,0.1445,0.1444,0.1461,0.1478,0.1479
1280.0000,0.1450,0.1450,0.1445,0.1444,0.1466,0.1479,0.1482
1285.0000,0.1449,0.1450,0.1443,0.1447,0.1468,0.1484,0.1479
1290.0000,0.1446,0.1451,0.1442,0.1449,0.1472,0.1484,0.1484
1295.0000,0.1449,0.1448,0.1442,0.1451,0.1476,0.1484,0.1487
1300.0000,0.1447,0.1448,0.1441,0.1455,0.1477,0.1488,0.1483
1305.0000,0.1445,0.1448,0.1440,0.1458,0.1480,0.1488,0.1487
1310.0000,0.1447,0.1445,0.1442,0.1461,0.1482,0.1488,0.1489
1315.0000,0.1445,0.1445,0.1442,0.1466,0.1483,0.1492,0.1485
1320.0000,0.1444,0.1446,0.1444,0.1469,0.1485,0.1492,0.1487
1325.0000,0.1439,0.1448,0.1445,0.1473,0.1486,0.1493,0.1488
1330.0000,0.1444,0.1445,0.1449,0.1476,0.1486,0.1496,0.1479
1335.0000,0.1443,0.1446,0.1452,0.1478,0.1489,0.1493,0.1483
1340.0000,0.1442,0.1447,0.1455,0.1480,0.1490,0.1491,0.1484
1345.0000,0.1445,0.1447,0.1460,0.1481,0.1492,0.1489,0.1483
1350.0000,0.1445,0.1450,0.1463,0.1484,0.1492,0.1490,0.1477
1355.0000,0.1444,0.1453,0.1466,0.1486,0.1493,0.1486,0.1479
1360.0000,0.1449,0.1454,0.1470,0.1487,0.1494,0.1483,0.1478
1365.0000,0.1450,0.1457,0.1472,0.1489,0.1492,0.1483,0.1473
1370.0000,0.1448,0.1463,0.1473,0.1491,0.1490,0.1480,0.1473
1375.0000,0.1455,0.1464,0.1477,0.1492,0.1489,0.1477,0.1473
1380.0000,0.1457,0.1467,0.1478,0.1494,0.1486,0.1477,0.1468
1385.0000,0.1459,0.1471,0.1480,0.1495,0.1484,0.1474,0.1469
1390.0000,0.1464,0.1472,0.1483,0.1494,0.1482,0.1472,0.1469
1395.0000,0.1466,0.1475,0.1484,0.1495,0.1477,0.1474,0.1463
1400.0000,0.1467,0.1478,0.1487,0.1494,0.1476,0.1471,0.1466
1405.0000,0.1473,0.1478,0.1490,0.1492,0.1474,0.1469,0.1468
1410.0000,0.1475,0.1481,0.1491,0.1491,0.1471,0.1471,0.1463
1415.0000,0.1475,0.1483,0.1492,0.1489,0.1470,0.1469,0.1467
1420.0000,0.1479,0.1484,0.1494,0.1486,0.1469,0.1468,0.1469
1425.0000,0.1481,0.1486,0.1493,0.1484,0.1466,0.1471,0.1465
1430.0000,0.1480,0.1490,0.1492,0.1482,0.1465,0.1471,0.1468
1435.0000,0.1484,0.1489,0.1493,0.1479,0.1465,0.1470,0.1470
1440.0000,0.1485,0.1491,0.1491,0.1477,0.1463,0.1474,0.1465
1445.0000,0.1485,0.1492,0.1489,0.1475,0.1464,0.1474,0.1468
1450.0000,0.1482,0.1495,0.1487,0.1473,0.1465,0.1473,0.1469
1455.0000,0.1489,0.1492,0.1485,0.1471,0.1465,0.1477,0.1461
1460.0000,0.1488,0.1492,0.1483,0.1469,0.1468,0.1474,0.1467
1465.0000,0.1486,0.1492,0.1481,0.1468,0.1470,0.1473,0.1468
1470.0000,0.1489,0.1488,0.1480,0.1466,0.1472,0.1471,0.1469
1475.0000,0.1487,0.1488,0.1476,0.1467,0.1471,0.1472,0.1465
1480.0000,0.1483,0.1488,0.1473,0.1467,0.1473,0.1470,0.1467
1485.0000,0.1486,0.1484,0.1472,0.1467,0.1474,0.1469,0.1467
1490.0000,0.1483,0.1483,0.1469,0.1469,0.1472,0.1470,0.1462
1495.0000,0.1478,0.1483,0.1466,0.1471,0.1472,0.1469,0.1462
1500.0000,0.1481,0.1478,0.1466,0.1471,0.1472,0.1467,0.1463
1505.0000,0.1479,0.1477,0.1465,0.1473,0.1470,0.1468,0.1458
1510.0000,0.1475,0.1475,0.1465,0.1473,0.1470,0.1465,0.1458
1515.0000,0.1476,0.1472,0.1466,0.1473,0.1469,0.1463,0.1458
1520.0000,0.1474,0.1471,0.1466,0.1474,0.1467,0.1464,0.1451
1525.0000,0.1471,0.1470,0.1467,0.1474,0.1467,0.1461,0.1453
1530.0000,0.1471,0.1467,0.1469,0.1473,0.1466,0.1458,0.1453
1535.0000,0.1470,0.1468,0.1470,0.1473,0.1463,0.1459,0.1447
1540.0000,0.1467,0.1469,0.1470,0.1473,0.1462,0.1456,0.1449
1545.0000,0.1468,0.1468,0.1472,0.1471,0.1462,0.1453,0.1450
1550.0000,0.1467,0.1469,0.1471,0.1472,0.1458,0.1454,0.1444
1555.0000,0.1465,0.1471,0.1471,0.1471,0.1457,0.1452,0.1446
1560.0000,0.1468,0.1470,0.1472,0.1469,0.1456,0.1449,0.1447
1565.0000,0.1468,0.1471,0.1471,0.1469,0.1452,0.1451,0.1442
1570.0000,0.1467,0.1472,0.1471,0.1467,0.1451,0.1449,0.1445
1575.0000,0.1464,0.1474,0.1470,0.1466,0.1450,0.1448,0.1446
1580.0000,0.1469,0.1472,0.1470,0.1464,0.1447,0.1451,0.1439
1585.0000,0.1469,0.1472,0.1470,0.1462,0.1447,0.1449,0.1444
1590.0000,0.1467,0.1473,0.1469,0.1460,0.1446,0.1448,0.1445
1595.0000,0.1470,0.1471,0.1469,0.1457,0.1446,0.1448,0.1445
1600.0000,0.1469,0.1472,0.1467,0.1456,0.1444,0.1450,0.1440
1605.0000,0.1466,0.1473,0.1465,0.1454,0.1445,0.1449,0.1442
1610.0000,0.1470,0.1470,0.1465,0.1452,0.1446,0.1447,0.1442
1615.0000,0.1469,0.1469,0.1463,0.1451,0.1446,0.1448,0.1437
1620.0000,0.1466,0.1470,0.1460,0.1449,0.1447,0.1446,0.1439
1625.0000,0.1468,0.1467,0.1460,0.1448,0.1448,0.1443,0.1439
1630.0000,0.1466,0.1466,0.1457,0.1448,0.1447,0.1444,0.1434
1635.0000,0.1463,0.1466,0.1454,0.1448,0.1447,0.1441,0.1434
1640.0000,0.1465,0.1463,0.1453,0.1447,0.1447,0.1439,0.1433
1645.0000,0.1463,0.1463,0.1450,0.1448,0.1444,0.1439,0.1426
1650.0000,0.1460,0.1462,0.1449,0.1448,0.1444,0.1436,0.1429
1655.0000,0.1461,0.1458,0.1448,0.1448,0.1443,0.1433,0.1428
1660.0000,0.1459,0.1457,0.1447,0.1449,0.1440,0.1434,0.1421
1665.0000,0.1455,0.1456,0.1446,0.1449,0.1438,0.1431,0.1422
1670.0000,0.1456,0.1453,0.1447,0.1448,0.1438,0.1427,0.1423
1675.0000,0.1454,0.1452,0.1446,0.1448,0.1434,0.1428,0.1417
1680.0000,0.1452,0.1451,0.1447,0.1447,0.1432,0.1425,0.1420
1685.0000,0.1447,0.1451,0.1446,0.1447,0.1430,0.1423,0.1421
1690.0000,0.1451,0.1448,0.1447,0.1445,0.1427,0.1424,0.1416
1695.0000,0.1448,0.1449,0.1447,0.1444,0.1425,0.1423,0.1417
1700.0000,0.1443,0.1451,0.1446,0.1442,0.1423,0.1422,0.1417
1705.0000,0.1448,0.1448,0.1447,0.1440,0.1420,0.1425,0.1408
1710.0000,0.1446,0.1448,0.1446,0.1438,0.1420,0.1421,0.1413
1715.0000,0.1443,0.1449,0.1445,0.1435,0.1420,0.1419,0.1415
1720.0000,0.1447,0.1447,0.1446,0.1432,0.1420,0.1418,0.1415
1725.0000,0.1446,0.1448,0.1444,0.1431,0.1418,0.1419,0.1411
1730.0000,0.1444,0.1448,0.1442,0.1428,0.1418,0.1417,0.1412
1735.0000,0.1446,0.1445,0.1442,0.1426,0.1419,0.1416,0.1412
1740.0000,0.1445,0.1446,0.1439,0.1425,0.1417,0.1417,0.1408
1745.0000,0.1441,0.1447,0.1435,0.1424,0.1417,0.1415,0.1409
1750.0000,0.1444,0.1444,0.1435,0.1422,0.1418,0.1412,0.1410
1755.0000,0.1442,0.1443,0.1431,0.1422,0.1416,0.1413,0.1406
1760.0000,0.1440,0.1442,0.1429,0.1421,0.1415,0.1411,0.1408
1765.0000,0.1441,0.1439,0.1428,0.1420,0.1415,0.1409,0.1409
1770.0000,0.1439,0.1438,0.1425,0.1420,0.1412,0.1411,0.1405
1775.0000,0.1436,0.1437,0.1423,0.1420,0.1412,0.1409,0.1408
1780.0000,0.1437,0.1433,0.1423,0.1419,0.1411,0.1409,0.1410
1785.0000,0.1435,0.1431,0.1421,0.1419,0.1408,0.1412,0.1406
1790.0000,0.1431,0.1430,0.1420,0.1418,0.1408,0.1411,0.1410
1795.0000,0.1432,0.1426,0.1421,0.1417,0.1408,0.1410,0.1414
1800.0000,0.1429,0.1426,0.1419,0.1416,0.1406,0.1414,0.1410
1805.0000,0.1426,0.1425,0.1419,0.1415,0.1406,0.1414,0.1416
1810.0000,0.1421,0.1426,0.1417,0.1414,0.1406,0.1415,0.1419
1815.0000,0.1424,0.1422,0.1418,0.1413,0.1405,0.1420,0.1416
1820.0000,0.1422,0.1422,0.1417,0.1412,0.1407,0.1421,0.1421
1825.0000,0.1418,0.1422,0.1416,0.1410,0.1408,0.1423,0.1424
1830.0000,0.1421,0.1419,0.1416,0.1410,0.1409,0.1428,0.1419
1835.0000,0.1419,0.1419,0.1415,0.1408,0.1412,0.1428,0.1425
1840.0000,0.1415,0.1420,0.1413,0.1408,0.1415,0.1429,0.1427
1845.0000,0.1418,0.1418,0.1413,0.1407,0.1418,0.1429,0.1429
1850.0000,0.1416,0.1419,0.1411,0.1408,0.1419,0.1433,0.1425
1855.0000,0.1414,0.1418,0.1409,0.1409,0.1423,0.1432,0.1428
1860.0000,0.1417,0.1415,0.1410,0.1409,0.1427,0.1431,0.1428
1865.0000,0.1415,0.1415,0.1408,0.1411,0.1428,0.1433,0.1424
1870.0000,0.1411,0.1416,0.1406,0.1413,0.1430,0.1431,0.1425
1875.0000,0.1414,0.1413,0.1407,0.1415,0.1433,0.1429,0.1425
1880.0000,0.1412,0.1413,0.1405,0.1418,0.1433,0.1430,0.1421
1885.0000,0.1409,0.1413,0.1405,0.1421,0.1433,0.1428,0.1420
1890.0000,0.1411,0.1410,0.1407,0.1424,0.1434,0.1425,0.1419
1895.0000,0.1409,0.1411,0.1407,0.1427,0.1431,0.1426,0.1412
1900.0000,0.1408,0.1411,0.1408,0.1429,0.1432,0.1420,0.1419
1905.0000,0.1410,0.1408,0.1412,0.1429,0.1433,0.1413,0.1431
1910.0000,0.1409,0.1409,0.1414,0.1432,0.1430,0.1414,0.1438
1915.0000,0.1408,0.1409,0.1417,0.1432,0.1430,0.1407,0.1476
1920.0000,0.1410,0.1409,0.1420,0.1433,0.1427,0.1407,0.1523
1925.0000,0.1409,0.1412,0.1421,0.1436,0.1418,0.1420,0.1578
1930.0000,0.1409,0.1414,0.1423,0.1436,0.1414,0.1430,0.1693
1935.0000,0.1403,0.1420,0.1422,0.1439,0.1404,0.1463,0.1828
1940.0000,0.1411,0.1421,0.1422,0.1442,0.1389,0.1524,0.1996
1945.0000,0.1408,0.1429,0.1416,0.1451,0.1363,0.1639,0.2127
1950.0000,0.1402,0.1434,0.1417,0.1448,0.1360,0.1750,0.2360
1955.0000,0.1416,0.1430,0.1422,0.1443,0.1362,0.1907,0.2613
1960.0000,0.1415,0.1433,0.1422,0.1439,0.1369,0.2120,0.2847
1965.0000,0.1419,0.1428,0.1434,0.1419,0.1419,0.2331,0.3188
1970.0000,0.1425,0.1421,0.1448,0.1395,0.1495,0.2579,0.3575
1975.0000,0.1431,0.1416,0.1457,0.1375,0.1591,0.2883,0.3990
1980.0000,0.1434,0.1417,0.1454,0.1369,0.1697,0.3276,0.4330
1985.0000,0.1431,0.1417,0.1459,0.1352,0.1874,0.3652,0.4778
1990.0000,0.1434,0.1417,0.1456,0.1349,0.2082,0.4081,0.5216
1995.0000,0.1437,0.1416,0.1452,0.1353,0.2349,0.4516,0.5711
2000.0000,0.1429,0.1428,0.1427,0.1395,0.2624,0.5044,0.6070
2005.0000,0.1427,0.1433,0.1407,0.1448,0.2971,0.5550,0.6428
2010.0000,0.1426,0.1432,0.1395,0.1516,0.3391,0.6009,0.6840
2015.0000,0.1429,0.1426,0.1387,0.1613,0.3861,0.6445,0.7219
2020.0000,0.1428,0.1424,0.1371,0.1762,0.4344,0.6901,0.7474
2025.0000,0.1427,0.1421,0.1364,0.1952,0.4863,0.7310,0.7663
2030.0000,0.1425,0.1415,0.1374,0.2178,0.5425,0.7622,0.7855
2035.0000,0.1422,0.1417,0.1385,0.2470,0.5962,0.7922,0.7884
2040.0000,0.1421,0.1419,0.1428,0.2797,0.6527,0.8078,0.8007
2045.0000,0.1420,0.1432,0.1487,0.3184,0.7053,0.8179,0.8043
2050.0000,0.1417,0.1468,0.1561,0.3636,0.7510,0.8247,0.7963
2055.0000,0.1411,0.1522,0.1668,0.4132,0.7913,0.8230,0.7886
2060.0000,0.1377,0.1610,0.1805,0.4670,0.8236,0.8158,0.7765
2065.0000,0.1468,0.1663,0.2018,0.5219,0.8478,0.8044,0.7596
2070.0000,0.1520,0.1755,0.2281,0.5773,0.8646,0.7859,0.7490
2075.0000,0.1598,0.1867,0.2599,0.6327,0.8703,0.7690,0.7288
2080.0000,0.1718,0.1991,0.2988,0.6845,0.8689,0.7484,0.7123
2085.0000,0.1819,0.2180,0.3414,0.7331,0.8586,0.7283,0.6944
2090.0000,0.2001,0.2375,0.3905,0.7754,0.8411,0.7108,0.6716
2095.0000,0.2182,0.2622,0.4435,0.8105,0.8190,0.6934,0.6495
2100.0000,0.2380,0.2928,0.4985,0.8373,0.7942,0.6752,0.6289
2105.0000,0.2690,0.3231,0.5577,0.8536,0.7700,0.6542,0.6153
2110.0000,0.2953,0.3619,0.6135,0.8631,0.7427,0.6373,0.5984
2115.0000,0.3313,0.4009,0.6690,0.8634,0.7162,0.6215,0.5810
2120.0000,0.3623,0.4486,0.7172,0.8576,0.6906,0.6058,0.5669
2125.0000,0.4009,0.4965,0.7608,0.8444,0.6683,0.5880,0.5589
2130.0000,0.4463,0.5426,0.7983,0.8265,0.6461,0.5751,0.5469
2135.0000,0.4922,0.5890,0.8274,0.8049,0.6262,0.5622,0.5387
2140.0000,0.5329,0.6371,0.8464,0.7817,0.6073,0.5516,0.5300
2145.0000,0.5696,0.6865,0.8538,0.7591,0.5884,0.5444,0.5189
2150.0000,0.6147,0.7249,0.8576,0.7332,0.5744,0.5342,0.5156
2155.0000,0.6576,0.7570,0.8545,0.7077,0.5614,0.5267,0.5092
2160.0000,0.6950,0.7833,0.8451,0.6833,0.5495,0.5212,0.5006
2165.0000,0.7189,0.8088,0.8275,0.6614,0.5389,0.5153,0.4945
2170.0000,0.7519,0.8193,0.8107,0.6383,0.5323,0.5072,0.4916
2175.0000,0.7743,0.8259,0.7892,0.6184,0.5248,0.5024,0.4842
2180.0000,0.7912,0.8251,0.7669,0.5995,0.5196,0.4956,0.4810
2185.0000,0.7994,0.8202,0.7427,0.5830,0.5146,0.4894,0.4769
2190.0000,0.8058,0.8090,0.7189,0.5684,0.5097,0.4843,0.4711
2195.0000,0.8025,0.7967,0.6938,0.5563,0.5051,0.4781,0.4696
2200.0000,0.7933,0.7825,0.6686,0.5467,0.4994,0.4738,0.4657
2205.0000,0.7874,0.7622,0.6467,0.5378,0.4942,0.4697,0.4617
2210.0000,0.7747,0.7418,0.6255,0.5305,0.4886,0.4663,0.4576
2215.0000,0.7554,0.7222,0.6055,0.5244,0.4832,0.4626,0.4550
2220.0000,0.7416,0.6987,0.5895,0.5181,0.4782,0.4593,0.4518
2225.0000,0.7253,0.6753,0.5757,0.5121,0.4733,0.4566,0.4478
2230.0000,0.7029,0.6553,0.5626,0.5068,0.4689,0.4532,0.4462
2235.0000,0.6845,0.6345,0.5523,0.5011,0.4649,0.4503,0.4437
2240.0000,0.6640,0.6168,0.5424,0.4963,0.4604,0.4486,0.4398
2245.0000,0.6485,0.5978,0.5354,0.4904,0.4576,0.4454,0.4381
2250.0000,0.6294,0.5825,0.5285,0.4849,0.4549,0.4422,0.4368
2255.0000,0.6106,0.5703,0.5211,0.4805,0.4514,0.4405,0.4337
2260.0000,0.5926,0.5602,0.5139,0.4763,0.4484,0.4381,0.4326
2265.0000,0.5803,0.5491,0.5083,0.4716,0.4463,0.4353,0.4323
2270.0000,0.5689,0.5391,0.5029,0.4675,0.4435,0.4339,0.4302
2275.0000,0.5556,0.5318,0.4971,0.4636,0.4417,0.4306,0.4348
2280.0000,0.5466,0.5235,0.4924,0.4594,0.4403,0.4272,0.4426
2285.0000,0.5367,0.5174,0.4866,0.4568,0.4370,0.4275,0.4500
2290.0000,0.5291,0.5107,0.4817,0.4538,0.4343,0.4280,0.4651
2295.0000,0.5220,0.5045,0.4765,0.4521,0.4293,0.4349,0.4767
2300.0000,0.5140,0.4997,0.4712,0.4504,0.4250,0.4435,0.4938
2305.0000,0.5063,0.4952,0.4664,0.4484,0.4217,0.4548,0.5165
2310.0000,0.4994,0.4904,0.4624,0.4460,0.4194,0.4702,0.5430
2315.0000,0.4963,0.4840,0.4598,0.4428,0.4186,0.4906,0.5716
2320.0000,0.4900,0.4797,0.4566,0.4399,0.4192,0.5171,0.5978
2325.0000,0.4849,0.4742,0.4557,0.4344,0.4270,0.5403,0.6425
2330.0000,0.4814,0.4683,0.4554,0.4284,0.4383,0.5676,0.6940
2335.0000,0.4783,0.4631,0.4541,0.4240,0.4507,0.6039,0.7476
2340.0000,0.4733,0.4600,0.4508,0.4219,0.4642,0.6508,0.7959
2345.0000,0.4688,0.4567,0.4485,0.4190,0.4860,0.6961,0.8614
2350.0000,0.4645,0.4545,0.4444,0.4190,0.5101,0.7508,0.9283
2355.0000,0.4594,0.4537,0.4386,0.4224,0.5368,0.8158,0.9885
2360.0000,0.4574,0.4505,0.4353,0.4251,0.5744,0.8773,1.0651
2365.0000,0.4530,0.4494,0.4300,0.4326,0.6147,0.9485,1.1383
2370.0000,0.4489,0.4475,0.4258,0.4422,0.6634,1.0198,1.2227
2375.0000,0.4480,0.4447,0.4209,0.4583,0.7115,1.1081,1.2819
2380.0000,0.4447,0.4423,0.4182,0.4765,0.7703,1.1922,1.3425
2385.0000,0.4429,0.4377,0.4194,0.4964,0.8403,1.2688,1.4110
2425.0000,0.4375,0.4551,0.5070,0.8817,1.5146,1.6631,1.6212
2430.0000,0.4429,0.4682,0.5336,0.9623,1.5836,1.6652,1.6107
2435.0000,0.4440,0.4877,0.5645,1.0490,1.6409,1.6575,1.5924
2440.0000,0.4622,0.5040,0.6050,1.1384,1.6849,1.6437,1.5616
2445.0000,0.4772,0.5260,0.6531,1.2280,1.7187,1.6149,1.5443
2450.0000,0.4929,0.5533,0.7077,1.3186,1.7347,1.5874,1.5105
2455.0000,0.5192,0.5818,0.7724,1.4050,1.7370,1.5562,1.4731
2460.0000,0.5373,0.6235,0.8405,1.4873,1.7256,1.5215,1.4365
2465.0000,0.5745,0.6607,0.9221,1.5573,1.7068,1.4807,1.4075
2470.0000,0.6140,0.7041,1.0090,1.6181,1.6752,1.4458,1.3695
2475.0000,0.6607,0.7508,1.1025,1.6649,1.6385,1.4083,1.3373
2480.0000,0.7023,0.8109,1.1938,1.7008,1.5948,1.3733,1.3066
2485.0000,0.7524,0.8768,1.2839,1.7241,1.5457,1.3440,1.2713
2490.0000,0.8144,0.9434,1.3740,1.7321,1.4973,1.3150,1.2375
2495.0000,0.8657,1.0241,1.4532,1.7295,1.4487,1.2870,1.2064
2500.0000,0.9354,1.1004,1.5294,1.7113,1.4080,1.2517,1.1903
2505.0000,1.0127,1.1748,1.5960,1.6848,1.3657,1.2266,1.1639
2510.0000,1.0918,1.2485,1.6516,1.6492,1.3290,1.1987,1.1491
2515.0000,1.1585,1.3275,1.6897,1.6105,1.2930,1.1758,1.1323
2520.0000,1.2207,1.4087,1.7097,1.5710,1.2567,1.1593,1.1112
2525.0000,1.2962,1.4735,1.7226,1.5254,1.2285,1.1382,1.1041
2530.0000,1.3662,1.5306,1.7224,1.4802,1.2011,1.1233,1.0906
2535.0000,1.4299,1.5783,1.7108,1.4358,1.1762,1.1117,1.0743
2540.0000,1.4709,1.6261,1.6839,1.3955,1.1529,1.1008,1.0612
2545.0000,1.5285,1.6488,1.6574,1.3525,1.1373,1.0856,1.0547
2550.0000,1.5677,1.6660,1.6208,1.3152,1.1200,1.0771,1.0387
2555.0000,1.5983,1.6701,1.5822,1.2788,1.1078,1.0643,1.0320
2560.0000,1.6142,1.6663,1.5399,1.2460,1.0970,1.0522,1.0242
2565.0000,1.6318,1.6485,1.4986,1.2160,1.0867,1.0429,1.0104
2570.0000,1.6307,1.6283,1.4547,1.1896,1.0787,1.0292,1.0096
2575.0000,1.6210,1.6023,1.4109,1.1675,1.0691,1.0194,1.0028
2580.0000,1.6110,1.5682,1.3702,1.1478,1.0597,1.0107,0.9953
2585.0000,1.5917,1.5320,1.3310,1.1312,1.0497,1.0031,0.9878
2590.0000,1.5566,1.4998,1.2912,1.1183,1.0389,0.9959,0.9822
2595.0000,1.5325,1.4592,1.2581,1.1056,1.0289,0.9897,0.9754
2600.0000,1.4960,1.4243,1.2248,1.0961,1.0173,0.9858,0.9665
2605.0000,1.4650,1.3841,1.1988,1.0850,1.0085,0.9797,0.9609
2610.0000,1.4334,1.3431,1.1781,1.0731,1.0017,0.9721,0.9571
2615.0000,1.3963,1.3078,1.1578,1.0632,0.9932,0.9681,0.9488
2620.0000,1.3680,1.2697,1.1436,1.0512,0.9878,0.9609,0.9453
2625.0000,1.3310,1.2390,1.1292,1.0406,0.9824,0.9540,0.9419
2630.0000,1.2943,1.2143,1.1141,1.0319,0.9754,0.9499,0.9352
2635.0000,1.2582,1.1941,1.0990,1.0239,0.9689,0.9449,0.9311
2640.0000,1.2338,1.1717,1.0873,1.0152,0.9635,0.9397,0.9268
2645.0000,1.2106,1.1517,1.0761,1.0074,0.9574,0.9364,0.9188
2650.0000,1.1838,1.1367,1.0641,1.0001,0.9525,0.9303,0.9177
2655.0000,1.1659,1.1197,1.0545,0.9925,0.9479,0.9252,0.9141
2660.0000,1.1459,1.1069,1.0433,0.9868,0.9415,0.9228,0.9066
2665.0000,1.1303,1.0929,1.0345,0.9799,0.9372,0.9177,0.9040
2670.0000,1.1162,1.0790,1.0268,0.9729,0.9336,0.9120,0.9020
2675.0000,1.1005,1.0684,1.0176,0.9677,0.9280,0.9095,0.8954
2680.0000,1.0857,1.0586,1.0092,0.9621,0.9237,0.9050,0.8933
2685.0000,1.0731,1.0485,1.0016,0.9566,0.9195,0.9006,0.8904
2690.0000,1.0645,1.0373,0.9951,0.9513,0.9146,0.8986,0.8828
2695.0000,1.0519,1.0291,0.9880,0.9461,0.9111,0.8933,0.8835
2700.0000,1.0389,1.0222,0.9805,0.9416,0.9067,0.8898,0.8811
2705.0000,1.0330,1.0124,0.9751,0.9364,0.9031,0.8862,0.8784
2710.0000,1.0242,1.0049,0.9687,0.9321,0.8983,0.8844,0.8733
2715.0000,1.0133,0.9986,0.9626,0.9276,0.8950,0.8803,0.8728
2720.0000,1.0082,0.9898,0.9580,0.9226,0.8918,0.8771,0.8706
2725.0000,0.9998,0.9838,0.9521,0.9187,0.8874,0.8758,0.8660
2730.0000,0.9922,0.9774,0.9471,0.9143,0.8844,0.8727,0.8648
2735.0000,0.9872,0.9698,0.9432,0.9094,0.8821,0.8693,0.8638
2740.0000,0.9794,0.9648,0.9378,0.9058,0.8783,0.8682,0.8598
2745.0000,0.9713,0.9602,0.9325,0.9020,0.8755,0.8656,0.8588
2750.0000,0.9674,0.9536,0.9287,0.8976,0.8735,0.8627,0.8580
2755.0000,0.9613,0.9488,0.9237,0.8943,0.8702,0.8620,0.8542
2760.0000,0.9541,0.9446,0.9188,0.8910,0.8678,0.8598,0.8531
2765.0000,0.9508,0.9385,0.9152,0.8872,0.8660,0.8576,0.8516
2770.0000,0.9454,0.9340,0.9106,0.8844,0.8630,0.8574,0.8463
2775.0000,0.9389,0.9301,0.9063,0.8811,0.8618,0.8541,0.8474
2780.0000,0.9358,0.9243,0.9030,0.8777,0.8604,0.8515,0.8464
2785.0000,0.9304,0.9206,0.8985,0.8755,0.8576,0.8513,0.8418
2790.0000,0.9253,0.9166,0.8947,0.8729,0.8562,0.8487,0.8415
2795.0000,0.9223,0.9112,0.8919,0.8699,0.8552,0.8458,0.8412
2800.0000,0.9173,0.9077,0.8878,0.8681,0.8525,0.8455,0.8368
2805.0000,0.9119,0.9044,0.8842,0.8661,0.8508,0.8432,0.8366
2810.0000,0.9060,0.9015,0.8806,0.8643,0.8490,0.8412,0.8356
2815.0000,0.9051,0.8963,0.8781,0.8624,0.8465,0.8412,0.8299
2820.0000,0.9002,0.8932,0.8753,0.8603,0.8454,0.8379,0.8321
2825.0000,0.8947,0.8906,0.8723,0.8586,0.8436,0.8359,0.8316
2830.0000,0.8937,0.8858,0.8706,0.8563,0.8421,0.8340,0.8307
2835.0000,0.8898,0.8831,0.8679,0.8550,0.8395,0.8339,0.8275
2840.0000,0.8848,0.8808,0.8655,0.8531,0.8381,0.8317,0.8283
2845.0000,0.8839,0.8765,0.8643,0.8508,0.8368,0.8301,0.8279
2850.0000,0.8802,0.8744,0.8619,0.8494,0.8343,0.8303,0.8252
2855.0000,0.8762,0.8724,0.8598,0.8476,0.8329,0.8289,0.8256
2860.0000,0.8755,0.8687,0.8588,0.8452,0.8320,0.8274,0.8258
2865.0000,0.8720,0.8672,0.8564,0.8438,0.8298,0.8280,0.8233
2870.0000,0.8682,0.8658,0.8542,0.8420,0.8287,0.8270,0.8238
2875.0000,0.8677,0.8626,0.8531,0.8397,0.8281,0.8261,0.8238
2880.0000,0.8651,0.8611,0.8508,0.8385,0.8262,0.8273,0.8201
2885.0000,0.8619,0.8595,0.8489,0.8365,0.8261,0.8256,0.8218
2890.0000,0.8614,0.8566,0.8477,0.8344,0.8260,0.8245,0.8219
2895.0000,0.8591,0.8551,0.8455,0.8333,0.8247,0.8255,0.8182
2900.0000,0.8559,0.8538,0.8435,0.8317,0.8249,0.8237,0.8198
2905.0000,0.8555,0.8510,0.8422,0.8301,0.8250,0.8226,0.8195
2910.0000,0.8530,0.8499,0.8396,0.8296,0.8237,0.8234,0.8156
2915.0000,0.8502,0.8487,0.8375,0.8287,0.8237,0.8218,0.8160
2920.0000,0.8500,0.8457,0.8365,0.8273,0.8240,0.8198,0.8164
2925.0000,0.8477,0.8444,0.8343,0.8272,0.8227,0.8201,0.8126
2930.0000,0.8451,0.8430,0.8325,0.8267,0.8224,0.8182,0.8132
2935.0000,0.8413,0.8422,0.8306,0.8265,0.8217,0.8167,0.8129
2940.0000,0.8425,0.8390,0.8298,0.8262,0.8202,0.8172,0.8081
2945.0000,0.8399,0.8377,0.8287,0.8256,0.8199,0.8146,0.8104
2950.0000,0.8366,0.8369,0.8273,0.8254,0.8188,0.8132,0.8104
2955.0000,0.8374,0.8340,0.8273,0.8247,0.8179,0.8118,0.8100
2960.0000,0.8352,0.8331,0.8262,0.8247,0.8158,0.8122,0.8075
2965.0000,0.8323,0.8324,0.8255,0.8241,0.8147,0.8107,0.8082
2970.0000,0.8331,0.8299,0.8259,0.8229,0.8138,0.8096,0.8080
2975.0000,0.8311,0.8294,0.8251,0.8225,0.8118,0.8103,0.8055
2980.0000,0.8285,0.8293,0.8245,0.8215,0.8109,0.8093,0.8062
2985.0000,0.8296,0.8271,0.8251,0.8198,0.8105,0.8080,0.8068
2990.0000,0.8281,0.8269,0.8243,0.8190,0.8090,0.8087,0.8045
2995.0000,0.8264,0.8267,0.8237,0.8176,0.8084,0.8078,0.8054
3000.0000,0.8271,0.8253,0.8238,0.8159,0.8083,0.8070,0.8058
3005.0000,0.8259,0.8253,0.8225,0.8152,0.8069,0.8083,0.8028
3010.0000,0.8243,0.8254,0.8216,0.8138,0.8069,0.8069,0.8050
3015.0000,0.8252,0.8239,0.8212,0.8123,0.8070,0.8062,0.8057
3020.0000,0.8241,0.8240,0.8195,0.8119,0.8058,0.8076,0.8030
3025.0000,0.8223,0.8241,0.8179,0.8109,0.8059,0.8066,0.8052
3030.0000,0.8234,0.8223,0.8174,0.8097,0.8061,0.8060,0.8061
3035.0000,0.8224,0.8220,0.8156,0.8095,0.8051,0.8076,0.8037
3040.0000,0.8207,0.8216,0.8142,0.8089,0.8052,0.8070,0.8058
3045.0000,0.8214,0.8194,0.8137,0.8079,0.8056,0.8065,0.8072
3050.0000,0.8201,0.8188,0.8121,0.8080,0.8047,0.8083,0.8049
3055.0000,0.8184,0.8181,0.8110,0.8076,0.8049,0.8081,0.8070
3060.0000,0.8154,0.8179,0.8097,0.8073,0.8051,0.8083,0.8083
3065.0000,0.8172,0.8154,0.8094,0.8071,0.8046,0.8105,0.8050
3070.0000,0.8155,0.8146,0.8087,0.8066,0.8054,0.8098,0.8083
3075.0000,0.8130,0.8142,0.8078,0.8065,0.8059,0.8099,0.8097
3080.0000,0.8141,0.8120,0.8080,0.8058,0.8069,0.8100,0.8107
3085.0000,0.8124,0.8117,0.8070,0.8062,0.8066,0.8117,0.8091
3090.0000,0.8103,0.8114,0.8064,0.8061,0.8076,0.8114,0.8111
3095.0000,0.8114,0.8095,0.8068,0.8057,0.8087,0.8113,0.8122
3100.0000,0.8101,0.8093,0.8060,0.8063,0.8086,0.8129,0.8107
3105.0000,0.8077,0.8096,0.8053,0.8067,0.8093,0.8129,0.8121
3110.0000,0.8091,0.8079,0.8058,0.8065,0.8104,0.8128,0.8131
3115.0000,0.8079,0.8080,0.8050,0.8075,0.8102,0.8144,0.8113
3120.0000,0.8064,0.8081,0.8047,0.8080,0.8110,0.8142,0.8125
3125.0000,0.8075,0.8067,0.8053,0.8081,0.8120,0.8139,0.8134
3130.0000,0.8066,0.8070,0.8049,0.8092,0.8116,0.8156,0.8106
3135.0000,0.8053,0.8071,0.8050,0.8095,0.8126,0.8145,0.8132
3140.0000,0.8065,0.8059,0.8059,0.8097,0.8135,0.8140,0.8142
3145.0000,0.8059,0.8062,0.8058,0.8108,0.8130,0.8156,0.8118
3150.0000,0.8047,0.8067,0.8060,0.8114,0.8136,0.8148,0.8140
3155.0000,0.8060,0.8058,0.8071,0.8116,0.8141,0.8144,0.8152
3160.0000,0.8056,0.8064,0.8071,0.8126,0.8133,0.8162,0.8129
3165.0000,0.8043,0.8073,0.8073,0.8132,0.8136,0.8158,0.8152
3170.0000,0.8060,0.8066,0.8086,0.8132,0.8142,0.8154,0.8172
3175.0000,0.8058,0.8073,0.8087,0.8141,0.8133,0.8174,0.8155
3180.0000,0.8055,0.8080,0.8094,0.8142,0.8138,0.8169,0.8199
3185.0000,0.8035,0.8094,0.8096,0.8145,0.8143,0.8167,0.8251
3190.0000,0.8068,0.8086,0.8107,0.8148,0.8136,0.8197,0.8261
3195.0000,0.8067,0.8093,0.8113,0.8148,0.8141,0.8203,0.8357
3200.0000,0.8060,0.8103,0.8116,0.8149,0.8144,0.8223,0.8467
3205.0000,0.8084,0.8097,0.8127,0.8146,0.8150,0.8255,0.8605
3210.0000,0.8078,0.8112,0.8122,0.8155,0.8139,0.8330,0.8749
3215.0000,0.8065,0.8130,0.8115,0.8166,0.8127,0.8437,0.8902
3220.0000,0.8096,0.8121,0.8126,0.8163,0.8136,0.8551,0.9113
3225.0000,0.8095,0.8131,0.8123,0.8168,0.8142,0.8714,0.9332
3230.0000,0.8082,0.8143,0.8125,0.8163,0.8176,0.8881,0.9647
3235.0000,0.8112,0.8133,0.8134,0.8161,0.8210,0.9126,0.9917
3240.0000,0.8114,0.8136,0.8138,0.8157,0.8271,0.9400,1.0217
3245.0000,0.8114,0.8133,0.8151,0.8141,0.8381,0.9672,1.0624
3250.0000,0.8129,0.8123,0.8168,0.8125,0.8525,0.9980,1.1061
3255.0000,0.8131,0.8126,0.8170,0.8126,0.8682,1.0362,1.1474
3260.0000,0.8124,0.8136,0.8164,0.8142,0.8867,1.0802,1.1827
3265.0000,0.8136,0.8130,0.8171,0.8151,0.9128,1.1211,1.2279
3270.0000,0.8134,0.8139,0.8160,0.8193,0.9406,1.1686,1.2648
3275.0000,0.8128,0.8147,0.8155,0.8242,0.9758,1.2118,1.3125
3280.0000,0.8140,0.8149,0.8143,0.8330,1.0120,1.2620,1.3428
3285.0000,0.8137,0.8160,0.8127,0.8450,1.0526,1.3111,1.3658
3290.0000,0.8128,0.8167,0.8127,0.8586,1.1008,1.3501,1.3995
3295.0000,0.8148,0.8157,0.8142,0.8757,1.1522,1.3858,1.4242
3300.0000,0.8148,0.8165,0.8149,0.8990,1.2023,1.4226,1.4308
3305.0000,0.8150,0.8167,0.8186,0.9246,1.2580,1.4434,1.4530
3310.0000,0.8133,0.8189,0.8227,0.9563,1.3111,1.4607,1.4650
3315.0000,0.8161,0.8205,0.8285,0.9944,1.3583,1.4775,1.4609
3320.0000,0.8160,0.8247,0.8367,1.0364,1.4039,1.4824,1.4660
3325.0000,0.8150,0.8309,0.8475,1.0832,1.4431,1.4827,1.4650
3330.0000,0.8217,0.8350,0.8638,1.1327,1.4755,1.4786,1.4604
3335.0000,0.8218,0.8460,0.8812,1.1867,1.4978,1.4734,1.4510
3340.0000,0.8252,0.8571,0.9052,1.2400,1.5143,1.4618,1.4482
3345.0000,0.8390,0.8656,0.9369,1.2919,1.5220,1.4514,1.4411
3350.0000,0.8490,0.8794,0.9730,1.3419,1.5220,1.4405,1.4363
3355.0000,0.8559,0.8994,1.0125,1.3890,1.5139,1.4324,1.4297
3360.0000,0.8761,0.9169,1.0602,1.4287,1.5022,1.4244,1.4259
3365.0000,0.8957,0.9395,1.1113,1.4618,1.4867,1.4188,1.4243
3370.0000,0.9200,0.9648,1.1660,1.4867,1.4697,1.4148,1.4259
3375.0000,0.9423,0.9970,1.2205,1.5041,1.4521,1.4129,1.4317
3380.0000,0.9680,1.0349,1.2728,1.5154,1.4329,1.4176,1.4343
3385.0000,1.0037,1.0718,1.3261,1.5165,1.4199,1.4182,1.4545
3390.0000,1.0355,1.1156,1.3733,1.5124,1.4086,1.4228,1.4796
3395.0000,1.0747,1.1594,1.4152,1.5042,1.3974,1.4373,1.5010
3400.0000,1.1066,1.2107,1.4472,1.4927,1.3913,1.4507,1.5443
3405.0000,1.1507,1.2565,1.4740,1.4785,1.3878,1.4730,1.5889
3410.0000,1.1953,1.3001,1.4931,1.4636,1.3862,1.5054,1.6349
3415.0000,1.2391,1.3398,1.5064,1.4466,1.3925,1.5381,1.7071
3420.0000,1.2639,1.3865,1.5053,1.4360,1.3955,1.5915,1.7653
3425.0000,1.3117,1.4161,1.5049,1.4229,1.4075,1.6504,1.8309
3430.0000,1.3476,1.4425,1.4999,1.4097,1.4304,1.7083,1.9264
3435.0000,1.3701,1.4670,1.4890,1.4001,1.4591,1.7761,2.0304
3440.0000,1.4073,1.4767,1.4789,1.3933,1.4922,1.8612,2.1294
3445.0000,1.4308,1.4844,1.4650,1.3916,1.5309,1.9616,2.2141
3450.0000,1.4481,1.4853,1.4540,1.3889,1.5879,2.0535,2.3344
3455.0000,1.4624,1.4809,1.4436,1.3904,1.6552,2.1516,2.4628
3460.0000,1.4683,1.4768,1.4301,1.4010,1.7260,2.2662,2.5855
3465.0000,1.4672,1.4729,1.4148,1.4207,1.8012,2.3973,2.6849
3470.0000,1.4694,1.4622,1.4065,1.4415,1.8966,2.5153,2.8093
3475.0000,1.4636,1.4554,1.3961,1.4742,1.9948,2.6464,2.9162
3480.0000,1.4566,1.4466,1.3910,1.5120,2.1082,2.7674,3.0391
3485.0000,1.4528,1.4371,1.3879,1.5624,2.2216,2.9037,3.1209
3490.0000,1.4433,1.4312,1.3886,1.6213,2.3449,3.0318,3.1886
3530.0000,1.4448,1.4857,1.6524,2.4222,3.3994,3.4586,3.3498
3535.0000,1.4608,1.5210,1.7193,2.5646,3.4792,3.4381,3.2985
3540.0000,1.4815,1.5634,1.7969,2.7095,3.5402,3.3979,3.2485
3545.0000,1.4983,1.6186,1.8822,2.8567,3.5760,3.3479,3.1880
3550.0000,1.5507,1.6673,1.9859,2.9975,3.5893,3.2905,3.1150
3555.0000,1.5982,1.7270,2.1016,3.1281,3.5864,3.2128,3.0730
3560.0000,1.6277,1.8097,2.2179,3.2552,3.5509,3.1493,2.9987
3565.0000,1.7084,1.8798,2.3548,3.3611,3.5018,3.0799,2.9299
3570.0000,1.7864,1.9606,2.4992,3.4481,3.4391,3.0067,2.8739
3575.0000,1.8734,2.0489,2.6480,3.5160,3.3596,2.9468,2.7965
3580.0000,1.9546,2.1512,2.7964,3.5610,3.2742,2.8860,2.7230
3585.0000,2.0350,2.2706,2.9368,3.5856,3.1832,2.8289,2.6449
3590.0000,2.1521,2.3781,3.0832,3.5779,3.1052,2.7529,2.6051
3595.0000,2.2542,2.5021,3.2110,3.5553,3.0208,2.6911,2.5502
3600.0000,2.3753,2.6213,3.3277,3.5133,2.9386,2.6363,2.4885
3605.0000,2.4678,2.7620,3.4152,3.4601,2.8606,2.5784,2.4435
3610.0000,2.5927,2.8862,3.4896,3.3904,2.7929,2.5157,2.4138
3615.0000,2.7208,3.0021,3.5413,3.3151,2.7229,2.4687,2.3719
3620.0000,2.8399,3.1125,3.5685,3.2350,2.6578,2.4238,2.3378
3625.0000,2.9496,3.2133,3.5725,3.1532,2.5959,2.3850,2.3025
3630.0000,3.0332,3.3167,3.5450,3.0775,2.5322,2.3565,2.2597
3635.0000,3.1311,3.3858,3.5113,2.9948,2.4828,2.3171,2.2450
3640.0000,3.2266,3.4286,3.4668,2.9134,2.4363,2.2868,2.2190
3645.0000,3.2956,3.4591,3.4068,2.8376,2.3910,2.2642,2.1849
