150.0000,0.3586,0.3617,0.3656,0.3729,0.3795,0.3848,0.3864
155.0000,0.3601,0.3622,0.3668,0.3737,0.3807,0.3854,0.3878
160.0000,0.3606,0.3634,0.3674,0.3749,0.3812,0.3871,0.3876
165.0000,0.3612,0.3645,0.3683,0.3758,0.3823,0.3877,0.3894
170.0000,0.3627,0.3649,0.3695,0.3765,0.3835,0.3884,0.3908
175.0000,0.3635,0.3660,0.3702,0.3777,0.3840,0.3902,0.3906
180.0000,0.3637,0.3673,0.3709,0.3787,0.3851,0.3908,0.3926
185.0000,0.3653,0.3677,0.3722,0.3794,0.3863,0.3917,0.3940
190.0000,0.3661,0.3688,0.3729,0.3806,0.3868,0.3935,0.3937
195.0000,0.3669,0.3698,0.3739,0.3814,0.3880,0.3941,0.3957
200.0000,0.3666,0.3712,0.3746,0.3824,0.3891,0.3950,0.3975
205.0000,0.3689,0.3715,0.3758,0.3834,0.3898,0.3969,0.3969
210.0000,0.3696,0.3725,0.3768,0.3843,0.3911,0.3975,0.3994
215.0000,0.3693,0.3741,0.3774,0.3853,0.3922,0.3985,0.4011
220.0000,0.3716,0.3744,0.3786,0.3863,0.3929,0.4006,0.4005
225.0000,0.3723,0.3754,0.3795,0.3872,0.3943,0.4013,0.4031
230.0000,0.3728,0.3766,0.3804,0.3881,0.3956,0.4022,0.4050
235.0000,0.3746,0.3770,0.3817,0.3889,0.3970,0.4032,0.4068
240.0000,0.3750,0.3783,0.3823,0.3902,0.3978,0.4051,0.4073
245.0000,0.3755,0.3795,0.3832,0.3912,0.3991,0.4062,0.4092
250.0000,0.3774,0.3799,0.3845,0.3921,0.4006,0.4074,0.4110
255.0000,0.3782,0.3810,0.3852,0.3934,0.4014,0.4094,0.4116
260.0000,0.3781,0.3825,0.3860,0.3945,0.4028,0.4106,0.4139
265.0000,0.3802,0.3828,0.3873,0.3954,0.4043,0.4119,0.4157
270.0000,0.3810,0.3839,0.3882,0.3967,0.4053,0.4141,0.4162
275.0000,0.3816,0.3849,0.3892,0.3978,0.4069,0.4153,0.4186
280.0000,0.3832,0.3855,0.3905,0.3988,0.4086,0.4166,0.4208
285.0000,0.3837,0.3869,0.3912,0.4003,0.4096,0.4191,0.4211
290.0000,0.3844,0.3880,0.3923,0.4015,0.4113,0.4204,0.4235
295.0000,0.3861,0.3885,0.3937,0.4025,0.4132,0.4218,0.4257
300.0000,0.3869,0.3897,0.3946,0.4041,0.4143,0.4243,0.4260
305.0000,0.3872,0.3911,0.3956,0.4054,0.4162,0.4255,0.4289
310.0000,0.3890,0.3917,0.3970,0.4066,0.4181,0.4270,0.4310
315.0000,0.3900,0.3929,0.3980,0.4083,0.4193,0.4295,0.4312
320.0000,0.3908,0.3941,0.3992,0.4096,0.4213,0.4308,0.4341
325.0000,0.3904,0.3960,0.4001,0.4113,0.4230,0.4323,0.4366
330.0000,0.3930,0.3964,0.4015,0.4129,0.4244,0.4351,0.4366
335.0000,0.3939,0.3977,0.4028,0.4144,0.4264,0.4364,0.4395
340.0000,0.3946,0.3990,0.4041,0.4160,0.4283,0.4379,0.4420
345.0000,0.3967,0.3997,0.4056,0.4177,0.4297,0.4408,0.4418
350.0000,0.3974,0.4012,0.4070,0.4193,0.4318,0.4420,0.4450
355.0000,0.3981,0.4027,0.4084,0.4210,0.4338,0.4435,0.4477
360.0000,0.4003,0.4034,0.4103,0.4224,0.4359,0.4450,0.4500
365.0000,0.4010,0.4052,0.4115,0.4245,0.4373,0.4476,0.4511
370.0000,0.4018,0.4068,0.4129,0.4262,0.4392,0.4493,0.4535
375.0000,0.4042,0.4076,0.4150,0.4278,0.4414,0.4509,0.4559
380.0000,0.4054,0.4092,0.4164,0.4298,0.4428,0.4536,0.4568
385.0000,0.4057,0.4113,0.4178,0.4316,0.4448,0.4553,0.4598
390.0000,0.4083,0.4122,0.4198,0.4332,0.4469,0.4571,0.4620
395.0000,0.4096,0.4139,0.4213,0.4353,0.4484,0.4599,0.4629
400.0000,0.4107,0.4156,0.4231,0.4370,0.4506,0.4615,0.4661
405.0000,0.4130,0.4168,0.4252,0.4387,0.4528,0.4633,0.4689
410.0000,0.4141,0.4189,0.4265,0.4409,0.4543,0.4663,0.4697
415.0000,0.4155,0.4206,0.4283,0.4426,0.4564,0.4682,0.4727
420.0000,0.4178,0.4218,0.4305,0.4442,0.4588,0.4700,0.4756
425.0000,0.4193,0.4236,0.4321,0.4464,0.4605,0.4732,0.4763
430.0000,0.4201,0.4259,0.4337,0.4483,0.4628,0.4750,0.4801
435.0000,0.4227,0.4271,0.4359,0.4500,0.4652,0.4771,0.4829
440.0000,0.4243,0.4291,0.4375,0.4522,0.4669,0.4804,0.4836
445.0000,0.4258,0.4309,0.4394,0.4541,0.4694,0.4823,0.4876
450.0000,0.4259,0.4336,0.4408,0.4563,0.4717,0.4845,0.4911
455.0000,0.4295,0.4347,0.4429,0.4584,0.4736,0.4882,0.4919
460.0000,0.4311,0.4365,0.4448,0.4604,0.4762,0.4904,0.4958
465.0000,0.4325,0.4385,0.4467,0.4624,0.4788,0.4928,0.4994
470.0000,0.4353,0.4398,0.4488,0.4647,0.4808,0.4967,0.5000
475.0000,0.4364,0.4421,0.4506,0.4668,0.4836,0.4989,0.5044
480.0000,0.4378,0.4441,0.4526,0.4689,0.4865,0.5013,0.5085
485.0000,0.4408,0.4453,0.4551,0.4708,0.4896,0.5038,0.5123
490.0000,0.4420,0.4478,0.4567,0.4735,0.4918,0.5076,0.5147
495.0000,0.4434,0.4500,0.4586,0.4759,0.4946,0.5106,0.5185
500.0000,0.4465,0.4512,0.4612,0.4780,0.4978,0.5135,0.5226
505.0000,0.4482,0.4534,0.4630,0.4807,0.5002,0.5177,0.5251
510.0000,0.4488,0.4561,0.4649,0.4833,0.5033,0.5207,0.5300
515.0000,0.4521,0.4575,0.4674,0.4857,0.5064,0.5244,0.5339
520.0000,0.4540,0.4597,0.4694,0.4886,0.5091,0.5290,0.5364
525.0000,0.4556,0.4620,0.4717,0.4912,0.5126,0.5323,0.5420
530.0000,0.4585,0.4635,0.4745,0.4936,0.5164,0.5358,0.5473
535.0000,0.4600,0.4662,0.4764,0.4968,0.5192,0.5410,0.5503
540.0000,0.4620,0.4685,0.4789,0.4996,0.5229,0.5452,0.5554
545.0000,0.4649,0.4701,0.4819,0.5021,0.5272,0.5490,0.5614
550.0000,0.4670,0.4725,0.4843,0.5054,0.5305,0.5546,0.5647
555.0000,0.4682,0.4755,0.4866,0.5085,0.5348,0.5587,0.5721
560.0000,0.4714,0.4774,0.4895,0.5116,0.5390,0.5640,0.5776
565.0000,0.4737,0.4800,0.4919,0.5152,0.5427,0.5704,0.5811
570.0000,0.4758,0.4826,0.4947,0.5185,0.5476,0.5750,0.5894
575.0000,0.4761,0.4862,0.4971,0.5221,0.5523,0.5802,0.5975
580.0000,0.4807,0.4880,0.5002,0.5259,0.5566,0.5875,0.6024
585.0000,0.4832,0.4907,0.5032,0.5297,0.5616,0.5938,0.6103
590.0000,0.4854,0.4934,0.5064,0.5334,0.5673,0.5998,0.6196
595.0000,0.4892,0.4954,0.5102,0.5370,0.5734,0.6060,0.6300
600.0000,0.4911,0.4989,0.5130,0.5417,0.5784,0.6145,0.6388
605.0000,0.4933,0.5021,0.5162,0.5461,0.5842,0.6228,0.6495
610.0000,0.4974,0.5043,0.5203,0.5502,0.5910,0.6307,0.6632
615.0000,0.4993,0.5082,0.5232,0.5555,0.5967,0.6415,0.6755
620.0000,0.5018,0.5119,0.5266,0.5608,0.6029,0.6533,0.6887
625.0000,0.5063,0.5145,0.5307,0.5660,0.6096,0.6666,0.7012
630.0000,0.5092,0.5181,0.5345,0.5716,0.6169,0.6811,0.7130
635.0000,0.5106,0.5227,0.5382,0.5773,0.6252,0.6962,0.7242
640.0000,0.5159,0.5251,0.5435,0.5821,0.6356,0.7105,0.7347
645.0000,0.5196,0.5286,0.5483,0.5876,0.6466,0.7260,0.7410
650.0000,0.5235,0.5316,0.5545,0.5919,0.6619,0.7355,0.7575
655.0000,0.5275,0.5349,0.5606,0.5968,0.6780,0.7443,0.7738
660.0000,0.5310,0.5396,0.5653,0.6041,0.6920,0.7567,0.7846
665.0000,0.5352,0.5442,0.5700,0.6122,0.7068,0.7676,0.7984
670.0000,0.5394,0.5492,0.5744,0.6216,0.7211,0.7784,0.8126
675.0000,0.5433,0.5549,0.5782,0.6330,0.7339,0.7911,0.8249
680.0000,0.5450,0.5625,0.5812,0.6460,0.7458,0.8038,0.8387
685.0000,0.5520,0.5672,0.5861,0.6595,0.7568,0.8186,0.8477
690.0000,0.5564,0.5734,0.5911,0.6739,0.7673,0.8336,0.8553
695.0000,0.5608,0.5790,0.5980,0.6876,0.7792,0.8462,0.8664
700.0000,0.5626,0.5857,0.6058,0.7013,0.7914,0.8581,0.8762
705.0000,0.5727,0.5887,0.6168,0.7143,0.8032,0.8720,0.8781
710.0000,0.5799,0.5927,0.6294,0.7259,0.8175,0.8806,0.8869
715.0000,0.5880,0.5967,0.6434,0.7368,0.8325,0.8874,0.8941
720.0000,0.5932,0.6036,0.6569,0.7484,0.8466,0.8940,0.8977
725.0000,0.5995,0.6119,0.6700,0.7607,0.8593,0.9008,0.8966
730.0000,0.6063,0.6216,0.6831,0.7729,0.8726,0.9035,0.8978
735.0000,0.6138,0.6327,0.6955,0.7856,0.8845,0.9048,0.8964
740.0000,0.6213,0.6458,0.7066,0.7998,0.8936,0.9063,0.8904
745.0000,0.6249,0.6624,0.7159,0.8148,0.9014,0.9048,0.8851
750.0000,0.6404,0.6733,0.7281,0.8285,0.9082,0.9016,0.8760
790.0000,0.7380,0.7693,0.8356,0.9113,0.8930,0.7944,0.7360
795.0000,0.7514,0.7817,0.8488,0.9158,0.8801,0.7735,0.7096
800.0000,0.7643,0.7946,0.8612,0.9185,0.8648,0.7508,0.6817
805.0000,0.7735,0.8099,0.8714,0.9199,0.8468,0.7271,0.6517
810.0000,0.7888,0.8211,0.8835,0.9169,0.8299,0.6969,0.6302
815.0000,0.8022,0.8332,0.8931,0.9130,0.8083,0.6701,0.6026
820.0000,0.8148,0.8451,0.9013,0.9069,0.7845,0.6433,0.5730
825.0000,0.8219,0.8590,0.9065,0.8992,0.7584,0.6165,0.5423
830.0000,0.8377,0.8679,0.9123,0.8880,0.7316,0.5892,0.5096
835.0000,0.8495,0.8767,0.9166,0.8733,0.7062,0.5561,0.4919
840.0000,0.8591,0.8855,0.9175,0.8579,0.6766,0.5291,0.4633
845.0000,0.8702,0.8916,0.9173,0.8396,0.6469,0.5020,0.4357
850.0000,0.8769,0.8986,0.9135,0.8198,0.6163,0.4755,0.4078
855.0000,0.8843,0.9023,0.9089,0.7966,0.5879,0.4455,0.3898
860.0000,0.8917,0.9039,0.9015,0.7727,0.5571,0.4209,0.3656
865.0000,0.8949,0.9052,0.8909,0.7473,0.5267,0.3968,0.3432
870.0000,0.8954,0.9052,0.8775,0.7208,0.4966,0.3742,0.3208
875.0000,0.8991,0.8999,0.8640,0.6914,0.4696,0.3493,0.3052
880.0000,0.8983,0.8942,0.8468,0.6623,0.4416,0.3284,0.2880
885.0000,0.8938,0.8873,0.8268,0.6331,0.4140,0.3099,0.2700
890.0000,0.8907,0.8759,0.8063,0.6024,0.3891,0.2907,0.2565
895.0000,0.8822,0.8647,0.7823,0.5726,0.3643,0.2744,0.2430
900.0000,0.8717,0.8513,0.7566,0.5431,0.3406,0.2602,0.2290
905.0000,0.8625,0.8336,0.7306,0.5132,0.3191,0.2467,0.2161
910.0000,0.8501,0.8141,0.7035,0.4839,0.2993,0.2345,0.2031
915.0000,0.8310,0.7955,0.6742,0.4554,0.2818,0.2209,0.1966
920.0000,0.8157,0.7721,0.6456,0.4274,0.2658,0.2095,0.1885
925.0000,0.7955,0.7494,0.6150,0.4016,0.2502,0.2000,0.1801
930.0000,0.7781,0.7219,0.5862,0.3759,0.2371,0.1906,0.1734
935.0000,0.7549,0.6951,0.5566,0.3520,0.2250,0.1818,0.1681
940.0000,0.7282,0.6698,0.5255,0.3306,0.2131,0.1749,0.1626
945.0000,0.7006,0.6440,0.4947,0.3111,0.2019,0.1695,0.1561
950.0000,0.6789,0.6135,0.4668,0.2919,0.1924,0.1645,0.1488
955.0000,0.6525,0.5837,0.4396,0.2743,0.1842,0.1596,0.1413
960.0000,0.6216,0.5566,0.4123,0.2582,0.1776,0.1524,0.1413
965.0000,0.5905,0.5297,0.3863,0.2435,0.1721,0.1448,0.1446
970.0000,0.5658,0.5003,0.3627,0.2301,0.1660,0.1404,0.1461
975.0000,0.5417,0.4700,0.3415,0.2177,0.1605,0.1368,0.1505
980.0000,0.5089,0.4460,0.3181,0.2090,0.1520,0.1393,0.1479
985.0000,0.4836,0.4196,0.2983,0.2002,0.1450,0.1424,0.1463
990.0000,0.4557,0.3960,0.2793,0.1921,0.1394,0.1451,0.1461
995.0000,0.4342,0.3698,0.2644,0.1833,0.1359,0.1482,0.1441
1000.0000,0.4089,0.3464,0.2508,0.1745,0.1350,0.1492,0.1443
1005.0000,0.3826,0.3267,0.2370,0.1671,0.1341,0.1519,0.1405
1010.0000,0.3586,0.3078,0.2251,0.1594,0.1363,0.1508,0.1421
1015.0000,0.3388,0.2886,0.2153,0.1518,0.1401,0.1482,0.1442
1020.0000,0.3218,0.2695,0.2068,0.1452,0.1437,0.1469,0.1434
1025.0000,0.3014,0.2550,0.1971,0.1407,0.1471,0.1445,0.1452
1030.0000,0.2835,0.2419,0.1873,0.1381,0.1493,0.1431,0.1456
1035.0000,0.2689,0.2286,0.1787,0.1365,0.1512,0.1412,0.1479
1040.0000,0.2510,0.2198,0.1682,0.1377,0.1505,0.1418,0.1466
1045.0000,0.2384,0.2099,0.1595,0.1395,0.1494,0.1425,0.1459
1050.0000,0.2241,0.2027,0.1506,0.1425,0.1475,0.1434,0.1462
1055.0000,0.2115,0.1951,0.1436,0.1455,0.1451,0.1451,0.1450
1060.0000,0.2045,0.1845,0.1403,0.1471,0.1439,0.1457,0.1449
1065.0000,0.1950,0.1760,0.1378,0.1487,0.1423,0.1472,0.1432
1070.0000,0.1880,0.1663,0.1384,0.1487,0.1423,0.1471,0.1439
1075.0000,0.1870,0.1543,0.1420,0.1469,0.1437,0.1460,0.1448
1080.0000,0.1754,0.1489,0.1436,0.1462,0.1440,0.1463,0.1439
1085.0000,0.1689,0.1432,0.1465,0.1446,0.1454,0.1452,0.1452
1090.0000,0.1579,0.1433,0.1465,0.1446,0.1455,0.1451,0.1454
1095.0000,0.1527,0.1431,0.1467,0.1444,0.1456,0.1451,0.1454
1100.0000,0.1465,0.1454,0.1453,0.1451,0.1451,0.1455,0.1451
1105.0000,0.1453,0.1458,0.1450,0.1451,0.1451,0.1455,0.1453
1110.0000,0.1456,0.1455,0.1451,0.1451,0.1453,0.1455,0.1454
1115.0000,0.1454,0.1455,0.1450,0.1452,0.1452,0.1457,0.1450
1120.0000,0.1451,0.1456,0.1449,0.1452,0.1452,0.1456,0.1452
1125.0000,0.1454,0.1453,0.1450,0.1451,0.1454,0.1454,0.1454
1130.0000,0.1453,0.1453,0.1450,0.1452,0.1453,0.1456,0.1450
1135.0000,0.1451,0.1453,0.1449,0.1453,0.1454,0.1455,0.1452
1140.0000,0.1452,0.1451,0.1450,0.1452,0.1455,0.1454,0.1454
1145.0000,0.1451,0.1452,0.1450,0.1454,0.1454,0.1456,0.1450
1150.0000,0.1448,0.1452,0.1449,0.1454,0.1454,0.1455,0.1452
1155.0000,0.1451,0.1451,0.1450,0.1454,0.1455,0.1454,0.1454
1160.0000,0.1449,0.1452,0.1450,0.1455,0.1453,0.1457,0.1449
1165.0000,0.1448,0.1452,0.1450,0.1456,0.1453,0.1455,0.1452
1170.0000,0.1450,0.1451,0.1451,0.1455,0.1454,0.1455,0.1454
1175.0000,0.1450,0.1451,0.1451,0.1456,0.1452,0.1458,0.1449
1180.0000,0.1448,0.1453,0.1451,0.1456,0.1452,0.1456,0.1452
1185.0000,0.1451,0.1451,0.1453,0.1455,0.1454,0.1455,0.1454
1190.0000,0.1450,0.1451,0.1453,0.1456,0.1452,0.1457,0.1450
1195.0000,0.1449,0.1452,0.1453,0.1455,0.1453,0.1456,0.1454
1200.0000,0.1445,0.1455,0.1453,0.1456,0.1453,0.1456,0.1457
1205.0000,0.1451,0.1453,0.1454,0.1456,0.1452,0.1459,0.1451
1210.0000,0.1450,0.1454,0.1454,0.1455,0.1453,0.1458,0.1457
1215.0000,0.1447,0.1456,0.1453,0.1455,0.1453,0.1459,0.1460
1220.0000,0.1452,0.1454,0.1454,0.1455,0.1454,0.1459,0.1462
1225.0000,0.1451,0.1456,0.1453,0.1456,0.1453,0.1462,0.1460
1230.0000,0.1449,0.1456,0.1453,0.1455,0.1454,0.1462,0.1463
1235.0000,0.1453,0.1454,0.1454,0.1454,0.1456,0.1463,0.1466
1240.0000,0.1453,0.1455,0.1454,0.1455,0.1455,0.1467,0.1463
1245.0000,0.1450,0.1456,0.1453,0.1455,0.1457,0.1467,0.1467
1250.0000,0.1454,0.1454,0.1455,0.1454,0.1459,0.1467,0.1470
1255.0000,0.1453,0.1455,0.1454,0.1455,0.1460,0.1471,0.1468
1260.0000,0.1451,0.1456,0.1453,0.1455,0.1461,0.1471,0.1472
1265.0000,0.1454,0.1454,0.1454,0.1455,0.1464,0.1472,0.1475
1270.0000,0.1453,0.1455,0.1453,0.1457,0.1463,0.1476,0.1471
1275.0000,0.1451,0.1456,0.1452,0.1458,0.1466,0.1476,0.1476
1280.0000,0.1454,0.1454,0.1454,0.1458,0.1468,0.1477,0.1479
1285.0000,0.1452,0.1456,0.1452,0.1460,0.1468,0.1481,0.1474
1290.0000,0.1451,0.1456,0.1453,0.1461,0.1471,0.1481,0.1480
1295.0000,0.1454,0.1454,0.1454,0.1462,0.1473,0.1481,0.1482
1300.0000,0.1453,0.1455,0.1454,0.1464,0.1474,0.1485,0.1478
1305.0000,0.1451,0.1456,0.1454,0.1466,0.1476,0.1484,0.1481
1310.0000,0.1454,0.1454,0.1457,0.1466,0.1478,0.1484,0.1483
1315.0000,0.1453,0.1455,0.1457,0.1469,0.1478,0.1487,0.1478
1320.0000,0.1452,0.1456,0.1457,0.1470,0.1480,0.1486,0.1481
1325.0000,0.1448,0.1459,0.1458,0.1472,0.1482,0.1486,0.1483
1330.0000,0.1454,0.1457,0.1460,0.1474,0.1481,0.1489,0.1476
1335.0000,0.1454,0.1458,0.1461,0.1476,0.1484,0.1486,0.1481
1340.0000,0.1452,0.1460,0.1462,0.1477,0.1485,0.1485,0.1482
1345.0000,0.1457,0.1459,0.1465,0.1478,0.1486,0.1485,0.1482
1350.0000,0.1456,0.1462,0.1466,0.1481,0.1484,0.1487,0.1478
1355.0000,0.1455,0.1464,0.1467,0.1482,0.1485,0.1484,0.1480
1360.0000,0.1460,0.1463,0.1470,0.1482,0.1486,0.1483,0.1480
1365.0000,0.1460,0.1465,0.1471,0.1484,0.1485,0.1484,0.1476
1370.0000,0.1458,0.1468,0.1472,0.1485,0.1485,0.1482,0.1477
1375.0000,0.1463,0.1467,0.1475,0.1485,0.1485,0.1480,0.1478
1380.0000,0.1464,0.1470,0.1476,0.1487,0.1483,0.1481,0.1474
1385.0000,0.1464,0.1472,0.1477,0.1487,0.1482,0.1480,0.1475
1390.0000,0.1468,0.1472,0.1480,0.1487,0.1482,0.1478,0.1476
1395.0000,0.1468,0.1475,0.1480,0.1488,0.1479,0.1480,0.1470
1400.0000,0.1468,0.1477,0.1482,0.1487,0.1479,0.1478,0.1473
1405.0000,0.1473,0.1476,0.1484,0.1486,0.1479,0.1477,0.1473
1410.0000,0.1473,0.1478,0.1484,0.1486,0.1477,0.1479,0.1467
1415.0000,0.1473,0.1481,0.1484,0.1486,0.1477,0.1476,0.1471
1420.0000,0.1477,0.1480,0.1486,0.1484,0.1477,0.1474,0.1472
1425.0000,0.1477,0.1482,0.1485,0.1484,0.1475,0.1476,0.1467
1430.0000,0.1477,0.1484,0.1485,0.1483,0.1475,0.1475,0.1469
1435.0000,0.1481,0.1483,0.1486,0.1481,0.1475,0.1473,0.1471
1440.0000,0.1481,0.1485,0.1485,0.1481,0.1473,0.1475,0.1466
1445.0000,0.1481,0.1486,0.1484,0.1480,0.1473,0.1474,0.1467
1450.0000,0.1477,0.1488,0.1483,0.1480,0.1472,0.1473,0.1468
1455.0000,0.1483,0.1486,0.1483,0.1479,0.1471,0.1475,0.1460
1460.0000,0.1482,0.1487,0.1482,0.1478,0.1471,0.1472,0.1466
1465.0000,0.1480,0.1487,0.1481,0.1477,0.1471,0.1471,0.1467
1470.0000,0.1484,0.1485,0.1481,0.1476,0.1472,0.1469,0.1467
1475.0000,0.1483,0.1485,0.1479,0.1476,0.1470,0.1471,0.1463
1480.0000,0.1480,0.1485,0.1478,0.1475,0.1470,0.1469,0.1464
1485.0000,0.1483,0.1482,0.1479,0.1474,0.1471,0.1467,0.1464
1490.0000,0.1482,0.1483,0.1477,0.1474,0.1469,0.1469,0.1460
1495.0000,0.1478,0.1484,0.1476,0.1474,0.1469,0.1467,0.1461
1500.0000,0.1481,0.1480,0.1476,0.1473,0.1469,0.1464,0.1461
1505.0000,0.1480,0.1481,0.1475,0.1473,0.1467,0.1465,0.1457
1510.0000,0.1477,0.1481,0.1474,0.1473,0.1467,0.1463,0.1458
1515.0000,0.1479,0.1478,0.1474,0.1472,0.1467,0.1461,0.1458
1520.0000,0.1478,0.1478,0.1473,0.1472,0.1464,0.1463,0.1453
1525.0000,0.1476,0.1478,0.1472,0.1472,0.1464,0.1460,0.1455
1530.0000,0.1477,0.1476,0.1473,0.1471,0.1464,0.1459,0.1455
1535.0000,0.1476,0.1476,0.1472,0.1471,0.1461,0.1460,0.1449
1540.0000,0.1473,0.1476,0.1471,0.1470,0.1460,0.1459,0.1451
1545.0000,0.1475,0.1474,0.1472,0.1469,0.1460,0.1456,0.1452
1550.0000,0.1474,0.1474,0.1471,0.1469,0.1457,0.1458,0.1445
1555.0000,0.1471,0.1475,0.1470,0.1468,0.1457,0.1455,0.1447
1560.0000,0.1474,0.1472,0.1471,0.1466,0.1457,0.1452,0.1448
1565.0000,0.1473,0.1472,0.1470,0.1465,0.1455,0.1454,0.1442
1570.0000,0.1471,0.1472,0.1469,0.1464,0.1455,0.1451,0.1444
1575.0000,0.1467,0.1474,0.1468,0.1463,0.1454,0.1449,0.1444
1580.0000,0.1471,0.1471,0.1468,0.1462,0.1452,0.1451,0.1437
1585.0000,0.1469,0.1472,0.1467,0.1461,0.1451,0.1448,0.1441
1590.0000,0.1466,0.1473,0.1465,0.1460,0.1450,0.1446,0.1441
1595.0000,0.1470,0.1470,0.1465,0.1459,0.1450,0.1444,0.1441
1600.0000,0.1468,0.1470,0.1463,0.1459,0.1447,0.1445,0.1437
1605.0000,0.1465,0.1471,0.1462,0.1458,0.1446,0.1443,0.1438
1610.0000,0.1468,0.1467,0.1462,0.1456,0.1446,0.1441,0.1437
1615.0000,0.1467,0.1467,0.1461,0.1455,0.1443,0.1443,0.1432
1620.0000,0.1463,0.1467,0.1459,0.1454,0.1443,0.1440,0.1433
1625.0000,0.1466,0.1464,0.1460,0.1452,0.1443,0.1437,0.1434
1630.0000,0.1464,0.1464,0.1458,0.1451,0.1441,0.1438,0.1429
1635.0000,0.1462,0.1464,0.1457,0.1450,0.1441,0.1436,0.1430
1640.0000,0.1463,0.1461,0.1457,0.1448,0.1440,0.1434,0.1430
1645.0000,0.1461,0.1461,0.1455,0.1448,0.1437,0.1435,0.1424
1650.0000,0.1458,0.1462,0.1453,0.1447,0.1437,0.1432,0.1426
1655.0000,0.1460,0.1459,0.1453,0.1445,0.1436,0.1430,0.1426
1660.0000,0.1459,0.1458,0.1451,0.1445,0.1433,0.1432,0.1420
1665.0000,0.1456,0.1458,0.1449,0.1444,0.1433,0.1429,0.1422
1670.0000,0.1458,0.1455,0.1450,0.1442,0.1432,0.1426,0.1423
1675.0000,0.1456,0.1455,0.1448,0.1442,0.1430,0.1428,0.1417
1680.0000,0.1454,0.1454,0.1446,0.1441,0.1429,0.1425,0.1419
1685.0000,0.1449,0.1455,0.1445,0.1440,0.1428,0.1423,0.1420
1690.0000,0.1453,0.1451,0.1445,0.1438,0.1426,0.1425,0.1414
1695.0000,0.1450,0.1451,0.1444,0.1437,0.1425,0.1422,0.1416
1700.0000,0.1445,0.1451,0.1442,0.1436,0.1424,0.1421,0.1417
1705.0000,0.1449,0.1448,0.1441,0.1435,0.1422,0.1423,0.1410
1710.0000,0.1447,0.1447,0.1440,0.1433,0.1421,0.1420,0.1414
1715.0000,0.1443,0.1448,0.1439,0.1432,0.1421,0.1419,0.1415
1720.0000,0.1446,0.1444,0.1439,0.1430,0.1420,0.1418,0.1416
1725.0000,0.1443,0.1445,0.1436,0.1429,0.1418,0.1419,0.1412
1730.0000,0.1440,0.1444,0.1435,0.1428,0.1418,0.1417,0.1414
1735.0000,0.1443,0.1441,0.1435,0.1426,0.1418,0.1416,0.1415
1740.0000,0.1441,0.1440,0.1433,0.1425,0.1416,0.1418,0.1411
1745.0000,0.1437,0.1440,0.1431,0.1424,0.1416,0.1416,0.1412
1750.0000,0.1440,0.1437,0.1431,0.1422,0.1417,0.1415,0.1414
1755.0000,0.1437,0.1437,0.1429,0.1422,0.1415,0.1416,0.1410
1760.0000,0.1434,0.1437,0.1427,0.1421,0.1415,0.1415,0.1413
1765.0000,0.1436,0.1434,0.1427,0.1420,0.1415,0.1414,0.1414
1770.0000,0.1434,0.1433,0.1425,0.1420,0.1413,0.1417,0.1410
1775.0000,0.1431,0.1433,0.1423,0.1419,0.1413,0.1415,0.1413
1780.0000,0.1433,0.1430,0.1423,0.1418,0.1414,0.1415,0.1415
1785.0000,0.1431,0.1429,0.1421,0.1418,0.1412,0.1418,0.1410
1790.0000,0.1427,0.1429,0.1420,0.1418,0.1412,0.1417,0.1414
1795.0000,0.1429,0.1426,0.1421,0.1416,0.1413,0.1416,0.1416
1800.0000,0.1427,0.1425,0.1419,0.1417,0.1412,0.1419,0.1412
1805.0000,0.1425,0.1425,0.1418,0.1416,0.1413,0.1419,0.1415
1810.0000,0.1420,0.1425,0.1417,0.1416,0.1413,0.1418,0.1417
1815.0000,0.1424,0.1422,0.1417,0.1415,0.1413,0.1421,0.1413
1820.0000,0.1421,0.1422,0.1417,0.1415,0.1414,0.1420,0.1417
1825.0000,0.1416,0.1423,0.1415,0.1415,0.1415,0.1419,0.1419
1830.0000,0.1420,0.1420,0.1415,0.1415,0.1415,0.1423,0.1413
1835.0000,0.1418,0.1420,0.1415,0.1415,0.1416,0.1421,0.1418
1840.0000,0.1415,0.1420,0.1413,0.1415,0.1417,0.1421,0.1420
1845.0000,0.1418,0.1418,0.1414,0.1415,0.1419,0.1421,0.1422
1850.0000,0.1416,0.1418,0.1413,0.1416,0.1418,0.1423,0.1420
1855.0000,0.1414,0.1419,0.1413,0.1416,0.1419,0.1421,0.1428
1860.0000,0.1417,0.1416,0.1414,0.1415,0.1421,0.1419,0.1436
1865.0000,0.1415,0.1416,0.1413,0.1417,0.1420,0.1423,0.1441
1870.0000,0.1412,0.1417,0.1412,0.1418,0.1421,0.1423,0.1460
1875.0000,0.1415,0.1415,0.1414,0.1418,0.1421,0.1426,0.1482
1880.0000,0.1414,0.1415,0.1413,0.1420,0.1418,0.1436,0.1506
1885.0000,0.1411,0.1417,0.1412,0.1422,0.1417,0.1446,0.1548
1890.0000,0.1414,0.1415,0.1413,0.1422,0.1416,0.1464,0.1599
1895.0000,0.1412,0.1417,0.1412,0.1425,0.1412,0.1493,0.1655
1900.0000,0.1410,0.1419,0.1411,0.1427,0.1408,0.1534,0.1715
1905.0000,0.1414,0.1416,0.1414,0.1425,0.1413,0.1578,0.1801
1910.0000,0.1413,0.1416,0.1415,0.1425,0.1417,0.1639,0.1891
1915.0000,0.1412,0.1417,0.1417,0.1422,0.1430,0.1708,0.2009
1920.0000,0.1415,0.1416,0.1418,0.1422,0.1443,0.1806,0.2108
1925.0000,0.1414,0.1416,0.1420,0.1419,0.1469,0.1911,0.2223
1930.0000,0.1416,0.1414,0.1426,0.1411,0.1516,0.2012,0.2392
1935.0000,0.1417,0.1412,0.1430,0.1405,0.1573,0.2130,0.2574
1940.0000,0.1417,0.1413,0.1430,0.1406,0.1636,0.2276,0.2752
1945.0000,0.1416,0.1416,0.1426,0.1414,0.1706,0.2450,0.2902
1950.0000,0.1415,0.1417,0.1427,0.1418,0.1810,0.2604,0.3132
1955.0000,0.1417,0.1419,0.1421,0.1436,0.1915,0.2796,0.3335
1960.0000,0.1416,0.1423,0.1415,0.1463,0.2037,0.3002,0.3541
1965.0000,0.1416,0.1423,0.1414,0.1493,0.2189,0.3192,0.3810
1970.0000,0.1419,0.1422,0.1412,0.1536,0.2351,0.3404,0.4086
1975.0000,0.1417,0.1425,0.1407,0.1599,0.2518,0.3644,0.4361
1980.0000,0.1410,0.1434,0.1398,0.1683,0.2682,0.3930,0.4568
1985.0000,0.1419,0.1430,0.1409,0.1767,0.2887,0.4185,0.4839
1990.0000,0.1418,0.1433,0.1420,0.1871,0.3097,0.4464,0.5082
1995.0000,0.1417,0.1435,0.1446,0.1983,0.3337,0.4724,0.5369
2000.0000,0.1425,0.1439,0.1477,0.2117,0.3573,0.5021,0.5577
2005.0000,0.1429,0.1449,0.1520,0.2264,0.3829,0.5305,0.5768
2010.0000,0.1439,0.1459,0.1584,0.2415,0.4119,0.5544,0.6013
2015.0000,0.1451,0.1476,0.1659,0.2582,0.4418,0.5770,0.6241
2020.0000,0.1468,0.1507,0.1739,0.2776,0.4706,0.6010,0.6407
2025.0000,0.1492,0.1547,0.1833,0.2987,0.4996,0.6232,0.6544
2030.0000,0.1521,0.1597,0.1941,0.3211,0.5295,0.6410,0.6693
2035.0000,0.1558,0.1663,0.2057,0.3460,0.5571,0.6592,0.6774
2040.0000,0.1592,0.1747,0.2187,0.3720,0.5847,0.6721,0.6897
2045.0000,0.1660,0.1833,0.2335,0.3995,0.6099,0.6843,0.6959
2050.0000,0.1732,0.1935,0.2496,0.4284,0.6325,0.6950,0.6976
2055.0000,0.1811,0.2050,0.2678,0.4577,0.6535,0.7017,0.7002
2060.0000,0.1861,0.2199,0.2867,0.4877,0.6715,0.7061,0.7003
2065.0000,0.2005,0.2325,0.3091,0.5171,0.6866,0.7098,0.6943
2070.0000,0.2145,0.2463,0.3341,0.5448,0.7006,0.7077,0.6940
2075.0000,0.2302,0.2612,0.3609,0.5717,0.7111,0.7052,0.6883
2080.0000,0.2441,0.2793,0.3881,0.5978,0.7176,0.7022,0.6784
2085.0000,0.2584,0.3002,0.4159,0.6220,0.7224,0.6950,0.6735
2090.0000,0.2783,0.3205,0.4453,0.6438,0.7239,0.6878,0.6643
2095.0000,0.2969,0.3434,0.4745,0.6636,0.7227,0.6799,0.6535
2100.0000,0.3144,0.3701,0.5022,0.6815,0.7183,0.6717,0.6407
2105.0000,0.3393,0.3939,0.5318,0.6951,0.7139,0.6596,0.6327
2110.0000,0.3628,0.4197,0.5597,0.7065,0.7064,0.6491,0.6211
2115.0000,0.3884,0.4452,0.5869,0.7148,0.6975,0.6385,0.6086
2120.0000,0.4076,0.4754,0.6100,0.7213,0.6866,0.6277,0.5962
2125.0000,0.4360,0.5012,0.6337,0.7234,0.6767,0.6144,0.5871
2130.0000,0.4641,0.5263,0.6549,0.7234,0.6648,0.6032,0.5753
2135.0000,0.4916,0.5507,0.6737,0.7209,0.6527,0.5917,0.5646
2140.0000,0.5161,0.5753,0.6891,0.7165,0.6400,0.5806,0.5536
2145.0000,0.5373,0.6015,0.6997,0.7114,0.6260,0.5713,0.5404
2150.0000,0.5633,0.6218,0.7101,0.7026,0.6146,0.5583,0.5353
2155.0000,0.5868,0.6406,0.7172,0.6931,0.6021,0.5481,0.5265
2160.0000,0.6087,0.6571,0.7214,0.6826,0.5894,0.5392,0.5168
2165.0000,0.6234,0.6749,0.7211,0.6721,0.5768,0.5305,0.5088
2170.0000,0.6434,0.6859,0.7207,0.6595,0.5662,0.5205,0.5039
2175.0000,0.6593,0.6955,0.7172,0.6473,0.5546,0.5134,0.4963
2180.0000,0.6726,0.7021,0.7121,0.6345,0.5442,0.5059,0.4911
2185.0000,0.6797,0.7084,0.7042,0.6222,0.5338,0.4996,0.4854
2190.0000,0.6907,0.7093,0.6961,0.6093,0.5242,0.4947,0.4776
2195.0000,0.6958,0.7095,0.6863,0.5966,0.5161,0.4880,0.4758
2200.0000,0.6980,0.7080,0.6751,0.5845,0.5081,0.4831,0.4716
2205.0000,0.7014,0.7026,0.6642,0.5722,0.5013,0.4783,0.4676
2210.0000,0.7002,0.6971,0.6519,0.5609,0.4944,0.4749,0.4622
2215.0000,0.6956,0.6905,0.6392,0.5499,0.4891,0.4697,0.4608
2220.0000,0.6932,0.6808,0.6272,0.5392,0.4844,0.4654,0.4588
2225.0000,0.6875,0.6711,0.6145,0.5297,0.4794,0.4624,0.4556
2230.0000,0.6782,0.6615,0.6015,0.5208,0.4755,0.4580,0.4572
2235.0000,0.6713,0.6496,0.5895,0.5124,0.4718,0.4547,0.4588
2240.0000,0.6608,0.6391,0.5765,0.5057,0.4671,0.4536,0.4605
2245.0000,0.6511,0.6272,0.5647,0.4992,0.4630,0.4527,0.4651
2250.0000,0.6415,0.6145,0.5537,0.4933,0.4589,0.4538,0.4702
2255.0000,0.6290,0.6037,0.5423,0.4885,0.4545,0.4568,0.4765
2260.0000,0.6158,0.5930,0.5318,0.4840,0.4508,0.4612,0.4850
2265.0000,0.6066,0.5802,0.5233,0.4791,0.4481,0.4674,0.4945
2270.0000,0.5962,0.5680,0.5157,0.4743,0.4463,0.4760,0.5042
2275.0000,0.5833,0.5577,0.5081,0.4698,0.4458,0.4860,0.5148
2280.0000,0.5734,0.5461,0.5027,0.4643,0.4486,0.4949,0.5309
2285.0000,0.5623,0.5367,0.4967,0.4600,0.4514,0.5082,0.5440
2290.0000,0.5540,0.5260,0.4926,0.4546,0.4583,0.5189,0.5675
2295.0000,0.5435,0.5177,0.4873,0.4512,0.4648,0.5349,0.5866
2300.0000,0.5335,0.5108,0.4817,0.4490,0.4726,0.5530,0.6064
2305.0000,0.5239,0.5046,0.4763,0.4472,0.4838,0.5694,0.6380
2310.0000,0.5157,0.4988,0.4708,0.4470,0.4958,0.5895,0.6707
2315.0000,0.5093,0.4929,0.4654,0.4488,0.5080,0.6146,0.7033
2320.0000,0.5007,0.4895,0.4587,0.4534,0.5200,0.6460,0.7294
2325.0000,0.4924,0.4855,0.4537,0.4578,0.5370,0.6746,0.7685
2330.0000,0.4897,0.4789,0.4511,0.4629,0.5566,0.7059,0.8101
2335.0000,0.4843,0.4742,0.4483,0.4705,0.5769,0.7425,0.8513
2340.0000,0.4783,0.4701,0.4462,0.4801,0.5984,0.7852,0.8858
2345.0000,0.4755,0.4641,0.4478,0.4886,0.6270,0.8233,0.9313
2350.0000,0.4712,0.4601,0.4493,0.5002,0.6563,0.8673,0.9720
2355.0000,0.4678,0.4565,0.4526,0.5131,0.6893,0.9121,1.0119
2360.0000,0.4644,0.4537,0.4581,0.5263,0.7288,0.9520,1.0602
2365.0000,0.4612,0.4532,0.4632,0.5438,0.7677,0.9976,1.1014
2370.0000,0.4590,0.4538,0.4699,0.5629,0.8114,1.0387,1.1533
2375.0000,0.4578,0.4568,0.4758,0.5876,0.8520,1.0889,1.1888
2380.0000,0.4569,0.4614,0.4831,0.6148,0.8957,1.1363,1.2239
2385.0000,0.4570,0.4669,0.4927,0.6438,0.9431,1.1784,1.2653
2425.0000,0.5205,0.5533,0.6621,0.9677,1.3141,1.4321,1.4367
2430.0000,0.5360,0.5727,0.6963,1.0154,1.3526,1.4440,1.4437
2435.0000,0.5458,0.5993,0.7305,1.0651,1.3859,1.4524,1.4455
2440.0000,0.5693,0.6239,0.7689,1.1146,1.4134,1.4601,1.4359
2445.0000,0.5930,0.6509,0.8105,1.1622,1.4391,1.4580,1.4355
2450.0000,0.6171,0.6815,0.8535,1.2093,1.4582,1.4549,1.4263
2455.0000,0.6452,0.7137,0.8988,1.2543,1.4721,1.4488,1.4132
2460.0000,0.6679,0.7542,0.9420,1.2990,1.4787,1.4421,1.3939
2465.0000,0.7044,0.7889,0.9918,1.3367,1.4851,1.4262,1.3831
2470.0000,0.7411,0.8258,1.0422,1.3713,1.4851,1.4113,1.3648
2475.0000,0.7806,0.8635,1.0935,1.4013,1.4807,1.3953,1.3434
2480.0000,0.8126,0.9087,1.1414,1.4277,1.4727,1.3750,1.3278
2485.0000,0.8539,0.9524,1.1889,1.4495,1.4598,1.3568,1.3062
2490.0000,0.8976,0.9961,1.2353,1.4661,1.4440,1.3382,1.2829
2495.0000,0.9296,1.0480,1.2751,1.4795,1.4247,1.3189,1.2598
2500.0000,0.9793,1.0912,1.3170,1.4847,1.4073,1.2943,1.2433
2505.0000,1.0271,1.1342,1.3545,1.4865,1.3857,1.2743,1.2207
2510.0000,1.0743,1.1757,1.3885,1.4831,1.3641,1.2528,1.2008
2515.0000,1.1167,1.2176,1.4171,1.4762,1.3413,1.2321,1.1798
2520.0000,1.1530,1.2628,1.4373,1.4679,1.3159,1.2148,1.1538
2525.0000,1.1979,1.2980,1.4575,1.4528,1.2954,1.1900,1.1433
2530.0000,1.2386,1.3312,1.4717,1.4362,1.2727,1.1702,1.1257
2535.0000,1.2767,1.3607,1.4808,1.4178,1.2493,1.1529,1.1051
2540.0000,1.3027,1.3925,1.4818,1.3990,1.2263,1.1348,1.0892
2545.0000,1.3380,1.4131,1.4825,1.3763,1.2067,1.1140,1.0796
2550.0000,1.3660,1.4316,1.4769,1.3547,1.1846,1.0991,1.0636
2555.0000,1.3895,1.4454,1.4682,1.3319,1.1644,1.0832,1.0537
2560.0000,1.4016,1.4586,1.4540,1.3100,1.1436,1.0700,1.0424
2565.0000,1.4237,1.4608,1.4402,1.2869,1.1239,1.0595,1.0274
2570.0000,1.4336,1.4624,1.4227,1.2638,1.1068,1.0462,1.0235
2575.0000,1.4392,1.4600,1.4033,1.2415,1.0896,1.0368,1.0145
2580.0000,1.4466,1.4507,1.3845,1.2184,1.0747,1.0278,1.0058
2585.0000,1.4455,1.4410,1.3630,1.1968,1.0599,1.0213,0.9941
2590.0000,1.4381,1.4295,1.3408,1.1751,1.0486,1.0114,0.9900
2595.0000,1.4342,1.4124,1.3195,1.1537,1.0385,1.0031,0.9834
2600.0000,1.4221,1.3971,1.2955,1.1350,1.0277,0.9976,0.9731
2605.0000,1.4091,1.3788,1.2727,1.1162,1.0200,0.9891,0.9681
2610.0000,1.3970,1.3570,1.2513,1.0979,1.0139,0.9799,0.9644
2615.0000,1.3784,1.3380,1.2275,1.0831,1.0059,0.9741,0.9566
2620.0000,1.3608,1.3167,1.2051,1.0688,0.9993,0.9669,0.9521
2625.0000,1.3433,1.2937,1.1840,1.0557,0.9934,0.9596,0.9481
2630.0000,1.3201,1.2745,1.1611,1.0456,0.9855,0.9550,0.9417
2635.0000,1.2956,1.2556,1.1392,1.0366,0.9780,0.9501,0.9368
2640.0000,1.2793,1.2318,1.1213,1.0272,0.9716,0.9449,0.9319
2645.0000,1.2599,1.2093,1.1042,1.0191,0.9644,0.9417,0.9236
2650.0000,1.2356,1.1896,1.0879,1.0112,0.9588,0.9355,0.9223
2655.0000,1.2176,1.1673,1.0748,1.0031,0.9536,0.9303,0.9186
2660.0000,1.1962,1.1487,1.0613,0.9966,0.9468,0.9278,0.9109
2665.0000,1.1789,1.1282,1.0511,0.9887,0.9426,0.9222,0.9085
2670.0000,1.1596,1.1099,1.0417,0.9811,0.9386,0.9164,0.9066
2675.0000,1.1396,1.0952,1.0313,0.9752,0.9329,0.9138,0.9001
2680.0000,1.1200,1.0822,1.0216,0.9692,0.9282,0.9094,0.8978
2685.0000,1.1034,1.0694,1.0130,0.9633,0.9238,0.9052,0.8948
2690.0000,1.0912,1.0558,1.0055,0.9576,0.9187,0.9034,0.8870
2695.0000,1.0752,1.0459,0.9974,0.9521,0.9151,0.8980,0.8877
2700.0000,1.0594,1.0373,0.9893,0.9472,0.9108,0.8945,0.8852
2705.0000,1.0515,1.0260,0.9833,0.9416,0.9072,0.8908,0.8825
2710.0000,1.0410,1.0168,0.9766,0.9370,0.9027,0.8889,0.8771
2715.0000,1.0284,1.0094,0.9700,0.9321,0.8995,0.8847,0.8764
2720.0000,1.0217,0.9998,0.9650,0.9269,0.8964,0.8812,0.8742
2725.0000,1.0118,0.9932,0.9586,0.9230,0.8921,0.8797,0.8694
2730.0000,1.0032,0.9861,0.9532,0.9185,0.8892,0.8763,0.8680
2735.0000,0.9973,0.9779,0.9488,0.9136,0.8868,0.8726,0.8667
2740.0000,0.9885,0.9725,0.9429,0.9101,0.8829,0.8713,0.8624
2745.0000,0.9797,0.9676,0.9373,0.9065,0.8798,0.8686,0.8610
2750.0000,0.9753,0.9604,0.9332,0.9022,0.8776,0.8653,0.8600
2755.0000,0.9688,0.9551,0.9281,0.8990,0.8741,0.8643,0.8559
2760.0000,0.9610,0.9506,0.9231,0.8956,0.8715,0.8618,0.8549
2765.0000,0.9573,0.9441,0.9195,0.8918,0.8694,0.8592,0.8535
2770.0000,0.9517,0.9391,0.9149,0.8890,0.8661,0.8588,0.8484
2775.0000,0.9448,0.9349,0.9107,0.8856,0.8644,0.8555,0.8494
2780.0000,0.9413,0.9290,0.9075,0.8822,0.8626,0.8531,0.8482
2785.0000,0.9356,0.9252,0.9030,0.8799,0.8594,0.8530,0.8436
2790.0000,0.9303,0.9211,0.8993,0.8769,0.8577,0.8505,0.8435
2795.0000,0.9271,0.9156,0.8965,0.8736,0.8565,0.8477,0.8434
2800.0000,0.9219,0.9122,0.8925,0.8716,0.8537,0.8475,0.8392
2805.0000,0.9166,0.9089,0.8889,0.8692,0.8520,0.8453,0.8392
2810.0000,0.9107,0.9059,0.8853,0.8669,0.8502,0.8435,0.8384
2815.0000,0.9097,0.9006,0.8827,0.8647,0.8478,0.8438,0.8329
2820.0000,0.9047,0.8976,0.8797,0.8623,0.8468,0.8408,0.8351
2825.0000,0.8992,0.8950,0.8764,0.8603,0.8452,0.8390,0.8346
2830.0000,0.8982,0.8902,0.8745,0.8578,0.8440,0.8372,0.8339
2835.0000,0.8943,0.8874,0.8715,0.8562,0.8418,0.8372,0.8307
2840.0000,0.8892,0.8850,0.8687,0.8543,0.8406,0.8350,0.8314
2845.0000,0.8882,0.8807,0.8671,0.8519,0.8396,0.8335,0.8308
2850.0000,0.8843,0.8785,0.8642,0.8507,0.8374,0.8336,0.8278
2855.0000,0.8800,0.8764,0.8617,0.8490,0.8362,0.8322,0.8279
2860.0000,0.8793,0.8723,0.8605,0.8467,0.8356,0.8304,0.8278
2865.0000,0.8757,0.8704,0.8579,0.8456,0.8336,0.8307,0.8249
2870.0000,0.8718,0.8686,0.8556,0.8440,0.8326,0.8293,0.8251
2875.0000,0.8710,0.8651,0.8544,0.8421,0.8320,0.8279,0.8249
2880.0000,0.8681,0.8633,0.8520,0.8411,0.8301,0.8286,0.8210
2885.0000,0.8645,0.8617,0.8501,0.8395,0.8297,0.8265,0.8226
2890.0000,0.8638,0.8585,0.8490,0.8377,0.8292,0.8251,0.8224
2895.0000,0.8612,0.8569,0.8468,0.8369,0.8274,0.8258,0.8187
2900.0000,0.8579,0.8555,0.8450,0.8356,0.8271,0.8238,0.8202
2905.0000,0.8574,0.8526,0.8440,0.8340,0.8266,0.8225,0.8200
2910.0000,0.8549,0.8514,0.8419,0.8335,0.8248,0.8233,0.8164
2915.0000,0.8521,0.8502,0.8401,0.8325,0.8242,0.8219,0.8170
2920.0000,0.8518,0.8473,0.8395,0.8309,0.8240,0.8201,0.8174
2925.0000,0.8494,0.8462,0.8376,0.8305,0.8223,0.8207,0.8138
2930.0000,0.8469,0.8450,0.8361,0.8295,0.8218,0.8192,0.8147
2935.0000,0.8434,0.8443,0.8345,0.8287,0.8211,0.8180,0.8148
2940.0000,0.8447,0.8414,0.8338,0.8279,0.8196,0.8189,0.8102
2945.0000,0.8423,0.8402,0.8328,0.8268,0.8195,0.8166,0.8127
2950.0000,0.8393,0.8396,0.8314,0.8260,0.8187,0.8156,0.8129
2955.0000,0.8401,0.8370,0.8311,0.8248,0.8182,0.8145,0.8126
2960.0000,0.8379,0.8364,0.8295,0.8245,0.8166,0.8151,0.8099
2965.0000,0.8351,0.8359,0.8284,0.8236,0.8162,0.8136,0.8110
2970.0000,0.8361,0.8334,0.8283,0.8223,0.8158,0.8125,0.8111
2975.0000,0.8343,0.8329,0.8269,0.8219,0.8143,0.8131,0.8087
2980.0000,0.8317,0.8326,0.8257,0.8212,0.8137,0.8121,0.8095
2985.0000,0.8327,0.8302,0.8257,0.8198,0.8136,0.8110,0.8100
2990.0000,0.8311,0.8297,0.8245,0.8194,0.8122,0.8117,0.8078
2995.0000,0.8291,0.8292,0.8235,0.8185,0.8117,0.8109,0.8087
3000.0000,0.8296,0.8273,0.8233,0.8173,0.8116,0.8101,0.8092
3005.0000,0.8281,0.8270,0.8219,0.8170,0.8101,0.8114,0.8063
3010.0000,0.8262,0.8266,0.8210,0.8161,0.8101,0.8102,0.8084
3015.0000,0.8268,0.8247,0.8208,0.8149,0.8102,0.8096,0.8090
3020.0000,0.8255,0.8244,0.8194,0.8147,0.8089,0.8111,0.8061
3025.0000,0.8236,0.8241,0.8184,0.8139,0.8091,0.8100,0.8083
3030.0000,0.8242,0.8222,0.8183,0.8128,0.8094,0.8094,0.8092
3035.0000,0.8229,0.8219,0.8169,0.8126,0.8084,0.8110,0.8066
3040.0000,0.8212,0.8215,0.8159,0.8121,0.8085,0.8104,0.8084
3045.0000,0.8218,0.8197,0.8158,0.8111,0.8091,0.8097,0.8097
3050.0000,0.8205,0.8193,0.8146,0.8111,0.8082,0.8113,0.8072
3055.0000,0.8189,0.8189,0.8137,0.8107,0.8085,0.8108,0.8091
3060.0000,0.8158,0.8192,0.8124,0.8106,0.8086,0.8107,0.8103
3065.0000,0.8180,0.8171,0.8122,0.8104,0.8080,0.8127,0.8068
3070.0000,0.8165,0.8166,0.8116,0.8100,0.8088,0.8117,0.8100
3075.0000,0.8145,0.8164,0.8108,0.8099,0.8091,0.8116,0.8112
3080.0000,0.8159,0.8144,0.8111,0.8094,0.8098,0.8115,0.8120
3085.0000,0.8144,0.8143,0.8101,0.8098,0.8092,0.8131,0.8103
3090.0000,0.8124,0.8142,0.8096,0.8097,0.8099,0.8126,0.8121
3095.0000,0.8138,0.8124,0.8100,0.8093,0.8107,0.8125,0.8130
3100.0000,0.8125,0.8123,0.8093,0.8098,0.8103,0.8140,0.8113
3105.0000,0.8104,0.8127,0.8087,0.8100,0.8109,0.8138,0.8128
3110.0000,0.8120,0.8109,0.8093,0.8097,0.8118,0.8134,0.8139
3115.0000,0.8110,0.8110,0.8087,0.8103,0.8115,0.8149,0.8123
3120.0000,0.8095,0.8112,0.8085,0.8106,0.8121,0.8146,0.8141
3125.0000,0.8106,0.8099,0.8091,0.8104,0.8129,0.8143,0.8156
3130.0000,0.8097,0.8103,0.8085,0.8113,0.8123,0.8162,0.8136
3135.0000,0.8086,0.8105,0.8085,0.8115,0.8131,0.8155,0.8171
3140.0000,0.8098,0.8093,0.8093,0.8115,0.8139,0.8153,0.8200
3145.0000,0.8092,0.8097,0.8089,0.8124,0.8131,0.8177,0.8197
3150.0000,0.8080,0.8103,0.8088,0.8128,0.8135,0.8180,0.8243
3155.0000,0.8093,0.8092,0.8098,0.8127,0.8143,0.8188,0.8295
3160.0000,0.8088,0.8098,0.8095,0.8137,0.8135,0.8225,0.8319
3165.0000,0.8077,0.8105,0.8096,0.8140,0.8139,0.8247,0.8403
3170.0000,0.8093,0.8097,0.8104,0.8141,0.8142,0.8288,0.8471
3175.0000,0.8090,0.8103,0.8104,0.8149,0.8139,0.8355,0.8521
3180.0000,0.8084,0.8107,0.8108,0.8149,0.8153,0.8407,0.8639
3185.0000,0.8062,0.8120,0.8109,0.8150,0.8171,0.8473,0.8765
3190.0000,0.8095,0.8108,0.8119,0.8150,0.8187,0.8578,0.8854
3195.0000,0.8092,0.8114,0.8123,0.8150,0.8219,0.8681,0.8982
3200.0000,0.8084,0.8119,0.8128,0.8146,0.8269,0.8784,0.9145
3205.0000,0.8106,0.8109,0.8143,0.8139,0.8336,0.8894,0.9327
3210.0000,0.8102,0.8119,0.8140,0.8147,0.8396,0.9047,0.9488
3215.0000,0.8093,0.8130,0.8137,0.8157,0.8473,0.9209,0.9660
3220.0000,0.8115,0.8122,0.8147,0.8163,0.8580,0.9363,0.9876
3225.0000,0.8113,0.8132,0.8140,0.8189,0.8681,0.9559,1.0064
3230.0000,0.8100,0.8144,0.8136,0.8216,0.8814,0.9735,1.0337
3235.0000,0.8123,0.8139,0.8135,0.8258,0.8944,0.9963,1.0549
3240.0000,0.8120,0.8150,0.8128,0.8316,0.9086,1.0206,1.0757
3245.0000,0.8113,0.8157,0.8130,0.8375,0.9263,1.0425,1.1041
3250.0000,0.8134,0.8148,0.8145,0.8443,0.9457,1.0656,1.1327
3255.0000,0.8130,0.8159,0.8149,0.8538,0.9643,1.0933,1.1563
3260.0000,0.8124,0.8169,0.8163,0.8644,0.9849,1.1214,1.1783
3265.0000,0.8147,0.8160,0.8202,0.8749,1.0094,1.1460,1.2056
3270.0000,0.8150,0.8173,0.8235,0.8884,1.0326,1.1751,1.2246
3275.0000,0.8150,0.8187,0.8286,0.9021,1.0600,1.1982,1.2547
3280.0000,0.8172,0.8199,0.8348,0.9180,1.0866,1.2247,1.2757
3285.0000,0.8183,0.8229,0.8412,0.9363,1.1130,1.2521,1.2908
3290.0000,0.8187,0.8273,0.8492,0.9551,1.1424,1.2728,1.3173
3295.0000,0.8229,0.8307,0.8590,0.9757,1.1711,1.2946,1.3368
3300.0000,0.8262,0.8366,0.8689,0.9991,1.1976,1.3182,1.3486
3305.0000,0.8298,0.8431,0.8813,1.0226,1.2265,1.3347,1.3714
3310.0000,0.8302,0.8532,0.8935,1.0487,1.2527,1.3521,1.3891
3315.0000,0.8407,0.8604,0.9089,1.0758,1.2763,1.3717,1.3985
3320.0000,0.8478,0.8705,0.9254,1.1036,1.2995,1.3878,1.4101
3325.0000,0.8558,0.8815,0.9443,1.1312,1.3223,1.4007,1.4227
3330.0000,0.8676,0.8921,0.9661,1.1582,1.3442,1.4116,1.4344
3335.0000,0.8757,0.9080,0.9868,1.1871,1.3617,1.4248,1.4398
3340.0000,0.8884,0.9227,1.0111,1.2138,1.3800,1.4327,1.4515
3345.0000,0.9041,0.9378,1.0376,1.2394,1.3970,1.4390,1.4639
3350.0000,0.9197,0.9555,1.0639,1.2652,1.4098,1.4485,1.4719
3355.0000,0.9308,0.9781,1.0897,1.2900,1.4221,1.4539,1.4906
3360.0000,0.9517,0.9982,1.1176,1.3133,1.4316,1.4627,1.5068
3365.0000,0.9716,1.0208,1.1448,1.3358,1.4382,1.4746,1.5233
3370.0000,0.9925,1.0442,1.1726,1.3559,1.4449,1.4859,1.5491
3375.0000,1.0150,1.0683,1.2002,1.3743,1.4502,1.5011,1.5774
3380.0000,1.0338,1.0974,1.2243,1.3927,1.4524,1.5235,1.6051
3385.0000,1.0587,1.1230,1.2502,1.4076,1.4565,1.5491,1.6355
3390.0000,1.0859,1.1468,1.2773,1.4184,1.4644,1.5751,1.6756
3395.0000,1.1117,1.1717,1.3020,1.4284,1.4719,1.6104,1.7115
3400.0000,1.1318,1.2000,1.3243,1.4359,1.4848,1.6446,1.7634
3405.0000,1.1604,1.2234,1.3468,1.4417,1.5000,1.6876,1.8083
3410.0000,1.1876,1.2464,1.3672,1.4466,1.5190,1.7364,1.8503
3415.0000,1.2146,1.2675,1.3875,1.4485,1.5483,1.7788,1.9181
3420.0000,1.2316,1.2940,1.4008,1.4542,1.5777,1.8325,1.9733
3425.0000,1.2580,1.3155,1.4131,1.4610,1.6114,1.8921,2.0228
3430.0000,1.2815,1.3355,1.4246,1.4669,1.6566,1.9414,2.1054
3435.0000,1.2950,1.3592,1.4302,1.4785,1.7031,1.9978,2.1869
3440.0000,1.3212,1.3757,1.4354,1.4949,1.7494,2.0667,2.2586
3445.0000,1.3398,1.3932,1.4374,1.5170,1.7973,2.1435,2.3182
3450.0000,1.3556,1.4077,1.4414,1.5403,1.8550,2.2126,2.3986
3455.0000,1.3764,1.4167,1.4480,1.5671,1.9171,2.2843,2.4792
3460.0000,1.3863,1.4304,1.4515,1.6018,1.9781,2.3649,2.5513
3465.0000,1.3976,1.4407,1.4584,1.6406,2.0424,2.4495,2.6110
3470.0000,1.4153,1.4442,1.4734,1.6787,2.1182,2.5219,2.6845
3475.0000,1.4258,1.4519,1.4881,1.7246,2.1915,2.6026,2.7397
3480.0000,1.4327,1.4608,1.5079,1.7720,2.2739,2.6695,2.8127
3485.0000,1.4458,1.4684,1.5315,1.8253,2.3541,2.7422,2.8626
3490.0000,1.4562,1.4799,1.5577,1.8840,2.4346,2.8124,2.8997
3530.0000,1.6094,1.6953,1.9122,2.4853,3.0050,3.0912,3.0656
3535.0000,1.6454,1.7369,1.9774,2.5685,3.0465,3.0989,3.0442
3540.0000,1.6857,1.7805,2.0496,2.6474,3.0839,3.0923,3.0308
3545.0000,1.7177,1.8350,2.1221,2.7253,3.1112,3.0804,3.0089
3550.0000,1.7698,1.8871,2.2005,2.7992,3.1272,3.0692,2.9660
3555.0000,1.8224,1.9430,2.2838,2.8643,3.1423,3.0373,2.9524
3560.0000,1.8559,2.0166,2.3602,2.9294,3.1414,3.0114,2.9155
3565.0000,1.9258,2.0794,2.4437,2.9854,3.1324,2.9850,2.8642
3570.0000,1.9928,2.1458,2.5288,3.0308,3.1225,2.9418,2.8411
3575.0000,2.0611,2.2158,2.6109,3.0704,3.1011,2.9049,2.7977
3580.0000,2.1286,2.2891,2.6903,3.1016,3.0735,2.8662,2.7506
3585.0000,2.1858,2.3745,2.7592,3.1280,3.0370,2.8296,2.6949
3590.0000,2.2655,2.4467,2.8329,3.1387,3.0061,2.7762,2.6655
3595.0000,2.3427,2.5198,2.8992,3.1434,2.9663,2.7312,2.6214
3600.0000,2.4195,2.5916,2.9587,3.1406,2.9222,2.6887,2.5726
3605.0000,2.4736,2.6748,3.0038,3.1332,2.8746,2.6449,2.5282
3610.0000,2.5571,2.7388,3.0503,3.1131,2.8320,2.5934,2.4962
3615.0000,2.6326,2.8012,3.0858,3.0897,2.7827,2.5520,2.4540
3620.0000,2.7012,2.8600,3.1124,3.0605,2.7336,2.5104,2.4161
3625.0000,2.7660,2.9127,3.1307,3.0262,2.6845,2.4710,2.3772
3630.0000,2.8147,2.9696,3.1336,2.9922,2.6314,2.4388,2.3301
3635.0000,2.8722,3.0086,3.1363,2.9482,2.5886,2.3933,2.3141
3640.0000,2.9261,3.0383,3.1315,2.9029,2.5434,2.3576,2.2857
3645.0000,2.9685,3.0635,3.1175,2.8572,2.4971,2.3287,2.2513
