150.0000,1.7791,1.7032,1.5048,1.3179,1.2223,1.1928,1.1793
155.0000,1.7482,1.6624,1.4733,1.3005,1.2147,1.1869,1.1754
160.0000,1.7146,1.6227,1.4436,1.2853,1.2064,1.1839,1.1675
165.0000,1.6714,1.5892,1.4138,1.2722,1.1997,1.1781,1.1674
170.0000,1.6388,1.5515,1.3892,1.2590,1.1941,1.1735,1.1649
175.0000,1.6013,1.5194,1.3641,1.2490,1.1866,1.1724,1.1576
180.0000,1.5717,1.4837,1.3449,1.2373,1.1829,1.1675,1.1574
185.0000,1.5377,1.4521,1.3268,1.2269,1.1794,1.1629,1.1573
190.0000,1.5026,1.4260,1.3078,1.2193,1.1738,1.1623,1.1517
195.0000,1.4683,1.4028,1.2903,1.2122,1.1697,1.1593,1.1521
200.0000,1.4407,1.3785,1.2759,1.2049,1.1665,1.1567,1.1518
205.0000,1.4178,1.3543,1.2637,1.1984,1.1625,1.1572,1.1454
210.0000,1.3894,1.3362,1.2508,1.1927,1.1601,1.1540,1.1488
215.0000,1.3662,1.3180,1.2400,1.1872,1.1578,1.1523,1.1492
220.0000,1.3488,1.2992,1.2309,1.1823,1.1546,1.1538,1.1434
225.0000,1.3270,1.2852,1.2216,1.1778,1.1532,1.1514,1.1471
230.0000,1.3059,1.2732,1.2126,1.1740,1.1516,1.1504,1.1480
235.0000,1.2941,1.2584,1.2065,1.1695,1.1509,1.1492,1.1490
240.0000,1.2800,1.2467,1.1997,1.1664,1.1490,1.1507,1.1463
245.0000,1.2632,1.2378,1.1930,1.1634,1.1486,1.1496,1.1489
250.0000,1.2543,1.2264,1.1886,1.1600,1.1486,1.1490,1.1502
255.0000,1.2420,1.2190,1.1826,1.1583,1.1470,1.1512,1.1480
260.0000,1.2311,1.2116,1.1779,1.1561,1.1472,1.1507,1.1508
265.0000,1.2245,1.2028,1.1747,1.1536,1.1479,1.1505,1.1528
270.0000,1.2145,1.1977,1.1698,1.1529,1.1468,1.1530,1.1511
275.0000,1.2051,1.1929,1.1657,1.1518,1.1472,1.1533,1.1541
280.0000,1.2010,1.1860,1.1635,1.1502,1.1483,1.1535,1.1567
285.0000,1.1946,1.1815,1.1601,1.1501,1.1476,1.1570,1.1543
290.0000,1.1870,1.1779,1.1573,1.1494,1.1489,1.1570,1.1590
295.0000,1.1841,1.1723,1.1562,1.1483,1.1504,1.1576,1.1623
300.0000,1.1787,1.1694,1.1535,1.1489,1.1500,1.1615,1.1606
305.0000,1.1736,1.1665,1.1519,1.1487,1.1517,1.1623,1.1657
310.0000,1.1716,1.1621,1.1515,1.1482,1.1537,1.1633,1.1701
315.0000,1.1672,1.1603,1.1497,1.1492,1.1538,1.1678,1.1692
320.0000,1.1628,1.1588,1.1485,1.1497,1.1557,1.1693,1.1757
325.0000,1.1573,1.1582,1.1472,1.1505,1.1574,1.1717,1.1811
330.0000,1.1590,1.1546,1.1474,1.1514,1.1582,1.1775,1.1803
335.0000,1.1558,1.1537,1.1470,1.1520,1.1608,1.1798,1.1889
340.0000,1.1519,1.1534,1.1466,1.1530,1.1635,1.1828,1.1970
345.0000,1.1534,1.1509,1.1472,1.1543,1.1649,1.1900,1.1982
350.0000,1.1512,1.1507,1.1473,1.1554,1.1682,1.1939,1.2085
355.0000,1.1483,1.1509,1.1475,1.1567,1.1717,1.1989,1.2181
360.0000,1.1503,1.1489,1.1491,1.1577,1.1755,1.2054,1.2265
365.0000,1.1484,1.1498,1.1489,1.1602,1.1782,1.2147,1.2322
370.0000,1.1459,1.1509,1.1492,1.1623,1.1824,1.2232,1.2394
375.0000,1.1489,1.1491,1.1515,1.1634,1.1886,1.2306,1.2478
380.0000,1.1482,1.1500,1.1522,1.1661,1.1936,1.2411,1.2510
385.0000,1.1463,1.1513,1.1534,1.1679,1.2018,1.2472,1.2624
390.0000,1.1494,1.1501,1.1561,1.1697,1.2106,1.2539,1.2715
395.0000,1.1493,1.1516,1.1570,1.1735,1.2178,1.2636,1.2757
400.0000,1.1489,1.1530,1.1585,1.1770,1.2274,1.2693,1.2876
405.0000,1.1513,1.1531,1.1607,1.1811,1.2369,1.2757,1.2982
410.0000,1.1512,1.1557,1.1612,1.1875,1.2440,1.2858,1.3039
415.0000,1.1506,1.1584,1.1621,1.1942,1.2521,1.2939,1.3131
420.0000,1.1543,1.1586,1.1649,1.2007,1.2608,1.3017,1.3225
425.0000,1.1549,1.1613,1.1664,1.2092,1.2673,1.3128,1.3264
430.0000,1.1540,1.1647,1.1687,1.2173,1.2755,1.3205,1.3371
435.0000,1.1588,1.1647,1.1737,1.2248,1.2840,1.3291,1.3440
440.0000,1.1603,1.1674,1.1778,1.2337,1.2908,1.3403,1.3447
445.0000,1.1618,1.1696,1.1837,1.2413,1.3003,1.3466,1.3536
450.0000,1.1619,1.1730,1.1901,1.2489,1.3100,1.3523,1.3612
455.0000,1.1682,1.1744,1.1978,1.2569,1.3180,1.3616,1.3588
460.0000,1.1712,1.1777,1.2059,1.2641,1.3283,1.3651,1.3662
465.0000,1.1729,1.1828,1.2134,1.2721,1.3377,1.3690,1.3694
470.0000,1.1783,1.1876,1.2210,1.2810,1.3448,1.3757,1.3632
475.0000,1.1805,1.1951,1.2281,1.2895,1.3539,1.3758,1.3681
480.0000,1.1835,1.2030,1.2351,1.2985,1.3616,1.3760,1.3687
485.0000,1.1924,1.2084,1.2435,1.3073,1.3682,1.3763,1.3652
490.0000,1.1958,1.2180,1.2494,1.3178,1.3719,1.3776,1.3565
495.0000,1.2023,1.2253,1.2576,1.3265,1.3773,1.3732,1.3537
500.0000,1.2127,1.2304,1.2672,1.3346,1.3815,1.3683,1.3474
505.0000,1.2196,1.2380,1.2755,1.3437,1.3825,1.3647,1.3356
510.0000,1.2228,1.2477,1.2832,1.3524,1.3829,1.3580,1.3248
515.0000,1.2340,1.2532,1.2938,1.3587,1.3838,1.3474,1.3153
555.0000,1.2959,1.3226,1.3603,1.3846,1.3207,1.2316,1.1755
560.0000,1.3075,1.3287,1.3681,1.3806,1.3077,1.2091,1.1601
565.0000,1.3159,1.3368,1.3731,1.3767,1.2904,1.1908,1.1375
570.0000,1.3235,1.3444,1.3773,1.3708,1.2726,1.1707,1.1173
575.0000,1.3250,1.3546,1.3789,1.3641,1.2531,1.1509,1.0957
580.0000,1.3381,1.3583,1.3820,1.3546,1.2326,1.1327,1.0685
585.0000,1.3449,1.3635,1.3835,1.3425,1.2145,1.1075,1.0582
590.0000,1.3502,1.3684,1.3827,1.3300,1.1932,1.0872,1.0390
595.0000,1.3584,1.3703,1.3815,1.3153,1.1719,1.0673,1.0193
600.0000,1.3611,1.3744,1.3768,1.3005,1.1490,1.0493,0.9975
605.0000,1.3627,1.3767,1.3714,1.2831,1.1285,1.0272,0.9852
610.0000,1.3689,1.3751,1.3654,1.2645,1.1070,1.0086,0.9689
615.0000,1.3694,1.3750,1.3559,1.2460,1.0845,0.9922,0.9513
620.0000,1.3685,1.3730,1.3455,1.2258,1.0640,0.9736,0.9406
625.0000,1.3706,1.3673,1.3342,1.2050,1.0428,0.9589,0.9257
630.0000,1.3665,1.3634,1.3195,1.1847,1.0214,0.9462,0.9101
635.0000,1.3611,1.3575,1.3039,1.1633,1.0020,0.9324,0.8977
640.0000,1.3599,1.3462,1.2896,1.1399,0.9858,0.9165,0.8901
645.0000,1.3529,1.3363,1.2718,1.1181,0.9681,0.9054,0.8782
650.0000,1.3419,1.3263,1.2525,1.0966,0.9518,0.8940,0.8696
655.0000,1.3354,1.3116,1.2338,1.0746,0.9373,0.8831,0.8614
660.0000,1.3248,1.2972,1.2132,1.0540,0.9224,0.8751,0.8503
665.0000,1.3103,1.2826,1.1920,1.0334,0.9104,0.8639,0.8486
670.0000,1.2989,1.2645,1.1712,1.0136,0.8985,0.8560,0.8432
675.0000,1.2827,1.2482,1.1481,0.9959,0.8861,0.8508,0.8358
680.0000,1.2669,1.2296,1.1260,0.9784,0.8755,0.8449,0.8314
685.0000,1.2517,1.2086,1.1052,0.9610,0.8671,0.8383,0.8297
690.0000,1.2320,1.1901,1.0825,0.9463,0.8574,0.8356,0.8237
695.0000,1.2114,1.1709,1.0607,0.9319,0.8497,0.8314,0.8224
700.0000,1.1930,1.1494,1.0407,0.9178,0.8434,0.8279,0.8206
705.0000,1.1762,1.1263,1.0221,0.9048,0.8371,0.8269,0.8144
710.0000,1.1535,1.1065,1.0029,0.8928,0.8330,0.8229,0.8169
715.0000,1.1301,1.0873,0.9843,0.8821,0.8290,0.8203,0.8175
720.0000,1.1135,1.0651,0.9685,0.8715,0.8262,0.8180,0.8183
725.0000,1.0954,1.0438,0.9531,0.8624,0.8231,0.8178,0.8172
730.0000,1.0712,1.0267,0.9370,0.8548,0.8206,0.8167,0.8197
735.0000,1.0540,1.0072,0.9232,0.8475,0.8190,0.8162,0.8226
740.0000,1.0326,0.9919,0.9082,0.8426,0.8159,0.8183,0.8237
745.0000,1.0139,0.9756,0.8954,0.8377,0.8144,0.8198,0.8271
750.0000,0.9993,0.9578,0.8852,0.8327,0.8136,0.8219,0.8303
755.0000,0.9810,0.9436,0.8742,0.8294,0.8122,0.8262,0.8315
760.0000,0.9661,0.9284,0.8657,0.8255,0.8128,0.8289,0.8360
765.0000,0.9520,0.9136,0.8587,0.8219,0.8142,0.8321,0.8397
770.0000,0.9353,0.9027,0.8507,0.8199,0.8149,0.8375,0.8404
775.0000,0.9203,0.8921,0.8443,0.8175,0.8179,0.8402,0.8461
780.0000,0.9098,0.8805,0.8397,0.8150,0.8219,0.8425,0.8519
785.0000,0.8994,0.8703,0.8352,0.8138,0.8249,0.8476,0.8536
790.0000,0.8862,0.8631,0.8303,0.8133,0.8292,0.8504,0.8606
795.0000,0.8777,0.8550,0.8269,0.8131,0.8338,0.8534,0.8674
800.0000,0.8679,0.8496,0.8223,0.8148,0.8368,0.8593,0.8710
805.0000,0.8602,0.8438,0.8192,0.8164,0.8411,0.8631,0.8800
810.0000,0.8543,0.8380,0.8169,0.8186,0.8449,0.8687,0.8868
815.0000,0.8466,0.8347,0.8138,0.8224,0.8476,0.8764,0.8914
820.0000,0.8394,0.8318,0.8118,0.8258,0.8516,0.8824,0.9017
825.0000,0.8335,0.8287,0.8111,0.8293,0.8560,0.8892,0.9118
830.0000,0.8326,0.8238,0.8120,0.8328,0.8598,0.8990,0.9174
835.0000,0.8283,0.8213,0.8131,0.8363,0.8650,0.9074,0.9277
840.0000,0.8239,0.8195,0.8150,0.8396,0.8712,0.9155,0.9392
845.0000,0.8232,0.8167,0.8183,0.8425,0.8783,0.9243,0.9506
850.0000,0.8210,0.8162,0.8209,0.8465,0.8847,0.9357,0.9590
855.0000,0.8183,0.8166,0.8238,0.8503,0.8925,0.9464,0.9686
860.0000,0.8188,0.8164,0.8278,0.8539,0.9018,0.9562,0.9791
865.0000,0.8176,0.8185,0.8305,0.8589,0.9102,0.9684,0.9854
870.0000,0.8157,0.8218,0.8332,0.8639,0.9206,0.9779,0.9959
875.0000,0.8190,0.8230,0.8372,0.8690,0.9316,0.9878,1.0030
880.0000,0.8203,0.8261,0.8402,0.8756,0.9419,0.9989,1.0059
885.0000,0.8202,0.8301,0.8432,0.8824,0.9537,1.0066,1.0119
890.0000,0.8250,0.8319,0.8478,0.8893,0.9662,1.0132,1.0148
895.0000,0.8273,0.8356,0.8514,0.8981,0.9770,1.0206,1.0118
900.0000,0.8296,0.8392,0.8559,0.9067,0.9894,1.0232,1.0122
905.0000,0.8341,0.8419,0.8613,0.9159,1.0011,1.0242,1.0090
910.0000,0.8363,0.8470,0.8656,0.9272,1.0100,1.0259,0.9985
915.0000,0.8392,0.8515,0.8714,0.9380,1.0197,1.0215,0.9925
920.0000,0.8447,0.8549,0.8784,0.9492,1.0276,1.0158,0.9812
925.0000,0.8485,0.8601,0.8850,0.9617,1.0321,1.0097,0.9631
930.0000,0.8507,0.8667,0.8922,0.9738,1.0359,0.9980,0.9483
935.0000,0.8578,0.8707,0.9020,0.9845,1.0388,0.9815,0.9350
940.0000,0.8629,0.8771,0.9110,0.9965,1.0364,0.9667,0.9141
945.0000,0.8680,0.8841,0.9209,1.0074,1.0316,0.9485,0.8944
950.0000,0.8697,0.8936,0.9303,1.0180,1.0233,0.9290,0.8730
955.0000,0.8805,0.8996,0.9422,1.0264,1.0117,0.9094,0.8473
960.0000,0.8878,0.9076,0.9545,1.0323,0.9995,0.8833,0.8354
965.0000,0.8945,0.9171,0.9660,1.0375,0.9818,0.8618,0.8146
970.0000,0.9047,0.9253,0.9785,1.0398,0.9615,0.8407,0.7938
975.0000,0.9112,0.9369,0.9891,1.0402,0.9386,0.8204,0.7735
980.0000,0.9206,0.9467,1.0008,1.0362,0.9159,0.7978,0.7603
985.0000,0.9323,0.9555,1.0120,1.0294,0.8910,0.7790,0.7444
990.0000,0.9423,0.9654,1.0216,1.0196,0.8654,0.7620,0.7296
995.0000,0.9489,0.9774,1.0284,1.0071,0.8395,0.7468,0.7160
1000.0000,0.9616,0.9855,1.0353,0.9901,0.8161,0.7310,0.7069
1005.0000,0.9720,0.9942,1.0390,0.9714,0.7923,0.7193,0.6961
1010.0000,0.9816,1.0021,1.0401,0.9500,0.7708,0.7084,0.6883
1015.0000,0.9906,1.0087,1.0386,0.9264,0.7519,0.6979,0.6832
1020.0000,0.9975,1.0153,1.0325,0.9027,0.7335,0.6913,0.6760
1025.0000,1.0035,1.0200,1.0234,0.8780,0.7180,0.6849,0.6717
1030.0000,1.0100,1.0215,1.0117,0.8527,0.7052,0.6791,0.6686
1035.0000,1.0123,1.0228,0.9954,0.8290,0.6930,0.6768,0.6619
1040.0000,1.0134,1.0207,0.9774,0.8051,0.6852,0.6711,0.6641
1045.0000,1.0154,1.0140,0.9579,0.7823,0.6788,0.6676,0.6641
1050.0000,1.0124,1.0065,0.9350,0.7625,0.6724,0.6669,0.6612
1055.0000,1.0060,0.9967,0.9108,0.7442,0.6684,0.6649,0.6626
1060.0000,1.0010,0.9818,0.8872,0.7272,0.6659,0.6632,0.6642
1065.0000,0.9900,0.9673,0.8615,0.7137,0.6628,0.6642,0.6628
1070.0000,0.9765,0.9504,0.8365,0.7019,0.6615,0.6637,0.6657
1075.0000,0.9624,0.9306,0.8130,0.6917,0.6608,0.6637,0.6688
1080.0000,0.9492,0.9079,0.7914,0.6833,0.6600,0.6658,0.6688
1085.0000,0.9287,0.8877,0.7698,0.6770,0.6600,0.6666,0.6741
1090.0000,0.9066,0.8671,0.7501,0.6722,0.6602,0.6681,0.6801
1095.0000,0.8906,0.8430,0.7341,0.6678,0.6610,0.6703,0.6865
1100.0000,0.8724,0.8197,0.7200,0.6648,0.6614,0.6745,0.6925
1105.0000,0.8479,0.8006,0.7062,0.6635,0.6615,0.6801,0.6988
1110.0000,0.8296,0.7796,0.6962,0.6617,0.6633,0.6851,0.7080
1115.0000,0.8082,0.7626,0.6863,0.6616,0.6641,0.6930,0.7159
1120.0000,0.7913,0.7447,0.6799,0.6605,0.6672,0.6996,0.7292
1125.0000,0.7738,0.7291,0.6746,0.6603,0.6701,0.7093,0.7403
1130.0000,0.7557,0.7168,0.6695,0.6609,0.6733,0.7209,0.7512
1135.0000,0.7387,0.7065,0.6659,0.6611,0.6789,0.7310,0.7691
1140.0000,0.7268,0.6959,0.6639,0.6616,0.6851,0.7438,0.7853
1145.0000,0.7155,0.6873,0.6623,0.6627,0.6919,0.7592,0.8006
1150.0000,0.7036,0.6811,0.6612,0.6639,0.7013,0.7729,0.8239
1155.0000,0.6956,0.6752,0.6609,0.6657,0.7116,0.7891,0.8473
1160.0000,0.6884,0.6708,0.6603,0.6689,0.7218,0.8093,0.8694
1165.0000,0.6798,0.6693,0.6589,0.6736,0.7326,0.8324,0.8889
1170.0000,0.6762,0.6661,0.6597,0.6777,0.7472,0.8538,0.9141
1175.0000,0.6714,0.6654,0.6594,0.6840,0.7615,0.8796,0.9347
1180.0000,0.6679,0.6644,0.6606,0.6900,0.7798,0.9026,0.9632
1185.0000,0.6670,0.6629,0.6625,0.6976,0.7984,0.9297,0.9835
1190.0000,0.6651,0.6629,0.6643,0.7067,0.8186,0.9578,0.9999
1195.0000,0.6639,0.6629,0.6679,0.7157,0.8434,0.9806,1.0254
1200.0000,0.6626,0.6636,0.6720,0.7262,0.8698,1.0027,1.0490
1205.0000,0.6641,0.6642,0.6765,0.7395,0.8952,1.0281,1.0627
1210.0000,0.6642,0.6664,0.6815,0.7541,0.9227,1.0494,1.0791
1215.0000,0.6640,0.6698,0.6871,0.7707,0.9512,1.0677,1.0948
1220.0000,0.6672,0.6726,0.6942,0.7891,0.9797,1.0838,1.1080
1225.0000,0.6680,0.6784,0.7006,0.8110,1.0055,1.1007,1.1142
1230.0000,0.6703,0.6841,0.7092,0.8340,1.0316,1.1123,1.1223
1235.0000,0.6765,0.6888,0.7202,0.8582,1.0563,1.1216,1.1270
1240.0000,0.6806,0.6962,0.7314,0.8850,1.0773,1.1306,1.1258
1245.0000,0.6821,0.7063,0.7441,0.9126,1.0968,1.1346,1.1265
1250.0000,0.6927,0.7128,0.7615,0.9394,1.1148,1.1351,1.1260
1255.0000,0.7007,0.7224,0.7796,0.9674,1.1280,1.1359,1.1196
1260.0000,0.7100,0.7327,0.8006,0.9941,1.1394,1.1324,1.1154
1265.0000,0.7205,0.7444,0.8235,1.0202,1.1471,1.1280,1.1080
1270.0000,0.7298,0.7600,0.8466,1.0460,1.1503,1.1238,1.0961
1275.0000,0.7429,0.7753,0.8728,1.0683,1.1530,1.1140,1.0915
1280.0000,0.7577,0.7923,0.9000,1.0888,1.1518,1.1054,1.0822
1285.0000,0.7713,0.8133,0.9261,1.1079,1.1465,1.0980,1.0694
1290.0000,0.7899,0.8332,0.9545,1.1226,1.1413,1.0865,1.0634
1295.0000,0.8092,0.8548,0.9821,1.1348,1.1329,1.0771,1.0530
1300.0000,0.8297,0.8777,1.0089,1.1441,1.1225,1.0689,1.0399
1305.0000,0.8466,0.9046,1.0329,1.1507,1.1114,1.0593,1.0300
1310.0000,0.8715,0.9280,1.0578,1.1526,1.1015,1.0472,1.0236
1315.0000,0.8961,0.9519,1.0798,1.1526,1.0892,1.0391,1.0111
1320.0000,0.9207,0.9756,1.0997,1.1493,1.0781,1.0288,1.0037
1325.0000,0.9365,1.0037,1.1140,1.1451,1.0661,1.0197,0.9951
1330.0000,0.9648,1.0253,1.1278,1.1383,1.0538,1.0132,0.9807
1335.0000,0.9893,1.0461,1.1388,1.1286,1.0447,1.0012,0.9800
1340.0000,1.0119,1.0656,1.1461,1.1186,1.0347,0.9921,0.9746
1345.0000,1.0339,1.0826,1.1506,1.1076,1.0249,0.9840,0.9688
1350.0000,1.0495,1.1010,1.1495,1.0978,1.0138,0.9786,0.9606
1355.0000,1.0662,1.1147,1.1475,1.0863,1.0050,0.9706,0.9585
1360.0000,1.0853,1.1231,1.1443,1.0745,0.9964,0.9647,0.9543
1365.0000,1.0983,1.1308,1.1377,1.0636,0.9871,0.9609,0.9482
1370.0000,1.1055,1.1376,1.1289,1.0530,0.9789,0.9566,0.9447
1375.0000,1.1179,1.1374,1.1214,1.0412,0.9728,0.9515,0.9422
1380.0000,1.1230,1.1377,1.1109,1.0311,0.9654,0.9494,0.9362
1385.0000,1.1253,1.1356,1.1003,1.0207,0.9600,0.9455,0.9338
1390.0000,1.1289,1.1294,1.0905,1.0101,0.9559,0.9415,0.9311
1395.0000,1.1280,1.1232,1.0793,1.0011,0.9509,0.9400,0.9239
1400.0000,1.1238,1.1161,1.0682,0.9918,0.9483,0.9346,0.9246
1405.0000,1.1206,1.1067,1.0577,0.9833,0.9456,0.9306,0.9225
1410.0000,1.1133,1.0988,1.0454,0.9769,0.9415,0.9291,0.9166
1415.0000,1.1054,1.0895,1.0343,0.9702,0.9392,0.9245,0.9169
1420.0000,1.0991,1.0782,1.0242,0.9642,0.9366,0.9212,0.9147
1425.0000,1.0891,1.0689,1.0130,0.9600,0.9325,0.9201,0.9094
1430.0000,1.0792,1.0588,1.0031,0.9557,0.9296,0.9169,0.9079
1435.0000,1.0712,1.0468,0.9950,0.9511,0.9274,0.9132,0.9069
1440.0000,1.0600,1.0376,0.9859,0.9483,0.9232,0.9124,0.9015
1445.0000,1.0486,1.0283,0.9780,0.9451,0.9203,0.9094,0.9007
1450.0000,1.0386,1.0183,0.9716,0.9417,0.9178,0.9065,0.8992
1455.0000,1.0317,1.0071,0.9666,0.9385,0.9143,0.9060,0.8926
1460.0000,1.0208,0.9986,0.9616,0.9351,0.9125,0.9019,0.8946
1465.0000,1.0093,0.9915,0.9564,0.9322,0.9099,0.8994,0.8935
1470.0000,1.0032,0.9827,0.9531,0.9288,0.9078,0.8969,0.8920
1475.0000,0.9949,0.9761,0.9489,0.9262,0.9045,0.8962,0.8880
1480.0000,0.9848,0.9712,0.9448,0.9234,0.9025,0.8934,0.8882
1485.0000,0.9803,0.9643,0.9422,0.9202,0.9005,0.8913,0.8869
1490.0000,0.9727,0.9603,0.9381,0.9180,0.8973,0.8911,0.8830
1495.0000,0.9658,0.9563,0.9347,0.9154,0.8954,0.8890,0.8824
1500.0000,0.9629,0.9504,0.9327,0.9120,0.8943,0.8863,0.8820
1505.0000,0.9571,0.9472,0.9291,0.9099,0.8916,0.8861,0.8783
1510.0000,0.9513,0.9441,0.9260,0.9073,0.8901,0.8840,0.8780
1515.0000,0.9490,0.9393,0.9239,0.9043,0.8890,0.8818,0.8773
1520.0000,0.9449,0.9362,0.9208,0.9024,0.8866,0.8818,0.8727
1525.0000,0.9397,0.9337,0.9178,0.9000,0.8856,0.8789,0.8741
1530.0000,0.9378,0.9296,0.9157,0.8975,0.8845,0.8770,0.8734
1535.0000,0.9338,0.9275,0.9122,0.8962,0.8819,0.8773,0.8693
1540.0000,0.9295,0.9254,0.9092,0.8944,0.8806,0.8754,0.8694
1545.0000,0.9283,0.9213,0.9074,0.8920,0.8798,0.8731,0.8696
1550.0000,0.9247,0.9191,0.9044,0.8909,0.8773,0.8734,0.8655
1555.0000,0.9211,0.9168,0.9019,0.8892,0.8761,0.8715,0.8661
1560.0000,0.9198,0.9128,0.9005,0.8870,0.8755,0.8694,0.8664
1565.0000,0.9165,0.9107,0.8979,0.8859,0.8732,0.8698,0.8625
1570.0000,0.9129,0.9087,0.8957,0.8844,0.8720,0.8682,0.8630
1575.0000,0.9083,0.9071,0.8934,0.8830,0.8708,0.8669,0.8626
1580.0000,0.9088,0.9033,0.8921,0.8815,0.8689,0.8677,0.8572
1585.0000,0.9055,0.9014,0.8904,0.8797,0.8685,0.8651,0.8597
1590.0000,0.9014,0.9001,0.8884,0.8783,0.8676,0.8636,0.8597
1595.0000,0.9016,0.8967,0.8875,0.8763,0.8670,0.8621,0.8592
1600.0000,0.8988,0.8954,0.8853,0.8755,0.8652,0.8624,0.8560
1605.0000,0.8951,0.8942,0.8835,0.8741,0.8646,0.8604,0.8570
1610.0000,0.8954,0.8911,0.8827,0.8724,0.8640,0.8589,0.8566
1615.0000,0.8928,0.8900,0.8806,0.8717,0.8622,0.8593,0.8537
1620.0000,0.8895,0.8890,0.8787,0.8706,0.8613,0.8579,0.8539
1625.0000,0.8900,0.8859,0.8781,0.8689,0.8609,0.8562,0.8540
1630.0000,0.8876,0.8849,0.8762,0.8683,0.8592,0.8566,0.8511
1635.0000,0.8848,0.8839,0.8746,0.8673,0.8583,0.8553,0.8515
1640.0000,0.8849,0.8812,0.8739,0.8658,0.8578,0.8540,0.8513
1645.0000,0.8828,0.8803,0.8721,0.8653,0.8560,0.8549,0.8474
1650.0000,0.8801,0.8793,0.8708,0.8641,0.8556,0.8529,0.8491
1655.0000,0.8802,0.8768,0.8704,0.8627,0.8553,0.8515,0.8492
1660.0000,0.8784,0.8758,0.8688,0.8622,0.8535,0.8524,0.8456
1665.0000,0.8761,0.8749,0.8676,0.8611,0.8530,0.8508,0.8468
1670.0000,0.8761,0.8725,0.8673,0.8595,0.8530,0.8490,0.8480
1675.0000,0.8743,0.8718,0.8657,0.8591,0.8513,0.8499,0.8452
1680.0000,0.8721,0.8712,0.8644,0.8582,0.8508,0.8485,0.8477
1685.0000,0.8684,0.8712,0.8627,0.8575,0.8501,0.8475,0.8502
1690.0000,0.8704,0.8686,0.8623,0.8566,0.8487,0.8488,0.8493
1695.0000,0.8685,0.8679,0.8611,0.8557,0.8482,0.8480,0.8553
1700.0000,0.8652,0.8679,0.8596,0.8552,0.8473,0.8486,0.8612
1705.0000,0.8671,0.8654,0.8591,0.8545,0.8455,0.8523,0.8639
1710.0000,0.8651,0.8649,0.8578,0.8539,0.8446,0.8553,0.8717
1715.0000,0.8625,0.8645,0.8567,0.8531,0.8442,0.8590,0.8817
1720.0000,0.8639,0.8620,0.8567,0.8516,0.8445,0.8641,0.8931
1725.0000,0.8621,0.8616,0.8555,0.8511,0.8440,0.8728,0.9036
1730.0000,0.8596,0.8613,0.8543,0.8503,0.8446,0.8827,0.9156
1735.0000,0.8610,0.8587,0.8549,0.8483,0.8478,0.8922,0.9321
1740.0000,0.8595,0.8581,0.8539,0.8474,0.8505,0.9061,0.9467
1745.0000,0.8575,0.8575,0.8534,0.8458,0.8564,0.9185,0.9699
1750.0000,0.8583,0.8557,0.8530,0.8449,0.8623,0.9362,0.9885
1755.0000,0.8569,0.8554,0.8517,0.8448,0.8696,0.9561,1.0074
1760.0000,0.8551,0.8550,0.8508,0.8445,0.8805,0.9745,1.0343
1765.0000,0.8556,0.8533,0.8503,0.8446,0.8935,0.9948,1.0628
1770.0000,0.8542,0.8533,0.8484,0.8470,0.9063,1.0203,1.0876
1775.0000,0.8519,0.8537,0.8461,0.8507,0.9211,1.0481,1.1102
1780.0000,0.8530,0.8516,0.8458,0.8540,0.9405,1.0733,1.1387
1785.0000,0.8517,0.8515,0.8441,0.8604,0.9596,1.1035,1.1601
1790.0000,0.8500,0.8510,0.8436,0.8670,0.9836,1.1294,1.1910
1795.0000,0.8508,0.8493,0.8440,0.8759,1.0079,1.1591,1.2118
1800.0000,0.8496,0.8489,0.8441,0.8872,1.0335,1.1895,1.2267
1805.0000,0.8486,0.8483,0.8462,0.8991,1.0639,1.2127,1.2521
1810.0000,0.8462,0.8489,0.8485,0.9138,1.0945,1.2361,1.2702
1815.0000,0.8482,0.8482,0.8523,0.9313,1.1243,1.2605,1.2781
1820.0000,0.8474,0.8494,0.8575,0.9501,1.1571,1.2764,1.2962
1825.0000,0.8447,0.8527,0.8630,0.9722,1.1884,1.2907,1.3093
1830.0000,0.8489,0.8544,0.8707,0.9972,1.2162,1.3066,1.3113
1835.0000,0.8499,0.8587,0.8797,1.0240,1.2437,1.3158,1.3191
1840.0000,0.8506,0.8646,0.8905,1.0530,1.2681,1.3234,1.3212
1845.0000,0.8571,0.8690,0.9050,1.0825,1.2902,1.3277,1.3203
1850.0000,0.8590,0.8787,0.9194,1.1146,1.3071,1.3319,1.3132
1855.0000,0.8647,0.8874,0.9384,1.1450,1.3233,1.3288,1.3117
1860.0000,0.8752,0.8956,0.9611,1.1748,1.3356,1.3248,1.3054
1865.0000,0.8840,0.9075,0.9850,1.2045,1.3429,1.3206,1.2947
1870.0000,0.8898,0.9238,1.0100,1.2328,1.3471,1.3131,1.2860
1875.0000,0.9056,0.9376,1.0396,1.2573,1.3496,1.3022,1.2787
1880.0000,0.9206,0.9549,1.0695,1.2804,1.3470,1.2932,1.2672
1885.0000,0.9373,0.9740,1.1008,1.3000,1.3423,1.2823,1.2576
1890.0000,0.9545,0.9959,1.1318,1.3168,1.3345,1.2718,1.2467
1895.0000,0.9707,1.0226,1.1604,1.3315,1.3230,1.2635,1.2321
1900.0000,0.9932,1.0474,1.1907,1.3406,1.3129,1.2504,1.2270
1905.0000,1.0170,1.0733,1.2194,1.3466,1.3003,1.2404,1.2173
1910.0000,1.0420,1.1001,1.2459,1.3496,1.2862,1.2327,1.2039
1915.0000,1.0611,1.1315,1.2678,1.3498,1.2723,1.2234,1.1958
1920.0000,1.0908,1.1570,1.2904,1.3449,1.2610,1.2118,1.1914
1925.0000,1.1189,1.1824,1.3090,1.3386,1.2475,1.2053,1.1797
1930.0000,1.1468,1.2060,1.3251,1.3290,1.2367,1.1959,1.1755
1935.0000,1.1649,1.2334,1.3347,1.3192,1.2254,1.1881,1.1702
1940.0000,1.1933,1.2542,1.3424,1.3078,1.2139,1.1839,1.1582
1945.0000,1.2174,1.2733,1.3469,1.2945,1.2060,1.1742,1.1607
1950.0000,1.2306,1.2950,1.3449,1.2830,1.1964,1.1687,1.1577
1955.0000,1.2564,1.3071,1.3427,1.2704,1.1871,1.1663,1.1490
1960.0000,1.2732,1.3188,1.3371,1.2577,1.1804,1.1603,1.1504
1965.0000,1.2867,1.3272,1.3291,1.2457,1.1737,1.1566,1.1486
1970.0000,1.3024,1.3297,1.3211,1.2334,1.1683,1.1531,1.1466
1975.0000,1.3094,1.3330,1.3093,1.2232,1.1618,1.1526,1.1410
1980.0000,1.3131,1.3330,1.2974,1.2127,1.1580,1.1489,1.1417
1985.0000,1.3207,1.3270,1.2869,1.2021,1.1552,1.1460,1.1408
1990.0000,1.3206,1.3222,1.2739,1.1939,1.1511,1.1459,1.1361
1995.0000,1.3178,1.3153,1.2615,1.1856,1.1491,1.1431,1.1364
2000.0000,1.3169,1.3045,1.2507,1.1775,1.1481,1.1400,1.1367
2005.0000,1.3100,1.2957,1.2381,1.1719,1.1453,1.1399,1.1331
2010.0000,1.3004,1.2867,1.2260,1.1667,1.1437,1.1379,1.1339
2015.0000,1.2949,1.2743,1.2160,1.1616,1.1427,1.1360,1.1339
2020.0000,1.2858,1.2633,1.2054,1.1583,1.1400,1.1370,1.1297
2025.0000,1.2732,1.2536,1.1955,1.1551,1.1389,1.1349,1.1318
2030.0000,1.2657,1.2410,1.1880,1.1518,1.1380,1.1336,1.1322
2035.0000,1.2543,1.2314,1.1795,1.1503,1.1352,1.1354,1.1280
2040.0000,1.2441,1.2208,1.1732,1.1479,1.1346,1.1339,1.1300
2045.0000,1.2355,1.2095,1.1687,1.1452,1.1344,1.1324,1.1314
2050.0000,1.2244,1.2013,1.1630,1.1442,1.1323,1.1343,1.1274
2055.0000,1.2136,1.1936,1.1587,1.1425,1.1319,1.1333,1.1297
2060.0000,1.2038,1.1863,1.1552,1.1408,1.1317,1.1326,1.1309
2065.0000,1.1984,1.1778,1.1528,1.1394,1.1303,1.1349,1.1256
2070.0000,1.1889,1.1727,1.1500,1.1379,1.1309,1.1330,1.1301
2075.0000,1.1788,1.1691,1.1468,1.1370,1.1308,1.1326,1.1316
2080.0000,1.1760,1.1631,1.1450,1.1362,1.1296,1.1352,1.1267
2085.0000,1.1700,1.1594,1.1432,1.1349,1.1305,1.1335,1.1313
2090.0000,1.1626,1.1571,1.1408,1.1343,1.1306,1.1333,1.1331
2095.0000,1.1614,1.1522,1.1403,1.1331,1.1313,1.1330,1.1345
2100.0000,1.1566,1.1504,1.1381,1.1333,1.1304,1.1353,1.1324
2105.0000,1.1511,1.1489,1.1364,1.1329,1.1310,1.1348,1.1352
2110.0000,1.1512,1.1449,1.1363,1.1320,1.1319,1.1348,1.1369
2115.0000,1.1477,1.1437,1.1346,1.1324,1.1311,1.1374,1.1351
2120.0000,1.1434,1.1430,1.1333,1.1324,1.1318,1.1375,1.1379
2125.0000,1.1442,1.1396,1.1337,1.1316,1.1331,1.1375,1.1400
2130.0000,1.1415,1.1390,1.1324,1.1322,1.1326,1.1403,1.1384
2135.0000,1.1384,1.1384,1.1316,1.1323,1.1336,1.1406,1.1415
2140.0000,1.1391,1.1359,1.1321,1.1319,1.1351,1.1410,1.1441
2145.0000,1.1371,1.1357,1.1311,1.1328,1.1347,1.1445,1.1418
2150.0000,1.1347,1.1355,1.1307,1.1329,1.1362,1.1445,1.1461
2155.0000,1.1357,1.1334,1.1315,1.1327,1.1379,1.1452,1.1489
2160.0000,1.1342,1.1335,1.1307,1.1339,1.1378,1.1490,1.1467
2165.0000,1.1319,1.1340,1.1303,1.1344,1.1394,1.1496,1.1512
2170.0000,1.1334,1.1321,1.1314,1.1344,1.1415,1.1504,1.1546
2175.0000,1.1323,1.1325,1.1308,1.1358,1.1417,1.1543,1.1527
2180.0000,1.1310,1.1328,1.1309,1.1365,1.1437,1.1553,1.1576
2185.0000,1.1276,1.1342,1.1305,1.1376,1.1453,1.1568,1.1612
2190.0000,1.1314,1.1323,1.1315,1.1387,1.1460,1.1615,1.1582
2195.0000,1.1304,1.1327,1.1319,1.1395,1.1487,1.1620,1.1646
2200.0000,1.1285,1.1335,1.1323,1.1405,1.1511,1.1631,1.1701
2205.0000,1.1315,1.1319,1.1340,1.1410,1.1541,1.1643,1.1761
2210.0000,1.1305,1.1332,1.1338,1.1431,1.1549,1.1688,1.1788
2215.0000,1.1290,1.1342,1.1345,1.1443,1.1578,1.1699,1.1906
2220.0000,1.1320,1.1331,1.1362,1.1455,1.1603,1.1730,1.2026
2225.0000,1.1310,1.1349,1.1360,1.1483,1.1606,1.1804,1.2136
2230.0000,1.1291,1.1371,1.1356,1.1514,1.1605,1.1903,1.2240
2235.0000,1.1330,1.1360,1.1375,1.1533,1.1620,1.2011,1.2365
2240.0000,1.1327,1.1374,1.1381,1.1558,1.1631,1.2151,1.2475
2245.0000,1.1308,1.1394,1.1393,1.1573,1.1672,1.2276,1.2651
2250.0000,1.1352,1.1378,1.1428,1.1576,1.1731,1.2422,1.2807
2255.0000,1.1357,1.1388,1.1448,1.1588,1.1793,1.2603,1.2924
2260.0000,1.1362,1.1393,1.1481,1.1584,1.1906,1.2737,1.3158
2265.0000,1.1386,1.1389,1.1521,1.1576,1.2046,1.2867,1.3433
2270.0000,1.1395,1.1405,1.1537,1.1597,1.2165,1.3068,1.3642
2275.0000,1.1400,1.1426,1.1550,1.1624,1.2308,1.3263,1.3914
2280.0000,1.1420,1.1441,1.1563,1.1661,1.2469,1.3465,1.4227
2285.0000,1.1427,1.1474,1.1555,1.1729,1.2614,1.3728,1.4509
2290.0000,1.1410,1.1521,1.1542,1.1809,1.2784,1.3981,1.4905
2295.0000,1.1456,1.1533,1.1542,1.1907,1.2949,1.4304,1.5230
2300.0000,1.1460,1.1571,1.1531,1.2027,1.3121,1.4664,1.5551
2305.0000,1.1464,1.1596,1.1545,1.2141,1.3342,1.4994,1.6020
2310.0000,1.1445,1.1625,1.1569,1.2269,1.3581,1.5360,1.6495
2315.0000,1.1528,1.1603,1.1627,1.2405,1.3826,1.5803,1.6890
2320.0000,1.1553,1.1604,1.1695,1.2547,1.4113,1.6243,1.7344
2325.0000,1.1582,1.1600,1.1793,1.2682,1.4460,1.6653,1.7910
2330.0000,1.1608,1.1610,1.1898,1.2837,1.4828,1.7100,1.8481
2335.0000,1.1625,1.1650,1.1994,1.3028,1.5193,1.7618,1.9011
2340.0000,1.1623,1.1721,1.2086,1.3247,1.5576,1.8179,1.9495
2345.0000,1.1679,1.1773,1.2215,1.3460,1.6034,1.8678,2.0111
2350.0000,1.1703,1.1876,1.2319,1.3729,1.6472,1.9265,2.0639
2355.0000,1.1726,1.1995,1.2433,1.4019,1.6945,1.9851,2.1175
2360.0000,1.1848,1.2065,1.2604,1.4302,1.7495,2.0367,2.1821
2365.0000,1.1937,1.2174,1.2762,1.4642,1.8014,2.0971,2.2362
2370.0000,1.1996,1.2310,1.2937,1.5000,1.8583,2.1517,2.3049
2375.0000,1.2136,1.2430,1.3131,1.5408,1.9114,2.2175,2.3533
2380.0000,1.2250,1.2580,1.3342,1.5840,1.9671,2.2814,2.3997
2385.0000,1.2381,1.2728,1.3598,1.6273,2.0289,2.3362,2.4603
2390.0000,1.2538,1.2885,1.3883,1.6731,2.0915,2.3907,2.5165
2395.0000,1.2658,1.3107,1.4155,1.7247,2.1497,2.4518,2.5573
2400.0000,1.2819,1.3326,1.4473,1.7770,2.2108,2.5072,2.5977
2405.0000,1.3043,1.3529,1.4851,1.8283,2.2769,2.5518,2.6468
2410.0000,1.3260,1.3775,1.5230,1.8848,2.3363,2.6038,2.6750
2415.0000,1.3439,1.4074,1.5634,1.9413,2.4000,2.6406,2.7267
2420.0000,1.3718,1.4363,1.6069,2.0008,2.4576,2.6832,2.7570
2425.0000,1.3996,1.4691,1.6518,2.0628,2.5110,2.7254,2.7766
2430.0000,1.4296,1.5036,1.7008,2.1235,2.5661,2.7553,2.8128
2435.0000,1.4501,1.5474,1.7483,2.1869,2.6159,2.7838,2.8441
2440.0000,1.4922,1.5857,1.8008,2.2507,2.6587,2.8176,2.8569
2480.0000,1.8499,1.9841,2.2850,2.6817,2.9020,2.9284,2.9122
2485.0000,1.9076,2.0408,2.3470,2.7213,2.9187,2.9263,2.9092
2490.0000,1.9653,2.0992,2.4060,2.7591,2.9289,2.9270,2.8956
2495.0000,2.0050,2.1696,2.4567,2.7961,2.9351,2.9234,2.8838
2500.0000,2.0738,2.2252,2.5130,2.8250,2.9429,2.9124,2.8744
2505.0000,2.1363,2.2828,2.5643,2.8530,2.9432,2.9061,2.8517
2510.0000,2.1967,2.3386,2.6144,2.8754,2.9445,2.8908,2.8395
2515.0000,2.2561,2.3929,2.6614,2.8947,2.9420,2.8754,2.8199
2520.0000,2.3043,2.4547,2.6986,2.9149,2.9316,2.8649,2.7865
2525.0000,2.3657,2.5034,2.7404,2.9258,2.9272,2.8390,2.7762
2530.0000,2.4228,2.5505,2.7779,2.9348,2.9176,2.8161,2.7559
2535.0000,2.4754,2.5970,2.8100,2.9426,2.9020,2.7979,2.7239
2540.0000,2.5121,2.6497,2.8343,2.9484,2.8858,2.7722,2.7072
2545.0000,2.5682,2.6870,2.8622,2.9472,2.8711,2.7417,2.6971
2550.0000,2.6159,2.7244,2.8833,2.9469,2.8480,2.7214,2.6743
2555.0000,2.6585,2.7588,2.9016,2.9427,2.8247,2.6983,2.6624
2560.0000,2.6769,2.8016,2.9100,2.9396,2.7960,2.6810,2.6462
2565.0000,2.7284,2.8242,2.9234,2.9304,2.7671,2.6687,2.6217
2570.0000,2.7628,2.8483,2.9329,2.9169,2.7422,2.6492,2.6203
2575.0000,2.7938,2.8677,2.9406,2.9001,2.7176,2.6331,2.6184
2580.0000,2.8250,2.8813,2.9473,2.8793,2.6953,2.6187,2.6209
2585.0000,2.8405,2.9011,2.9447,2.8607,2.6686,2.6151,2.6178
2590.0000,2.8589,2.9132,2.9428,2.8367,2.6491,2.6067,2.6349
2595.0000,2.8822,2.9176,2.9401,2.8105,2.6312,2.6047,2.6538
2600.0000,2.8962,2.9231,2.9313,2.7858,2.6122,2.6132,2.6718
2605.0000,2.8992,2.9304,2.9172,2.7613,2.5965,2.6257,2.6992
2610.0000,2.9126,2.9281,2.9031,2.7361,2.5832,2.6486,2.7202
2615.0000,2.9135,2.9291,2.8829,2.7127,2.5736,2.6774,2.7413
2620.0000,2.9090,2.9273,2.8617,2.6880,2.5735,2.7031,2.7795
2625.0000,2.9169,2.9140,2.8432,2.6623,2.5800,2.7347,2.8115
2630.0000,2.9117,2.9040,2.8192,2.6411,2.5892,2.7747,2.8331
2635.0000,2.8996,2.8925,2.7951,2.6197,2.6106,2.8056,2.8745
2640.0000,2.8969,2.8720,2.7736,2.5999,2.6389,2.8375,2.9128
2645.0000,2.8863,2.8532,2.7481,2.5876,2.6669,2.8794,2.9330
2650.0000,2.8714,2.8330,2.7231,2.5786,2.7030,2.9140,2.9595
2655.0000,2.8568,2.8102,2.6993,2.5741,2.7444,2.9446,2.9826
2660.0000,2.8358,2.7916,2.6715,2.5797,2.7827,2.9808,2.9847
2665.0000,2.8124,2.7726,2.6461,2.5895,2.8277,3.0028,2.9990
2705.0000,2.6581,2.6184,2.5990,2.8525,3.0878,2.9110,2.7400
2710.0000,2.6408,2.6138,2.6163,2.8988,3.0853,2.8616,2.6627
2715.0000,2.6230,2.6146,2.6406,2.9409,3.0788,2.7896,2.6089
2720.0000,2.6233,2.6142,2.6713,2.9824,3.0541,2.7243,2.5280
2725.0000,2.6169,2.6253,2.7032,3.0211,3.0171,2.6527,2.4437
2730.0000,2.6101,2.6434,2.7380,3.0545,2.9680,2.5776,2.3519
2735.0000,2.6283,2.6530,2.7855,3.0732,2.9184,2.4836,2.2817
2740.0000,2.6414,2.6724,2.8309,3.0872,2.8520,2.3982,2.1991
2745.0000,2.6573,2.6965,2.8769,3.0916,2.7759,2.3139,2.1114
2750.0000,2.6783,2.7227,2.9245,3.0827,2.6973,2.2214,2.0409
2755.0000,2.6979,2.7579,2.9651,3.0664,2.6074,2.1374,1.9679
2760.0000,2.7263,2.7925,3.0028,3.0392,2.5106,2.0625,1.8836
2765.0000,2.7574,2.8275,3.0365,2.9988,2.4142,1.9865,1.8068
2770.0000,2.7842,2.8684,3.0597,2.9493,2.3154,1.9162,1.7263
2775.0000,2.8193,2.9019,3.0807,2.8835,2.2279,1.8305,1.6911
2780.0000,2.8554,2.9337,3.0898,2.8124,2.1342,1.7645,1.6349
2785.0000,2.8889,2.9631,3.0877,2.7340,2.0427,1.7049,1.5805
2790.0000,2.9112,2.9939,3.0710,2.6508,1.9544,1.6507,1.5297
2795.0000,2.9448,3.0093,3.0494,2.5580,1.8775,1.5916,1.5004
2800.0000,2.9690,3.0214,3.0128,2.4654,1.8000,1.5474,1.4621
2805.0000,2.9856,3.0265,2.9646,2.3715,1.7281,1.5085,1.4262
2810.0000,2.9837,3.0291,2.9027,2.2789,1.6613,1.4753,1.3903
2815.0000,2.9999,3.0099,2.8377,2.1844,1.6024,1.4469,1.3482
2820.0000,2.9924,2.9883,2.7622,2.0913,1.5549,1.4091,1.3392
2825.0000,2.9752,2.9571,2.6791,2.0029,1.5109,1.3793,1.3218
2830.0000,2.9642,2.9083,2.5950,1.9167,1.4739,1.3514,1.3065
2835.0000,2.9339,2.8561,2.5033,1.8385,1.4382,1.3305,1.2880
2840.0000,2.8830,2.8016,2.4065,1.7667,1.4079,1.3076,1.2838
2845.0000,2.8465,2.7283,2.3142,1.6993,1.3807,1.2907,1.2763
2850.0000,2.7877,2.6573,2.2172,1.6410,1.3538,1.2789,1.2701
2855.0000,2.7347,2.5721,2.1274,1.5863,1.3311,1.2699,1.2644
2860.0000,2.6671,2.4858,2.0397,1.5376,1.3107,1.2641,1.2592
2865.0000,2.5826,2.4071,1.9501,1.4975,1.2902,1.2625,1.2534
2870.0000,2.4918,2.3290,1.8645,1.4622,1.2727,1.2620,1.2492
2875.0000,2.4238,2.2352,1.7936,1.4259,1.2626,1.2593,1.2469
2880.0000,2.3485,2.1429,1.7289,1.3936,1.2539,1.2606,1.2369
2885.0000,2.2574,2.0605,1.6671,1.3649,1.2502,1.2558,1.2399
2890.0000,2.1790,1.9754,1.6140,1.3381,1.2494,1.2514,1.2400
2895.0000,2.1076,1.8890,1.5692,1.3136,1.2499,1.2494,1.2337
2900.0000,2.0154,1.8225,1.5211,1.2958,1.2507,1.2439,1.2370
2905.0000,1.9401,1.7558,1.4795,1.2807,1.2517,1.2399,1.2370
2910.0000,1.8630,1.6999,1.4374,1.2718,1.2494,1.2394,1.2329
2915.0000,1.8028,1.6400,1.4046,1.2628,1.2498,1.2357,1.2344
2920.0000,1.7394,1.5879,1.3740,1.2572,1.2486,1.2335,1.2342
2925.0000,1.6741,1.5469,1.3428,1.2565,1.2440,1.2348,1.2303
2930.0000,1.6147,1.5088,1.3165,1.2563,1.2400,1.2347,1.2302
2935.0000,1.5762,1.4639,1.3004,1.2537,1.2384,1.2334,1.2302
2940.0000,1.5343,1.4247,1.2873,1.2522,1.2352,1.2356,1.2234
2945.0000,1.4899,1.3932,1.2763,1.2505,1.2341,1.2332,1.2269
2950.0000,1.4469,1.3676,1.2670,1.2494,1.2323,1.2323,1.2275
2955.0000,1.4179,1.3412,1.2626,1.2467,1.2320,1.2306,1.2281
2960.0000,1.3916,1.3185,1.2597,1.2444,1.2307,1.2315,1.2246
2965.0000,1.3613,1.3035,1.2562,1.2422,1.2307,1.2293,1.2276
2970.0000,1.3407,1.2890,1.2546,1.2396,1.2310,1.2277,1.2296
2975.0000,1.3193,1.2809,1.2508,1.2390,1.2289,1.2293,1.2279
2980.0000,1.3026,1.2735,1.2484,1.2374,1.2287,1.2282,1.2324
2985.0000,1.2928,1.2654,1.2475,1.2355,1.2286,1.2280,1.2363
2990.0000,1.2808,1.2619,1.2444,1.2353,1.2265,1.2311,1.2373
2995.0000,1.2700,1.2594,1.2417,1.2345,1.2260,1.2320,1.2453
3000.0000,1.2667,1.2542,1.2410,1.2330,1.2261,1.2340,1.2540
3005.0000,1.2607,1.2521,1.2386,1.2330,1.2241,1.2405,1.2592
3010.0000,1.2548,1.2503,1.2367,1.2323,1.2239,1.2460,1.2700
3015.0000,1.2538,1.2460,1.2367,1.2306,1.2252,1.2521,1.2833
3020.0000,1.2499,1.2446,1.2349,1.2304,1.2249,1.2634,1.2924
3025.0000,1.2459,1.2433,1.2338,1.2292,1.2273,1.2733,1.3084
3030.0000,1.2457,1.2398,1.2343,1.2272,1.2319,1.2840,1.3268
3035.0000,1.2429,1.2388,1.2330,1.2268,1.2354,1.3004,1.3404
3040.0000,1.2397,1.2380,1.2321,1.2258,1.2424,1.3147,1.3637
3045.0000,1.2399,1.2356,1.2318,1.2252,1.2501,1.3335,1.3813
3050.0000,1.2376,1.2353,1.2301,1.2261,1.2585,1.3556,1.3952
3055.0000,1.2353,1.2348,1.2291,1.2263,1.2715,1.3740,1.4194
3060.0000,1.2312,1.2351,1.2277,1.2277,1.2864,1.3937,1.4421
3065.0000,1.2341,1.2324,1.2272,1.2306,1.3014,1.4184,1.4548
3070.0000,1.2320,1.2322,1.2259,1.2345,1.3199,1.4398,1.4724
3075.0000,1.2292,1.2321,1.2250,1.2395,1.3414,1.4587,1.4912
3080.0000,1.2314,1.2295,1.2257,1.2455,1.3650,1.4761,1.5079
3085.0000,1.2294,1.2300,1.2245,1.2555,1.3868,1.4965,1.5160
3090.0000,1.2267,1.2304,1.2244,1.2666,1.4112,1.5116,1.5275
3095.0000,1.2291,1.2284,1.2266,1.2792,1.4364,1.5238,1.5366
3100.0000,1.2276,1.2295,1.2274,1.2960,1.4584,1.5376,1.5371
3105.0000,1.2243,1.2316,1.2297,1.3139,1.4816,1.5442,1.5437
3110.0000,1.2281,1.2305,1.2355,1.3330,1.5036,1.5483,1.5470
3115.0000,1.2276,1.2333,1.2406,1.3557,1.5208,1.5537,1.5428
3120.0000,1.2265,1.2368,1.2480,1.3789,1.5368,1.5538,1.5423
3125.0000,1.2314,1.2382,1.2593,1.4023,1.5503,1.5519,1.5392
3130.0000,1.2319,1.2446,1.2703,1.4278,1.5581,1.5517,1.5291
3135.0000,1.2348,1.2501,1.2856,1.4510,1.5658,1.5445,1.5284
3140.0000,1.2423,1.2550,1.3042,1.4732,1.5697,1.5382,1.5228
3145.0000,1.2481,1.2633,1.3236,1.4950,1.5689,1.5338,1.5124
3150.0000,1.2526,1.2749,1.3444,1.5143,1.5671,1.5251,1.5098
3155.0000,1.2634,1.2856,1.3681,1.5308,1.5625,1.5179,1.5036
3160.0000,1.2738,1.2995,1.3916,1.5453,1.5545,1.5134,1.4933
3165.0000,1.2826,1.3172,1.4148,1.5566,1.5463,1.5064,1.4887
3170.0000,1.2987,1.3328,1.4402,1.5633,1.5389,1.4976,1.4876
3175.0000,1.3146,1.3512,1.4635,1.5683,1.5282,1.4942,1.4794
3180.0000,1.3313,1.3705,1.4861,1.5692,1.5199,1.4868,1.4835
3185.0000,1.3419,1.3949,1.5044,1.5687,1.5106,1.4815,1.4887
3190.0000,1.3656,1.4143,1.5223,1.5658,1.4998,1.4824,1.4873
3195.0000,1.3860,1.4347,1.5376,1.5598,1.4925,1.4792,1.5035
3200.0000,1.4051,1.4554,1.5493,1.5530,1.4846,1.4808,1.5196
3205.0000,1.4266,1.4738,1.5583,1.5451,1.4768,1.4874,1.5367
3210.0000,1.4408,1.4957,1.5611,1.5384,1.4683,1.5004,1.5547
3215.0000,1.4579,1.5132,1.5627,1.5302,1.4620,1.5176,1.5724
3220.0000,1.4804,1.5236,1.5652,1.5188,1.4621,1.5333,1.6002
3225.0000,1.4958,1.5349,1.5632,1.5092,1.4621,1.5574,1.6238
3230.0000,1.5046,1.5456,1.5591,1.4986,1.4685,1.5792,1.6621
3235.0000,1.5213,1.5490,1.5553,1.4883,1.4772,1.6087,1.6940
3240.0000,1.5306,1.5527,1.5484,1.4800,1.4888,1.6430,1.7243
3245.0000,1.5377,1.5533,1.5420,1.4709,1.5090,1.6717,1.7746
3250.0000,1.5442,1.5512,1.5346,1.4639,1.5328,1.7041,1.8277
3255.0000,1.5464,1.5496,1.5239,1.4622,1.5558,1.7468,1.8754
3260.0000,1.5440,1.5485,1.5113,1.4645,1.5812,1.7949,1.9195
3265.0000,1.5456,1.5422,1.5014,1.4676,1.6140,1.8397,1.9768
3270.0000,1.5411,1.5387,1.4886,1.4772,1.6458,1.8943,2.0257
3275.0000,1.5340,1.5341,1.4779,1.4887,1.6845,1.9451,2.0909
3280.0000,1.5335,1.5244,1.4702,1.5047,1.7231,2.0074,2.1356
3285.0000,1.5262,1.5178,1.4631,1.5245,1.7656,2.0707,2.1758
3290.0000,1.5194,1.5089,1.4613,1.5447,1.8174,2.1245,2.2333
3295.0000,1.5157,1.4980,1.4636,1.5685,1.8714,2.1822,2.2736
3300.0000,1.5086,1.4906,1.4673,1.5972,1.9267,2.2417,2.2969
3305.0000,1.5019,1.4836,1.4767,1.6260,1.9920,2.2838,2.3415
3310.0000,1.4955,1.4794,1.4883,1.6597,2.0581,2.3226,2.3763
3315.0000,1.4919,1.4782,1.5009,1.7006,2.1192,2.3657,2.3859
3355.0000,1.5267,1.5904,1.7184,2.1584,2.4839,2.3696,2.2380
3360.0000,1.5552,1.6116,1.7698,2.2170,2.4986,2.3217,2.2025
3365.0000,1.5804,1.6398,1.8224,2.2762,2.4962,2.2767,2.1525
3370.0000,1.6069,1.6723,1.8789,2.3312,2.4826,2.2269,2.1003
3375.0000,1.6369,1.7086,1.9385,2.3808,2.4571,2.1749,2.0443
3380.0000,1.6632,1.7554,1.9965,2.4256,2.4194,2.1224,1.9861
3385.0000,1.7028,1.7984,2.0615,2.4575,2.3787,2.0586,1.9519
3390.0000,1.7452,1.8452,2.1256,2.4824,2.3246,2.0061,1.9027
3395.0000,1.7898,1.8951,2.1892,2.4963,2.2648,1.9549,1.8582
3400.0000,1.8242,1.9565,2.2454,2.5017,2.1985,1.9083,1.8164
3405.0000,1.8810,2.0076,2.3053,2.4909,2.1353,1.8584,1.7913
3410.0000,1.9369,2.0600,2.3593,2.4706,2.0678,1.8202,1.7617
3415.0000,1.9952,2.1105,2.4083,2.4383,2.0027,1.7865,1.7378
3420.0000,2.0376,2.1692,2.4447,2.3977,1.9409,1.7560,1.7251
3425.0000,2.0944,2.2205,2.4734,2.3490,1.8811,1.7365,1.7086
3430.0000,2.1502,2.2677,2.4924,2.2925,1.8286,1.7199,1.7021
3435.0000,2.1828,2.3220,2.4940,2.2340,1.7803,1.7104,1.6966
3440.0000,2.2397,2.3581,2.4899,2.1700,1.7392,1.7095,1.6817
3445.0000,2.2846,2.3894,2.4751,2.1024,1.7109,1.7023,1.6906
3450.0000,2.3236,2.4124,2.4494,2.0354,1.6894,1.7004,1.6947
3455.0000,2.3578,2.4255,2.4146,1.9700,1.6760,1.6999,1.6988
3460.0000,2.3759,2.4362,2.3660,1.9119,1.6647,1.7071,1.6933
3465.0000,2.3855,2.4371,2.3113,1.8569,1.6636,1.7067,1.7022
3470.0000,2.4027,2.4200,2.2553,1.8060,1.6687,1.7059,1.7101
3475.0000,2.4005,2.4007,2.1901,1.7660,1.6723,1.7115,1.7092
3480.0000,2.3919,2.3705,2.1248,1.7318,1.6811,1.7115,1.7179
3485.0000,2.3794,2.3297,2.0604,1.7053,1.6896,1.7144,1.7204
3490.0000,2.3463,2.2918,1.9916,1.6896,1.6953,1.7197,1.7191
3495.0000,2.3065,2.2477,1.9267,1.6803,1.7010,1.7243,1.7155
3500.0000,2.2789,2.1888,1.8729,1.6733,1.7086,1.7265,1.7091
3505.0000,2.2392,2.1297,1.8242,1.6718,1.7143,1.7294,1.6946
3510.0000,2.1835,2.0756,1.7802,1.6737,1.7217,1.7240,1.6904
3515.0000,2.1394,2.0142,1.7482,1.6761,1.7293,1.7162,1.6816
3520.0000,2.0855,1.9612,1.7191,1.6834,1.7315,1.7115,1.6614
3525.0000,2.0429,1.9030,1.7031,1.6876,1.7376,1.6963,1.6541
3530.0000,1.9895,1.8552,1.6903,1.6940,1.7407,1.6788,1.6477
3535.0000,1.9372,1.8166,1.6796,1.7036,1.7368,1.6660,1.6327
3540.0000,1.8887,1.7846,1.6729,1.7132,1.7305,1.6506,1.6228
3545.0000,1.8483,1.7564,1.6707,1.7224,1.7205,1.6367,1.6104
3550.0000,1.8155,1.7320,1.6726,1.7304,1.7069,1.6253,1.5944
3555.0000,1.7775,1.7195,1.6737,1.7377,1.6916,1.6111,1.5885
3560.0000,1.7492,1.7090,1.6782,1.7426,1.6737,1.6008,1.5772
3565.0000,1.7368,1.6964,1.6877,1.7434,1.6548,1.5937,1.5603
3570.0000,1.7191,1.6919,1.6968,1.7407,1.6382,1.5821,1.5569
3575.0000,1.7062,1.6895,1.7069,1.7348,1.6215,1.5732,1.5490
3580.0000,1.7030,1.6862,1.7190,1.7244,1.6072,1.5641,1.5417
3585.0000,1.7003,1.6864,1.7290,1.7122,1.5925,1.5591,1.5285
3590.0000,1.6985,1.6888,1.7380,1.6963,1.5829,1.5477,1.5279
3595.0000,1.6978,1.6938,1.7432,1.6799,1.5733,1.5392,1.5235
3600.0000,1.6975,1.7020,1.7432,1.6645,1.5625,1.5349,1.5143
3605.0000,1.6931,1.7137,1.7382,1.6493,1.5540,1.5278,1.5119
3610.0000,1.7025,1.7180,1.7334,1.6327,1.5477,1.5203,1.5104
3615.0000,1.7056,1.7251,1.7227,1.6192,1.5390,1.5175,1.5035
3620.0000,1.7076,1.7297,1.7102,1.6059,1.5325,1.5126,1.5020
3625.0000,1.7161,1.7274,1.6985,1.5924,1.5274,1.5080,1.5000
3630.0000,1.7166,1.7269,1.6825,1.5821,1.5200,1.5076,1.4920
3635.0000,1.7148,1.7231,1.6672,1.5714,1.5160,1.5026,1.4939
3640.0000,1.7176,1.7130,1.6537,1.5608,1.5125,1.4991,1.4928
3645.0000,1.7126,1.7049,1.6377,1.5532,1.5069,1.4996,1.4856
