150.0000,1.7702,1.6895,1.4577,1.2727,1.2065,1.1809,1.1682
155.0000,1.7368,1.6427,1.4228,1.2592,1.2013,1.1753,1.1645
160.0000,1.7000,1.5965,1.3913,1.2480,1.1952,1.1721,1.1571
165.0000,1.6520,1.5577,1.3605,1.2392,1.1898,1.1664,1.1568
170.0000,1.6146,1.5151,1.3362,1.2304,1.1849,1.1618,1.1542
175.0000,1.5726,1.4788,1.3125,1.2243,1.1779,1.1605,1.1475
180.0000,1.5397,1.4390,1.2960,1.2162,1.1741,1.1556,1.1474
185.0000,1.5011,1.4056,1.2807,1.2093,1.1701,1.1513,1.1474
190.0000,1.4624,1.3785,1.2652,1.2045,1.1638,1.1509,1.1423
195.0000,1.4255,1.3553,1.2514,1.1997,1.1589,1.1486,1.1428
200.0000,1.3974,1.3311,1.2415,1.1940,1.1551,1.1465,1.1427
205.0000,1.3734,1.3084,1.2334,1.1885,1.1505,1.1478,1.1363
210.0000,1.3457,1.2919,1.2250,1.1831,1.1481,1.1450,1.1406
215.0000,1.3234,1.2762,1.2181,1.1777,1.1459,1.1437,1.1419
220.0000,1.3068,1.2608,1.2124,1.1727,1.1428,1.1458,1.1366
225.0000,1.2870,1.2502,1.2059,1.1677,1.1419,1.1440,1.1411
230.0000,1.2685,1.2417,1.1991,1.1634,1.1407,1.1437,1.1427
235.0000,1.2592,1.2307,1.1946,1.1585,1.1407,1.1432,1.1442
240.0000,1.2474,1.2228,1.1887,1.1553,1.1394,1.1455,1.1421
245.0000,1.2341,1.2168,1.1827,1.1519,1.1398,1.1450,1.1451
250.0000,1.2283,1.2081,1.1786,1.1483,1.1408,1.1449,1.1468
255.0000,1.2189,1.2029,1.1727,1.1467,1.1401,1.1476,1.1450
260.0000,1.2101,1.1976,1.1675,1.1448,1.1410,1.1477,1.1476
265.0000,1.2060,1.1901,1.1641,1.1426,1.1426,1.1478,1.1494
270.0000,1.1980,1.1860,1.1588,1.1425,1.1424,1.1505,1.1473
275.0000,1.1904,1.1818,1.1545,1.1419,1.1436,1.1507,1.1499
280.0000,1.1875,1.1752,1.1521,1.1410,1.1454,1.1508,1.1515
285.0000,1.1820,1.1708,1.1486,1.1417,1.1453,1.1537,1.1482
290.0000,1.1752,1.1671,1.1460,1.1418,1.1471,1.1529,1.1520
295.0000,1.1727,1.1615,1.1449,1.1416,1.1490,1.1527,1.1540
300.0000,1.1675,1.1585,1.1426,1.1431,1.1487,1.1554,1.1511
305.0000,1.1625,1.1557,1.1413,1.1438,1.1502,1.1549,1.1549
310.0000,1.1606,1.1513,1.1414,1.1442,1.1518,1.1546,1.1579
315.0000,1.1562,1.1497,1.1401,1.1461,1.1512,1.1575,1.1558
320.0000,1.1520,1.1483,1.1397,1.1472,1.1521,1.1576,1.1607
325.0000,1.1469,1.1478,1.1392,1.1486,1.1526,1.1585,1.1647
330.0000,1.1486,1.1446,1.1403,1.1498,1.1521,1.1627,1.1628
335.0000,1.1456,1.1441,1.1408,1.1507,1.1531,1.1635,1.1698
340.0000,1.1419,1.1445,1.1412,1.1517,1.1538,1.1657,1.1753
345.0000,1.1439,1.1426,1.1427,1.1527,1.1535,1.1716,1.1744
350.0000,1.1423,1.1429,1.1439,1.1531,1.1552,1.1741,1.1821
355.0000,1.1402,1.1436,1.1450,1.1534,1.1571,1.1775,1.1886
360.0000,1.1427,1.1423,1.1474,1.1530,1.1601,1.1810,1.1954
365.0000,1.1416,1.1438,1.1479,1.1540,1.1615,1.1879,1.1986
370.0000,1.1400,1.1454,1.1486,1.1544,1.1648,1.1928,1.2059
375.0000,1.1432,1.1446,1.1506,1.1541,1.1693,1.1977,1.2134
380.0000,1.1431,1.1462,1.1507,1.1555,1.1724,1.2057,1.2169
385.0000,1.1415,1.1485,1.1509,1.1564,1.1778,1.2104,1.2277
390.0000,1.1452,1.1479,1.1523,1.1573,1.1836,1.2164,1.2366
395.0000,1.1453,1.1497,1.1518,1.1599,1.1880,1.2254,1.2422
400.0000,1.1449,1.1513,1.1518,1.1622,1.1944,1.2315,1.2553
405.0000,1.1480,1.1507,1.1531,1.1644,1.2016,1.2381,1.2695
410.0000,1.1478,1.1526,1.1524,1.1690,1.2063,1.2494,1.2794
415.0000,1.1473,1.1541,1.1525,1.1733,1.2126,1.2596,1.2944
420.0000,1.1505,1.1532,1.1543,1.1774,1.2196,1.2709,1.3101
425.0000,1.1506,1.1545,1.1549,1.1832,1.2252,1.2865,1.3219
430.0000,1.1494,1.1563,1.1561,1.1887,1.2328,1.3011,1.3386
435.0000,1.1528,1.1553,1.1597,1.1935,1.2419,1.3169,1.3531
440.0000,1.1533,1.1565,1.1623,1.1995,1.2507,1.3361,1.3620
445.0000,1.1537,1.1575,1.1668,1.2039,1.2641,1.3495,1.3840
450.0000,1.1522,1.1598,1.1711,1.2090,1.2787,1.3636,1.4054
455.0000,1.1569,1.1602,1.1761,1.2155,1.2919,1.3833,1.4171
460.0000,1.1582,1.1628,1.1809,1.2221,1.3079,1.3996,1.4363
465.0000,1.1587,1.1664,1.1855,1.2298,1.3248,1.4159,1.4549
470.0000,1.1630,1.1692,1.1901,1.2394,1.3402,1.4365,1.4640
475.0000,1.1641,1.1746,1.1942,1.2498,1.3580,1.4534,1.4786
480.0000,1.1653,1.1800,1.1989,1.2610,1.3771,1.4682,1.4929
485.0000,1.1721,1.1832,1.2050,1.2733,1.3957,1.4843,1.5003
490.0000,1.1734,1.1904,1.2093,1.2882,1.4130,1.5009,1.5007
495.0000,1.1763,1.1964,1.2158,1.3027,1.4327,1.5118,1.5021
500.0000,1.1854,1.1988,1.2258,1.3165,1.4542,1.5174,1.5017
505.0000,1.1906,1.2042,1.2345,1.3332,1.4722,1.5243,1.4895
510.0000,1.1936,1.2112,1.2442,1.3503,1.4907,1.5242,1.4764
515.0000,1.2023,1.2156,1.2571,1.3665,1.5100,1.5160,1.4628
555.0000,1.2673,1.3067,1.3716,1.5232,1.4988,1.3070,1.2027
560.0000,1.2842,1.3177,1.3934,1.5345,1.4753,1.2622,1.1705
565.0000,1.2982,1.3317,1.4141,1.5439,1.4433,1.2215,1.1328
570.0000,1.3112,1.3474,1.4349,1.5490,1.4059,1.1820,1.0929
575.0000,1.3182,1.3675,1.4538,1.5500,1.3637,1.1442,1.0520
580.0000,1.3406,1.3811,1.4761,1.5433,1.3200,1.1069,1.0102
585.0000,1.3582,1.3966,1.4975,1.5292,1.2782,1.0627,0.9912
590.0000,1.3759,1.4130,1.5157,1.5107,1.2318,1.0272,0.9622
595.0000,1.3933,1.4298,1.5308,1.4868,1.1846,0.9957,0.9336
600.0000,1.4082,1.4486,1.5407,1.4583,1.1377,0.9671,0.9069
605.0000,1.4249,1.4652,1.5474,1.4235,1.0945,0.9374,0.8904
610.0000,1.4428,1.4796,1.5492,1.3850,1.0526,0.9128,0.8737
615.0000,1.4556,1.4953,1.5433,1.3445,1.0118,0.8935,0.8568
620.0000,1.4709,1.5054,1.5336,1.3000,0.9764,0.8741,0.8480
625.0000,1.4850,1.5118,1.5180,1.2545,0.9429,0.8609,0.8358
630.0000,1.4926,1.5174,1.4948,1.2094,0.9124,0.8513,0.8231
635.0000,1.4956,1.5192,1.4665,1.1637,0.8876,0.8409,0.8169
640.0000,1.5040,1.5111,1.4366,1.1169,0.8690,0.8300,0.8144
645.0000,1.5047,1.5002,1.4007,1.0735,0.8517,0.8246,0.8068
650.0000,1.4951,1.4881,1.3594,1.0330,0.8383,0.8184,0.8044
655.0000,1.4901,1.4664,1.3178,0.9943,0.8290,0.8126,0.8025
660.0000,1.4761,1.4431,1.2721,0.9608,0.8201,0.8105,0.7963
665.0000,1.4562,1.4157,1.2259,0.9300,0.8156,0.8042,0.8010
670.0000,1.4377,1.3813,1.1810,0.9029,0.8120,0.8007,0.8024
675.0000,1.4096,1.3479,1.1339,0.8816,0.8075,0.8001,0.8020
680.0000,1.3807,1.3096,1.0897,0.8633,0.8045,0.7992,0.8043
685.0000,1.3504,1.2677,1.0488,0.8480,0.8020,0.8000,0.8050
690.0000,1.3122,1.2289,1.0083,0.8372,0.7987,0.8027,0.8042
695.0000,1.2720,1.1892,0.9717,0.8284,0.7967,0.8048,0.8050
700.0000,1.2388,1.1445,0.9422,0.8199,0.7968,0.8059,0.8065
705.0000,1.2018,1.1014,0.9162,0.8134,0.7964,0.8093,0.8028
710.0000,1.1589,1.0639,0.8924,0.8085,0.7978,0.8094,0.8067
715.0000,1.1154,1.0295,0.8718,0.8049,0.7994,0.8097,0.8094
720.0000,1.0824,0.9935,0.8567,0.8011,0.8022,0.8093,0.8122
725.0000,1.0522,0.9588,0.8454,0.7982,0.8045,0.8105,0.8125
730.0000,1.0150,0.9325,0.8338,0.7971,0.8067,0.8106,0.8160
735.0000,0.9839,0.9085,0.8245,0.7968,0.8084,0.8113,0.8191
740.0000,0.9522,0.8909,0.8148,0.7986,0.8084,0.8141,0.8206
745.0000,0.9258,0.8746,0.8077,0.8003,0.8089,0.8163,0.8239
750.0000,0.9068,0.8579,0.8037,0.8014,0.8098,0.8186,0.8272
755.0000,0.8866,0.8459,0.7995,0.8037,0.8096,0.8229,0.8285
760.0000,0.8700,0.8348,0.7975,0.8051,0.8107,0.8258,0.8328
765.0000,0.8574,0.8243,0.7975,0.8059,0.8124,0.8290,0.8361
770.0000,0.8429,0.8185,0.7964,0.8079,0.8130,0.8343,0.8364
775.0000,0.8331,0.8122,0.7976,0.8083,0.8160,0.8368,0.8414
780.0000,0.8260,0.8065,0.7997,0.8082,0.8198,0.8391,0.8462
785.0000,0.8204,0.8021,0.8018,0.8088,0.8226,0.8438,0.8467
790.0000,0.8129,0.8009,0.8031,0.8094,0.8268,0.8458,0.8527
795.0000,0.8092,0.7997,0.8047,0.8102,0.8312,0.8481,0.8584
800.0000,0.8047,0.8011,0.8045,0.8126,0.8337,0.8531,0.8602
805.0000,0.8019,0.8024,0.8048,0.8147,0.8377,0.8557,0.8681
810.0000,0.8027,0.8023,0.8058,0.8170,0.8413,0.8595,0.8743
815.0000,0.8015,0.8042,0.8056,0.8206,0.8436,0.8656,0.8779
820.0000,0.8010,0.8055,0.8061,0.8237,0.8470,0.8700,0.8871
825.0000,0.7989,0.8077,0.8065,0.8273,0.8502,0.8755,0.8959
830.0000,0.8032,0.8068,0.8085,0.8307,0.8528,0.8840,0.9009
835.0000,0.8034,0.8078,0.8102,0.8340,0.8566,0.8910,0.9106
840.0000,0.8034,0.8087,0.8126,0.8369,0.8614,0.8979,0.9223
845.0000,0.8063,0.8083,0.8163,0.8393,0.8670,0.9054,0.9350
850.0000,0.8066,0.8100,0.8187,0.8429,0.8716,0.9162,0.9454
855.0000,0.8069,0.8117,0.8217,0.8460,0.8776,0.9266,0.9586
860.0000,0.8098,0.8123,0.8259,0.8484,0.8855,0.9362,0.9757
865.0000,0.8109,0.8147,0.8287,0.8523,0.8922,0.9499,0.9904
870.0000,0.8106,0.8182,0.8313,0.8561,0.9007,0.9625,1.0120
875.0000,0.8144,0.8203,0.8343,0.8608,0.9083,0.9804,1.0280
880.0000,0.8160,0.8238,0.8366,0.8661,0.9171,0.9993,1.0446
885.0000,0.8159,0.8283,0.8387,0.8716,0.9278,1.0180,1.0646
890.0000,0.8214,0.8300,0.8424,0.8772,0.9393,1.0401,1.0781
895.0000,0.8239,0.8334,0.8455,0.8835,0.9526,1.0627,1.0882
900.0000,0.8264,0.8361,0.8498,0.8892,0.9697,1.0818,1.0999
905.0000,0.8310,0.8378,0.8551,0.8953,0.9890,1.1001,1.1049
910.0000,0.8336,0.8412,0.8594,0.9032,1.0086,1.1187,1.0986
915.0000,0.8370,0.8440,0.8650,0.9112,1.0318,1.1307,1.0880
920.0000,0.8408,0.8467,0.8712,0.9199,1.0574,1.1354,1.0700
925.0000,0.8442,0.8506,0.8764,0.9316,1.0813,1.1371,1.0337
930.0000,0.8469,0.8552,0.8825,0.9436,1.1091,1.1215,1.0057
935.0000,0.8513,0.8592,0.8898,0.9568,1.1371,1.0914,0.9805
940.0000,0.8552,0.8657,0.8943,0.9765,1.1545,1.0626,0.9337
945.0000,0.8585,0.8730,0.8993,0.9983,1.1679,1.0200,0.8965
950.0000,0.8572,0.8836,0.9030,1.0242,1.1715,0.9714,0.8577
955.0000,0.8677,0.8896,0.9098,1.0520,1.1638,0.9206,0.8164
960.0000,0.8717,0.8990,0.9173,1.0806,1.1469,0.8617,0.7983
965.0000,0.8739,0.9101,0.9253,1.1115,1.1123,0.8146,0.7675
970.0000,0.8877,0.9156,0.9394,1.1393,1.0653,0.7754,0.7374
975.0000,0.8905,0.9275,0.9553,1.1616,1.0121,0.7358,0.7252
980.0000,0.8969,0.9378,0.9759,1.1776,0.9488,0.7117,0.7028
985.0000,0.9142,0.9422,1.0051,1.1815,0.8843,0.6946,0.6858
990.0000,0.9256,0.9503,1.0376,1.1730,0.8231,0.6809,0.6791
995.0000,0.9367,0.9611,1.0715,1.1531,0.7646,0.6775,0.6659
1000.0000,0.9510,0.9723,1.1071,1.1192,0.7167,0.6743,0.6604
1005.0000,0.9706,0.9830,1.1412,1.0746,0.6769,0.6776,0.6486
1010.0000,0.9929,0.9954,1.1712,1.0192,0.6517,0.6754,0.6497
1015.0000,0.9995,1.0201,1.1875,0.9604,0.6369,0.6714,0.6543
1020.0000,1.0186,1.0417,1.1937,0.9006,0.6274,0.6750,0.6449
1025.0000,1.0369,1.0656,1.1866,0.8414,0.6288,0.6697,0.6517
1030.0000,1.0502,1.0912,1.1640,0.7883,0.6340,0.6651,0.6565
1035.0000,1.0617,1.1156,1.1265,0.7443,0.6389,0.6651,0.6534
1040.0000,1.0724,1.1328,1.0794,0.7074,0.6473,0.6606,0.6596
1045.0000,1.0922,1.1345,1.0284,0.6779,0.6558,0.6574,0.6625
1050.0000,1.0972,1.1329,0.9692,0.6590,0.6613,0.6559,0.6654
1055.0000,1.0900,1.1247,0.9070,0.6491,0.6634,0.6568,0.6661
1060.0000,1.0971,1.0939,0.8540,0.6420,0.6661,0.6577,0.6660
1065.0000,1.0832,1.0625,0.8014,0.6415,0.6663,0.6589,0.6677
1070.0000,1.0640,1.0216,0.7571,0.6434,0.6656,0.6611,0.6676
1075.0000,1.0439,0.9723,0.7228,0.6459,0.6652,0.6630,0.6678
1080.0000,1.0144,0.9219,0.6961,0.6493,0.6641,0.6657,0.6663
1085.0000,0.9758,0.8752,0.6752,0.6531,0.6634,0.6672,0.6675
1090.0000,0.9337,0.8320,0.6605,0.6567,0.6628,0.6686,0.6683
1095.0000,0.8948,0.7914,0.6521,0.6591,0.6631,0.6694,0.6693
1100.0000,0.8621,0.7518,0.6502,0.6599,0.6639,0.6709,0.6678
1105.0000,0.8210,0.7240,0.6485,0.6612,0.6650,0.6706,0.6700
1110.0000,0.7854,0.7016,0.6488,0.6620,0.6663,0.6705,0.6717
1115.0000,0.7535,0.6860,0.6490,0.6635,0.6662,0.6722,0.6706
1120.0000,0.7300,0.6725,0.6517,0.6635,0.6683,0.6707,0.6764
1125.0000,0.7095,0.6634,0.6542,0.6637,0.6698,0.6700,0.6826
1130.0000,0.6920,0.6590,0.6554,0.6650,0.6695,0.6721,0.6875
1135.0000,0.6777,0.6572,0.6565,0.6659,0.6700,0.6729,0.7005
1140.0000,0.6708,0.6551,0.6582,0.6669,0.6695,0.6769,0.7136
1145.0000,0.6637,0.6560,0.6584,0.6687,0.6679,0.6842,0.7290
1150.0000,0.6585,0.6573,0.6590,0.6700,0.6670,0.6929,0.7517
1155.0000,0.6586,0.6569,0.6606,0.6707,0.6664,0.7056,0.7779
1160.0000,0.6568,0.6586,0.6611,0.6719,0.6655,0.7238,0.8072
1165.0000,0.6554,0.6603,0.6617,0.6726,0.6658,0.7473,0.8387
1170.0000,0.6577,0.6597,0.6643,0.6714,0.6702,0.7726,0.8802
1175.0000,0.6581,0.6606,0.6658,0.6707,0.6755,0.8059,0.9225
1180.0000,0.6584,0.6615,0.6676,0.6691,0.6853,0.8431,0.9721
1185.0000,0.6601,0.6621,0.6688,0.6687,0.6960,0.8925,1.0090
1190.0000,0.6611,0.6628,0.6703,0.6672,0.7141,0.9427,1.0490
1195.0000,0.6623,0.6630,0.6724,0.6650,0.7405,0.9920,1.0950
1200.0000,0.6629,0.6636,0.6740,0.6635,0.7738,1.0425,1.1371
1205.0000,0.6644,0.6642,0.6743,0.6648,0.8115,1.0975,1.1642
1210.0000,0.6654,0.6649,0.6743,0.6680,0.8574,1.1473,1.1870
1215.0000,0.6662,0.6657,0.6740,0.6738,0.9114,1.1882,1.2077
1220.0000,0.6670,0.6662,0.6734,0.6834,0.9721,1.2190,1.2233
1225.0000,0.6677,0.6678,0.6703,0.7012,1.0307,1.2493,1.2170
1230.0000,0.6683,0.6685,0.6689,0.7226,1.0962,1.2577,1.2265
1235.0000,0.6686,0.6702,0.6663,0.7531,1.1566,1.2607,1.2226
1240.0000,0.6678,0.6735,0.6625,0.7935,1.2081,1.2598,1.2052
1245.0000,0.6634,0.6787,0.6603,0.8409,1.2537,1.2459,1.1944
1250.0000,0.6684,0.6793,0.6639,0.8935,1.2900,1.2244,1.1833
1255.0000,0.6662,0.6852,0.6690,0.9535,1.3118,1.2018,1.1692
1260.0000,0.6635,0.6919,0.6796,1.0171,1.3196,1.1796,1.1502
1265.0000,0.6736,0.6925,0.7014,1.0797,1.3151,1.1588,1.1287
1270.0000,0.6741,0.7009,0.7287,1.1402,1.3005,1.1357,1.1152
1275.0000,0.6802,0.7076,0.7674,1.1941,1.2768,1.1168,1.0973
1280.0000,0.6927,0.7146,0.8164,1.2391,1.2464,1.1022,1.0770
1285.0000,0.7040,0.7278,0.8722,1.2737,1.2133,1.0879,1.0615
1290.0000,0.7225,0.7431,0.9356,1.2956,1.1802,1.0749,1.0476
1295.0000,0.7363,0.7693,0.9993,1.3071,1.1470,1.0649,1.0330
1300.0000,0.7601,0.7988,1.0645,1.3068,1.1161,1.0582,1.0130
1305.0000,0.7878,0.8356,1.1268,1.2954,1.0918,1.0465,1.0044
1310.0000,0.8136,0.8820,1.1812,1.2761,1.0729,1.0321,1.0019
1315.0000,0.8526,0.9279,1.2286,1.2515,1.0547,1.0254,0.9865
1320.0000,0.8930,0.9786,1.2650,1.2225,1.0427,1.0133,0.9844
1325.0000,0.9211,1.0392,1.2845,1.1950,1.0310,1.0037,0.9797
1330.0000,0.9696,1.0906,1.2957,1.1669,1.0204,0.9982,0.9669
1335.0000,1.0153,1.1383,1.2968,1.1391,1.0142,0.9870,0.9688
1340.0000,1.0585,1.1799,1.2882,1.1142,1.0075,0.9792,0.9654
1345.0000,1.1046,1.2105,1.2741,1.0914,1.0018,0.9722,0.9614
1350.0000,1.1332,1.2413,1.2490,1.0745,0.9935,0.9685,0.9550
1355.0000,1.1617,1.2593,1.2229,1.0588,0.9875,0.9626,0.9535
1360.0000,1.1967,1.2608,1.1993,1.0436,0.9825,0.9576,0.9504
1365.0000,1.2151,1.2593,1.1727,1.0320,0.9762,0.9547,0.9457
1370.0000,1.2257,1.2506,1.1476,1.0216,0.9708,0.9511,0.9429
1375.0000,1.2334,1.2340,1.1255,1.0116,0.9665,0.9472,0.9405
1380.0000,1.2296,1.2172,1.1032,1.0041,0.9609,0.9455,0.9356
1385.0000,1.2200,1.1981,1.0833,0.9971,0.9565,0.9427,0.9329
1390.0000,1.2103,1.1754,1.0668,0.9901,0.9530,0.9395,0.9299
1395.0000,1.1974,1.1522,1.0525,0.9838,0.9489,0.9382,0.9230
1400.0000,1.1769,1.1325,1.0387,0.9781,0.9464,0.9336,0.9229
1405.0000,1.1595,1.1118,1.0275,0.9726,0.9439,0.9300,0.9202
1410.0000,1.1394,1.0945,1.0160,0.9687,0.9398,0.9287,0.9132
1415.0000,1.1227,1.0761,1.0079,0.9634,0.9383,0.9233,0.9135
1420.0000,1.1051,1.0597,1.0004,0.9590,0.9360,0.9193,0.9110
1425.0000,1.0864,1.0471,0.9920,0.9561,0.9320,0.9177,0.9049
1430.0000,1.0713,1.0342,0.9857,0.9524,0.9295,0.9134,0.9037
1435.0000,1.0575,1.0223,0.9803,0.9487,0.9271,0.9089,0.9028
1440.0000,1.0424,1.0141,0.9735,0.9467,0.9225,0.9074,0.8978
1445.0000,1.0285,1.0068,0.9675,0.9444,0.9188,0.9042,0.8971
1450.0000,1.0176,0.9989,0.9629,0.9416,0.9152,0.9014,0.8959
1455.0000,1.0115,0.9897,0.9596,0.9387,0.9110,0.9009,0.8901
1460.0000,1.0016,0.9835,0.9560,0.9355,0.9081,0.8975,0.8920
1465.0000,0.9917,0.9783,0.9523,0.9325,0.9047,0.8956,0.8913
1470.0000,0.9873,0.9713,0.9502,0.9286,0.9020,0.8939,0.8903
1475.0000,0.9807,0.9666,0.9471,0.9255,0.8984,0.8940,0.8866
1480.0000,0.9728,0.9630,0.9441,0.9218,0.8964,0.8920,0.8871
1485.0000,0.9698,0.9576,0.9422,0.9176,0.8949,0.8905,0.8861
1490.0000,0.9641,0.9547,0.9386,0.9146,0.8923,0.8910,0.8820
1495.0000,0.9586,0.9519,0.9354,0.9109,0.8913,0.8891,0.8815
1500.0000,0.9568,0.9472,0.9333,0.9068,0.8913,0.8865,0.8813
1505.0000,0.9522,0.9448,0.9293,0.9041,0.8897,0.8862,0.8772
1510.0000,0.9474,0.9425,0.9255,0.9013,0.8892,0.8838,0.8770
1515.0000,0.9459,0.9384,0.9225,0.8985,0.8889,0.8813,0.8760
1520.0000,0.9422,0.9358,0.9182,0.8970,0.8871,0.8810,0.8712
1525.0000,0.9374,0.9336,0.9141,0.8952,0.8865,0.8777,0.8723
1530.0000,0.9362,0.9292,0.9112,0.8935,0.8856,0.8752,0.8716
1535.0000,0.9323,0.9268,0.9069,0.8931,0.8830,0.8749,0.8676
1540.0000,0.9280,0.9241,0.9034,0.8923,0.8813,0.8727,0.8678
1545.0000,0.9267,0.9192,0.9015,0.8908,0.8799,0.8703,0.8680
1550.0000,0.9228,0.9163,0.8985,0.8905,0.8769,0.8705,0.8644
1555.0000,0.9188,0.9133,0.8964,0.8895,0.8749,0.8689,0.8650
1560.0000,0.9171,0.9088,0.8956,0.8877,0.8734,0.8673,0.8652
1565.0000,0.9134,0.9062,0.8938,0.8868,0.8705,0.8682,0.8616
1570.0000,0.9094,0.9038,0.8926,0.8851,0.8689,0.8670,0.8624
1575.0000,0.9049,0.9020,0.8914,0.8833,0.8675,0.8661,0.8624
1580.0000,0.9049,0.8984,0.8910,0.8814,0.8656,0.8675,0.8571
1585.0000,0.9016,0.8968,0.8901,0.8790,0.8654,0.8654,0.8595
1590.0000,0.8976,0.8959,0.8888,0.8769,0.8649,0.8643,0.8592
1595.0000,0.8978,0.8933,0.8883,0.8744,0.8649,0.8629,0.8585
1600.0000,0.8952,0.8927,0.8862,0.8730,0.8638,0.8633,0.8546
1605.0000,0.8920,0.8922,0.8843,0.8711,0.8641,0.8607,0.8556
1610.0000,0.8928,0.8897,0.8832,0.8691,0.8644,0.8587,0.8550
1615.0000,0.8906,0.8892,0.8806,0.8684,0.8632,0.8584,0.8518
1620.0000,0.8876,0.8889,0.8780,0.8676,0.8627,0.8563,0.8520
1625.0000,0.8887,0.8860,0.8767,0.8664,0.8624,0.8540,0.8521
1630.0000,0.8864,0.8852,0.8740,0.8665,0.8605,0.8537,0.8496
1635.0000,0.8837,0.8843,0.8716,0.8663,0.8591,0.8522,0.8500
1640.0000,0.8842,0.8813,0.8706,0.8656,0.8578,0.8510,0.8499
1645.0000,0.8821,0.8799,0.8686,0.8657,0.8551,0.8519,0.8467
1650.0000,0.8795,0.8784,0.8674,0.8651,0.8538,0.8505,0.8481
1655.0000,0.8795,0.8753,0.8673,0.8639,0.8525,0.8499,0.8479
1660.0000,0.8773,0.8739,0.8662,0.8634,0.8501,0.8514,0.8440
1665.0000,0.8749,0.8726,0.8658,0.8621,0.8493,0.8506,0.8442
1670.0000,0.8746,0.8699,0.8664,0.8599,0.8493,0.8491,0.8445
1675.0000,0.8727,0.8689,0.8657,0.8587,0.8480,0.8501,0.8397
1680.0000,0.8706,0.8681,0.8653,0.8568,0.8483,0.8482,0.8403
1685.0000,0.8674,0.8681,0.8645,0.8551,0.8488,0.8458,0.8406
1690.0000,0.8687,0.8663,0.8640,0.8536,0.8482,0.8456,0.8364
1695.0000,0.8668,0.8663,0.8627,0.8524,0.8485,0.8429,0.8374
1700.0000,0.8631,0.8673,0.8604,0.8517,0.8481,0.8407,0.8376
1705.0000,0.8655,0.8654,0.8592,0.8512,0.8466,0.8406,0.8335
1710.0000,0.8638,0.8653,0.8572,0.8508,0.8460,0.8378,0.8366
1715.0000,0.8614,0.8654,0.8550,0.8508,0.8445,0.8363,0.8382
1720.0000,0.8635,0.8628,0.8543,0.8502,0.8433,0.8348,0.8410
1725.0000,0.8617,0.8624,0.8523,0.8506,0.8404,0.8359,0.8423
1730.0000,0.8592,0.8616,0.8509,0.8503,0.8385,0.8357,0.8488
1735.0000,0.8608,0.8584,0.8513,0.8490,0.8374,0.8357,0.8586
1740.0000,0.8591,0.8574,0.8504,0.8487,0.8344,0.8399,0.8678
1745.0000,0.8569,0.8563,0.8501,0.8474,0.8334,0.8426,0.8883
1750.0000,0.8574,0.8541,0.8501,0.8464,0.8307,0.8517,0.9068
1755.0000,0.8555,0.8535,0.8493,0.8456,0.8282,0.8645,0.9293
1760.0000,0.8532,0.8532,0.8487,0.8439,0.8277,0.8791,0.9616
1765.0000,0.8537,0.8513,0.8492,0.8413,0.8294,0.8971,1.0028
1770.0000,0.8520,0.8515,0.8480,0.8399,0.8304,0.9242,1.0464
1775.0000,0.8493,0.8525,0.8458,0.8393,0.8318,0.9620,1.0840
1780.0000,0.8510,0.8503,0.8461,0.8362,0.8400,1.0006,1.1347
1785.0000,0.8499,0.8499,0.8451,0.8339,0.8509,1.0479,1.1849
1790.0000,0.8489,0.8490,0.8448,0.8307,0.8689,1.0980,1.2428
1795.0000,0.8494,0.8474,0.8436,0.8297,0.8889,1.1620,1.2797
1800.0000,0.8487,0.8460,0.8429,0.8280,0.9189,1.2246,1.3153
1805.0000,0.8482,0.8437,0.8434,0.8257,0.9604,1.2812,1.3569
1810.0000,0.8480,0.8413,0.8435,0.8256,1.0102,1.3360,1.3855
1815.0000,0.8469,0.8399,0.8419,0.8302,1.0648,1.3910,1.3909
1820.0000,0.8462,0.8377,0.8415,0.8363,1.1322,1.4257,1.4107
1825.0000,0.8459,0.8360,0.8400,0.8486,1.2044,1.4486,1.4223
1830.0000,0.8429,0.8374,0.8343,0.8722,1.2711,1.4722,1.4020
1835.0000,0.8407,0.8380,0.8303,0.9009,1.3432,1.4687,1.4105
1840.0000,0.8361,0.8414,0.8243,0.9413,1.4059,1.4605,1.4002
1845.0000,0.8376,0.8422,0.8208,0.9906,1.4594,1.4430,1.3847
1850.0000,0.8319,0.8484,0.8164,1.0510,1.4976,1.4220,1.3623
1855.0000,0.8243,0.8552,0.8171,1.1173,1.5239,1.3914,1.3497
1860.0000,0.8346,0.8534,0.8284,1.1869,1.5335,1.3641,1.3279
1865.0000,0.8326,0.8586,0.8455,1.2581,1.5297,1.3327,1.3166
1870.0000,0.8260,0.8681,0.8697,1.3296,1.5075,1.3120,1.2912
1875.0000,0.8430,0.8670,0.9120,1.3909,1.4780,1.2919,1.2704
1880.0000,0.8509,0.8735,0.9636,1.4424,1.4427,1.2714,1.2595
1885.0000,0.8650,0.8816,1.0260,1.4820,1.4014,1.2598,1.2382
1890.0000,0.8764,0.8983,1.0948,1.5078,1.3601,1.2494,1.2212
1895.0000,0.8951,0.9205,1.1685,1.5196,1.3204,1.2428,1.2008
1900.0000,0.9231,0.9470,1.2459,1.5149,1.2896,1.2295,1.1968
1905.0000,0.9409,0.9909,1.3144,1.5015,1.2608,1.2206,1.1886
1910.0000,0.9769,1.0348,1.3794,1.4777,1.2365,1.2171,1.1696
1915.0000,1.0088,1.0917,1.4309,1.4474,1.2205,1.2059,1.1682
1920.0000,1.0479,1.1521,1.4701,1.4129,1.2098,1.1935,1.1693
1925.0000,1.0963,1.2106,1.4963,1.3783,1.1991,1.1889,1.1570
1930.0000,1.1469,1.2670,1.5101,1.3429,1.1945,1.1786,1.1579
1935.0000,1.1778,1.3308,1.5044,1.3136,1.1884,1.1712,1.1560
1940.0000,1.2366,1.3753,1.4933,1.2858,1.1834,1.1671,1.1474
1945.0000,1.2831,1.4140,1.4724,1.2618,1.1807,1.1588,1.1510
1950.0000,1.3097,1.4498,1.4411,1.2445,1.1749,1.1550,1.1492
1955.0000,1.3608,1.4604,1.4134,1.2276,1.1707,1.1524,1.1442
1960.0000,1.3878,1.4679,1.3808,1.2152,1.1663,1.1488,1.1450
1965.0000,1.4081,1.4639,1.3501,1.2049,1.1618,1.1467,1.1436
1970.0000,1.4268,1.4479,1.3234,1.1953,1.1583,1.1447,1.1421
1975.0000,1.4311,1.4292,1.2975,1.1882,1.1539,1.1446,1.1384
1980.0000,1.4228,1.4091,1.2736,1.1823,1.1506,1.1427,1.1386
1985.0000,1.4163,1.3826,1.2548,1.1761,1.1483,1.1411,1.1378
1990.0000,1.4002,1.3587,1.2367,1.1721,1.1445,1.1421,1.1335
1995.0000,1.3849,1.3321,1.2234,1.1669,1.1433,1.1399,1.1340
2000.0000,1.3649,1.3072,1.2122,1.1621,1.1426,1.1377,1.1342
2005.0000,1.3414,1.2867,1.2011,1.1591,1.1402,1.1383,1.1302
2010.0000,1.3179,1.2683,1.1918,1.1559,1.1393,1.1365,1.1307
2015.0000,1.2993,1.2497,1.1850,1.1524,1.1390,1.1345,1.1309
2020.0000,1.2816,1.2332,1.1789,1.1499,1.1373,1.1351,1.1263
2025.0000,1.2595,1.2222,1.1722,1.1479,1.1368,1.1325,1.1288
2030.0000,1.2458,1.2096,1.1678,1.1456,1.1363,1.1309,1.1291
2035.0000,1.2304,1.2010,1.1621,1.1450,1.1338,1.1322,1.1249
2040.0000,1.2179,1.1924,1.1582,1.1435,1.1331,1.1306,1.1268
2045.0000,1.2088,1.1833,1.1558,1.1415,1.1328,1.1289,1.1282
2050.0000,1.1977,1.1779,1.1518,1.1413,1.1303,1.1306,1.1244
2055.0000,1.1882,1.1728,1.1490,1.1401,1.1295,1.1296,1.1268
2060.0000,1.1795,1.1682,1.1468,1.1390,1.1288,1.1289,1.1283
2065.0000,1.1765,1.1618,1.1457,1.1378,1.1271,1.1314,1.1235
2070.0000,1.1692,1.1587,1.1440,1.1364,1.1272,1.1300,1.1279
2075.0000,1.1617,1.1567,1.1420,1.1354,1.1268,1.1300,1.1296
2080.0000,1.1607,1.1524,1.1412,1.1345,1.1255,1.1330,1.1246
2085.0000,1.1565,1.1501,1.1401,1.1329,1.1263,1.1318,1.1291
2090.0000,1.1511,1.1489,1.1386,1.1318,1.1268,1.1318,1.1310
2095.0000,1.1513,1.1453,1.1385,1.1301,1.1279,1.1316,1.1324
2100.0000,1.1479,1.1445,1.1366,1.1299,1.1273,1.1339,1.1300
2105.0000,1.1436,1.1439,1.1351,1.1291,1.1285,1.1333,1.1328
2110.0000,1.1447,1.1409,1.1349,1.1280,1.1299,1.1331,1.1342
2115.0000,1.1421,1.1405,1.1329,1.1284,1.1296,1.1354,1.1321
2120.0000,1.1384,1.1405,1.1311,1.1284,1.1306,1.1351,1.1347
2125.0000,1.1401,1.1374,1.1311,1.1279,1.1321,1.1347,1.1366
2130.0000,1.1379,1.1370,1.1294,1.1288,1.1317,1.1370,1.1349
2135.0000,1.1353,1.1365,1.1282,1.1293,1.1326,1.1370,1.1377
2140.0000,1.1364,1.1339,1.1284,1.1293,1.1338,1.1370,1.1401
2145.0000,1.1345,1.1336,1.1271,1.1308,1.1330,1.1401,1.1378
2150.0000,1.1318,1.1333,1.1265,1.1314,1.1340,1.1400,1.1421
2155.0000,1.1331,1.1309,1.1274,1.1315,1.1351,1.1407,1.1450
2160.0000,1.1316,1.1306,1.1269,1.1328,1.1344,1.1444,1.1431
2165.0000,1.1295,1.1306,1.1270,1.1333,1.1355,1.1452,1.1477
2170.0000,1.1306,1.1286,1.1284,1.1333,1.1370,1.1463,1.1510
2175.0000,1.1294,1.1288,1.1284,1.1344,1.1369,1.1506,1.1492
2180.0000,1.1280,1.1291,1.1289,1.1347,1.1386,1.1518,1.1541
2185.0000,1.1245,1.1306,1.1290,1.1353,1.1403,1.1536,1.1580
2190.0000,1.1282,1.1289,1.1302,1.1359,1.1411,1.1585,1.1550
2195.0000,1.1272,1.1296,1.1309,1.1362,1.1439,1.1593,1.1610
2200.0000,1.1256,1.1308,1.1312,1.1368,1.1464,1.1611,1.1648
2205.0000,1.1287,1.1296,1.1328,1.1369,1.1496,1.1627,1.1682
2210.0000,1.1278,1.1311,1.1324,1.1386,1.1510,1.1670,1.1677
2215.0000,1.1265,1.1324,1.1327,1.1397,1.1542,1.1681,1.1726
2220.0000,1.1298,1.1314,1.1341,1.1405,1.1577,1.1695,1.1765
2225.0000,1.1288,1.1332,1.1335,1.1430,1.1591,1.1737,1.1767
2230.0000,1.1275,1.1347,1.1336,1.1451,1.1620,1.1754,1.1815
2235.0000,1.1312,1.1335,1.1352,1.1466,1.1651,1.1773,1.1857
2240.0000,1.1311,1.1347,1.1353,1.1496,1.1665,1.1819,1.1865
2245.0000,1.1292,1.1366,1.1356,1.1523,1.1690,1.1842,1.1921
2250.0000,1.1330,1.1353,1.1379,1.1542,1.1718,1.1872,1.1964
2255.0000,1.1330,1.1365,1.1388,1.1574,1.1732,1.1925,1.1973
2260.0000,1.1325,1.1376,1.1405,1.1597,1.1762,1.1952,1.2038
2265.0000,1.1353,1.1369,1.1438,1.1611,1.1806,1.1966,1.2135
2270.0000,1.1353,1.1387,1.1452,1.1643,1.1821,1.2030,1.2176
2275.0000,1.1354,1.1401,1.1478,1.1660,1.1867,1.2041,1.2375
2280.0000,1.1381,1.1404,1.1509,1.1681,1.1903,1.2086,1.2578
2285.0000,1.1389,1.1427,1.1523,1.1718,1.1912,1.2191,1.2777
2290.0000,1.1379,1.1465,1.1530,1.1760,1.1918,1.2327,1.3030
2295.0000,1.1418,1.1475,1.1551,1.1799,1.1920,1.2527,1.3259
2300.0000,1.1427,1.1507,1.1564,1.1839,1.1931,1.2765,1.3517
2305.0000,1.1435,1.1533,1.1591,1.1861,1.1983,1.3001,1.3904
2310.0000,1.1414,1.1571,1.1616,1.1879,1.2058,1.3281,1.4327
2315.0000,1.1490,1.1563,1.1662,1.1892,1.2148,1.3649,1.4699
2320.0000,1.1514,1.1575,1.1710,1.1889,1.2306,1.3994,1.5276
2325.0000,1.1542,1.1582,1.1766,1.1878,1.2519,1.4360,1.5981
2330.0000,1.1574,1.1594,1.1809,1.1888,1.2745,1.4828,1.6704
2335.0000,1.1594,1.1625,1.1830,1.1924,1.2989,1.5399,1.7476
2340.0000,1.1594,1.1677,1.1826,1.1998,1.3240,1.6113,1.8152
2345.0000,1.1638,1.1696,1.1851,1.2053,1.3613,1.6784,1.9068
2350.0000,1.1649,1.1746,1.1845,1.2158,1.4001,1.7594,1.9959
2355.0000,1.1620,1.1821,1.1820,1.2306,1.4429,1.8523,2.0748
2360.0000,1.1706,1.1814,1.1864,1.2423,1.5026,1.9362,2.1770
2365.0000,1.1724,1.1851,1.1877,1.2613,1.5639,2.0345,2.2675
2370.0000,1.1736,1.1876,1.1919,1.2816,1.6382,2.1269,2.3790
2375.0000,1.1800,1.1883,1.1963,1.3101,1.7119,2.2389,2.4574
2380.0000,1.1840,1.1894,1.2034,1.3421,1.7968,2.3467,2.5327
2385.0000,1.1892,1.1892,1.2155,1.3761,1.8966,2.4398,2.6280
2390.0000,1.1909,1.1927,1.2278,1.4182,2.0010,2.5325,2.7110
2395.0000,1.1936,1.1991,1.2400,1.4709,2.1048,2.6301,2.7692
2400.0000,1.1930,1.2104,1.2535,1.5318,2.2133,2.7182,2.8176
2405.0000,1.2012,1.2184,1.2750,1.5964,2.3317,2.7833,2.8781
2410.0000,1.2059,1.2340,1.2949,1.6755,2.4393,2.8545,2.9021
2415.0000,1.2117,1.2507,1.3226,1.7587,2.5531,2.8967,2.9576
2420.0000,1.2285,1.2655,1.3569,1.8516,2.6560,2.9389,2.9848
2425.0000,1.2431,1.2861,1.3955,1.9539,2.7473,2.9765,2.9943
2430.0000,1.2594,1.3093,1.4434,2.0595,2.8335,2.9948,3.0224
2435.0000,1.2702,1.3416,1.4963,2.1715,2.9049,3.0091,3.0419
2440.0000,1.3013,1.3716,1.5604,2.2856,2.9608,3.0243,3.0478
2480.0000,1.6820,1.8402,2.3591,2.9763,3.0654,3.0523,3.0661
2485.0000,1.7543,1.9316,2.4696,3.0144,3.0579,3.0565,3.0718
2490.0000,1.8411,2.0230,2.5769,3.0414,3.0495,3.0661,3.0702
2495.0000,1.9045,2.1363,2.6665,3.0632,3.0406,3.0752,3.0726
2500.0000,2.0034,2.2366,2.7542,3.0730,3.0373,3.0832,3.0709
2505.0000,2.1035,2.3360,2.8311,3.0773,3.0342,3.0961,3.0542
2510.0000,2.2037,2.4318,2.8992,3.0734,3.0405,3.0969,3.0511
2515.0000,2.2985,2.5255,2.9554,3.0660,3.0509,3.0934,3.0429
2520.0000,2.3784,2.6268,2.9902,3.0641,3.0544,3.0989,3.0075
2525.0000,2.4814,2.7019,3.0273,3.0526,3.0726,3.0793,3.0044
2530.0000,2.5699,2.7730,3.0514,3.0451,3.0868,3.0610,2.9848
2535.0000,2.6507,2.8371,3.0644,3.0427,3.0945,3.0460,2.9458
2540.0000,2.7032,2.9065,3.0623,3.0466,3.0992,3.0213,2.9138
2545.0000,2.7815,2.9482,3.0643,3.0490,3.1031,2.9899,2.8743
2550.0000,2.8420,2.9854,3.0591,3.0573,3.0977,2.9595,2.8179
2555.0000,2.8897,3.0148,3.0525,3.0667,3.0890,2.9193,2.7623
2560.0000,2.9042,3.0490,3.0395,3.0798,3.0734,2.8717,2.7040
2565.0000,2.9606,3.0532,3.0387,3.0890,3.0516,2.8238,2.6239
2570.0000,2.9895,3.0586,3.0392,3.0946,3.0310,2.7521,2.5856
2575.0000,3.0128,3.0582,3.0423,3.1001,2.9980,2.6867,2.5243
2580.0000,3.0322,3.0534,3.0495,3.1016,2.9586,2.6165,2.4662
2585.0000,3.0373,3.0548,3.0539,3.1030,2.9071,2.5503,2.4044
2590.0000,3.0416,3.0533,3.0635,3.0957,2.8560,2.4693,2.3832
2595.0000,3.0493,3.0507,3.0733,3.0857,2.7915,2.4026,2.3590
2600.0000,3.0495,3.0541,3.0797,3.0721,2.7175,2.3459,2.3495
2605.0000,3.0408,3.0645,3.0812,3.0552,2.6331,2.3071,2.3455
2610.0000,3.0525,3.0649,3.0869,3.0289,2.5447,2.2870,2.3465
2615.0000,3.0519,3.0721,3.0887,2.9936,2.4592,2.2768,2.3704
2620.0000,3.0474,3.0797,3.0897,2.9464,2.3822,2.2748,2.4308
2625.0000,3.0632,3.0754,3.0928,2.8889,2.3093,2.3008,2.4891
2630.0000,3.0693,3.0739,3.0905,2.8224,2.2478,2.3449,2.5639
2635.0000,3.0740,3.0704,3.0840,2.7467,2.2030,2.4041,2.6589
2640.0000,3.0757,3.0657,3.0709,2.6644,2.1769,2.4792,2.7708
2645.0000,3.0766,3.0598,3.0478,2.5808,2.1657,2.5799,2.8800
2650.0000,3.0723,3.0542,3.0128,2.4989,2.1723,2.7041,2.9651
2655.0000,3.0667,3.0434,2.9707,2.4154,2.2106,2.8250,3.0675
2660.0000,3.0563,3.0316,2.9147,2.3415,2.2668,2.9625,3.1383
2665.0000,3.0416,3.0132,2.8523,2.2722,2.3573,3.0809,3.2301
2705.0000,2.7541,2.6314,2.2290,2.4258,3.4774,3.3365,3.0385
2710.0000,2.6903,2.5714,2.1749,2.5573,3.5597,3.2505,2.9135
2715.0000,2.6027,2.5238,2.1356,2.7051,3.6139,3.1269,2.8124
2720.0000,2.5663,2.4556,2.1288,2.8632,3.6220,3.0078,2.6630
2725.0000,2.4961,2.4121,2.1398,3.0263,3.5948,2.8656,2.5241
2730.0000,2.4383,2.3698,2.1825,3.1842,3.5265,2.7250,2.3561
2735.0000,2.4149,2.3180,2.2695,3.3162,3.4413,2.5533,2.2303
2740.0000,2.3812,2.2898,2.3780,3.4317,3.3202,2.3882,2.1072
2745.0000,2.3577,2.2794,2.5085,3.5227,3.1685,2.2373,1.9717
2750.0000,2.3396,2.2930,2.6554,3.5819,2.9995,2.0868,1.8662
2755.0000,2.3412,2.3271,2.8131,3.6072,2.8160,1.9472,1.7848
2760.0000,2.3712,2.3780,2.9738,3.6008,2.6143,1.8445,1.6704
2765.0000,2.3919,2.4624,3.1246,3.5596,2.4133,1.7526,1.5746
2770.0000,2.4407,2.5598,3.2671,3.4809,2.2225,1.6705,1.4901
2775.0000,2.5132,2.6654,3.3966,3.3643,2.0544,1.5821,1.4586
2780.0000,2.5886,2.7879,3.4950,3.2260,1.8936,1.5209,1.4138
2785.0000,2.6897,2.9039,3.5689,3.0639,1.7508,1.4773,1.3632
2790.0000,2.7763,3.0321,3.6029,2.8874,1.6315,1.4352,1.3385
2795.0000,2.8842,3.1423,3.6077,2.6973,1.5389,1.3932,1.3328
2800.0000,2.9938,3.2369,3.5754,2.5080,1.4582,1.3743,1.3049
2805.0000,3.0950,3.3138,3.5088,2.3201,1.4010,1.3520,1.2990
2810.0000,3.1444,3.3915,3.3969,2.1477,1.3557,1.3368,1.2917
2815.0000,3.2328,3.4209,3.2669,1.9849,1.3246,1.3298,1.2697
2820.0000,3.2795,3.4331,3.1090,1.8394,1.3083,1.3134,1.2779
2825.0000,3.3047,3.4145,2.9347,1.7131,1.2983,1.3029,1.2759
2830.0000,3.3323,3.3526,2.7581,1.6023,1.2970,1.2919,1.2725
2835.0000,3.3030,3.2828,2.5661,1.5173,1.2935,1.2868,1.2635
2840.0000,3.2420,3.1908,2.3755,1.4504,1.2931,1.2781,1.2620
2845.0000,3.2067,3.0506,2.2074,1.3929,1.2975,1.2682,1.2588
2850.0000,3.1202,2.9091,2.0431,1.3543,1.2977,1.2608,1.2551
2855.0000,3.0412,2.7378,1.9051,1.3221,1.3005,1.2513,1.2530
2860.0000,2.9141,2.5754,1.7766,1.3037,1.2977,1.2460,1.2482
2865.0000,2.7649,2.4248,1.6584,1.2966,1.2907,1.2414,1.2474
2870.0000,2.6042,2.2832,1.5542,1.2975,1.2789,1.2414,1.2422
2875.0000,2.4736,2.1303,1.4779,1.2963,1.2698,1.2401,1.2388
2880.0000,2.3420,1.9837,1.4210,1.2950,1.2611,1.2399,1.2339
2885.0000,2.1925,1.8615,1.3733,1.2960,1.2518,1.2392,1.2333
2890.0000,2.0645,1.7459,1.3424,1.2939,1.2449,1.2381,1.2329
2895.0000,1.9596,1.6319,1.3302,1.2865,1.2412,1.2380,1.2279
2900.0000,1.8314,1.5553,1.3139,1.2829,1.2365,1.2363,1.2310
2905.0000,1.7281,1.4890,1.3050,1.2773,1.2334,1.2353,1.2324
2910.0000,1.6351,1.4405,1.2960,1.2736,1.2282,1.2390,1.2261
2915.0000,1.5722,1.3913,1.2969,1.2644,1.2295,1.2361,1.2309
2920.0000,1.5060,1.3598,1.2946,1.2572,1.2299,1.2347,1.2333
2925.0000,1.4492,1.3405,1.2890,1.2527,1.2279,1.2377,1.2286
2930.0000,1.4035,1.3272,1.2833,1.2480,1.2282,1.2372,1.2312
2935.0000,1.3743,1.3137,1.2797,1.2427,1.2299,1.2362,1.2327
2940.0000,1.3529,1.3025,1.2756,1.2388,1.2300,1.2388,1.2264
2945.0000,1.3290,1.2983,1.2687,1.2361,1.2317,1.2369,1.2301
2950.0000,1.3096,1.2953,1.2614,1.2345,1.2326,1.2361,1.2302
2955.0000,1.3050,1.2868,1.2574,1.2321,1.2347,1.2346,1.2296
2960.0000,1.2964,1.2816,1.2517,1.2318,1.2347,1.2353,1.2247
2965.0000,1.2866,1.2772,1.2466,1.2314,1.2361,1.2324,1.2255
2970.0000,1.2837,1.2697,1.2436,1.2308,1.2373,1.2300,1.2241
2975.0000,1.2764,1.2657,1.2389,1.2322,1.2362,1.2297,1.2191
2980.0000,1.2689,1.2617,1.2353,1.2333,1.2360,1.2267,1.2185
2985.0000,1.2670,1.2549,1.2342,1.2335,1.2362,1.2229,1.2182
2990.0000,1.2608,1.2515,1.2315,1.2354,1.2337,1.2220,1.2139
2995.0000,1.2544,1.2484,1.2299,1.2366,1.2320,1.2188,1.2147
3000.0000,1.2528,1.2432,1.2305,1.2368,1.2304,1.2155,1.2161
3005.0000,1.2484,1.2407,1.2298,1.2382,1.2263,1.2158,1.2133
3010.0000,1.2436,1.2386,1.2303,1.2382,1.2240,1.2129,1.2196
3015.0000,1.2426,1.2351,1.2321,1.2373,1.2217,1.2110,1.2274
3020.0000,1.2393,1.2343,1.2324,1.2375,1.2168,1.2141,1.2320
3025.0000,1.2356,1.2342,1.2332,1.2364,1.2139,1.2152,1.2478
3030.0000,1.2360,1.2323,1.2352,1.2342,1.2114,1.2188,1.2673
3035.0000,1.2341,1.2331,1.2351,1.2332,1.2067,1.2293,1.2861
3040.0000,1.2315,1.2344,1.2352,1.2310,1.2041,1.2406,1.3175
3045.0000,1.2334,1.2335,1.2358,1.2287,1.2011,1.2603,1.3460
3050.0000,1.2326,1.2348,1.2350,1.2264,1.1994,1.2855,1.3780
3055.0000,1.2315,1.2358,1.2345,1.2228,1.2016,1.3134,1.4206
3060.0000,1.2278,1.2380,1.2329,1.2194,1.2060,1.3492,1.4617
3065.0000,1.2332,1.2354,1.2333,1.2148,1.2146,1.3919,1.4997
3070.0000,1.2325,1.2358,1.2316,1.2112,1.2270,1.4419,1.5247
3075.0000,1.2317,1.2349,1.2313,1.2055,1.2497,1.4876,1.5559
3080.0000,1.2344,1.2315,1.2322,1.1991,1.2815,1.5308,1.5830
3085.0000,1.2345,1.2297,1.2308,1.1958,1.3175,1.5767,1.5931
3090.0000,1.2345,1.2270,1.2301,1.1928,1.3645,1.6097,1.6065
3095.0000,1.2333,1.2248,1.2281,1.1933,1.4181,1.6334,1.6130
3100.0000,1.2320,1.2243,1.2222,1.2022,1.4696,1.6569,1.5952
3105.0000,1.2300,1.2232,1.2171,1.2142,1.5293,1.6561,1.5968
3110.0000,1.2283,1.2221,1.2110,1.2337,1.5871,1.6435,1.5967
3115.0000,1.2240,1.2246,1.2002,1.2660,1.6316,1.6335,1.5777
3120.0000,1.2170,1.2283,1.1898,1.3061,1.6693,1.6114,1.5689
3125.0000,1.2203,1.2261,1.1840,1.3531,1.6945,1.5876,1.5557
3130.0000,1.2132,1.2303,1.1783,1.4079,1.7052,1.5627,1.5454
3135.0000,1.2052,1.2340,1.1787,1.4659,1.7022,1.5400,1.5342
3140.0000,1.2148,1.2270,1.1925,1.5217,1.6872,1.5227,1.5190
3145.0000,1.2123,1.2273,1.2124,1.5747,1.6636,1.5050,1.5157
3150.0000,1.2092,1.2291,1.2415,1.6223,1.6298,1.4981,1.5004
3155.0000,1.2185,1.2258,1.2852,1.6576,1.5946,1.4939,1.4876
3160.0000,1.2242,1.2289,1.3362,1.6815,1.5595,1.4924,1.4757
3165.0000,1.2353,1.2352,1.3948,1.6918,1.5288,1.4906,1.4665
3170.0000,1.2417,1.2518,1.4548,1.6897,1.5047,1.4856,1.4648
3175.0000,1.2595,1.2713,1.5152,1.6779,1.4828,1.4885,1.4480
3180.0000,1.2810,1.2992,1.5715,1.6559,1.4716,1.4819,1.4510
3185.0000,1.3014,1.3382,1.6172,1.6294,1.4652,1.4748,1.4534
3190.0000,1.3228,1.3855,1.6493,1.6033,1.4576,1.4764,1.4384
3195.0000,1.3557,1.4312,1.6734,1.5732,1.4597,1.4657,1.4505
3200.0000,1.3874,1.4805,1.6828,1.5469,1.4606,1.4597,1.4542
3205.0000,1.4256,1.5251,1.6819,1.5236,1.4619,1.4551,1.4564
3210.0000,1.4511,1.5744,1.6652,1.5082,1.4592,1.4556,1.4548
3215.0000,1.4842,1.6104,1.6450,1.4946,1.4586,1.4537,1.4589
3220.0000,1.5310,1.6275,1.6259,1.4817,1.4598,1.4511,1.4654
3225.0000,1.5598,1.6420,1.6007,1.4746,1.4574,1.4533,1.4698
3230.0000,1.5759,1.6506,1.5744,1.4696,1.4565,1.4522,1.4884
3235.0000,1.6024,1.6424,1.5539,1.4647,1.4555,1.4552,1.5080
3240.0000,1.6115,1.6337,1.5320,1.4636,1.4514,1.4645,1.5298
3245.0000,1.6148,1.6188,1.5148,1.4616,1.4501,1.4727,1.5710
3250.0000,1.6150,1.5994,1.5013,1.4598,1.4488,1.4871,1.6229
3255.0000,1.6091,1.5796,1.4895,1.4598,1.4450,1.5139,1.6815
3260.0000,1.5932,1.5642,1.4772,1.4621,1.4387,1.5571,1.7347
3265.0000,1.5819,1.5450,1.4712,1.4604,1.4404,1.6018,1.8141
3270.0000,1.5652,1.5306,1.4646,1.4600,1.4430,1.6629,1.8981
3275.0000,1.5503,1.5154,1.4628,1.4556,1.4567,1.7265,2.0182
3280.0000,1.5376,1.5020,1.4601,1.4546,1.4678,1.8233,2.1100
3285.0000,1.5228,1.4919,1.4590,1.4511,1.4927,1.9261,2.2172
3290.0000,1.5128,1.4801,1.4620,1.4440,1.5345,2.0315,2.3514
3295.0000,1.5019,1.4721,1.4625,1.4408,1.5827,2.1614,2.4578
3300.0000,1.4921,1.4660,1.4631,1.4384,1.6478,2.2972,2.5590
3305.0000,1.4842,1.4603,1.4653,1.4355,1.7365,2.4232,2.6832
3310.0000,1.4792,1.4560,1.4652,1.4391,1.8386,2.5555,2.7851
3315.0000,1.4727,1.4550,1.4610,1.4531,1.9505,2.6950,2.8501
3355.0000,1.4455,1.4709,1.4595,2.0184,3.1317,2.8084,2.4060
3360.0000,1.4548,1.4753,1.4838,2.1633,3.2178,2.6440,2.3134
3365.0000,1.4518,1.4949,1.5089,2.3320,3.2443,2.4827,2.1991
3370.0000,1.4473,1.5206,1.5467,2.5118,3.2161,2.3225,2.0704
3375.0000,1.4741,1.5353,1.6105,2.6894,3.1367,2.1691,1.9408
3380.0000,1.4753,1.5741,1.6879,2.8577,3.0185,2.0051,1.8630
3385.0000,1.4909,1.6124,1.7911,3.0079,2.8540,1.8724,1.7684
3390.0000,1.5413,1.6400,1.9283,3.1253,2.6571,1.7712,1.6683
3395.0000,1.5817,1.6832,2.0893,3.1986,2.4552,1.6691,1.6247
3400.0000,1.6227,1.7452,2.2618,3.2331,2.2366,1.6106,1.5498
3405.0000,1.6851,1.8123,2.4518,3.2137,2.0336,1.5596,1.5091
3410.0000,1.7680,1.8847,2.6490,3.1436,1.8481,1.5290,1.4733
3415.0000,1.8745,1.9641,2.8430,3.0248,1.6928,1.5071,1.4544
3420.0000,1.9778,2.0705,3.0114,2.8681,1.5741,1.4811,1.4723
3425.0000,2.0372,2.2239,3.1242,2.7007,1.4657,1.4926,1.4556
3430.0000,2.1571,2.3597,3.2118,2.5050,1.4047,1.4828,1.5086
3435.0000,2.2459,2.5218,3.2373,2.3129,1.3621,1.4886,1.5611
3440.0000,2.3602,2.6712,3.2142,2.1287,1.3339,1.5197,1.5899
3445.0000,2.4799,2.8004,3.1480,1.9536,1.3307,1.5484,1.6455
3450.0000,2.5878,2.9080,3.0385,1.7985,1.3412,1.5872,1.6959
3455.0000,2.7023,2.9749,2.9003,1.6640,1.3644,1.6345,1.7378
3460.0000,2.7568,3.0341,2.7220,1.5616,1.3919,1.6900,1.7711
3465.0000,2.7958,3.0500,2.5325,1.4815,1.4298,1.7470,1.7896
3470.0000,2.8754,2.9898,2.3611,1.4112,1.4879,1.7896,1.8072
3475.0000,2.8823,2.9174,2.1808,1.3695,1.5456,1.8337,1.8007
3480.0000,2.8799,2.7992,2.0226,1.3389,1.6190,1.8526,1.8067
3485.0000,2.8345,2.6638,1.8775,1.3266,1.6954,1.8560,1.8090
3490.0000,2.7454,2.5303,1.7380,1.3400,1.7592,1.8608,1.7849
3495.0000,2.6409,2.3868,1.6198,1.3667,1.8219,1.8447,1.7734
3500.0000,2.5331,2.2369,1.5235,1.4074,1.8740,1.8202,1.7550
3505.0000,2.4256,2.0812,1.4530,1.4577,1.9138,1.7889,1.7337
3510.0000,2.2725,1.9614,1.3871,1.5252,1.9331,1.7545,1.7183
3515.0000,2.1481,1.8405,1.3471,1.5971,1.9344,1.7244,1.6936
3520.0000,2.0157,1.7428,1.3220,1.6727,1.9201,1.6917,1.6823
3525.0000,1.9087,1.6475,1.3235,1.7437,1.8904,1.6697,1.6553
3530.0000,1.8090,1.5662,1.3463,1.8058,1.8519,1.6499,1.6337
3535.0000,1.7107,1.5099,1.3822,1.8586,1.8063,1.6328,1.6203
3540.0000,1.6400,1.4604,1.4386,1.8951,1.7585,1.6228,1.5994
3545.0000,1.5971,1.4192,1.5118,1.9126,1.7152,1.6126,1.5835
3550.0000,1.5402,1.4084,1.5845,1.9187,1.6712,1.6105,1.5568
3555.0000,1.5043,1.4135,1.6602,1.9076,1.6390,1.5980,1.5567
3560.0000,1.4952,1.4298,1.7342,1.8836,1.6131,1.5884,1.5501
3565.0000,1.4818,1.4689,1.7940,1.8549,1.5878,1.5891,1.5231
3570.0000,1.4942,1.5114,1.8479,1.8146,1.5782,1.5726,1.5318
3575.0000,1.5130,1.5659,1.8838,1.7744,1.5701,1.5611,1.5299
3580.0000,1.5401,1.6247,1.9038,1.7348,1.5650,1.5502,1.5264
3585.0000,1.5672,1.6893,1.9040,1.7012,1.5576,1.5457,1.5140
3590.0000,1.6063,1.7439,1.8948,1.6683,1.5563,1.5333,1.5161
3595.0000,1.6593,1.7837,1.8779,1.6391,1.5549,1.5239,1.5135
3600.0000,1.6987,1.8202,1.8486,1.6175,1.5502,1.5181,1.5081
3605.0000,1.7224,1.8514,1.8108,1.6021,1.5441,1.5127,1.5052
3610.0000,1.7686,1.8560,1.7787,1.5867,1.5400,1.5068,1.5029
3615.0000,1.7904,1.8588,1.7411,1.5776,1.5325,1.5043,1.4985
3620.0000,1.8046,1.8500,1.7070,1.5698,1.5257,1.5011,1.4966
3625.0000,1.8186,1.8281,1.6790,1.5620,1.5199,1.4983,1.4943
3630.0000,1.8183,1.8040,1.6527,1.5565,1.5125,1.4988,1.4876
3635.0000,1.8072,1.7778,1.6305,1.5506,1.5075,1.4956,1.4888
3640.0000,1.7946,1.7476,1.6133,1.5443,1.5034,1.4934,1.4880
3645.0000,1.7744,1.7205,1.5972,1.5396,1.4974,1.4952,1.4805
