150.0000,0.3774,0.3730,0.3579,0.3413,0.3325,0.3280,0.3245
155.0000,0.3757,0.3698,0.3554,0.3396,0.3318,0.3267,0.3236
160.0000,0.3731,0.3672,0.3525,0.3385,0.3306,0.3262,0.3213
165.0000,0.3696,0.3648,0.3498,0.3373,0.3298,0.3246,0.3211
170.0000,0.3678,0.3615,0.3477,0.3360,0.3290,0.3233,0.3201
175.0000,0.3649,0.3590,0.3452,0.3353,0.3276,0.3227,0.3178
180.0000,0.3622,0.3563,0.3433,0.3343,0.3266,0.3213,0.3170
185.0000,0.3600,0.3532,0.3419,0.3331,0.3259,0.3196,0.3164
190.0000,0.3570,0.3511,0.3401,0.3325,0.3244,0.3189,0.3142
195.0000,0.3541,0.3490,0.3386,0.3316,0.3233,0.3174,0.3135
200.0000,0.3513,0.3470,0.3373,0.3307,0.3221,0.3160,0.3126
205.0000,0.3500,0.3445,0.3363,0.3297,0.3206,0.3154,0.3100
210.0000,0.3473,0.3429,0.3352,0.3287,0.3196,0.3136,0.3104
215.0000,0.3445,0.3416,0.3341,0.3278,0.3183,0.3124,0.3097
220.0000,0.3437,0.3396,0.3333,0.3267,0.3167,0.3119,0.3075
225.0000,0.3417,0.3384,0.3324,0.3256,0.3156,0.3104,0.3079
230.0000,0.3394,0.3375,0.3313,0.3245,0.3142,0.3096,0.3071
235.0000,0.3389,0.3358,0.3306,0.3231,0.3130,0.3086,0.3064
240.0000,0.3374,0.3349,0.3296,0.3221,0.3115,0.3084,0.3047
245.0000,0.3355,0.3340,0.3286,0.3207,0.3106,0.3071,0.3048
250.0000,0.3352,0.3325,0.3280,0.3191,0.3098,0.3062,0.3044
255.0000,0.3338,0.3317,0.3268,0.3179,0.3086,0.3059,0.3031
260.0000,0.3324,0.3309,0.3256,0.3165,0.3079,0.3050,0.3030
265.0000,0.3321,0.3294,0.3248,0.3150,0.3073,0.3040,0.3030
270.0000,0.3307,0.3287,0.3234,0.3139,0.3063,0.3039,0.3019
275.0000,0.3292,0.3280,0.3219,0.3128,0.3056,0.3033,0.3019
280.0000,0.3288,0.3266,0.3208,0.3116,0.3050,0.3027,0.3016
285.0000,0.3276,0.3258,0.3193,0.3108,0.3040,0.3030,0.3002
290.0000,0.3261,0.3249,0.3178,0.3098,0.3036,0.3022,0.3007
295.0000,0.3257,0.3232,0.3168,0.3087,0.3032,0.3017,0.3006
300.0000,0.3244,0.3222,0.3153,0.3080,0.3024,0.3020,0.2992
305.0000,0.3230,0.3211,0.3140,0.3072,0.3021,0.3015,0.2994
310.0000,0.3224,0.3194,0.3132,0.3062,0.3020,0.3008,0.2995
315.0000,0.3210,0.3183,0.3119,0.3056,0.3014,0.3010,0.2980
320.0000,0.3195,0.3171,0.3108,0.3049,0.3012,0.3004,0.2980
325.0000,0.3177,0.3161,0.3097,0.3043,0.3011,0.2999,0.2977
330.0000,0.3174,0.3145,0.3089,0.3038,0.3006,0.3000,0.2955
335.0000,0.3158,0.3135,0.3080,0.3032,0.3007,0.2988,0.2963
340.0000,0.3139,0.3129,0.3069,0.3028,0.3004,0.2981,0.2960
345.0000,0.3137,0.3114,0.3062,0.3025,0.2998,0.2980,0.2940
350.0000,0.3123,0.3106,0.3054,0.3022,0.2997,0.2968,0.2946
355.0000,0.3107,0.3099,0.3045,0.3020,0.2992,0.2960,0.2943
360.0000,0.3106,0.3085,0.3041,0.3016,0.2988,0.2953,0.2938
365.0000,0.3095,0.3077,0.3034,0.3016,0.2979,0.2951,0.2925
370.0000,0.3079,0.3072,0.3028,0.3013,0.2973,0.2942,0.2924
375.0000,0.3079,0.3059,0.3027,0.3009,0.2968,0.2935,0.2919
380.0000,0.3068,0.3055,0.3022,0.3007,0.2958,0.2934,0.2905
385.0000,0.3055,0.3051,0.3018,0.3004,0.2951,0.2927,0.2901
390.0000,0.3056,0.3040,0.3019,0.2996,0.2947,0.2918,0.2898
395.0000,0.3048,0.3036,0.3016,0.2992,0.2938,0.2915,0.2883
400.0000,0.3039,0.3032,0.3013,0.2986,0.2933,0.2907,0.2881
405.0000,0.3038,0.3024,0.3013,0.2978,0.2929,0.2897,0.2876
410.0000,0.3032,0.3022,0.3009,0.2973,0.2920,0.2895,0.2859
415.0000,0.3024,0.3021,0.3005,0.2966,0.2917,0.2883,0.2863
420.0000,0.3024,0.3015,0.3003,0.2958,0.2912,0.2874,0.2860
425.0000,0.3018,0.3015,0.2995,0.2954,0.2902,0.2872,0.2846
430.0000,0.3010,0.3015,0.2988,0.2948,0.2895,0.2863,0.2848
435.0000,0.3013,0.3007,0.2984,0.2941,0.2889,0.2856,0.2848
440.0000,0.3008,0.3006,0.2976,0.2937,0.2878,0.2856,0.2837
445.0000,0.3002,0.3003,0.2969,0.2931,0.2870,0.2851,0.2837
450.0000,0.2991,0.3001,0.2962,0.2925,0.2863,0.2848,0.2835
455.0000,0.2998,0.2990,0.2958,0.2918,0.2854,0.2852,0.2817
460.0000,0.2991,0.2985,0.2953,0.2909,0.2851,0.2844,0.2826
465.0000,0.2981,0.2981,0.2947,0.2901,0.2847,0.2839,0.2827
470.0000,0.2983,0.2971,0.2943,0.2894,0.2840,0.2843,0.2810
475.0000,0.2976,0.2966,0.2937,0.2885,0.2840,0.2835,0.2820
480.0000,0.2966,0.2962,0.2930,0.2877,0.2838,0.2830,0.2823
485.0000,0.2967,0.2953,0.2926,0.2869,0.2838,0.2826,0.2824
490.0000,0.2958,0.2949,0.2916,0.2864,0.2833,0.2828,0.2817
495.0000,0.2946,0.2947,0.2907,0.2859,0.2831,0.2824,0.2822
500.0000,0.2948,0.2937,0.2901,0.2853,0.2830,0.2822,0.2824
505.0000,0.2939,0.2933,0.2890,0.2851,0.2824,0.2827,0.2818
510.0000,0.2928,0.2930,0.2881,0.2848,0.2822,0.2826,0.2822
515.0000,0.2930,0.2917,0.2877,0.2843,0.2822,0.2825,0.2824
520.0000,0.2922,0.2912,0.2869,0.2842,0.2818,0.2830,0.2817
525.0000,0.2912,0.2906,0.2862,0.2838,0.2818,0.2830,0.2820
530.0000,0.2911,0.2894,0.2860,0.2834,0.2820,0.2828,0.2822
535.0000,0.2903,0.2887,0.2854,0.2832,0.2818,0.2834,0.2809
540.0000,0.2893,0.2881,0.2851,0.2828,0.2822,0.2829,0.2816
545.0000,0.2890,0.2872,0.2849,0.2824,0.2825,0.2826,0.2817
550.0000,0.2882,0.2868,0.2844,0.2825,0.2824,0.2829,0.2805
555.0000,0.2872,0.2865,0.2839,0.2823,0.2826,0.2824,0.2811
560.0000,0.2871,0.2857,0.2837,0.2822,0.2829,0.2818,0.2814
565.0000,0.2863,0.2855,0.2831,0.2824,0.2826,0.2821,0.2805
570.0000,0.2855,0.2853,0.2827,0.2825,0.2826,0.2817,0.2809
575.0000,0.2843,0.2853,0.2822,0.2827,0.2824,0.2814,0.2810
580.0000,0.2850,0.2844,0.2821,0.2829,0.2819,0.2819,0.2797
585.0000,0.2843,0.2842,0.2820,0.2830,0.2819,0.2814,0.2807
590.0000,0.2834,0.2841,0.2818,0.2831,0.2816,0.2812,0.2808
595.0000,0.2839,0.2833,0.2821,0.2830,0.2814,0.2811,0.2809
600.0000,0.2834,0.2832,0.2820,0.2831,0.2809,0.2816,0.2800
605.0000,0.2827,0.2830,0.2821,0.2829,0.2809,0.2813,0.2804
610.0000,0.2831,0.2824,0.2825,0.2826,0.2809,0.2812,0.2803
615.0000,0.2826,0.2825,0.2825,0.2825,0.2806,0.2816,0.2792
620.0000,0.2821,0.2826,0.2826,0.2822,0.2808,0.2811,0.2795
625.0000,0.2826,0.2822,0.2830,0.2818,0.2811,0.2806,0.2793
630.0000,0.2823,0.2824,0.2828,0.2817,0.2809,0.2807,0.2782
635.0000,0.2816,0.2828,0.2826,0.2815,0.2810,0.2801,0.2783
640.0000,0.2823,0.2825,0.2828,0.2812,0.2813,0.2793,0.2785
645.0000,0.2821,0.2828,0.2823,0.2813,0.2809,0.2792,0.2777
650.0000,0.2818,0.2831,0.2820,0.2813,0.2808,0.2786,0.2779
655.0000,0.2824,0.2827,0.2819,0.2813,0.2805,0.2782,0.2778
660.0000,0.2822,0.2830,0.2814,0.2816,0.2798,0.2784,0.2768
665.0000,0.2818,0.2830,0.2811,0.2816,0.2794,0.2779,0.2772
670.0000,0.2824,0.2825,0.2812,0.2815,0.2790,0.2777,0.2772
675.0000,0.2822,0.2824,0.2810,0.2816,0.2782,0.2781,0.2761
680.0000,0.2817,0.2824,0.2809,0.2814,0.2779,0.2779,0.2763
685.0000,0.2822,0.2818,0.2812,0.2810,0.2777,0.2775,0.2763
690.0000,0.2819,0.2817,0.2812,0.2808,0.2772,0.2779,0.2749
695.0000,0.2817,0.2815,0.2814,0.2803,0.2772,0.2774,0.2751
700.0000,0.2809,0.2816,0.2813,0.2798,0.2772,0.2769,0.2750
705.0000,0.2815,0.2812,0.2815,0.2794,0.2769,0.2771,0.2731
710.0000,0.2812,0.2812,0.2814,0.2788,0.2772,0.2761,0.2739
715.0000,0.2805,0.2815,0.2810,0.2785,0.2772,0.2754,0.2739
720.0000,0.2811,0.2812,0.2809,0.2780,0.2772,0.2746,0.2737
725.0000,0.2807,0.2816,0.2803,0.2781,0.2767,0.2745,0.2728
730.0000,0.2801,0.2818,0.2796,0.2780,0.2764,0.2738,0.2732
735.0000,0.2809,0.2813,0.2794,0.2778,0.2761,0.2732,0.2732
740.0000,0.2806,0.2813,0.2788,0.2779,0.2753,0.2733,0.2726
745.0000,0.2800,0.2813,0.2783,0.2779,0.2747,0.2729,0.2730
750.0000,0.2807,0.2805,0.2783,0.2776,0.2742,0.2728,0.2732
755.0000,0.2803,0.2802,0.2779,0.2776,0.2734,0.2732,0.2727
760.0000,0.2796,0.2800,0.2777,0.2773,0.2729,0.2732,0.2732
765.0000,0.2800,0.2792,0.2779,0.2767,0.2726,0.2733,0.2734
770.0000,0.2795,0.2790,0.2777,0.2764,0.2720,0.2740,0.2728
775.0000,0.2789,0.2787,0.2777,0.2758,0.2720,0.2741,0.2731
780.0000,0.2791,0.2781,0.2779,0.2750,0.2722,0.2741,0.2732
785.0000,0.2787,0.2780,0.2776,0.2745,0.2720,0.2748,0.2719
790.0000,0.2782,0.2779,0.2775,0.2738,0.2726,0.2743,0.2726
795.0000,0.2783,0.2775,0.2774,0.2732,0.2732,0.2739,0.2726
800.0000,0.2778,0.2777,0.2767,0.2730,0.2732,0.2743,0.2712
805.0000,0.2772,0.2778,0.2761,0.2727,0.2738,0.2736,0.2716
810.0000,0.2776,0.2773,0.2757,0.2724,0.2743,0.2727,0.2719
815.0000,0.2772,0.2773,0.2749,0.2726,0.2742,0.2727,0.2709
820.0000,0.2767,0.2773,0.2741,0.2728,0.2742,0.2721,0.2713
825.0000,0.2756,0.2774,0.2732,0.2733,0.2739,0.2717,0.2712
830.0000,0.2765,0.2765,0.2729,0.2736,0.2734,0.2719,0.2700
835.0000,0.2759,0.2762,0.2724,0.2740,0.2731,0.2714,0.2706
840.0000,0.2751,0.2758,0.2720,0.2743,0.2725,0.2712,0.2705
845.0000,0.2756,0.2748,0.2723,0.2743,0.2721,0.2710,0.2703
850.0000,0.2749,0.2744,0.2722,0.2746,0.2714,0.2714,0.2693
855.0000,0.2742,0.2740,0.2725,0.2744,0.2712,0.2710,0.2695
860.0000,0.2744,0.2732,0.2731,0.2740,0.2710,0.2706,0.2693
865.0000,0.2740,0.2730,0.2734,0.2738,0.2706,0.2708,0.2681
870.0000,0.2733,0.2729,0.2737,0.2733,0.2706,0.2702,0.2682
875.0000,0.2735,0.2726,0.2743,0.2727,0.2708,0.2694,0.2684
880.0000,0.2731,0.2729,0.2742,0.2724,0.2705,0.2694,0.2675
885.0000,0.2724,0.2734,0.2741,0.2721,0.2704,0.2687,0.2679
890.0000,0.2730,0.2733,0.2741,0.2717,0.2704,0.2680,0.2681
895.0000,0.2728,0.2738,0.2736,0.2716,0.2698,0.2681,0.2677
900.0000,0.2725,0.2742,0.2731,0.2715,0.2694,0.2678,0.2681
905.0000,0.2733,0.2739,0.2729,0.2713,0.2690,0.2677,0.2685
910.0000,0.2730,0.2742,0.2723,0.2714,0.2682,0.2683,0.2679
915.0000,0.2728,0.2743,0.2719,0.2713,0.2678,0.2683,0.2686
920.0000,0.2735,0.2736,0.2719,0.2709,0.2675,0.2685,0.2691
925.0000,0.2734,0.2734,0.2716,0.2707,0.2669,0.2694,0.2683
930.0000,0.2730,0.2732,0.2715,0.2702,0.2669,0.2696,0.2691
935.0000,0.2732,0.2725,0.2717,0.2696,0.2672,0.2696,0.2697
940.0000,0.2729,0.2723,0.2715,0.2692,0.2671,0.2705,0.2689
945.0000,0.2725,0.2720,0.2714,0.2686,0.2676,0.2705,0.2698
950.0000,0.2717,0.2721,0.2711,0.2682,0.2682,0.2705,0.2705
955.0000,0.2721,0.2716,0.2709,0.2679,0.2684,0.2713,0.2694
960.0000,0.2716,0.2716,0.2704,0.2676,0.2691,0.2710,0.2707
965.0000,0.2708,0.2718,0.2698,0.2676,0.2696,0.2711,0.2712
970.0000,0.2714,0.2712,0.2695,0.2675,0.2701,0.2711,0.2715
975.0000,0.2708,0.2714,0.2687,0.2679,0.2702,0.2717,0.2710
980.0000,0.2700,0.2714,0.2680,0.2682,0.2705,0.2717,0.2714
985.0000,0.2707,0.2706,0.2679,0.2684,0.2709,0.2718,0.2715
990.0000,0.2703,0.2704,0.2674,0.2689,0.2709,0.2723,0.2707
995.0000,0.2696,0.2701,0.2672,0.2693,0.2712,0.2722,0.2707
1000.0000,0.2700,0.2692,0.2674,0.2695,0.2717,0.2719,0.2706
1005.0000,0.2695,0.2689,0.2674,0.2700,0.2717,0.2721,0.2695
1010.0000,0.2689,0.2686,0.2676,0.2703,0.2719,0.2717,0.2692
1015.0000,0.2690,0.2681,0.2681,0.2704,0.2723,0.2709,0.2690
1020.0000,0.2686,0.2680,0.2682,0.2709,0.2722,0.2707,0.2677
1025.0000,0.2680,0.2681,0.2685,0.2711,0.2723,0.2698,0.2676
1030.0000,0.2683,0.2679,0.2690,0.2713,0.2723,0.2688,0.2674
1035.0000,0.2679,0.2682,0.2691,0.2718,0.2717,0.2685,0.2661
1040.0000,0.2675,0.2687,0.2693,0.2721,0.2714,0.2674,0.2666
1045.0000,0.2681,0.2686,0.2697,0.2723,0.2708,0.2668,0.2665
1050.0000,0.2681,0.2690,0.2699,0.2727,0.2698,0.2667,0.2656
1055.0000,0.2678,0.2695,0.2700,0.2729,0.2689,0.2663,0.2658
1060.0000,0.2687,0.2694,0.2706,0.2728,0.2681,0.2660,0.2659
1065.0000,0.2688,0.2698,0.2709,0.2728,0.2670,0.2664,0.2650
1070.0000,0.2689,0.2701,0.2713,0.2724,0.2663,0.2663,0.2652
1075.0000,0.2684,0.2706,0.2716,0.2719,0.2657,0.2663,0.2653
1080.0000,0.2697,0.2704,0.2722,0.2712,0.2650,0.2670,0.2636
1085.0000,0.2699,0.2706,0.2726,0.2703,0.2651,0.2664,0.2646
1090.0000,0.2699,0.2709,0.2728,0.2694,0.2652,0.2662,0.2647
1095.0000,0.2706,0.2709,0.2730,0.2684,0.2654,0.2658,0.2646
1100.0000,0.2705,0.2715,0.2726,0.2677,0.2653,0.2660,0.2635
1105.0000,0.2703,0.2720,0.2722,0.2670,0.2657,0.2653,0.2640
1110.0000,0.2712,0.2718,0.2718,0.2663,0.2660,0.2647,0.2640
1115.0000,0.2711,0.2722,0.2709,0.2661,0.2658,0.2646,0.2632
1120.0000,0.2705,0.2727,0.2698,0.2660,0.2658,0.2641,0.2635
1125.0000,0.2715,0.2721,0.2692,0.2658,0.2658,0.2636,0.2636
1130.0000,0.2712,0.2721,0.2681,0.2660,0.2652,0.2637,0.2631
1135.0000,0.2707,0.2719,0.2673,0.2661,0.2649,0.2634,0.2636
1140.0000,0.2712,0.2709,0.2669,0.2660,0.2646,0.2632,0.2640
1145.0000,0.2708,0.2704,0.2663,0.2662,0.2639,0.2636,0.2637
1150.0000,0.2700,0.2698,0.2659,0.2662,0.2635,0.2638,0.2641
1155.0000,0.2701,0.2687,0.2659,0.2660,0.2632,0.2640,0.2645
1160.0000,0.2694,0.2682,0.2657,0.2660,0.2626,0.2648,0.2637
1165.0000,0.2686,0.2676,0.2658,0.2656,0.2626,0.2649,0.2644
1170.0000,0.2684,0.2668,0.2661,0.2651,0.2628,0.2651,0.2646
1175.0000,0.2678,0.2666,0.2660,0.2648,0.2626,0.2660,0.2634
1180.0000,0.2671,0.2664,0.2661,0.2643,0.2631,0.2658,0.2637
1185.0000,0.2671,0.2659,0.2663,0.2636,0.2639,0.2654,0.2640
1190.0000,0.2666,0.2659,0.2660,0.2634,0.2641,0.2658,0.2626
1195.0000,0.2661,0.2660,0.2657,0.2631,0.2648,0.2652,0.2630
1200.0000,0.2651,0.2665,0.2652,0.2631,0.2653,0.2646,0.2630
1205.0000,0.2659,0.2660,0.2648,0.2632,0.2654,0.2646,0.2614
1210.0000,0.2654,0.2662,0.2643,0.2634,0.2658,0.2635,0.2623
1215.0000,0.2648,0.2664,0.2636,0.2638,0.2657,0.2628,0.2624
1220.0000,0.2655,0.2657,0.2634,0.2641,0.2656,0.2623,0.2625
1225.0000,0.2650,0.2658,0.2628,0.2648,0.2649,0.2623,0.2621
1230.0000,0.2643,0.2658,0.2624,0.2653,0.2643,0.2619,0.2627
1235.0000,0.2651,0.2649,0.2626,0.2656,0.2638,0.2618,0.2630
1240.0000,0.2646,0.2647,0.2626,0.2660,0.2628,0.2623,0.2630
1245.0000,0.2640,0.2645,0.2628,0.2662,0.2621,0.2626,0.2637
1250.0000,0.2644,0.2637,0.2635,0.2659,0.2616,0.2630,0.2642
1255.0000,0.2641,0.2635,0.2639,0.2657,0.2610,0.2640,0.2640
1260.0000,0.2637,0.2634,0.2645,0.2652,0.2609,0.2644,0.2649
1265.0000,0.2638,0.2631,0.2652,0.2645,0.2611,0.2649,0.2655
1270.0000,0.2636,0.2634,0.2655,0.2640,0.2610,0.2662,0.2647
1275.0000,0.2634,0.2636,0.2658,0.2632,0.2617,0.2664,0.2657
1280.0000,0.2637,0.2637,0.2661,0.2624,0.2626,0.2666,0.2662
1285.0000,0.2636,0.2643,0.2658,0.2621,0.2631,0.2675,0.2651
1290.0000,0.2635,0.2648,0.2655,0.2616,0.2642,0.2672,0.2661
1295.0000,0.2641,0.2648,0.2652,0.2612,0.2653,0.2670,0.2664
1300.0000,0.2642,0.2653,0.2644,0.2614,0.2658,0.2674,0.2655
1305.0000,0.2638,0.2657,0.2635,0.2617,0.2666,0.2670,0.2660
1310.0000,0.2646,0.2653,0.2630,0.2621,0.2673,0.2666,0.2663
1315.0000,0.2645,0.2654,0.2621,0.2629,0.2674,0.2668,0.2654
1320.0000,0.2642,0.2653,0.2615,0.2637,0.2675,0.2665,0.2656
1325.0000,0.2633,0.2653,0.2608,0.2646,0.2675,0.2663,0.2656
1330.0000,0.2643,0.2642,0.2609,0.2654,0.2671,0.2666,0.2642
1335.0000,0.2638,0.2638,0.2610,0.2660,0.2671,0.2660,0.2650
1340.0000,0.2631,0.2634,0.2612,0.2666,0.2669,0.2657,0.2651
1345.0000,0.2635,0.2626,0.2620,0.2670,0.2667,0.2654,0.2651
1350.0000,0.2630,0.2624,0.2625,0.2675,0.2661,0.2657,0.2644
1355.0000,0.2624,0.2623,0.2632,0.2676,0.2659,0.2652,0.2650
1360.0000,0.2627,0.2619,0.2642,0.2675,0.2658,0.2650,0.2654
1365.0000,0.2624,0.2622,0.2648,0.2676,0.2653,0.2653,0.2651
1370.0000,0.2619,0.2628,0.2654,0.2675,0.2650,0.2653,0.2658
1375.0000,0.2625,0.2629,0.2662,0.2672,0.2649,0.2653,0.2663
1380.0000,0.2626,0.2636,0.2665,0.2671,0.2644,0.2660,0.2661
1385.0000,0.2625,0.2644,0.2667,0.2669,0.2643,0.2663,0.2667
1390.0000,0.2634,0.2646,0.2672,0.2664,0.2644,0.2667,0.2670
1395.0000,0.2636,0.2655,0.2671,0.2663,0.2641,0.2678,0.2661
1400.0000,0.2639,0.2660,0.2672,0.2658,0.2646,0.2678,0.2668
1405.0000,0.2649,0.2660,0.2674,0.2653,0.2652,0.2679,0.2671
1410.0000,0.2652,0.2664,0.2672,0.2651,0.2654,0.2686,0.2658
1415.0000,0.2653,0.2668,0.2670,0.2647,0.2662,0.2681,0.2666
1420.0000,0.2660,0.2667,0.2670,0.2644,0.2670,0.2677,0.2667
1425.0000,0.2662,0.2669,0.2665,0.2646,0.2673,0.2680,0.2655
1430.0000,0.2659,0.2672,0.2659,0.2647,0.2679,0.2674,0.2658
1435.0000,0.2665,0.2669,0.2657,0.2648,0.2684,0.2667,0.2660
1440.0000,0.2664,0.2670,0.2650,0.2654,0.2683,0.2667,0.2651
1445.0000,0.2661,0.2671,0.2645,0.2660,0.2683,0.2661,0.2656
1450.0000,0.2651,0.2673,0.2640,0.2667,0.2680,0.2657,0.2658
1455.0000,0.2662,0.2665,0.2640,0.2673,0.2674,0.2660,0.2648
1460.0000,0.2658,0.2664,0.2639,0.2678,0.2671,0.2656,0.2657
1465.0000,0.2652,0.2662,0.2640,0.2683,0.2665,0.2656,0.2660
1470.0000,0.2658,0.2654,0.2646,0.2684,0.2660,0.2657,0.2662
1475.0000,0.2655,0.2652,0.2650,0.2686,0.2653,0.2663,0.2657
1480.0000,0.2651,0.2651,0.2656,0.2685,0.2651,0.2663,0.2663
1485.0000,0.2654,0.2647,0.2665,0.2681,0.2650,0.2665,0.2666
1490.0000,0.2651,0.2648,0.2670,0.2679,0.2646,0.2673,0.2660
1495.0000,0.2646,0.2653,0.2674,0.2674,0.2648,0.2673,0.2665
1500.0000,0.2652,0.2652,0.2681,0.2667,0.2653,0.2672,0.2669
1505.0000,0.2652,0.2657,0.2682,0.2663,0.2654,0.2678,0.2661
1510.0000,0.2651,0.2663,0.2682,0.2659,0.2659,0.2676,0.2665
1515.0000,0.2658,0.2665,0.2683,0.2654,0.2665,0.2674,0.2667
1520.0000,0.2658,0.2672,0.2678,0.2654,0.2666,0.2678,0.2656
1525.0000,0.2658,0.2677,0.2674,0.2653,0.2671,0.2672,0.2664
1530.0000,0.2666,0.2676,0.2672,0.2652,0.2676,0.2668,0.2667
1535.0000,0.2667,0.2679,0.2665,0.2656,0.2675,0.2671,0.2660
1540.0000,0.2665,0.2680,0.2662,0.2654,0.2687,0.2644,0.2737
1545.0000,0.2672,0.2674,0.2663,0.2652,0.2696,0.2620,0.2847
1550.0000,0.2672,0.2675,0.2656,0.2661,0.2685,0.2633,0.2962
1555.0000,0.2668,0.2675,0.2650,0.2670,0.2674,0.2651,0.3171
1560.0000,0.2670,0.2676,0.2636,0.2693,0.2626,0.2758,0.3321
1565.0000,0.2665,0.2679,0.2628,0.2708,0.2593,0.2875,0.3560
1570.0000,0.2655,0.2682,0.2622,0.2720,0.2561,0.3040,0.3831
1575.0000,0.2635,0.2687,0.2621,0.2724,0.2543,0.3251,0.4149
1580.0000,0.2658,0.2670,0.2636,0.2714,0.2549,0.3514,0.4503
1585.0000,0.2655,0.2665,0.2650,0.2698,0.2579,0.3838,0.4852
1590.0000,0.2666,0.2641,0.2692,0.2643,0.2703,0.4109,0.5463
1595.0000,0.2665,0.2629,0.2722,0.2596,0.2847,0.4464,0.6123
1600.0000,0.2678,0.2617,0.2743,0.2562,0.3011,0.4920,0.6840
1605.0000,0.2677,0.2628,0.2732,0.2564,0.3165,0.5555,0.7406
1610.0000,0.2666,0.2632,0.2743,0.2532,0.3469,0.6086,0.8349
1615.0000,0.2666,0.2646,0.2723,0.2547,0.3775,0.6780,0.9294
1620.0000,0.2658,0.2665,0.2696,0.2581,0.4156,0.7524,1.0453
1625.0000,0.2655,0.2703,0.2619,0.2705,0.4480,0.8590,1.1301
1630.0000,0.2639,0.2731,0.2566,0.2820,0.4960,0.9617,1.2342
1635.0000,0.2624,0.2743,0.2533,0.2953,0.5555,1.0679,1.3498
1640.0000,0.2665,0.2710,0.2537,0.3104,0.6268,1.1786,1.4693
1645.0000,0.2664,0.2695,0.2538,0.3316,0.7049,1.3010,1.5775
1650.0000,0.2685,0.2657,0.2570,0.3574,0.7932,1.4301,1.6656
1655.0000,0.2682,0.2612,0.2660,0.3831,0.9039,1.5379,1.7850
1660.0000,0.2697,0.2580,0.2743,0.4204,1.0154,1.6592,1.8735
1665.0000,0.2731,0.2544,0.2877,0.4615,1.1444,1.7581,1.9998
1670.0000,0.2672,0.2610,0.2958,0.5194,1.2676,1.8711,2.0873
1675.0000,0.2659,0.2693,0.3062,0.5883,1.3940,1.9790,2.1646
1680.0000,0.2655,0.2801,0.3210,0.6659,1.5276,2.0662,2.2739
1685.0000,0.2611,0.2983,0.3350,0.7604,1.6497,2.1642,2.3470
1690.0000,0.2748,0.3108,0.3593,0.8631,1.7699,2.2556,2.4104
1695.0000,0.2835,0.3273,0.3924,0.9724,1.8904,2.3303,2.4922
1700.0000,0.2866,0.3506,0.4323,1.0911,2.0018,2.4036,2.5622
1705.0000,0.3125,0.3686,0.4863,1.2147,2.1037,2.4779,2.6156
1745.0000,0.6037,0.7803,1.2896,2.1455,2.7124,2.7382,2.6202
1750.0000,0.6820,0.8718,1.4139,2.2393,2.7612,2.7057,2.5960
1755.0000,0.7718,0.9671,1.5374,2.3306,2.7918,2.6751,2.5478
1760.0000,0.8652,1.0696,1.6583,2.4162,2.8112,2.6319,2.5010
1765.0000,0.9536,1.1836,1.7714,2.4995,2.8124,2.5882,2.4376
1770.0000,1.0368,1.3123,1.8733,2.5798,2.7973,2.5397,2.3671
1775.0000,1.1507,1.4237,1.9837,2.6436,2.7801,2.4698,2.3267
1780.0000,1.2634,1.5359,2.0887,2.7006,2.7453,2.4065,2.2701
1785.0000,1.3760,1.6467,2.1900,2.7472,2.6983,2.3437,2.2133
1790.0000,1.4621,1.7738,2.2762,2.7879,2.6370,2.2845,2.1572
1795.0000,1.5884,1.8743,2.3710,2.8082,2.5751,2.2198,2.1158
1800.0000,1.7082,1.9700,2.4610,2.8159,2.5049,2.1640,2.0723
1805.0000,1.8233,2.0614,2.5450,2.8100,2.4296,2.1174,2.0189
1810.0000,1.9080,2.1639,2.6137,2.7933,2.3537,2.0712,1.9782
1815.0000,2.0143,2.2520,2.6773,2.7623,2.2788,2.0326,1.9330
1820.0000,2.1193,2.3315,2.7328,2.7181,2.2089,1.9968,1.8866
1825.0000,2.1843,2.4242,2.7666,2.6676,2.1427,1.9621,1.8432
1830.0000,2.2826,2.4935,2.7953,2.6060,2.0827,1.9341,1.7803
1835.0000,2.3695,2.5535,2.8147,2.5323,2.0416,1.8821,1.7740
1840.0000,2.4508,2.6042,2.8194,2.4566,2.0030,1.8376,1.7550
1845.0000,2.5127,2.6517,2.8057,2.3833,1.9652,1.7987,1.7326
1850.0000,2.5616,2.6949,2.7738,2.3151,1.9261,1.7675,1.7065
1855.0000,2.6013,2.7275,2.7293,2.2498,1.8906,1.7349,1.6920
1860.0000,2.6476,2.7404,2.6774,2.1885,1.8545,1.7109,1.6706
1865.0000,2.6726,2.7475,2.6139,2.1337,1.8187,1.6896,1.6525
1870.0000,2.6806,2.7452,2.5429,2.0848,1.7824,1.6743,1.6288
1875.0000,2.7002,2.7177,2.4775,2.0349,1.7534,1.6552,1.6126
1880.0000,2.6871,2.6931,2.4031,1.9935,1.7215,1.6433,1.5893
1885.0000,2.6678,2.6538,2.3343,1.9517,1.6960,1.6274,1.5733
1890.0000,2.6572,2.5947,2.2758,1.9080,1.6774,1.6083,1.5598
1895.0000,2.6337,2.5293,2.2208,1.8673,1.6590,1.5943,1.5363
1900.0000,2.5923,2.4652,2.1684,1.8277,1.6469,1.5708,1.5342
1905.0000,2.5412,2.4034,2.1161,1.7934,1.6324,1.5536,1.5227
1910.0000,2.4831,2.3468,2.0627,1.7646,1.6158,1.5401,1.5079
1915.0000,2.4327,2.2850,2.0155,1.7366,1.6018,1.5244,1.4992
1920.0000,2.3742,2.2285,1.9689,1.7126,1.5868,1.5102,1.4912
1925.0000,2.3109,2.1802,1.9205,1.6941,1.5684,1.5011,1.4797
1930.0000,2.2466,2.1356,1.8740,1.6782,1.5498,1.4931,1.4692
1935.0000,2.1919,2.0867,1.8347,1.6615,1.5333,1.4849,1.4595
1940.0000,2.1516,2.0314,1.8037,1.6438,1.5179,1.4798,1.4420
1945.0000,2.0965,1.9867,1.7730,1.6268,1.5058,1.4687,1.4408
1950.0000,2.0606,1.9345,1.7511,1.6074,1.4960,1.4592,1.4338
1955.0000,2.0139,1.8901,1.7294,1.5901,1.4847,1.4542,1.4175
1960.0000,1.9657,1.8523,1.7089,1.5725,1.4776,1.4424,1.4166
1965.0000,1.9148,1.8226,1.6866,1.5576,1.4688,1.4341,1.4089
1970.0000,1.8803,1.7902,1.6681,1.5421,1.4617,1.4251,1.4008
1975.0000,1.8443,1.7633,1.6484,1.5291,1.4530,1.4188,1.3876
1980.0000,1.8064,1.7408,1.6287,1.5164,1.4468,1.4074,1.3840
1985.0000,1.7818,1.7149,1.6121,1.5041,1.4403,1.3978,1.3763
1990.0000,1.7517,1.6958,1.5927,1.4951,1.4311,1.3911,1.3647
1995.0000,1.7266,1.6752,1.5760,1.4855,1.4236,1.3817,1.3576
2000.0000,1.7074,1.6525,1.5621,1.4754,1.4170,1.3709,1.3519
2005.0000,1.6831,1.6353,1.5461,1.4681,1.4073,1.3641,1.3416
2010.0000,1.6591,1.6192,1.5312,1.4608,1.3982,1.3557,1.3349
2015.0000,1.6438,1.5995,1.5199,1.4524,1.3898,1.3471,1.3278
2020.0000,1.6260,1.5825,1.5082,1.4453,1.3795,1.3416,1.3159
2025.0000,1.6048,1.5685,1.4971,1.4374,1.3713,1.3318,1.3142
2030.0000,1.5912,1.5516,1.4886,1.4289,1.3628,1.3242,1.3086
2035.0000,1.5743,1.5389,1.4786,1.4217,1.3524,1.3200,1.2982
2040.0000,1.5597,1.5254,1.4706,1.4129,1.3444,1.3124,1.2952
2045.0000,1.5472,1.5116,1.4639,1.4033,1.3373,1.3047,1.2928
2050.0000,1.5321,1.5020,1.4548,1.3955,1.3278,1.3017,1.2841
2055.0000,1.5182,1.4925,1.4466,1.3867,1.3203,1.2963,1.2811
2060.0000,1.5051,1.4834,1.4386,1.3776,1.3134,1.2912,1.2773
2065.0000,1.4982,1.4720,1.4315,1.3686,1.3059,1.2896,1.2661
2070.0000,1.4855,1.4645,1.4231,1.3593,1.3012,1.2827,1.2676
2075.0000,1.4722,1.4581,1.4137,1.3509,1.2957,1.2782,1.2641
2080.0000,1.4675,1.4478,1.4058,1.3426,1.2897,1.2769,1.2531
2085.0000,1.4583,1.4397,1.3973,1.3338,1.2867,1.2700,1.2542
2090.0000,1.4464,1.4329,1.3877,1.3263,1.2827,1.2652,1.2508
2095.0000,1.4419,1.4225,1.3800,1.3183,1.2797,1.2598,1.2469
2100.0000,1.4330,1.4146,1.3704,1.3123,1.2750,1.2571,1.2389
2105.0000,1.4211,1.4078,1.3608,1.3061,1.2721,1.2503,1.2383
2110.0000,1.4165,1.3972,1.3531,1.2999,1.2689,1.2448,1.2351
2115.0000,1.4065,1.3901,1.3433,1.2959,1.2635,1.2420,1.2288
2120.0000,1.3966,1.3825,1.3344,1.2916,1.2592,1.2371,1.2266
2125.0000,1.3917,1.3715,1.3279,1.2867,1.2554,1.2320,1.2244
2130.0000,1.3817,1.3641,1.3197,1.2835,1.2494,1.2299,1.2188
2135.0000,1.3710,1.3569,1.3123,1.2800,1.2443,1.2264,1.2161
2140.0000,1.3659,1.3466,1.3073,1.2754,1.2400,1.2228,1.2129
2145.0000,1.3578,1.3385,1.3016,1.2719,1.2342,1.2222,1.2046
2150.0000,1.3476,1.3315,1.2966,1.2671,1.2309,1.2170,1.2049
2155.0000,1.3420,1.3226,1.2933,1.2619,1.2277,1.2130,1.2022
2160.0000,1.3337,1.3166,1.2884,1.2579,1.2228,1.2122,1.1937
2165.0000,1.3261,1.3104,1.2845,1.2527,1.2203,1.2072,1.1927
2170.0000,1.3208,1.3031,1.2816,1.2471,1.2185,1.2016,1.1919
2175.0000,1.3132,1.2989,1.2765,1.2433,1.2142,1.1999,1.1847
2180.0000,1.3061,1.2947,1.2717,1.2390,1.2115,1.1952,1.1837
2185.0000,1.2977,1.2915,1.2664,1.2352,1.2082,1.1912,1.1813
2190.0000,1.2965,1.2852,1.2623,1.2315,1.2039,1.1899,1.1727
2195.0000,1.2894,1.2821,1.2570,1.2279,1.2012,1.1843,1.1747
2200.0000,1.2817,1.2795,1.2513,1.2250,1.1973,1.1809,1.1727
2205.0000,1.2815,1.2728,1.2478,1.2212,1.1940,1.1775,1.1702
2210.0000,1.2762,1.2690,1.2426,1.2186,1.1890,1.1765,1.1644
2215.0000,1.2696,1.2651,1.2384,1.2151,1.1860,1.1723,1.1643
2220.0000,1.2687,1.2583,1.2358,1.2110,1.1830,1.1692,1.1623
2225.0000,1.2637,1.2540,1.2318,1.2080,1.1786,1.1684,1.1568
2230.0000,1.2570,1.2503,1.2282,1.2041,1.1760,1.1646,1.1566
2235.0000,1.2554,1.2441,1.2259,1.1998,1.1736,1.1616,1.1546
2240.0000,1.2499,1.2409,1.2218,1.1967,1.1697,1.1611,1.1489
2245.0000,1.2437,1.2380,1.2180,1.1930,1.1674,1.1578,1.1479
2250.0000,1.2425,1.2324,1.2158,1.1885,1.1660,1.1538,1.1472
2255.0000,1.2373,1.2297,1.2115,1.1857,1.1625,1.1528,1.1420
2260.0000,1.2318,1.2271,1.2074,1.1824,1.1604,1.1496,1.1413
2265.0000,1.2305,1.2222,1.2046,1.1787,1.1586,1.1464,1.1400
2270.0000,1.2263,1.2193,1.2001,1.1764,1.1550,1.1460,1.1339
2275.0000,1.2209,1.2167,1.1961,1.1735,1.1532,1.1420,1.1353
2280.0000,1.2198,1.2116,1.1933,1.1703,1.1512,1.1392,1.1342
2285.0000,1.2155,1.2088,1.1889,1.1685,1.1473,1.1393,1.1287
2290.0000,1.2107,1.2059,1.1851,1.1660,1.1451,1.1365,1.1290
2295.0000,1.2093,1.2007,1.1829,1.1628,1.1435,1.1334,1.1293
2300.0000,1.2050,1.1978,1.1790,1.1610,1.1398,1.1338,1.1241
2305.0000,1.2003,1.1948,1.1759,1.1585,1.1377,1.1315,1.1248
2310.0000,1.1945,1.1923,1.1726,1.1560,1.1357,1.1296,1.1246
2315.0000,1.1949,1.1869,1.1707,1.1535,1.1327,1.1306,1.1180
2320.0000,1.1903,1.1840,1.1682,1.1505,1.1318,1.1273,1.1215
2325.0000,1.1847,1.1819,1.1652,1.1481,1.1302,1.1257,1.1217
2330.0000,1.1845,1.1771,1.1637,1.1450,1.1293,1.1241,1.1215
2335.0000,1.1806,1.1749,1.1605,1.1431,1.1268,1.1249,1.1179
2340.0000,1.1753,1.1732,1.1576,1.1407,1.1260,1.1228,1.1193
2345.0000,1.1753,1.1688,1.1560,1.1379,1.1254,1.1215,1.1192
2350.0000,1.1714,1.1671,1.1525,1.1366,1.1232,1.1225,1.1156
2355.0000,1.1668,1.1655,1.1495,1.1346,1.1227,1.1208,1.1167
2360.0000,1.1671,1.1610,1.1481,1.1322,1.1224,1.1195,1.1161
2365.0000,1.1635,1.1592,1.1449,1.1311,1.1206,1.1205,1.1120
2370.0000,1.1590,1.1576,1.1421,1.1296,1.1202,1.1190,1.1119
2375.0000,1.1594,1.1531,1.1410,1.1273,1.1208,1.1166,1.1117
2380.0000,1.1558,1.1514,1.1381,1.1267,1.1193,1.1169,1.1072
2385.0000,1.1519,1.1496,1.1357,1.1255,1.1191,1.1146,1.1071
2390.0000,1.1516,1.1459,1.1346,1.1240,1.1191,1.1121,1.1060
2395.0000,1.1486,1.1442,1.1320,1.1239,1.1172,1.1123,1.1001
2400.0000,1.1446,1.1426,1.1300,1.1230,1.1170,1.1086,1.1015
2405.0000,1.1444,1.1391,1.1292,1.1219,1.1163,1.1058,1.1004
2410.0000,1.1415,1.1378,1.1269,1.1222,1.1136,1.1057,1.0949
2415.0000,1.1380,1.1367,1.1251,1.1218,1.1122,1.1027,1.0952
2420.0000,1.1381,1.1333,1.1250,1.1206,1.1112,1.0993,1.0955
2425.0000,1.1354,1.1322,1.1233,1.1208,1.1079,1.0992,1.0908
2430.0000,1.1326,1.1311,1.1223,1.1200,1.1058,1.0967,1.0918
2435.0000,1.1279,1.1309,1.1209,1.1194,1.1033,1.0950,1.0918
2440.0000,1.1304,1.1275,1.1212,1.1183,1.0999,1.0960,1.0861
2445.0000,1.1279,1.1266,1.1208,1.1166,1.0982,1.0934,1.0892
2450.0000,1.1248,1.1262,1.1201,1.1149,1.0961,1.0924,1.0895
2455.0000,1.1263,1.1235,1.1207,1.1123,1.0946,1.0914,1.0894
2460.0000,1.1243,1.1233,1.1196,1.1107,1.0919,1.0928,1.0859
2465.0000,1.1214,1.1233,1.1188,1.1082,1.0912,1.0913,1.0874
2470.0000,1.1232,1.1209,1.1190,1.1051,1.0908,1.0902,1.0873
2475.0000,1.1215,1.1210,1.1173,1.1032,1.0892,1.0915,1.0835
2480.0000,1.1187,1.1213,1.1156,1.1007,1.0894,1.0896,1.0851
2485.0000,1.1207,1.1190,1.1149,1.0978,1.0899,1.0880,1.0851
2490.0000,1.1191,1.1189,1.1122,1.0965,1.0888,1.0889,1.0815
2495.0000,1.1161,1.1191,1.1095,1.0949,1.0890,1.0870,1.0827
2500.0000,1.1181,1.1163,1.1082,1.0929,1.0897,1.0849,1.0835
2505.0000,1.1161,1.1159,1.1049,1.0926,1.0883,1.0854,1.0808
2510.0000,1.1132,1.1154,1.1018,1.0921,1.0879,1.0840,1.0822
2515.0000,1.1144,1.1122,1.1002,1.0912,1.0875,1.0829,1.0829
2520.0000,1.1122,1.1111,1.0972,1.0917,1.0853,1.0845,1.0796
2525.0000,1.1093,1.1097,1.0950,1.0914,1.0846,1.0833,1.0820
2530.0000,1.1099,1.1059,1.0944,1.0906,1.0841,1.0829,1.0827
2535.0000,1.1075,1.1042,1.0926,1.0908,1.0819,1.0852,1.0790
2540.0000,1.1045,1.1024,1.0916,1.0901,1.0815,1.0847,1.0809
2545.0000,1.1044,1.0989,1.0920,1.0887,1.0818,1.0839,1.0821
2550.0000,1.1019,1.0975,1.0911,1.0884,1.0805,1.0862,1.0777
2555.0000,1.0992,1.0963,1.0908,1.0872,1.0810,1.0853,1.0795
2560.0000,1.0949,1.0961,1.0900,1.0862,1.0816,1.0844,1.0803
2565.0000,1.0967,1.0934,1.0902,1.0853,1.0811,1.0863,1.0741
2570.0000,1.0944,1.0929,1.0897,1.0840,1.0827,1.0834,1.0788
2575.0000,1.0913,1.0932,1.0886,1.0835,1.0833,1.0821,1.0800
2580.0000,1.0929,1.0912,1.0885,1.0826,1.0840,1.0809,1.0804
2585.0000,1.0907,1.0919,1.0865,1.0833,1.0829,1.0820,1.0779
2590.0000,1.0878,1.0925,1.0848,1.0836,1.0829,1.0807,1.0796
2595.0000,1.0904,1.0901,1.0848,1.0833,1.0829,1.0799,1.0802
2600.0000,1.0889,1.0903,1.0831,1.0843,1.0812,1.0814,1.0778
2605.0000,1.0860,1.0907,1.0818,1.0848,1.0806,1.0810,1.0792
2610.0000,1.0887,1.0877,1.0826,1.0842,1.0807,1.0803,1.0801
2615.0000,1.0873,1.0873,1.0819,1.0848,1.0791,1.0821,1.0774
2620.0000,1.0849,1.0871,1.0817,1.0846,1.0789,1.0817,1.0787
2625.0000,1.0868,1.0845,1.0831,1.0835,1.0795,1.0809,1.0797
2630.0000,1.0854,1.0843,1.0829,1.0835,1.0786,1.0827,1.0766
2635.0000,1.0836,1.0842,1.0831,1.0827,1.0791,1.0817,1.0781
2640.0000,1.0846,1.0828,1.0841,1.0816,1.0800,1.0807,1.0789
2645.0000,1.0834,1.0834,1.0835,1.0817,1.0791,1.0826,1.0747
2650.0000,1.0817,1.0841,1.0832,1.0811,1.0802,1.0805,1.0779
2655.0000,1.0833,1.0830,1.0837,1.0802,1.0810,1.0793,1.0790
2660.0000,1.0825,1.0839,1.0825,1.0809,1.0798,1.0810,1.0758
2665.0000,1.0806,1.0851,1.0813,1.0810,1.0800,1.0799,1.0785
2670.0000,1.0829,1.0836,1.0816,1.0806,1.0804,1.0789,1.0805
2675.0000,1.0824,1.0841,1.0804,1.0815,1.0789,1.0809,1.0780
2680.0000,1.0815,1.0843,1.0798,1.0817,1.0787,1.0806,1.0812
2685.0000,1.0783,1.0854,1.0787,1.0821,1.0781,1.0811,1.0833
2690.0000,1.0822,1.0830,1.0793,1.0823,1.0768,1.0845,1.0797
2695.0000,1.0811,1.0829,1.0793,1.0819,1.0772,1.0843,1.0844
2700.0000,1.0791,1.0832,1.0792,1.0817,1.0774,1.0852,1.0868
2705.0000,1.0816,1.0810,1.0805,1.0806,1.0784,1.0861,1.0888
2710.0000,1.0805,1.0813,1.0802,1.0807,1.0781,1.0895,1.0871
2715.0000,1.0788,1.0816,1.0804,1.0800,1.0797,1.0899,1.0902
2720.0000,1.0809,1.0799,1.0816,1.0788,1.0818,1.0905,1.0920
2725.0000,1.0799,1.0805,1.0810,1.0790,1.0823,1.0935,1.0900
2730.0000,1.0776,1.0818,1.0803,1.0788,1.0844,1.0936,1.0929
2735.0000,1.0802,1.0803,1.0810,1.0782,1.0871,1.0935,1.0951
2740.0000,1.0794,1.0813,1.0798,1.0792,1.0879,1.0960,1.0933
2745.0000,1.0780,1.0821,1.0788,1.0799,1.0900,1.0957,1.0966
2750.0000,1.0801,1.0808,1.0790,1.0804,1.0922,1.0956,1.0992
2755.0000,1.0792,1.0817,1.0776,1.0824,1.0924,1.0980,1.0984
2760.0000,1.0779,1.0822,1.0768,1.0840,1.0937,1.0983,1.1021
2765.0000,1.0801,1.0805,1.0775,1.0852,1.0950,1.0989,1.1054
2770.0000,1.0791,1.0811,1.0767,1.0877,1.0943,1.1026,1.1048
2775.0000,1.0777,1.0813,1.0769,1.0895,1.0951,1.1040,1.1092
2780.0000,1.0797,1.0794,1.0786,1.0905,1.0961,1.1059,1.1126
2785.0000,1.0790,1.0796,1.0791,1.0925,1.0956,1.1109,1.1116
2790.0000,1.0775,1.0802,1.0803,1.0935,1.0971,1.1129,1.1165
2795.0000,1.0793,1.0788,1.0830,1.0937,1.0994,1.1151,1.1205
2800.0000,1.0790,1.0795,1.0843,1.0949,1.1001,1.1203,1.1188
2805.0000,1.0785,1.0803,1.0861,1.0952,1.1031,1.1221,1.1244
2810.0000,1.0760,1.0824,1.0873,1.0957,1.1062,1.1243,1.1286
2815.0000,1.0799,1.0820,1.0893,1.0965,1.1083,1.1296,1.1257
2820.0000,1.0800,1.0836,1.0906,1.0970,1.1125,1.1304,1.1323
2825.0000,1.0791,1.0859,1.0912,1.0982,1.1162,1.1321,1.1364
2830.0000,1.0827,1.0860,1.0928,1.0992,1.1203,1.1338,1.1399
2835.0000,1.0823,1.0889,1.0923,1.1020,1.1224,1.1380,1.1399
2840.0000,1.0817,1.0914,1.0922,1.1044,1.1258,1.1396,1.1441
2845.0000,1.0863,1.0908,1.0938,1.1064,1.1295,1.1412,1.1475
2850.0000,1.0868,1.0927,1.0937,1.1100,1.1312,1.1453,1.1475
2855.0000,1.0855,1.0950,1.0940,1.1133,1.1340,1.1470,1.1520
2860.0000,1.0900,1.0938,1.0964,1.1158,1.1371,1.1488,1.1556
2865.0000,1.0907,1.0950,1.0975,1.1196,1.1385,1.1531,1.1557
2870.0000,1.0907,1.0961,1.0995,1.1226,1.1413,1.1547,1.1614
2875.0000,1.0936,1.0957,1.1027,1.1251,1.1442,1.1567,1.1664
2880.0000,1.0938,1.0976,1.1046,1.1288,1.1451,1.1620,1.1668
2885.0000,1.0938,1.0994,1.1073,1.1316,1.1477,1.1646,1.1729
2890.0000,1.0968,1.0997,1.1112,1.1337,1.1507,1.1674,1.1789
2895.0000,1.0973,1.1026,1.1134,1.1371,1.1517,1.1738,1.1798
2900.0000,1.0978,1.1052,1.1164,1.1393,1.1549,1.1771,1.1872
2905.0000,1.1016,1.1062,1.1205,1.1410,1.1586,1.1809,1.1938
2910.0000,1.1033,1.1092,1.1231,1.1438,1.1606,1.1882,1.1953
2915.0000,1.1036,1.1129,1.1257,1.1460,1.1646,1.1924,1.2040
2920.0000,1.1081,1.1143,1.1295,1.1476,1.1692,1.1972,1.2109
2925.0000,1.1103,1.1177,1.1316,1.1505,1.1723,1.2053,1.2125
2930.0000,1.1122,1.1210,1.1343,1.1526,1.1777,1.2099,1.2223
2935.0000,1.1113,1.1257,1.1359,1.1554,1.1830,1.2153,1.2306
2940.0000,1.1183,1.1268,1.1388,1.1584,1.1874,1.2243,1.2318
2945.0000,1.1205,1.1299,1.1411,1.1612,1.1939,1.2291,1.2430
2950.0000,1.1216,1.1333,1.1431,1.1645,1.2005,1.2346,1.2534
2955.0000,1.1272,1.1343,1.1462,1.1677,1.2074,1.2406,1.2633
2960.0000,1.1282,1.1384,1.1472,1.1729,1.2123,1.2500,1.2700
2965.0000,1.1293,1.1418,1.1491,1.1777,1.2187,1.2575,1.2811
2970.0000,1.1352,1.1422,1.1529,1.1817,1.2264,1.2644,1.2946
2975.0000,1.1371,1.1452,1.1550,1.1877,1.2318,1.2754,1.3047
2980.0000,1.1368,1.1491,1.1574,1.1935,1.2387,1.2847,1.3218
2985.0000,1.1426,1.1499,1.1615,1.1992,1.2452,1.2976,1.3349
2990.0000,1.1446,1.1530,1.1646,1.2059,1.2513,1.3126,1.3469
2995.0000,1.1461,1.1560,1.1691,1.2114,1.2605,1.3243,1.3696
3000.0000,1.1509,1.1575,1.1747,1.2168,1.2700,1.3388,1.3911
3005.0000,1.1525,1.1618,1.1787,1.2239,1.2780,1.3586,1.4085
3010.0000,1.1547,1.1657,1.1835,1.2307,1.2878,1.3792,1.4256
3015.0000,1.1600,1.1677,1.1906,1.2359,1.3014,1.3974,1.4488
3020.0000,1.1633,1.1720,1.1960,1.2431,1.3138,1.4213,1.4640
3025.0000,1.1650,1.1774,1.2017,1.2497,1.3301,1.4418,1.4864
3030.0000,1.1710,1.1805,1.2093,1.2556,1.3498,1.4603,1.5114
3035.0000,1.1753,1.1858,1.2150,1.2643,1.3676,1.4847,1.5272
3040.0000,1.1781,1.1922,1.2209,1.2730,1.3896,1.5030,1.5569
3045.0000,1.1847,1.1971,1.2270,1.2836,1.4107,1.5257,1.5781
3050.0000,1.1894,1.2039,1.2318,1.2968,1.4310,1.5508,1.5938
3055.0000,1.1938,1.2107,1.2376,1.3103,1.4546,1.5707,1.6208
3060.0000,1.1942,1.2199,1.2425,1.3262,1.4778,1.5914,1.6463
3065.0000,1.2055,1.2243,1.2498,1.3437,1.4991,1.6169,1.6621
3070.0000,1.2105,1.2319,1.2567,1.3628,1.5211,1.6405,1.6787
3075.0000,1.2146,1.2395,1.2654,1.3823,1.5447,1.6613,1.6968
3080.0000,1.2256,1.2435,1.2778,1.4013,1.5699,1.6795,1.7141
3085.0000,1.2306,1.2521,1.2889,1.4233,1.5919,1.7012,1.7226
3090.0000,1.2378,1.2594,1.3031,1.4445,1.6161,1.7178,1.7324
3095.0000,1.2481,1.2659,1.3197,1.4658,1.6402,1.7327,1.7365
3100.0000,1.2560,1.2757,1.3361,1.4888,1.6620,1.7475,1.7311
3105.0000,1.2616,1.2879,1.3538,1.5111,1.6861,1.7531,1.7318
3145.0000,1.3751,1.4189,1.5215,1.7006,1.7776,1.6541,1.5445
3150.0000,1.3882,1.4423,1.5437,1.7217,1.7705,1.6176,1.5094
3155.0000,1.4112,1.4614,1.5684,1.7404,1.7565,1.5807,1.4637
3160.0000,1.4320,1.4824,1.5926,1.7570,1.7361,1.5418,1.4114
3165.0000,1.4469,1.5078,1.6152,1.7708,1.7106,1.4978,1.3582
3170.0000,1.4728,1.5268,1.6423,1.7771,1.6846,1.4434,1.3154
3175.0000,1.4954,1.5487,1.6664,1.7818,1.6489,1.3937,1.2616
3180.0000,1.5176,1.5708,1.6896,1.7816,1.6085,1.3420,1.2066
3185.0000,1.5301,1.5984,1.7085,1.7778,1.5625,1.2902,1.1485
3190.0000,1.5600,1.6174,1.7297,1.7665,1.5139,1.2375,1.0864
3195.0000,1.5841,1.6375,1.7490,1.7477,1.4672,1.1730,1.0541
3200.0000,1.6068,1.6582,1.7629,1.7265,1.4115,1.1202,1.0025
3205.0000,1.6292,1.6775,1.7731,1.7002,1.3528,1.0701,0.9497
3210.0000,1.6444,1.7000,1.7766,1.6695,1.2925,1.0208,0.8987
3215.0000,1.6634,1.7166,1.7787,1.6309,1.2360,0.9657,0.8651
3220.0000,1.6856,1.7282,1.7765,1.5885,1.1766,0.9188,0.8251
3225.0000,1.7028,1.7384,1.7683,1.5421,1.1176,0.8750,0.7875
3230.0000,1.7103,1.7495,1.7523,1.4935,1.0583,0.8364,0.7484
3235.0000,1.7261,1.7503,1.7351,1.4386,1.0048,0.7955,0.7194
3240.0000,1.7315,1.7518,1.7092,1.3835,0.9509,0.7616,0.6878
3245.0000,1.7367,1.7460,1.6801,1.3248,0.9024,0.7270,0.6661
3250.0000,1.7395,1.7346,1.6463,1.2651,0.8562,0.6976,0.6430
3255.0000,1.7388,1.7172,1.6083,1.2048,0.8134,0.6717,0.6209
3260.0000,1.7203,1.7040,1.5607,1.1473,0.7732,0.6478,0.6052
3265.0000,1.7117,1.6789,1.5125,1.0893,0.7370,0.6273,0.5895
3270.0000,1.6917,1.6538,1.4578,1.0349,0.7027,0.6114,0.5724
3275.0000,1.6745,1.6177,1.4044,0.9800,0.6749,0.5942,0.5624
3280.0000,1.6496,1.5778,1.3491,0.9276,0.6507,0.5785,0.5546
3285.0000,1.6141,1.5396,1.2884,0.8808,0.6268,0.5682,0.5437
3290.0000,1.5804,1.4934,1.2299,0.8357,0.6074,0.5580,0.5355
3295.0000,1.5435,1.4426,1.1729,0.7928,0.5926,0.5463,0.5332
3300.0000,1.4984,1.3931,1.1139,0.7554,0.5775,0.5394,0.5275
3305.0000,1.4491,1.3426,1.0558,0.7220,0.5646,0.5334,0.5241
3310.0000,1.4061,1.2855,1.0025,0.6907,0.5543,0.5283,0.5205
3315.0000,1.3573,1.2285,0.9513,0.6631,0.5453,0.5249,0.5160
3320.0000,1.2995,1.1766,0.9002,0.6398,0.5377,0.5205,0.5179
3325.0000,1.2393,1.1263,0.8514,0.6202,0.5303,0.5187,0.5176
3330.0000,1.1934,1.0698,0.8098,0.6014,0.5252,0.5173,0.5172
3335.0000,1.1475,1.0128,0.7731,0.5845,0.5215,0.5167,0.5166
3340.0000,1.0877,0.9658,0.7359,0.5718,0.5174,0.5170,0.5166
3345.0000,1.0395,0.9164,0.7048,0.5596,0.5154,0.5170,0.5169
3350.0000,0.9860,0.8747,0.6741,0.5509,0.5124,0.5190,0.5149
3355.0000,0.9466,0.8279,0.6515,0.5408,0.5131,0.5182,0.5164
3360.0000,0.9006,0.7879,0.6302,0.5329,0.5138,0.5177,0.5174
3365.0000,0.8564,0.7527,0.6105,0.5272,0.5139,0.5187,0.5162
3370.0000,0.8117,0.7232,0.5919,0.5231,0.5145,0.5186,0.5175
3375.0000,0.7774,0.6933,0.5774,0.5193,0.5158,0.5181,0.5188
3380.0000,0.7447,0.6669,0.5644,0.5169,0.5164,0.5189,0.5179
3385.0000,0.7141,0.6435,0.5534,0.5152,0.5175,0.5184,0.5198
3390.0000,0.6870,0.6223,0.5442,0.5142,0.5182,0.5185,0.5207
3395.0000,0.6606,0.6055,0.5353,0.5147,0.5178,0.5200,0.5199
3400.0000,0.6384,0.5897,0.5287,0.5150,0.5181,0.5204,0.5210
3405.0000,0.6199,0.5749,0.5242,0.5153,0.5185,0.5209,0.5217
3410.0000,0.6017,0.5635,0.5197,0.5164,0.5180,0.5227,0.5201
3415.0000,0.5862,0.5534,0.5170,0.5170,0.5184,0.5230,0.5213
3420.0000,0.5727,0.5445,0.5154,0.5173,0.5191,0.5229,0.5223
3425.0000,0.5627,0.5362,0.5150,0.5177,0.5194,0.5242,0.5204
3430.0000,0.5511,0.5313,0.5142,0.5181,0.5201,0.5239,0.5220
3435.0000,0.5453,0.5252,0.5151,0.5179,0.5214,0.5234,0.5232
3440.0000,0.5385,0.5212,0.5156,0.5183,0.5216,0.5245,0.5213
3445.0000,0.5314,0.5194,0.5157,0.5187,0.5225,0.5239,0.5234
3450.0000,0.5240,0.5195,0.5152,0.5196,0.5227,0.5239,0.5242
3455.0000,0.5228,0.5176,0.5159,0.5199,0.5232,0.5239,0.5249
3460.0000,0.5204,0.5173,0.5159,0.5208,0.5229,0.5249,0.5241
3465.0000,0.5176,0.5175,0.5161,0.5215,0.5232,0.5249,0.5253
3470.0000,0.5181,0.5165,0.5170,0.5217,0.5236,0.5250,0.5260
3475.0000,0.5168,0.5170,0.5172,0.5226,0.5232,0.5263,0.5251
3480.0000,0.5156,0.5175,0.5176,0.5230,0.5235,0.5264,0.5263
3485.0000,0.5168,0.5167,0.5188,0.5229,0.5241,0.5264,0.5272
3490.0000,0.5167,0.5171,0.5193,0.5234,0.5240,0.5277,0.5263
3495.0000,0.5162,0.5177,0.5200,0.5235,0.5245,0.5278,0.5274
3500.0000,0.5172,0.5176,0.5210,0.5234,0.5252,0.5280,0.5281
3505.0000,0.5170,0.5185,0.5211,0.5239,0.5251,0.5294,0.5263
3510.0000,0.5168,0.5194,0.5215,0.5240,0.5259,0.5290,0.5279
3515.0000,0.5181,0.5193,0.5223,0.5239,0.5268,0.5288,0.5286
3520.0000,0.5183,0.5203,0.5223,0.5245,0.5268,0.5300,0.5268
3525.0000,0.5180,0.5213,0.5223,0.5248,0.5275,0.5296,0.5280
3530.0000,0.5196,0.5211,0.5229,0.5248,0.5284,0.5291,0.5289
3535.0000,0.5199,0.5218,0.5228,0.5256,0.5283,0.5301,0.5272
3540.0000,0.5200,0.5224,0.5229,0.5260,0.5287,0.5296,0.5283
3545.0000,0.5189,0.5236,0.5227,0.5267,0.5289,0.5295,0.5288
3550.0000,0.5212,0.5230,0.5232,0.5273,0.5286,0.5306,0.5263
3555.0000,0.5212,0.5234,0.5235,0.5277,0.5291,0.5297,0.5283
3560.0000,0.5199,0.5244,0.5234,0.5283,0.5291,0.5295,0.5290
3565.0000,0.5222,0.5237,0.5241,0.5288,0.5287,0.5306,0.5267
3570.0000,0.5222,0.5240,0.5246,0.5290,0.5291,0.5297,0.5291
3575.0000,0.5218,0.5245,0.5250,0.5293,0.5291,0.5294,0.5304
3580.0000,0.5233,0.5240,0.5260,0.5293,0.5293,0.5293,0.5315
3585.0000,0.5230,0.5248,0.5262,0.5298,0.5286,0.5305,0.5313
3590.0000,0.5226,0.5255,0.5265,0.5300,0.5285,0.5309,0.5327
3595.0000,0.5242,0.5251,0.5275,0.5298,0.5286,0.5315,0.5338
3600.0000,0.5242,0.5258,0.5277,0.5301,0.5281,0.5333,0.5335
3605.0000,0.5233,0.5269,0.5278,0.5301,0.5283,0.5341,0.5349
3610.0000,0.5252,0.5265,0.5287,0.5295,0.5291,0.5348,0.5361
3615.0000,0.5253,0.5272,0.5288,0.5296,0.5292,0.5367,0.5352
3620.0000,0.5253,0.5278,0.5291,0.5292,0.5303,0.5371,0.5371
3625.0000,0.5266,0.5275,0.5297,0.5287,0.5317,0.5374,0.5385
3630.0000,0.5267,0.5281,0.5295,0.5289,0.5323,0.5392,0.5373
3635.0000,0.5266,0.5287,0.5295,0.5288,0.5339,0.5391,0.5395
3640.0000,0.5278,0.5284,0.5297,0.5287,0.5354,0.5393,0.5409
3645.0000,0.5278,0.5291,0.5291,0.5295,0.5360,0.5409,0.5400
