150.0000,1.1042,1.0798,1.0228,0.9975,0.9841,0.9897,0.9907
155.0000,1.0950,1.0665,1.0179,0.9948,0.9844,0.9900,0.9933
160.0000,1.0851,1.0543,1.0136,0.9928,0.9837,0.9930,0.9918
165.0000,1.0718,1.0453,1.0093,0.9908,0.9846,0.9934,0.9960
170.0000,1.0622,1.0359,1.0064,0.9887,0.9859,0.9943,0.9992
175.0000,1.0513,1.0296,1.0023,0.9881,0.9857,0.9982,0.9980
180.0000,1.0419,1.0236,0.9993,0.9869,0.9874,0.9991,1.0031
185.0000,1.0354,1.0170,0.9974,0.9857,0.9894,1.0007,1.0068
190.0000,1.0275,1.0133,0.9941,0.9860,0.9899,1.0051,1.0061
195.0000,1.0202,1.0099,0.9916,0.9860,0.9920,1.0067,1.0115
200.0000,1.0128,1.0072,0.9893,0.9863,0.9942,1.0088,1.0165
205.0000,1.0117,1.0022,0.9883,0.9868,0.9956,1.0139,1.0157
210.0000,1.0064,0.9999,0.9868,0.9875,0.9984,1.0160,1.0222
215.0000,1.0008,0.9983,0.9853,0.9885,1.0011,1.0189,1.0274
220.0000,1.0009,0.9944,0.9852,0.9899,1.0029,1.0247,1.0267
225.0000,0.9970,0.9930,0.9846,0.9911,1.0064,1.0272,1.0338
230.0000,0.9926,0.9922,0.9842,0.9928,1.0099,1.0303,1.0398
235.0000,0.9934,0.9893,0.9853,0.9940,1.0138,1.0336,1.0453
240.0000,0.9909,0.9889,0.9851,0.9966,1.0164,1.0395,1.0477
245.0000,0.9878,0.9889,0.9854,0.9989,1.0202,1.0434,1.0535
250.0000,0.9892,0.9868,0.9873,1.0007,1.0247,1.0472,1.0593
255.0000,0.9875,0.9873,0.9878,1.0039,1.0277,1.0536,1.0617
260.0000,0.9850,0.9884,0.9887,1.0067,1.0322,1.0576,1.0689
265.0000,0.9873,0.9872,0.9911,1.0092,1.0370,1.0622,1.0745
270.0000,0.9867,0.9884,0.9923,1.0130,1.0406,1.0690,1.0768
275.0000,0.9857,0.9897,0.9942,1.0162,1.0458,1.0731,1.0845
280.0000,0.9880,0.9896,0.9972,1.0192,1.0514,1.0773,1.0919
285.0000,0.9878,0.9918,0.9986,1.0237,1.0550,1.0848,1.0945
290.0000,0.9880,0.9937,1.0011,1.0275,1.0604,1.0895,1.1025
295.0000,0.9910,0.9941,1.0047,1.0310,1.0664,1.0941,1.1109
300.0000,0.9920,0.9965,1.0071,1.0360,1.0704,1.1021,1.1145
305.0000,0.9918,0.9997,1.0098,1.0404,1.0761,1.1071,1.1258
310.0000,0.9956,1.0008,1.0137,1.0447,1.0816,1.1138,1.1345
315.0000,0.9974,1.0038,1.0166,1.0501,1.0858,1.1233,1.1393
320.0000,0.9989,1.0068,1.0203,1.0548,1.0920,1.1297,1.1527
325.0000,0.9976,1.0115,1.0234,1.0599,1.0980,1.1373,1.1661
330.0000,1.0043,1.0128,1.0280,1.0651,1.1030,1.1491,1.1737
335.0000,1.0066,1.0164,1.0322,1.0702,1.1095,1.1590,1.1877
340.0000,1.0088,1.0200,1.0368,1.0750,1.1170,1.1690,1.2039
345.0000,1.0142,1.0224,1.0418,1.0804,1.1233,1.1839,1.2132
350.0000,1.0164,1.0269,1.0464,1.0855,1.1319,1.1962,1.2311
355.0000,1.0189,1.0311,1.0515,1.0903,1.1421,1.2083,1.2515
360.0000,1.0249,1.0338,1.0575,1.0951,1.1529,1.2222,1.2721
365.0000,1.0273,1.0395,1.0615,1.1018,1.1624,1.2404,1.2902
370.0000,1.0301,1.0449,1.0657,1.1086,1.1732,1.2597,1.3086
375.0000,1.0370,1.0479,1.0719,1.1145,1.1870,1.2774,1.3314
380.0000,1.0409,1.0533,1.0763,1.1224,1.1997,1.2997,1.3499
385.0000,1.0425,1.0597,1.0809,1.1302,1.2155,1.3194,1.3764
390.0000,1.0503,1.0631,1.0869,1.1386,1.2316,1.3430,1.3967
395.0000,1.0548,1.0687,1.0919,1.1485,1.2482,1.3684,1.4140
400.0000,1.0589,1.0739,1.0981,1.1579,1.2689,1.3895,1.4398
405.0000,1.0657,1.0777,1.1054,1.1679,1.2911,1.4109,1.4643
410.0000,1.0696,1.0844,1.1110,1.1810,1.3115,1.4369,1.4807
415.0000,1.0744,1.0903,1.1179,1.1942,1.3347,1.4598,1.4995
420.0000,1.0816,1.0948,1.1266,1.2078,1.3603,1.4796,1.5200
425.0000,1.0870,1.1014,1.1341,1.2246,1.3835,1.5033,1.5303
430.0000,1.0903,1.1096,1.1423,1.2419,1.4094,1.5205,1.5494
435.0000,1.0989,1.1155,1.1526,1.2603,1.4349,1.5378,1.5616
440.0000,1.1053,1.1237,1.1622,1.2816,1.4580,1.5566,1.5648
445.0000,1.1116,1.1322,1.1737,1.3028,1.4831,1.5676,1.5775
450.0000,1.1129,1.1443,1.1847,1.3263,1.5057,1.5780,1.5844
455.0000,1.1268,1.1516,1.1992,1.3506,1.5256,1.5901,1.5795
460.0000,1.1356,1.1617,1.2149,1.3746,1.5463,1.5938,1.5847
465.0000,1.1449,1.1723,1.2322,1.3991,1.5646,1.5959,1.5849
470.0000,1.1574,1.1830,1.2509,1.4246,1.5781,1.6001,1.5733
475.0000,1.1661,1.1974,1.2703,1.4493,1.5917,1.5955,1.5741
480.0000,1.1773,1.2120,1.2914,1.4736,1.6015,1.5912,1.5672
485.0000,1.1931,1.2257,1.3148,1.4964,1.6086,1.5847,1.5579
490.0000,1.2038,1.2451,1.3364,1.5199,1.6106,1.5793,1.5429
495.0000,1.2197,1.2624,1.3613,1.5396,1.6129,1.5669,1.5360
500.0000,1.2389,1.2797,1.3871,1.5576,1.6109,1.5559,1.5229
505.0000,1.2565,1.2996,1.4121,1.5742,1.6052,1.5456,1.5062
510.0000,1.2685,1.3244,1.4352,1.5888,1.5974,1.5328,1.4916
515.0000,1.2930,1.3437,1.4616,1.5982,1.5900,1.5162,1.4804
520.0000,1.3147,1.3656,1.4855,1.6065,1.5780,1.5032,1.4630
525.0000,1.3362,1.3880,1.5086,1.6113,1.5656,1.4880,1.4491
530.0000,1.3588,1.4100,1.5305,1.6129,1.5519,1.4727,1.4341
535.0000,1.3774,1.4360,1.5476,1.6138,1.5348,1.4608,1.4133
540.0000,1.4011,1.4576,1.5657,1.6093,1.5213,1.4419,1.4067
545.0000,1.4251,1.4780,1.5810,1.6030,1.5053,1.4270,1.3935
550.0000,1.4471,1.4985,1.5927,1.5954,1.4876,1.4151,1.3762
555.0000,1.4628,1.5213,1.5999,1.5862,1.4707,1.4011,1.3649
560.0000,1.4868,1.5368,1.6075,1.5732,1.4561,1.3851,1.3575
565.0000,1.5065,1.5524,1.6105,1.5606,1.4387,1.3748,1.3428
570.0000,1.5232,1.5663,1.6108,1.5462,1.4231,1.3626,1.3341
575.0000,1.5312,1.5814,1.6066,1.5318,1.4074,1.3516,1.3248
580.0000,1.5519,1.5872,1.6029,1.5158,1.3919,1.3443,1.3084
585.0000,1.5639,1.5928,1.5966,1.4984,1.3801,1.3309,1.3082
590.0000,1.5704,1.5976,1.5870,1.4821,1.3672,1.3217,1.3015
595.0000,1.5814,1.5963,1.5775,1.4647,1.3558,1.3128,1.2949
600.0000,1.5835,1.5968,1.5636,1.4494,1.3432,1.3074,1.2847
605.0000,1.5838,1.5938,1.5498,1.4331,1.3339,1.2980,1.2830
610.0000,1.5878,1.5856,1.5363,1.4170,1.3249,1.2910,1.2785
615.0000,1.5840,1.5789,1.5197,1.4030,1.3148,1.2871,1.2709
620.0000,1.5758,1.5712,1.5028,1.3891,1.3071,1.2805,1.2696
625.0000,1.5740,1.5576,1.4878,1.3750,1.3003,1.2752,1.2667
630.0000,1.5644,1.5465,1.4702,1.3635,1.2920,1.2731,1.2605
635.0000,1.5539,1.5333,1.4537,1.3518,1.2861,1.2687,1.2595
640.0000,1.5461,1.5166,1.4394,1.3399,1.2817,1.2640,1.2591
645.0000,1.5316,1.5032,1.4227,1.3307,1.2754,1.2632,1.2545
650.0000,1.5158,1.4894,1.4070,1.3216,1.2710,1.2601,1.2553
655.0000,1.5054,1.4720,1.3939,1.3123,1.2678,1.2573,1.2562
660.0000,1.4918,1.4560,1.3803,1.3048,1.2632,1.2581,1.2523
665.0000,1.4739,1.4423,1.3669,1.2977,1.2605,1.2559,1.2562
670.0000,1.4617,1.4257,1.3560,1.2905,1.2585,1.2549,1.2587
675.0000,1.4457,1.4126,1.3435,1.2857,1.2546,1.2578,1.2565
680.0000,1.4316,1.3983,1.3334,1.2800,1.2535,1.2574,1.2626
685.0000,1.4191,1.3835,1.3249,1.2745,1.2528,1.2582,1.2676
690.0000,1.4035,1.3723,1.3148,1.2712,1.2504,1.2630,1.2676
695.0000,1.3885,1.3615,1.3061,1.2674,1.2503,1.2652,1.2759
700.0000,1.3750,1.3506,1.2987,1.2638,1.2511,1.2679,1.2848
705.0000,1.3668,1.3379,1.2928,1.2609,1.2508,1.2754,1.2872
710.0000,1.3531,1.3293,1.2861,1.2584,1.2527,1.2801,1.2990
715.0000,1.3397,1.3216,1.2800,1.2563,1.2551,1.2861,1.3111
720.0000,1.3337,1.3112,1.2763,1.2538,1.2589,1.2930,1.3241
725.0000,1.3245,1.3036,1.2715,1.2532,1.2615,1.3041,1.3344
730.0000,1.3124,1.2984,1.2665,1.2530,1.2656,1.3150,1.3481
735.0000,1.3079,1.2900,1.2642,1.2520,1.2721,1.3258,1.3643
740.0000,1.2993,1.2856,1.2600,1.2533,1.2773,1.3412,1.3769
745.0000,1.2911,1.2813,1.2569,1.2544,1.2851,1.3556,1.3931
750.0000,1.2884,1.2743,1.2563,1.2548,1.2959,1.3691,1.4122
755.0000,1.2817,1.2710,1.2538,1.2578,1.3053,1.3875,1.4265
760.0000,1.2752,1.2681,1.2525,1.2606,1.3180,1.4030,1.4483
765.0000,1.2735,1.2633,1.2524,1.2644,1.3309,1.4222,1.4642
770.0000,1.2686,1.2615,1.2512,1.2702,1.3442,1.4432,1.4767
775.0000,1.2636,1.2602,1.2512,1.2760,1.3610,1.4603,1.4963
780.0000,1.2631,1.2570,1.2530,1.2824,1.3794,1.4772,1.5139
785.0000,1.2599,1.2568,1.2533,1.2919,1.3960,1.4982,1.5229
790.0000,1.2564,1.2571,1.2549,1.3017,1.4156,1.5147,1.5359
795.0000,1.2576,1.2554,1.2589,1.3120,1.4369,1.5287,1.5478
800.0000,1.2562,1.2566,1.2616,1.3255,1.4556,1.5460,1.5489
805.0000,1.2541,1.2588,1.2657,1.3395,1.4767,1.5566,1.5556
810.0000,1.2569,1.2589,1.2725,1.3540,1.4980,1.5645,1.5572
815.0000,1.2573,1.2621,1.2784,1.3716,1.5160,1.5738,1.5473
820.0000,1.2582,1.2656,1.2864,1.3891,1.5354,1.5748,1.5433
825.0000,1.2560,1.2721,1.2945,1.4086,1.5521,1.5737,1.5309
830.0000,1.2641,1.2751,1.3057,1.4286,1.5655,1.5718,1.5049
870.0000,1.3210,1.3582,1.4357,1.5777,1.5510,1.3573,1.2307
875.0000,1.3379,1.3707,1.4585,1.5865,1.5301,1.3069,1.1911
880.0000,1.3516,1.3871,1.4787,1.5943,1.4996,1.2600,1.1437
885.0000,1.3600,1.4081,1.4965,1.5996,1.4624,1.2136,1.0920
890.0000,1.3812,1.4228,1.5181,1.5973,1.4243,1.1604,1.0496
895.0000,1.3988,1.4403,1.5368,1.5917,1.3792,1.1107,1.0051
900.0000,1.4154,1.4587,1.5531,1.5820,1.3283,1.0657,0.9526
905.0000,1.4343,1.4753,1.5688,1.5655,1.2763,1.0194,0.9031
910.0000,1.4488,1.4951,1.5797,1.5443,1.2219,0.9746,0.8519
915.0000,1.4676,1.5101,1.5911,1.5140,1.1723,0.9207,0.8249
920.0000,1.4859,1.5242,1.5974,1.4804,1.1178,0.8771,0.7853
925.0000,1.5023,1.5374,1.5989,1.4422,1.0636,0.8359,0.7477
930.0000,1.5138,1.5512,1.5941,1.4001,1.0101,0.7967,0.7137
935.0000,1.5294,1.5587,1.5866,1.3523,0.9611,0.7555,0.6912
940.0000,1.5415,1.5646,1.5721,1.3031,0.9110,0.7222,0.6660
945.0000,1.5486,1.5688,1.5506,1.2527,0.8620,0.6939,0.6398
950.0000,1.5489,1.5712,1.5226,1.2010,0.8158,0.6685,0.6170
955.0000,1.5573,1.5636,1.4921,1.1471,0.7735,0.6465,0.5935
960.0000,1.5551,1.5546,1.4558,1.0926,0.7367,0.6221,0.5860
965.0000,1.5455,1.5426,1.4134,1.0400,0.7010,0.6050,0.5722
970.0000,1.5425,1.5200,1.3706,0.9866,0.6707,0.5892,0.5608
975.0000,1.5292,1.4955,1.3228,0.9359,0.6429,0.5773,0.5482
980.0000,1.5076,1.4675,1.2725,0.8866,0.6206,0.5635,0.5454
985.0000,1.4897,1.4310,1.2223,0.8394,0.6012,0.5536,0.5402
990.0000,1.4610,1.3947,1.1683,0.7966,0.5835,0.5469,0.5344
995.0000,1.4344,1.3508,1.1163,0.7557,0.5702,0.5402,0.5318
1000.0000,1.3994,1.3057,1.0635,0.7188,0.5592,0.5347,0.5303
1005.0000,1.3563,1.2629,1.0084,0.6874,0.5486,0.5323,0.5276
1010.0000,1.3077,1.2202,0.9533,0.6604,0.5396,0.5307,0.5263
1015.0000,1.2705,1.1683,0.9046,0.6345,0.5342,0.5286,0.5260
1020.0000,1.2277,1.1165,0.8581,0.6124,0.5297,0.5283,0.5239
1025.0000,1.1752,1.0690,0.8123,0.5943,0.5263,0.5277,0.5238
1030.0000,1.1316,1.0166,0.7728,0.5776,0.5251,0.5265,0.5241
1035.0000,1.0885,0.9633,0.7380,0.5631,0.5248,0.5263,0.5222
1040.0000,1.0335,0.9193,0.7028,0.5527,0.5244,0.5254,0.5233
1045.0000,0.9879,0.8732,0.6731,0.5436,0.5249,0.5244,0.5237
1050.0000,0.9395,0.8331,0.6445,0.5381,0.5241,0.5252,0.5217
1055.0000,0.9013,0.7896,0.6229,0.5320,0.5255,0.5237,0.5230
1060.0000,0.8576,0.7526,0.6028,0.5283,0.5259,0.5231,0.5232
1065.0000,0.8141,0.7217,0.5837,0.5271,0.5250,0.5238,0.5215
1070.0000,0.7748,0.6930,0.5679,0.5264,0.5245,0.5236,0.5218
1075.0000,0.7460,0.6627,0.5574,0.5250,0.5249,0.5228,0.5221
1080.0000,0.7145,0.6375,0.5483,0.5248,0.5242,0.5236,0.5197
1085.0000,0.6823,0.6181,0.5399,0.5252,0.5238,0.5229,0.5210
1090.0000,0.6543,0.6010,0.5335,0.5257,0.5231,0.5227,0.5211
1095.0000,0.6344,0.5839,0.5302,0.5254,0.5230,0.5223,0.5212
1100.0000,0.6173,0.5686,0.5285,0.5251,0.5226,0.5226,0.5197
1105.0000,0.5967,0.5589,0.5262,0.5252,0.5224,0.5220,0.5204
1110.0000,0.5829,0.5494,0.5256,0.5248,0.5223,0.5215,0.5204
1115.0000,0.5692,0.5435,0.5243,0.5252,0.5214,0.5222,0.5186
1120.0000,0.5600,0.5375,0.5245,0.5246,0.5215,0.5214,0.5192
1125.0000,0.5521,0.5327,0.5249,0.5239,0.5218,0.5205,0.5195
1130.0000,0.5442,0.5306,0.5244,0.5240,0.5210,0.5210,0.5179
1135.0000,0.5375,0.5293,0.5240,0.5238,0.5209,0.5204,0.5184
1140.0000,0.5349,0.5271,0.5244,0.5232,0.5210,0.5196,0.5186
1145.0000,0.5317,0.5263,0.5241,0.5231,0.5204,0.5200,0.5171
1150.0000,0.5286,0.5261,0.5238,0.5229,0.5202,0.5195,0.5173
1155.0000,0.5280,0.5249,0.5241,0.5224,0.5202,0.5188,0.5173
1160.0000,0.5263,0.5250,0.5235,0.5225,0.5194,0.5195,0.5149
1165.0000,0.5248,0.5251,0.5232,0.5221,0.5194,0.5183,0.5160
1170.0000,0.5252,0.5242,0.5234,0.5216,0.5195,0.5175,0.5161
1175.0000,0.5245,0.5244,0.5228,0.5217,0.5186,0.5180,0.5139
1180.0000,0.5234,0.5246,0.5224,0.5214,0.5184,0.5171,0.5147
1185.0000,0.5242,0.5237,0.5226,0.5208,0.5184,0.5161,0.5151
1190.0000,0.5237,0.5237,0.5221,0.5209,0.5175,0.5166,0.5132
1195.0000,0.5231,0.5237,0.5217,0.5206,0.5172,0.5159,0.5137
1200.0000,0.5213,0.5242,0.5211,0.5205,0.5167,0.5155,0.5136
1205.0000,0.5230,0.5230,0.5212,0.5202,0.5158,0.5163,0.5106
1210.0000,0.5223,0.5230,0.5209,0.5198,0.5158,0.5151,0.5122
1215.0000,0.5212,0.5231,0.5206,0.5194,0.5155,0.5144,0.5123
1220.0000,0.5224,0.5220,0.5208,0.5187,0.5154,0.5136,0.5122
1225.0000,0.5217,0.5222,0.5203,0.5186,0.5146,0.5140,0.5104
1230.0000,0.5207,0.5222,0.5200,0.5181,0.5146,0.5129,0.5112
1235.0000,0.5217,0.5212,0.5202,0.5173,0.5145,0.5121,0.5111
1240.0000,0.5212,0.5212,0.5196,0.5172,0.5136,0.5124,0.5096
1245.0000,0.5199,0.5215,0.5190,0.5169,0.5133,0.5118,0.5099
1250.0000,0.5209,0.5204,0.5191,0.5162,0.5132,0.5110,0.5101
1255.0000,0.5202,0.5206,0.5183,0.5162,0.5123,0.5113,0.5086
1260.0000,0.5192,0.5207,0.5177,0.5159,0.5119,0.5108,0.5090
1265.0000,0.5201,0.5197,0.5177,0.5152,0.5117,0.5102,0.5092
1270.0000,0.5194,0.5198,0.5169,0.5152,0.5106,0.5109,0.5071
1275.0000,0.5186,0.5196,0.5166,0.5147,0.5106,0.5100,0.5082
1280.0000,0.5193,0.5185,0.5166,0.5140,0.5105,0.5094,0.5084
1285.0000,0.5187,0.5183,0.5160,0.5138,0.5096,0.5102,0.5063
1290.0000,0.5178,0.5181,0.5157,0.5132,0.5097,0.5092,0.5075
1295.0000,0.5182,0.5171,0.5157,0.5125,0.5097,0.5086,0.5078
1300.0000,0.5176,0.5171,0.5151,0.5123,0.5089,0.5093,0.5059
1305.0000,0.5164,0.5172,0.5144,0.5119,0.5088,0.5087,0.5068
1310.0000,0.5170,0.5162,0.5144,0.5113,0.5089,0.5080,0.5074
1315.0000,0.5163,0.5162,0.5136,0.5112,0.5082,0.5087,0.5056
1320.0000,0.5155,0.5161,0.5130,0.5109,0.5081,0.5082,0.5064
1325.0000,0.5138,0.5163,0.5123,0.5107,0.5079,0.5079,0.5069
1330.0000,0.5153,0.5150,0.5122,0.5104,0.5073,0.5088,0.5044
1335.0000,0.5146,0.5147,0.5118,0.5100,0.5075,0.5079,0.5062
1340.0000,0.5133,0.5146,0.5112,0.5098,0.5074,0.5076,0.5067
1345.0000,0.5142,0.5134,0.5113,0.5092,0.5075,0.5073,0.5069
1350.0000,0.5133,0.5134,0.5106,0.5093,0.5069,0.5080,0.5056
1355.0000,0.5121,0.5133,0.5102,0.5090,0.5070,0.5075,0.5065
1360.0000,0.5130,0.5121,0.5103,0.5085,0.5073,0.5071,0.5067
1365.0000,0.5122,0.5121,0.5097,0.5085,0.5067,0.5079,0.5053
1370.0000,0.5109,0.5122,0.5092,0.5084,0.5068,0.5075,0.5059
1375.0000,0.5118,0.5110,0.5095,0.5079,0.5072,0.5069,0.5064
1380.0000,0.5111,0.5110,0.5089,0.5080,0.5067,0.5075,0.5050
1385.0000,0.5101,0.5110,0.5085,0.5079,0.5069,0.5070,0.5056
1390.0000,0.5107,0.5101,0.5086,0.5075,0.5071,0.5066,0.5059
1395.0000,0.5100,0.5101,0.5080,0.5078,0.5065,0.5074,0.5040
1400.0000,0.5092,0.5101,0.5078,0.5077,0.5067,0.5066,0.5052
1405.0000,0.5098,0.5092,0.5080,0.5074,0.5069,0.5061,0.5054
1410.0000,0.5093,0.5092,0.5075,0.5077,0.5062,0.5069,0.5036
1415.0000,0.5083,0.5093,0.5072,0.5076,0.5063,0.5062,0.5047
1420.0000,0.5090,0.5084,0.5075,0.5073,0.5065,0.5057,0.5050
1425.0000,0.5085,0.5085,0.5071,0.5076,0.5057,0.5065,0.5031
1430.0000,0.5076,0.5087,0.5069,0.5076,0.5057,0.5059,0.5040
1435.0000,0.5083,0.5078,0.5073,0.5072,0.5060,0.5052,0.5046
1440.0000,0.5079,0.5079,0.5070,0.5074,0.5053,0.5060,0.5028
1445.0000,0.5073,0.5080,0.5070,0.5072,0.5053,0.5055,0.5036
1450.0000,0.5058,0.5086,0.5066,0.5072,0.5051,0.5052,0.5039
1455.0000,0.5074,0.5076,0.5069,0.5071,0.5045,0.5061,0.5012
1460.0000,0.5069,0.5077,0.5069,0.5068,0.5048,0.5052,0.5029
1465.0000,0.5060,0.5080,0.5067,0.5066,0.5048,0.5047,0.5031
1470.0000,0.5072,0.5072,0.5071,0.5062,0.5050,0.5041,0.5033
1475.0000,0.5066,0.5076,0.5066,0.5063,0.5044,0.5047,0.5017
1480.0000,0.5058,0.5079,0.5064,0.5061,0.5045,0.5038,0.5026
1485.0000,0.5070,0.5071,0.5068,0.5057,0.5047,0.5033,0.5027
1490.0000,0.5067,0.5073,0.5063,0.5058,0.5040,0.5038,0.5014
1495.0000,0.5056,0.5078,0.5059,0.5058,0.5039,0.5033,0.5019
1500.0000,0.5068,0.5069,0.5062,0.5054,0.5040,0.5027,0.5022
1505.0000,0.5064,0.5071,0.5057,0.5055,0.5033,0.5032,0.5009
1510.0000,0.5057,0.5073,0.5054,0.5054,0.5031,0.5028,0.5014
1515.0000,0.5066,0.5065,0.5057,0.5051,0.5030,0.5024,0.5016
1520.0000,0.5061,0.5068,0.5052,0.5052,0.5022,0.5032,0.4996
1525.0000,0.5055,0.5068,0.5051,0.5049,0.5023,0.5024,0.5009
1530.0000,0.5063,0.5060,0.5054,0.5044,0.5024,0.5019,0.5012
1535.0000,0.5060,0.5060,0.5051,0.5045,0.5017,0.5028,0.4994
1540.0000,0.5052,0.5062,0.5049,0.5042,0.5017,0.5022,0.5002
1545.0000,0.5059,0.5054,0.5052,0.5036,0.5020,0.5015,0.5009
1550.0000,0.5055,0.5056,0.5048,0.5036,0.5014,0.5023,0.4991
1555.0000,0.5046,0.5059,0.5044,0.5034,0.5014,0.5017,0.5001
1560.0000,0.5054,0.5052,0.5046,0.5029,0.5017,0.5011,0.5007
1565.0000,0.5050,0.5054,0.5040,0.5030,0.5010,0.5020,0.4989
1570.0000,0.5044,0.5055,0.5037,0.5029,0.5010,0.5015,0.4998
1575.0000,0.5029,0.5061,0.5031,0.5028,0.5009,0.5013,0.5001
1580.0000,0.5046,0.5050,0.5032,0.5027,0.5004,0.5023,0.4976
1585.0000,0.5042,0.5049,0.5030,0.5024,0.5007,0.5013,0.4994
1590.0000,0.5032,0.5050,0.5027,0.5023,0.5008,0.5009,0.4999
1595.0000,0.5043,0.5040,0.5029,0.5018,0.5010,0.5005,0.5001
1600.0000,0.5036,0.5042,0.5024,0.5020,0.5004,0.5012,0.4987
1605.0000,0.5026,0.5043,0.5021,0.5019,0.5006,0.5006,0.4995
1610.0000,0.5037,0.5033,0.5024,0.5015,0.5008,0.5002,0.4997
1615.0000,0.5031,0.5034,0.5019,0.5017,0.5002,0.5008,0.4984
1620.0000,0.5019,0.5038,0.5015,0.5016,0.5002,0.5004,0.4990
1625.0000,0.5031,0.5028,0.5019,0.5012,0.5005,0.4998,0.4994
1630.0000,0.5025,0.5029,0.5015,0.5014,0.4999,0.5004,0.4980
1635.0000,0.5018,0.5030,0.5012,0.5014,0.4999,0.5000,0.4986
1640.0000,0.5025,0.5022,0.5015,0.5010,0.5001,0.4996,0.4988
1645.0000,0.5020,0.5024,0.5010,0.5013,0.4994,0.5004,0.4969
1650.0000,0.5013,0.5025,0.5009,0.5011,0.4996,0.4996,0.4982
1655.0000,0.5020,0.5017,0.5012,0.5008,0.4997,0.4991,0.4986
1660.0000,0.5017,0.5018,0.5009,0.5010,0.4991,0.4999,0.4968
1665.0000,0.5009,0.5021,0.5007,0.5008,0.4991,0.4994,0.4977
1670.0000,0.5017,0.5013,0.5010,0.5004,0.4993,0.4988,0.4983
1675.0000,0.5013,0.5015,0.5007,0.5006,0.4987,0.4996,0.4966
1680.0000,0.5007,0.5016,0.5005,0.5005,0.4987,0.4991,0.4976
1685.0000,0.4992,0.5022,0.5001,0.5004,0.4987,0.4987,0.4983
1690.0000,0.5009,0.5013,0.5004,0.5003,0.4983,0.4995,0.4967
1695.0000,0.5005,0.5014,0.5002,0.5001,0.4983,0.4990,0.4980
1700.0000,0.4990,0.5019,0.4998,0.5000,0.4983,0.4988,0.4989
1705.0000,0.5007,0.5010,0.5000,0.5000,0.4978,0.4999,0.4970
1710.0000,0.5002,0.5011,0.4999,0.4997,0.4981,0.4991,0.4998
1715.0000,0.4993,0.5013,0.4997,0.4995,0.4981,0.4991,0.5017
1720.0000,0.5005,0.5005,0.5000,0.4992,0.4983,0.4993,0.5038
1725.0000,0.4999,0.5009,0.4995,0.4994,0.4977,0.5008,0.5047
1730.0000,0.4990,0.5011,0.4992,0.4993,0.4977,0.5016,0.5079
1735.0000,0.5002,0.5002,0.4995,0.4989,0.4980,0.5028,0.5117
1740.0000,0.4998,0.5004,0.4991,0.4992,0.4976,0.5055,0.5144
1745.0000,0.4986,0.5009,0.4987,0.4991,0.4979,0.5078,0.5202
1750.0000,0.4999,0.5000,0.4990,0.4988,0.4983,0.5113,0.5253
1755.0000,0.4995,0.5001,0.4986,0.4989,0.4986,0.5162,0.5300
1760.0000,0.4989,0.5001,0.4986,0.4986,0.5001,0.5203,0.5386
1765.0000,0.4996,0.4993,0.4990,0.4981,0.5021,0.5255,0.5477
1770.0000,0.4992,0.4994,0.4987,0.4983,0.5037,0.5331,0.5555
1775.0000,0.4985,0.4997,0.4984,0.4984,0.5062,0.5412,0.5644
1780.0000,0.4993,0.4988,0.4989,0.4980,0.5106,0.5487,0.5764
1785.0000,0.4989,0.4990,0.4985,0.4986,0.5144,0.5593,0.5860
1790.0000,0.4983,0.4992,0.4984,0.4989,0.5204,0.5685,0.6015
1795.0000,0.4989,0.4987,0.4983,0.4999,0.5263,0.5809,0.6132
1800.0000,0.4986,0.4989,0.4978,0.5016,0.5329,0.5945,0.6240
1805.0000,0.4981,0.4990,0.4977,0.5032,0.5420,0.6063,0.6412
1810.0000,0.4965,0.4998,0.4972,0.5060,0.5513,0.6205,0.6551
1815.0000,0.4983,0.4989,0.4975,0.5092,0.5614,0.6362,0.6665
1820.0000,0.4980,0.4989,0.4980,0.5127,0.5742,0.6490,0.6856
1825.0000,0.4967,0.4994,0.4983,0.5175,0.5872,0.6631,0.7034
1830.0000,0.4983,0.4989,0.4991,0.5236,0.6000,0.6801,0.7172
1835.0000,0.4978,0.4997,0.4997,0.5310,0.6135,0.6973,0.7293
1840.0000,0.4971,0.5005,0.5013,0.5388,0.6289,0.7123,0.7446
1845.0000,0.4989,0.5002,0.5042,0.5473,0.6452,0.7269,0.7590
1850.0000,0.4987,0.5017,0.5066,0.5578,0.6607,0.7431,0.7695
1855.0000,0.4986,0.5034,0.5101,0.5690,0.6772,0.7579,0.7792
1860.0000,0.5011,0.5040,0.5155,0.5803,0.6951,0.7699,0.7896
1865.0000,0.5020,0.5064,0.5208,0.5936,0.7114,0.7831,0.7947
1870.0000,0.5026,0.5097,0.5273,0.6071,0.7291,0.7918,0.8042
1875.0000,0.5062,0.5123,0.5352,0.6215,0.7458,0.8002,0.8097
1880.0000,0.5089,0.5166,0.5434,0.6374,0.7608,0.8085,0.8112
1885.0000,0.5118,0.5218,0.5528,0.6535,0.7755,0.8133,0.8147
1890.0000,0.5166,0.5272,0.5635,0.6701,0.7889,0.8167,0.8164
1895.0000,0.5202,0.5351,0.5739,0.6880,0.7993,0.8207,0.8134
1900.0000,0.5258,0.5429,0.5863,0.7051,0.8096,0.8206,0.8141
1905.0000,0.5334,0.5507,0.6001,0.7220,0.8176,0.8201,0.8116
1910.0000,0.5405,0.5604,0.6140,0.7391,0.8227,0.8199,0.8054
1915.0000,0.5458,0.5727,0.6282,0.7555,0.8266,0.8170,0.8014
1920.0000,0.5574,0.5824,0.6452,0.7697,0.8298,0.8118,0.7982
1925.0000,0.5683,0.5937,0.6623,0.7833,0.8300,0.8082,0.7904
1930.0000,0.5802,0.6054,0.6803,0.7948,0.8296,0.8023,0.7852
1935.0000,0.5884,0.6205,0.6969,0.8056,0.8269,0.7966,0.7784
1940.0000,0.6028,0.6342,0.7143,0.8145,0.8225,0.7918,0.7676
1945.0000,0.6167,0.6486,0.7318,0.8206,0.8189,0.7829,0.7654
1950.0000,0.6256,0.6667,0.7464,0.8264,0.8127,0.7763,0.7587
1955.0000,0.6434,0.6814,0.7618,0.8299,0.8054,0.7710,0.7484
1960.0000,0.6595,0.6965,0.7764,0.8309,0.7993,0.7623,0.7459
1965.0000,0.6751,0.7118,0.7891,0.8307,0.7917,0.7558,0.7395
1970.0000,0.6908,0.7266,0.8005,0.8289,0.7841,0.7493,0.7332
1975.0000,0.7029,0.7435,0.8085,0.8268,0.7752,0.7445,0.7245
1980.0000,0.7188,0.7567,0.8167,0.8219,0.7686,0.7364,0.7221
1985.0000,0.7346,0.7686,0.8232,0.8162,0.7614,0.7301,0.7173
1990.0000,0.7485,0.7800,0.8273,0.8102,0.7537,0.7254,0.7108
1995.0000,0.7569,0.7928,0.8283,0.8040,0.7464,0.7200,0.7069
2000.0000,0.7715,0.8004,0.8298,0.7961,0.7404,0.7139,0.7043
2005.0000,0.7822,0.8079,0.8285,0.7889,0.7334,0.7102,0.6993
2010.0000,0.7912,0.8138,0.8261,0.7812,0.7275,0.7057,0.6968
2015.0000,0.8001,0.8172,0.8229,0.7733,0.7219,0.7017,0.6939
2020.0000,0.8048,0.8212,0.8171,0.7664,0.7155,0.6998,0.6885
2025.0000,0.8088,0.8229,0.8112,0.7589,0.7110,0.6957,0.6882
2030.0000,0.8141,0.8214,0.8056,0.7512,0.7068,0.6925,0.6863
2035.0000,0.8157,0.8201,0.7983,0.7446,0.7019,0.6914,0.6817
2040.0000,0.8154,0.8177,0.7909,0.7378,0.6984,0.6886,0.6808
2045.0000,0.8161,0.8126,0.7843,0.7308,0.6959,0.6854,0.6802
2050.0000,0.8135,0.8083,0.7763,0.7252,0.6923,0.6847,0.6761
2055.0000,0.8098,0.8032,0.7686,0.7196,0.6899,0.6822,0.6759
2060.0000,0.8052,0.7973,0.7611,0.7143,0.6878,0.6800,0.6749
2065.0000,0.8025,0.7897,0.7542,0.7096,0.6853,0.6796,0.6703
2070.0000,0.7958,0.7836,0.7468,0.7052,0.6839,0.6768,0.6717
2075.0000,0.7875,0.7781,0.7391,0.7017,0.6819,0.6751,0.6709
2080.0000,0.7839,0.7699,0.7328,0.6984,0.6796,0.6751,0.6665
2085.0000,0.7773,0.7629,0.7266,0.6952,0.6785,0.6725,0.6680
2090.0000,0.7688,0.7568,0.7204,0.6926,0.6769,0.6711,0.6674
2095.0000,0.7644,0.7486,0.7158,0.6898,0.6757,0.6696,0.6666
2100.0000,0.7579,0.7419,0.7109,0.6877,0.6737,0.6694,0.6639
2105.0000,0.7492,0.7364,0.7062,0.6857,0.6726,0.6677,0.6643
2110.0000,0.7446,0.7292,0.7029,0.6833,0.6717,0.6663,0.6636
2115.0000,0.7376,0.7242,0.6988,0.6820,0.6697,0.6664,0.6610
2120.0000,0.7314,0.7189,0.6956,0.6802,0.6688,0.6649,0.6610
2125.0000,0.7271,0.7130,0.6935,0.6781,0.6682,0.6633,0.6609
2130.0000,0.7209,0.7091,0.6903,0.6770,0.6665,0.6633,0.6584
2135.0000,0.7147,0.7057,0.6876,0.6756,0.6656,0.6621,0.6584
2140.0000,0.7115,0.7011,0.6860,0.6739,0.6649,0.6608,0.6581
2145.0000,0.7073,0.6979,0.6837,0.6729,0.6633,0.6611,0.6550
2150.0000,0.7023,0.6953,0.6816,0.6716,0.6628,0.6593,0.6561
2155.0000,0.6999,0.6917,0.6804,0.6700,0.6622,0.6581,0.6558
2160.0000,0.6961,0.6897,0.6782,0.6694,0.6605,0.6586,0.6528
2165.0000,0.6926,0.6876,0.6765,0.6683,0.6599,0.6573,0.6532
2170.0000,0.6910,0.6846,0.6757,0.6668,0.6596,0.6558,0.6535
2175.0000,0.6881,0.6830,0.6738,0.6662,0.6581,0.6562,0.6506
2180.0000,0.6851,0.6815,0.6724,0.6651,0.6575,0.6549,0.6511
2185.0000,0.6814,0.6805,0.6708,0.6643,0.6567,0.6539,0.6511
2190.0000,0.6818,0.6777,0.6700,0.6634,0.6554,0.6545,0.6473
2195.0000,0.6793,0.6764,0.6689,0.6623,0.6552,0.6527,0.6492
2200.0000,0.6763,0.6756,0.6675,0.6615,0.6545,0.6517,0.6491
2205.0000,0.6766,0.6732,0.6670,0.6603,0.6541,0.6507,0.6488
2210.0000,0.6745,0.6724,0.6655,0.6598,0.6527,0.6511,0.6465
2215.0000,0.6718,0.6717,0.6644,0.6589,0.6523,0.6497,0.6472
2220.0000,0.6723,0.6695,0.6640,0.6578,0.6520,0.6487,0.6470
2225.0000,0.6704,0.6688,0.6626,0.6574,0.6506,0.6491,0.6449
2230.0000,0.6681,0.6682,0.6615,0.6566,0.6502,0.6478,0.6456
2235.0000,0.6686,0.6661,0.6613,0.6555,0.6499,0.6469,0.6454
2240.0000,0.6670,0.6655,0.6600,0.6551,0.6486,0.6474,0.6433
2245.0000,0.6648,0.6651,0.6589,0.6544,0.6481,0.6464,0.6437
2250.0000,0.6655,0.6631,0.6588,0.6532,0.6480,0.6453,0.6440
2255.0000,0.6640,0.6626,0.6576,0.6528,0.6469,0.6457,0.6420
2260.0000,0.6622,0.6621,0.6567,0.6521,0.6464,0.6448,0.6425
2265.0000,0.6625,0.6604,0.6564,0.6511,0.6462,0.6440,0.6426
2270.0000,0.6612,0.6600,0.6552,0.6509,0.6449,0.6448,0.6400
2275.0000,0.6595,0.6595,0.6543,0.6501,0.6448,0.6436,0.6414
2280.0000,0.6599,0.6579,0.6541,0.6491,0.6447,0.6427,0.6418
2285.0000,0.6587,0.6575,0.6530,0.6489,0.6435,0.6436,0.6394
2290.0000,0.6571,0.6571,0.6521,0.6483,0.6432,0.6428,0.6405
2295.0000,0.6575,0.6555,0.6520,0.6473,0.6433,0.6419,0.6413
2300.0000,0.6563,0.6551,0.6509,0.6471,0.6422,0.6429,0.6391
2305.0000,0.6549,0.6547,0.6501,0.6466,0.6420,0.6423,0.6402
2310.0000,0.6524,0.6548,0.6490,0.6461,0.6417,0.6419,0.6408
2315.0000,0.6540,0.6530,0.6488,0.6457,0.6409,0.6432,0.6377
2320.0000,0.6528,0.6525,0.6482,0.6450,0.6411,0.6421,0.6402
2325.0000,0.6510,0.6522,0.6474,0.6445,0.6411,0.6418,0.6409
2330.0000,0.6520,0.6506,0.6474,0.6437,0.6413,0.6414,0.6414
2335.0000,0.6508,0.6504,0.6464,0.6436,0.6406,0.6425,0.6398
2340.0000,0.6489,0.6502,0.6457,0.6432,0.6408,0.6419,0.6411
2345.0000,0.6500,0.6486,0.6457,0.6425,0.6412,0.6416,0.6416
2350.0000,0.6489,0.6484,0.6448,0.6425,0.6406,0.6427,0.6402
2355.0000,0.6471,0.6484,0.6440,0.6423,0.6409,0.6422,0.6414
2360.0000,0.6481,0.6469,0.6442,0.6417,0.6414,0.6419,0.6419
2365.0000,0.6471,0.6467,0.6433,0.6419,0.6409,0.6430,0.6405
2370.0000,0.6452,0.6468,0.6425,0.6419,0.6411,0.6427,0.6415
2375.0000,0.6464,0.6453,0.6428,0.6414,0.6417,0.6422,0.6422
2380.0000,0.6454,0.6452,0.6420,0.6417,0.6412,0.6433,0.6407
2385.0000,0.6441,0.6451,0.6416,0.6417,0.6415,0.6430,0.6417
2390.0000,0.6448,0.6438,0.6418,0.6415,0.6420,0.6427,0.6422
2395.0000,0.6440,0.6438,0.6412,0.6419,0.6414,0.6440,0.6399
2400.0000,0.6428,0.6437,0.6410,0.6419,0.6419,0.6431,0.6416
2405.0000,0.6435,0.6425,0.6414,0.6416,0.6424,0.6427,0.6422
2410.0000,0.6428,0.6426,0.6409,0.6422,0.6418,0.6439,0.6400
2415.0000,0.6415,0.6429,0.6407,0.6423,0.6421,0.6433,0.6412
2420.0000,0.6424,0.6418,0.6412,0.6420,0.6427,0.6427,0.6420
2425.0000,0.6419,0.6419,0.6409,0.6426,0.6421,0.6437,0.6397
2430.0000,0.6412,0.6420,0.6409,0.6426,0.6423,0.6431,0.6410
2435.0000,0.6391,0.6428,0.6405,0.6429,0.6424,0.6427,0.6416
2440.0000,0.6413,0.6417,0.6410,0.6431,0.6418,0.6440,0.6386
2445.0000,0.6406,0.6419,0.6411,0.6430,0.6422,0.6428,0.6409
2450.0000,0.6395,0.6424,0.6410,0.6432,0.6422,0.6425,0.6415
2455.0000,0.6412,0.6414,0.6417,0.6429,0.6425,0.6421,0.6419
2460.0000,0.6405,0.6420,0.6414,0.6434,0.6417,0.6431,0.6402
2465.0000,0.6396,0.6425,0.6415,0.6433,0.6419,0.6424,0.6415
2470.0000,0.6413,0.6415,0.6422,0.6430,0.6422,0.6420,0.6420
2475.0000,0.6409,0.6420,0.6420,0.6433,0.6415,0.6430,0.6406
2480.0000,0.6397,0.6427,0.6419,0.6432,0.6417,0.6424,0.6419
2485.0000,0.6415,0.6419,0.6426,0.6428,0.6420,0.6422,0.6424
2490.0000,0.6411,0.6424,0.6424,0.6431,0.6413,0.6432,0.6411
2495.0000,0.6399,0.6432,0.6421,0.6431,0.6414,0.6430,0.6421
2500.0000,0.6417,0.6423,0.6427,0.6425,0.6419,0.6427,0.6430
2505.0000,0.6415,0.6427,0.6424,0.6428,0.6413,0.6438,0.6416
2510.0000,0.6409,0.6432,0.6423,0.6427,0.6416,0.6436,0.6428
2515.0000,0.6421,0.6425,0.6427,0.6422,0.6421,0.6434,0.6436
2520.0000,0.6418,0.6430,0.6422,0.6426,0.6415,0.6450,0.6416
2525.0000,0.6411,0.6433,0.6421,0.6424,0.6421,0.6443,0.6437
2530.0000,0.6423,0.6425,0.6425,0.6420,0.6427,0.6442,0.6446
2535.0000,0.6421,0.6429,0.6420,0.6425,0.6422,0.6457,0.6428
2540.0000,0.6412,0.6434,0.6417,0.6425,0.6427,0.6455,0.6443
2545.0000,0.6424,0.6425,0.6422,0.6422,0.6434,0.6452,0.6454
2550.0000,0.6421,0.6427,0.6417,0.6427,0.6430,0.6467,0.6435
2555.0000,0.6416,0.6429,0.6416,0.6427,0.6436,0.6465,0.6451
2560.0000,0.6396,0.6438,0.6411,0.6430,0.6440,0.6465,0.6462
2565.0000,0.6419,0.6426,0.6414,0.6433,0.6438,0.6481,0.6434
2570.0000,0.6414,0.6428,0.6415,0.6433,0.6446,0.6473,0.6461
2575.0000,0.6404,0.6431,0.6413,0.6436,0.6451,0.6473,0.6472
2580.0000,0.6420,0.6421,0.6420,0.6435,0.6458,0.6472,0.6479
2585.0000,0.6413,0.6426,0.6416,0.6442,0.6455,0.6485,0.6467
2590.0000,0.6403,0.6430,0.6416,0.6445,0.6460,0.6482,0.6482
2595.0000,0.6419,0.6420,0.6423,0.6444,0.6467,0.6482,0.6490
2600.0000,0.6414,0.6425,0.6421,0.6451,0.6464,0.6496,0.6478
2605.0000,0.6401,0.6432,0.6420,0.6456,0.6468,0.6495,0.6492
2610.0000,0.6419,0.6423,0.6429,0.6455,0.6475,0.6494,0.6503
2615.0000,0.6415,0.6427,0.6428,0.6461,0.6473,0.6507,0.6492
2620.0000,0.6403,0.6435,0.6428,0.6465,0.6477,0.6508,0.6506
2625.0000,0.6422,0.6427,0.6438,0.6464,0.6485,0.6507,0.6517
2630.0000,0.6419,0.6432,0.6438,0.6470,0.6483,0.6522,0.6506
2635.0000,0.6414,0.6437,0.6441,0.6473,0.6489,0.6522,0.6521
2640.0000,0.6427,0.6432,0.6449,0.6472,0.6497,0.6523,0.6532
2645.0000,0.6424,0.6440,0.6447,0.6480,0.6494,0.6541,0.6514
2650.0000,0.6419,0.6446,0.6450,0.6482,0.6502,0.6538,0.6536
2655.0000,0.6434,0.6441,0.6458,0.6482,0.6511,0.6538,0.6548
2660.0000,0.6433,0.6448,0.6457,0.6489,0.6508,0.6556,0.6531
2665.0000,0.6427,0.6456,0.6458,0.6493,0.6516,0.6556,0.6551
2670.0000,0.6442,0.6451,0.6466,0.6493,0.6526,0.6555,0.6565
2675.0000,0.6443,0.6457,0.6466,0.6501,0.6525,0.6572,0.6548
2680.0000,0.6441,0.6462,0.6468,0.6504,0.6532,0.6573,0.6569
2685.0000,0.6424,0.6475,0.6467,0.6511,0.6538,0.6576,0.6582
2690.0000,0.6451,0.6467,0.6474,0.6516,0.6538,0.6596,0.6557
2695.0000,0.6449,0.6473,0.6477,0.6519,0.6548,0.6592,0.6586
2700.0000,0.6443,0.6480,0.6479,0.6524,0.6556,0.6594,0.6600
2705.0000,0.6463,0.6473,0.6489,0.6526,0.6565,0.6597,0.6611
2710.0000,0.6459,0.6482,0.6488,0.6535,0.6565,0.6613,0.6601
2715.0000,0.6453,0.6489,0.6491,0.6540,0.6574,0.6614,0.6618
2720.0000,0.6473,0.6483,0.6502,0.6541,0.6584,0.6617,0.6628
2725.0000,0.6472,0.6490,0.6504,0.6550,0.6584,0.6633,0.6617
2730.0000,0.6462,0.6501,0.6505,0.6556,0.6592,0.6634,0.6633
2735.0000,0.6483,0.6494,0.6517,0.6558,0.6604,0.6634,0.6645
2740.0000,0.6483,0.6503,0.6518,0.6567,0.6605,0.6650,0.6635
2745.0000,0.6480,0.6510,0.6522,0.6573,0.6613,0.6650,0.6651
2750.0000,0.6496,0.6507,0.6532,0.6576,0.6623,0.6652,0.6662
2755.0000,0.6495,0.6517,0.6533,0.6587,0.6623,0.6667,0.6650
2760.0000,0.6493,0.6525,0.6538,0.6593,0.6632,0.6667,0.6666
2765.0000,0.6509,0.6522,0.6548,0.6596,0.6641,0.6668,0.6677
2770.0000,0.6509,0.6532,0.6549,0.6607,0.6639,0.6686,0.6660
2775.0000,0.6507,0.6540,0.6554,0.6613,0.6648,0.6683,0.6682
2780.0000,0.6524,0.6537,0.6566,0.6616,0.6657,0.6684,0.6694
2785.0000,0.6526,0.6546,0.6568,0.6626,0.6655,0.6702,0.6676
2790.0000,0.6522,0.6557,0.6572,0.6633,0.6662,0.6702,0.6695
2795.0000,0.6540,0.6554,0.6585,0.6635,0.6672,0.6701,0.6708
2800.0000,0.6543,0.6563,0.6588,0.6644,0.6670,0.6719,0.6690
2805.0000,0.6544,0.6571,0.6594,0.6649,0.6678,0.6718,0.6710
2810.0000,0.6529,0.6587,0.6596,0.6656,0.6684,0.6720,0.6722
2815.0000,0.6559,0.6582,0.6607,0.6662,0.6684,0.6739,0.6695
2820.0000,0.6561,0.6590,0.6614,0.6665,0.6695,0.6733,0.6725
2825.0000,0.6558,0.6600,0.6618,0.6670,0.6702,0.6734,0.6739
2830.0000,0.6580,0.6597,0.6630,0.6672,0.6711,0.6735,0.6750
2835.0000,0.6578,0.6611,0.6630,0.6682,0.6709,0.6751,0.6740
2840.0000,0.6575,0.6622,0.6634,0.6687,0.6717,0.6751,0.6758
2845.0000,0.6599,0.6617,0.6646,0.6689,0.6726,0.6753,0.6769
2850.0000,0.6602,0.6627,0.6648,0.6698,0.6725,0.6770,0.6761
2855.0000,0.6593,0.6641,0.6650,0.6704,0.6731,0.6772,0.6779
2860.0000,0.6617,0.6636,0.6662,0.6705,0.6740,0.6775,0.6792
2865.0000,0.6619,0.6645,0.6664,0.6714,0.6740,0.6792,0.6784
2870.0000,0.6618,0.6654,0.6668,0.6719,0.6747,0.6796,0.6803
2875.0000,0.6636,0.6651,0.6679,0.6720,0.6758,0.6799,0.6818
2880.0000,0.6637,0.6661,0.6681,0.6729,0.6757,0.6821,0.6803
2885.0000,0.6637,0.6668,0.6686,0.6733,0.6768,0.6822,0.6829
2890.0000,0.6654,0.6666,0.6697,0.6734,0.6779,0.6826,0.6845
2895.0000,0.6653,0.6678,0.6696,0.6744,0.6779,0.6849,0.6830
2900.0000,0.6652,0.6687,0.6701,0.6748,0.6792,0.6850,0.6857
2905.0000,0.6669,0.6684,0.6711,0.6750,0.6805,0.6854,0.6873
2910.0000,0.6672,0.6693,0.6712,0.6761,0.6807,0.6876,0.6859
2915.0000,0.6667,0.6704,0.6715,0.6767,0.6819,0.6879,0.6883
2920.0000,0.6686,0.6700,0.6725,0.6771,0.6833,0.6883,0.6901
2925.0000,0.6688,0.6709,0.6726,0.6782,0.6835,0.6905,0.6887
2930.0000,0.6688,0.6716,0.6731,0.6790,0.6848,0.6908,0.6911
2935.0000,0.6673,0.6732,0.6731,0.6800,0.6858,0.6915,0.6927
2940.0000,0.6703,0.6725,0.6741,0.6809,0.6862,0.6939,0.6904
2945.0000,0.6704,0.6732,0.6748,0.6816,0.6876,0.6938,0.6936
2950.0000,0.6699,0.6742,0.6752,0.6825,0.6888,0.6942,0.6953
2955.0000,0.6722,0.6737,0.6766,0.6830,0.6902,0.6947,0.6967
2960.0000,0.6719,0.6749,0.6768,0.6844,0.6905,0.6966,0.6959
2965.0000,0.6716,0.6758,0.6775,0.6853,0.6917,0.6969,0.6979
2970.0000,0.6739,0.6754,0.6790,0.6859,0.6930,0.6973,0.6993
2975.0000,0.6740,0.6765,0.6794,0.6873,0.6933,0.6992,0.6985
2980.0000,0.6731,0.6780,0.6799,0.6884,0.6943,0.6996,0.7004
2985.0000,0.6756,0.6776,0.6815,0.6889,0.6957,0.7000,0.7018
2990.0000,0.6760,0.6787,0.6820,0.6903,0.6959,0.7019,0.7010
2995.0000,0.6759,0.6799,0.6829,0.6912,0.6970,0.7023,0.7029
3000.0000,0.6779,0.6799,0.6844,0.6918,0.6982,0.7027,0.7043
3005.0000,0.6781,0.6813,0.6848,0.6933,0.6983,0.7049,0.7027
3010.0000,0.6783,0.6825,0.6858,0.6940,0.6995,0.7049,0.7053
3015.0000,0.6804,0.6825,0.6873,0.6945,0.7008,0.7052,0.7068
3020.0000,0.6810,0.6837,0.6880,0.6958,0.7010,0.7074,0.7053
3025.0000,0.6808,0.6852,0.6888,0.6967,0.7022,0.7074,0.7078
3030.0000,0.6830,0.6853,0.6903,0.6972,0.7035,0.7077,0.7093
3035.0000,0.6837,0.6866,0.6909,0.6984,0.7036,0.7098,0.7077
3040.0000,0.6835,0.6882,0.6915,0.6993,0.7047,0.7100,0.7101
3045.0000,0.6858,0.6883,0.6930,0.6998,0.7060,0.7102,0.7117
3050.0000,0.6864,0.6896,0.6935,0.7011,0.7060,0.7123,0.7101
3055.0000,0.6869,0.6908,0.6944,0.7019,0.7071,0.7125,0.7126
3060.0000,0.6857,0.6928,0.6948,0.7029,0.7080,0.7130,0.7143
3065.0000,0.6893,0.6925,0.6961,0.7039,0.7082,0.7154,0.7119
3070.0000,0.6898,0.6936,0.6970,0.7045,0.7095,0.7152,0.7152
3075.0000,0.6897,0.6949,0.6977,0.7054,0.7105,0.7157,0.7169
3080.0000,0.6924,0.6948,0.6993,0.7058,0.7117,0.7161,0.7183
3085.0000,0.6924,0.6964,0.6996,0.7071,0.7118,0.7182,0.7175
3090.0000,0.6924,0.6977,0.7003,0.7078,0.7130,0.7185,0.7197
3095.0000,0.6951,0.6974,0.7019,0.7082,0.7143,0.7190,0.7212
3100.0000,0.6956,0.6987,0.7024,0.7094,0.7146,0.7210,0.7204
3105.0000,0.6949,0.7004,0.7029,0.7103,0.7156,0.7215,0.7225
3110.0000,0.6977,0.7002,0.7044,0.7107,0.7170,0.7220,0.7240
3115.0000,0.6982,0.7014,0.7048,0.7119,0.7173,0.7240,0.7232
3120.0000,0.6983,0.7026,0.7055,0.7127,0.7185,0.7245,0.7253
3125.0000,0.7004,0.7026,0.7069,0.7132,0.7199,0.7249,0.7270
3130.0000,0.7007,0.7041,0.7072,0.7146,0.7200,0.7273,0.7256
3135.0000,0.7009,0.7052,0.7079,0.7153,0.7214,0.7275,0.7283
3140.0000,0.7030,0.7051,0.7093,0.7158,0.7229,0.7279,0.7301
3145.0000,0.7036,0.7063,0.7097,0.7172,0.7231,0.7303,0.7286
3150.0000,0.7033,0.7077,0.7104,0.7181,0.7244,0.7305,0.7314
3155.0000,0.7055,0.7077,0.7118,0.7187,0.7259,0.7310,0.7332
3160.0000,0.7061,0.7088,0.7123,0.7201,0.7261,0.7333,0.7318
3165.0000,0.7058,0.7103,0.7128,0.7211,0.7273,0.7337,0.7345
3170.0000,0.7080,0.7102,0.7143,0.7216,0.7288,0.7342,0.7365
3175.0000,0.7085,0.7113,0.7148,0.7231,0.7290,0.7366,0.7350
3180.0000,0.7088,0.7124,0.7157,0.7240,0.7303,0.7370,0.7380
3185.0000,0.7074,0.7144,0.7161,0.7251,0.7314,0.7378,0.7401
3190.0000,0.7110,0.7140,0.7175,0.7262,0.7318,0.7406,0.7381
3195.0000,0.7114,0.7151,0.7185,0.7270,0.7333,0.7408,0.7417
3200.0000,0.7113,0.7164,0.7194,0.7280,0.7346,0.7417,0.7440
3205.0000,0.7139,0.7162,0.7210,0.7285,0.7361,0.7425,0.7459
3210.0000,0.7139,0.7179,0.7215,0.7300,0.7365,0.7451,0.7454
3215.0000,0.7138,0.7193,0.7223,0.7310,0.7380,0.7459,0.7479
3220.0000,0.7166,0.7191,0.7240,0.7315,0.7397,0.7467,0.7499
3225.0000,0.7171,0.7204,0.7246,0.7329,0.7404,0.7493,0.7494
3230.0000,0.7165,0.7222,0.7253,0.7340,0.7419,0.7500,0.7522
3235.0000,0.7194,0.7220,0.7270,0.7346,0.7438,0.7509,0.7543
3240.0000,0.7200,0.7234,0.7276,0.7361,0.7445,0.7534,0.7540
3245.0000,0.7202,0.7248,0.7284,0.7372,0.7462,0.7543,0.7568
3250.0000,0.7225,0.7249,0.7299,0.7381,0.7480,0.7553,0.7592
3255.0000,0.7227,0.7266,0.7302,0.7399,0.7485,0.7583,0.7583
3260.0000,0.7230,0.7280,0.7311,0.7411,0.7502,0.7592,0.7615
3265.0000,0.7254,0.7280,0.7328,0.7421,0.7521,0.7603,0.7639
3270.0000,0.7261,0.7293,0.7335,0.7438,0.7527,0.7634,0.7628
3275.0000,0.7260,0.7309,0.7344,0.7452,0.7545,0.7644,0.7662
3280.0000,0.7284,0.7310,0.7362,0.7461,0.7566,0.7654,0.7687
3285.0000,0.7292,0.7323,0.7371,0.7479,0.7575,0.7685,0.7676
3290.0000,0.7290,0.7339,0.7381,0.7492,0.7594,0.7694,0.7710
3295.0000,0.7315,0.7341,0.7400,0.7502,0.7616,0.7704,0.7735
3300.0000,0.7323,0.7355,0.7409,0.7521,0.7625,0.7734,0.7723
3305.0000,0.7328,0.7369,0.7422,0.7534,0.7647,0.7742,0.7757
3310.0000,0.7315,0.7393,0.7430,0.7551,0.7664,0.7753,0.7783
3315.0000,0.7354,0.7394,0.7447,0.7568,0.7675,0.7785,0.7763
3320.0000,0.7362,0.7409,0.7460,0.7582,0.7696,0.7790,0.7803
3325.0000,0.7363,0.7426,0.7472,0.7599,0.7715,0.7801,0.7827
3330.0000,0.7394,0.7428,0.7493,0.7611,0.7735,0.7811,0.7848
3335.0000,0.7397,0.7449,0.7501,0.7634,0.7743,0.7839,0.7845
3340.0000,0.7401,0.7467,0.7514,0.7650,0.7762,0.7848,0.7872
3345.0000,0.7434,0.7468,0.7537,0.7663,0.7782,0.7858,0.7892
3350.0000,0.7443,0.7485,0.7549,0.7683,0.7791,0.7885,0.7888
3355.0000,0.7438,0.7508,0.7561,0.7701,0.7808,0.7894,0.7916
3360.0000,0.7473,0.7511,0.7585,0.7713,0.7828,0.7904,0.7936
3365.0000,0.7483,0.7529,0.7598,0.7733,0.7836,0.7930,0.7931
3370.0000,0.7491,0.7547,0.7615,0.7748,0.7854,0.7938,0.7960
3375.0000,0.7518,0.7554,0.7637,0.7760,0.7874,0.7947,0.7984
3380.0000,0.7526,0.7577,0.7648,0.7782,0.7880,0.7977,0.7974
3385.0000,0.7535,0.7596,0.7664,0.7796,0.7898,0.7985,0.8008
3390.0000,0.7564,0.7603,0.7687,0.7808,0.7917,0.7995,0.8033
3395.0000,0.7577,0.7623,0.7699,0.7828,0.7923,0.8026,0.8022
3400.0000,0.7579,0.7648,0.7712,0.7844,0.7940,0.8036,0.8058
3405.0000,0.7611,0.7654,0.7734,0.7855,0.7960,0.8046,0.8085
3410.0000,0.7625,0.7674,0.7747,0.7874,0.7967,0.8079,0.8075
3415.0000,0.7637,0.7692,0.7763,0.7887,0.7987,0.8088,0.8114
3420.0000,0.7629,0.7719,0.7774,0.7903,0.8003,0.8102,0.8142
3425.0000,0.7674,0.7722,0.7795,0.7917,0.8015,0.8135,0.8134
3430.0000,0.7686,0.7740,0.7811,0.7930,0.8036,0.8145,0.8175
3435.0000,0.7676,0.7769,0.7820,0.7947,0.8054,0.8160,0.8209
3440.0000,0.7722,0.7772,0.7840,0.7963,0.8065,0.8198,0.8196
3445.0000,0.7733,0.7790,0.7855,0.7976,0.8088,0.8210,0.8244
3450.0000,0.7739,0.7810,0.7868,0.7991,0.8109,0.8228,0.8278
3455.0000,0.7774,0.7814,0.7889,0.8003,0.8133,0.8246,0.8309
3460.0000,0.7778,0.7838,0.7897,0.8025,0.8144,0.8284,0.8314
3465.0000,0.7783,0.7858,0.7910,0.8041,0.8168,0.8304,0.8350
3470.0000,0.7820,0.7860,0.7933,0.8052,0.8196,0.8323,0.8382
3475.0000,0.7831,0.7879,0.7944,0.8074,0.8211,0.8361,0.8386
3480.0000,0.7828,0.7903,0.7955,0.8092,0.8238,0.8379,0.8429
3485.0000,0.7865,0.7905,0.7979,0.8105,0.8268,0.8399,0.8461
3490.0000,0.7876,0.7923,0.7990,0.8129,0.8286,0.8437,0.8467
3495.0000,0.7884,0.7942,0.8005,0.8148,0.8315,0.8457,0.8509
3500.0000,0.7912,0.7948,0.8027,0.8165,0.8345,0.8478,0.8545
3505.0000,0.7918,0.7972,0.8036,0.8194,0.8361,0.8522,0.8544
3510.0000,0.7926,0.7992,0.8052,0.8216,0.8391,0.8541,0.8589
3515.0000,0.7957,0.7997,0.8076,0.8234,0.8423,0.8561,0.8628
3520.0000,0.7970,0.8017,0.8090,0.8264,0.8440,0.8606,0.8627
3525.0000,0.7971,0.8042,0.8106,0.8289,0.8470,0.8625,0.8679
3530.0000,0.8004,0.8048,0.8133,0.8310,0.8502,0.8648,0.8716
3535.0000,0.8019,0.8068,0.8150,0.8340,0.8521,0.8694,0.8716
3540.0000,0.8031,0.8087,0.8172,0.8364,0.8553,0.8714,0.8769
3545.0000,0.8023,0.8117,0.8189,0.8391,0.8582,0.8740,0.8812
3550.0000,0.8070,0.8123,0.8217,0.8419,0.8602,0.8790,0.8806
3555.0000,0.8083,0.8145,0.8241,0.8443,0.8636,0.8811,0.8863
3560.0000,0.8074,0.8179,0.8260,0.8472,0.8667,0.8838,0.8910
3565.0000,0.8125,0.8187,0.8289,0.8500,0.8689,0.8890,0.8903
3570.0000,0.8142,0.8211,0.8315,0.8525,0.8726,0.8910,0.8967
3575.0000,0.8153,0.8238,0.8340,0.8551,0.8761,0.8936,0.9018
3580.0000,0.8194,0.8249,0.8374,0.8573,0.8799,0.8964,0.9067
3585.0000,0.8206,0.8282,0.8393,0.8608,0.8822,0.9013,0.9089
3590.0000,0.8219,0.8312,0.8417,0.8637,0.8855,0.9047,0.9140
3595.0000,0.8264,0.8324,0.8451,0.8661,0.8894,0.9080,0.9191
3600.0000,0.8283,0.8353,0.8474,0.8696,0.8919,0.9135,0.9214
3605.0000,0.8285,0.8392,0.8495,0.8727,0.8955,0.9171,0.9281
3610.0000,0.8334,0.8404,0.8530,0.8754,0.8994,0.9213,0.9333
3615.0000,0.8356,0.8435,0.8553,0.8790,0.9023,0.9275,0.9359
3620.0000,0.8375,0.8464,0.8582,0.8819,0.9066,0.9314,0.9433
3625.0000,0.8416,0.8480,0.8618,0.8846,0.9113,0.9356,0.9504
3630.0000,0.8435,0.8514,0.8641,0.8885,0.9145,0.9427,0.9535
3635.0000,0.8456,0.8544,0.8671,0.8916,0.9192,0.9476,0.9616
3640.0000,0.8497,0.8561,0.8708,0.8945,0.9246,0.9525,0.9698
3645.0000,0.8521,0.8594,0.8734,0.8986,0.9283,0.9605,0.9740
