150.0000,1.5857,1.5763,1.5136,1.4550,1.4429,1.4730,1.4914
155.0000,1.5819,1.5638,1.5032,1.4506,1.4454,1.4803,1.4996
160.0000,1.5726,1.5536,1.4917,1.4486,1.4468,1.4919,1.5017
165.0000,1.5599,1.5441,1.4813,1.4464,1.4515,1.4998,1.5104
170.0000,1.5539,1.5301,1.4748,1.4434,1.4588,1.5066,1.5187
175.0000,1.5430,1.5197,1.4668,1.4433,1.4642,1.5182,1.5175
180.0000,1.5336,1.5077,1.4620,1.4419,1.4743,1.5229,1.5275
185.0000,1.5244,1.4959,1.4583,1.4414,1.4851,1.5276,1.5341
190.0000,1.5135,1.4871,1.4534,1.4438,1.4935,1.5360,1.5317
195.0000,1.5022,1.4798,1.4494,1.4467,1.5042,1.5388,1.5380
200.0000,1.4892,1.4751,1.4448,1.4519,1.5135,1.5424,1.5392
205.0000,1.4851,1.4675,1.4425,1.4582,1.5210,1.5482,1.5310
210.0000,1.4742,1.4649,1.4393,1.4657,1.5298,1.5474,1.5330
215.0000,1.4628,1.4635,1.4367,1.4745,1.5369,1.5465,1.5303
220.0000,1.4644,1.4568,1.4379,1.4835,1.5418,1.5479,1.5168
225.0000,1.4582,1.4547,1.4391,1.4927,1.5475,1.5426,1.5124
230.0000,1.4533,1.4523,1.4422,1.5020,1.5513,1.5369,1.5014
235.0000,1.4545,1.4477,1.4487,1.5100,1.5549,1.5280,1.4885
240.0000,1.4522,1.4467,1.4546,1.5192,1.5548,1.5201,1.4681
245.0000,1.4485,1.4473,1.4622,1.5265,1.5559,1.5041,1.4564
250.0000,1.4499,1.4475,1.4708,1.5339,1.5531,1.4897,1.4356
255.0000,1.4480,1.4521,1.4779,1.5418,1.5467,1.4749,1.4096
260.0000,1.4457,1.4586,1.4853,1.5482,1.5393,1.4554,1.3853
300.0000,1.4932,1.5114,1.5484,1.5379,1.3931,1.2341,1.1482
305.0000,1.4971,1.5208,1.5512,1.5277,1.3639,1.2026,1.1133
310.0000,1.5075,1.5250,1.5559,1.5123,1.3366,1.1649,1.0886
315.0000,1.5144,1.5312,1.5565,1.4968,1.3041,1.1331,1.0562
320.0000,1.5198,1.5369,1.5552,1.4787,1.2705,1.1016,1.0237
325.0000,1.5207,1.5435,1.5509,1.4585,1.2358,1.0704,0.9915
330.0000,1.5311,1.5437,1.5468,1.4350,1.2007,1.0410,0.9555
335.0000,1.5347,1.5450,1.5400,1.4083,1.1686,1.0049,0.9392
340.0000,1.5336,1.5471,1.5286,1.3818,1.1325,0.9768,0.9105
345.0000,1.5395,1.5431,1.5171,1.3523,1.0974,0.9501,0.8809
350.0000,1.5383,1.5398,1.5022,1.3208,1.0648,0.9196,0.8658
355.0000,1.5354,1.5346,1.4841,1.2892,1.0304,0.8959,0.8420
360.0000,1.5352,1.5247,1.4651,1.2556,0.9978,0.8732,0.8190
365.0000,1.5279,1.5156,1.4420,1.2221,0.9658,0.8528,0.7947
370.0000,1.5169,1.5044,1.4174,1.1866,0.9384,0.8278,0.7828
375.0000,1.5118,1.4870,1.3925,1.1506,0.9117,0.8070,0.7672
380.0000,1.4993,1.4706,1.3634,1.1163,0.8850,0.7896,0.7505
385.0000,1.4854,1.4510,1.3333,1.0818,0.8607,0.7723,0.7367
390.0000,1.4714,1.4276,1.3029,1.0473,0.8392,0.7549,0.7265
395.0000,1.4498,1.4065,1.2683,1.0157,0.8169,0.7416,0.7144
400.0000,1.4264,1.3831,1.2331,0.9850,0.7967,0.7287,0.7058
405.0000,1.4081,1.3540,1.1993,0.9549,0.7784,0.7174,0.6971
410.0000,1.3863,1.3234,1.1653,0.9263,0.7612,0.7084,0.6874
415.0000,1.3540,1.2966,1.1287,0.9002,0.7454,0.6992,0.6825
420.0000,1.3300,1.2633,1.0954,0.8743,0.7317,0.6915,0.6767
425.0000,1.2992,1.2331,1.0602,0.8515,0.7179,0.6868,0.6682
430.0000,1.2732,1.1975,1.0292,0.8282,0.7079,0.6800,0.6643
435.0000,1.2426,1.1627,0.9990,0.8064,0.6996,0.6733,0.6617
440.0000,1.2081,1.1313,0.9677,0.7878,0.6905,0.6699,0.6550
445.0000,1.1736,1.0999,0.9380,0.7703,0.6835,0.6651,0.6524
450.0000,1.1474,1.0640,0.9127,0.7526,0.6794,0.6585,0.6532
455.0000,1.1150,1.0314,0.8872,0.7378,0.6740,0.6555,0.6500
460.0000,1.0786,1.0034,0.8611,0.7254,0.6694,0.6513,0.6535
465.0000,1.0417,0.9778,0.8353,0.7156,0.6636,0.6501,0.6541
470.0000,1.0163,0.9480,0.8137,0.7060,0.6586,0.6503,0.6540
475.0000,0.9885,0.9203,0.7936,0.6977,0.6541,0.6513,0.6542
480.0000,0.9541,0.8976,0.7733,0.6913,0.6495,0.6536,0.6535
485.0000,0.9319,0.8705,0.7581,0.6838,0.6473,0.6549,0.6535
490.0000,0.9092,0.8448,0.7447,0.6769,0.6457,0.6575,0.6505
495.0000,0.8807,0.8242,0.7317,0.6707,0.6460,0.6573,0.6522
500.0000,0.8592,0.8025,0.7216,0.6642,0.6479,0.6565,0.6532
505.0000,0.8354,0.7853,0.7106,0.6599,0.6484,0.6580,0.6502
510.0000,0.8185,0.7663,0.7030,0.6546,0.6518,0.6557,0.6527
515.0000,0.7990,0.7507,0.6952,0.6508,0.6544,0.6540,0.6540
520.0000,0.7802,0.7379,0.6869,0.6490,0.6558,0.6538,0.6533
525.0000,0.7612,0.7280,0.6783,0.6485,0.6567,0.6530,0.6544
530.0000,0.7485,0.7170,0.6714,0.6485,0.6572,0.6527,0.6547
535.0000,0.7349,0.7084,0.6643,0.6499,0.6563,0.6536,0.6537
540.0000,0.7210,0.7014,0.6578,0.6518,0.6555,0.6539,0.6544
545.0000,0.7133,0.6918,0.6542,0.6529,0.6550,0.6541,0.6548
550.0000,0.7029,0.6854,0.6502,0.6551,0.6531,0.6562,0.6524
555.0000,0.6948,0.6781,0.6486,0.6559,0.6527,0.6561,0.6537
560.0000,0.6888,0.6702,0.6490,0.6559,0.6531,0.6557,0.6551
565.0000,0.6822,0.6640,0.6496,0.6562,0.6524,0.6572,0.6527
570.0000,0.6762,0.6587,0.6511,0.6555,0.6533,0.6565,0.6549
575.0000,0.6703,0.6551,0.6525,0.6549,0.6540,0.6561,0.6566
580.0000,0.6656,0.6527,0.6535,0.6547,0.6538,0.6577,0.6543
585.0000,0.6592,0.6530,0.6536,0.6547,0.6543,0.6572,0.6572
590.0000,0.6550,0.6536,0.6535,0.6547,0.6546,0.6574,0.6586
595.0000,0.6551,0.6526,0.6543,0.6543,0.6551,0.6577,0.6599
600.0000,0.6529,0.6538,0.6536,0.6549,0.6547,0.6595,0.6592
605.0000,0.6514,0.6545,0.6535,0.6549,0.6552,0.6598,0.6612
610.0000,0.6532,0.6536,0.6542,0.6546,0.6561,0.6603,0.6626
615.0000,0.6526,0.6543,0.6537,0.6551,0.6560,0.6623,0.6620
620.0000,0.6517,0.6549,0.6537,0.6551,0.6569,0.6627,0.6642
625.0000,0.6535,0.6539,0.6544,0.6548,0.6581,0.6632,0.6659
630.0000,0.6531,0.6543,0.6540,0.6554,0.6584,0.6653,0.6655
635.0000,0.6519,0.6551,0.6537,0.6557,0.6594,0.6659,0.6679
640.0000,0.6537,0.6541,0.6544,0.6556,0.6608,0.6667,0.6697
645.0000,0.6534,0.6546,0.6540,0.6564,0.6612,0.6689,0.6693
650.0000,0.6527,0.6550,0.6539,0.6569,0.6625,0.6697,0.6718
655.0000,0.6540,0.6543,0.6545,0.6571,0.6642,0.6703,0.6745
660.0000,0.6535,0.6549,0.6541,0.6583,0.6645,0.6730,0.6741
665.0000,0.6529,0.6553,0.6543,0.6589,0.6663,0.6731,0.6795
670.0000,0.6542,0.6544,0.6553,0.6592,0.6685,0.6730,0.6869
675.0000,0.6540,0.6549,0.6551,0.6607,0.6688,0.6761,0.6919
680.0000,0.6533,0.6555,0.6553,0.6617,0.6702,0.6774,0.7060
685.0000,0.6545,0.6552,0.6556,0.6635,0.6697,0.6839,0.7155
690.0000,0.6542,0.6560,0.6554,0.6655,0.6691,0.6921,0.7272
695.0000,0.6536,0.6569,0.6555,0.6674,0.6687,0.7024,0.7401
700.0000,0.6512,0.6585,0.6556,0.6688,0.6696,0.7139,0.7566
705.0000,0.6547,0.6572,0.6574,0.6696,0.6711,0.7293,0.7706
710.0000,0.6546,0.6577,0.6588,0.6699,0.6749,0.7452,0.7879
715.0000,0.6549,0.6575,0.6614,0.6689,0.6823,0.7600,0.8119
720.0000,0.6568,0.6565,0.6647,0.6671,0.6927,0.7751,0.8405
725.0000,0.6575,0.6569,0.6665,0.6670,0.7025,0.7963,0.8669
730.0000,0.6580,0.6577,0.6679,0.6674,0.7144,0.8195,0.8960
735.0000,0.6588,0.6584,0.6692,0.6681,0.7296,0.8429,0.9319
740.0000,0.6593,0.6603,0.6690,0.6711,0.7449,0.8719,0.9676
745.0000,0.6578,0.6637,0.6672,0.6764,0.7609,0.9058,1.0014
750.0000,0.6605,0.6644,0.6674,0.6811,0.7828,0.9367,1.0472
755.0000,0.6604,0.6672,0.6657,0.6893,0.8039,0.9751,1.0909
760.0000,0.6584,0.6704,0.6643,0.6988,0.8289,1.0138,1.1445
765.0000,0.6630,0.6704,0.6640,0.7113,0.8527,1.0640,1.1854
770.0000,0.6636,0.6717,0.6646,0.7249,0.8813,1.1141,1.2297
775.0000,0.6651,0.6710,0.6685,0.7379,0.9171,1.1604,1.2872
780.0000,0.6679,0.6693,0.6746,0.7523,0.9571,1.2082,1.3466
785.0000,0.6697,0.6691,0.6809,0.7704,0.9973,1.2634,1.3989
790.0000,0.6711,0.6701,0.6882,0.7912,1.0403,1.3219,1.4440
795.0000,0.6717,0.6721,0.6978,0.8129,1.0904,1.3740,1.4998
800.0000,0.6729,0.6767,0.7071,0.8396,1.1399,1.4325,1.5435
805.0000,0.6722,0.6840,0.7176,0.8687,1.1946,1.4849,1.5961
845.0000,0.7432,0.7798,0.8858,1.2248,1.6528,1.7968,1.8365
850.0000,0.7539,0.8049,0.9165,1.2854,1.6961,1.8205,1.8475
855.0000,0.7706,0.8297,0.9528,1.3463,1.7355,1.8396,1.8539
860.0000,0.7961,0.8524,0.9959,1.4053,1.7721,1.8524,1.8593
865.0000,0.8203,0.8794,1.0419,1.4648,1.8017,1.8645,1.8561
870.0000,0.8405,0.9129,1.0903,1.5224,1.8278,1.8697,1.8558
875.0000,0.8722,0.9446,1.1448,1.5762,1.8498,1.8713,1.8498
880.0000,0.9045,0.9805,1.2015,1.6273,1.8659,1.8722,1.8353
885.0000,0.9304,1.0248,1.2579,1.6750,1.8784,1.8667,1.8231
890.0000,0.9722,1.0656,1.3196,1.7159,1.8897,1.8544,1.8120
895.0000,1.0172,1.1082,1.3816,1.7532,1.8943,1.8439,1.7907
900.0000,1.0625,1.1549,1.4425,1.7857,1.8957,1.8288,1.7689
905.0000,1.1036,1.2081,1.4995,1.8148,1.8926,1.8117,1.7422
910.0000,1.1429,1.2691,1.5497,1.8420,1.8829,1.7954,1.7057
915.0000,1.1957,1.3230,1.6024,1.8602,1.8765,1.7654,1.6884
920.0000,1.2492,1.3773,1.6506,1.8757,1.8633,1.7394,1.6567
925.0000,1.3031,1.4310,1.6948,1.8872,1.8458,1.7134,1.6180
930.0000,1.3457,1.4910,1.7306,1.8964,1.8248,1.6843,1.5787
935.0000,1.4051,1.5387,1.7686,1.8971,1.8066,1.6451,1.5497
940.0000,1.4611,1.5843,1.8010,1.8959,1.7814,1.6114,1.5075
945.0000,1.5117,1.6286,1.8284,1.8909,1.7544,1.5742,1.4666
950.0000,1.5433,1.6792,1.8459,1.8850,1.7230,1.5367,1.4223
955.0000,1.5985,1.7144,1.8645,1.8737,1.6898,1.4993,1.3693
960.0000,1.6449,1.7462,1.8803,1.8563,1.6608,1.4473,1.3492
965.0000,1.6820,1.7775,1.8884,1.8394,1.6233,1.4053,1.3103
970.0000,1.7203,1.8021,1.8936,1.8193,1.5834,1.3645,1.2703
975.0000,1.7449,1.8295,1.8907,1.7988,1.5397,1.3257,1.2300
980.0000,1.7747,1.8462,1.8885,1.7723,1.4985,1.2817,1.2032
985.0000,1.8029,1.8569,1.8830,1.7443,1.4528,1.2462,1.1673
990.0000,1.8218,1.8662,1.8731,1.7137,1.4069,1.2117,1.1337
995.0000,1.8296,1.8755,1.8581,1.6814,1.3602,1.1806,1.0978
1000.0000,1.8478,1.8724,1.8460,1.6422,1.3201,1.1431,1.0753
1005.0000,1.8556,1.8696,1.8279,1.6032,1.2772,1.1138,1.0466
1010.0000,1.8583,1.8635,1.8071,1.5617,1.2370,1.0848,1.0222
1015.0000,1.8601,1.8522,1.7850,1.5173,1.2006,1.0551,1.0032
1020.0000,1.8549,1.8408,1.7574,1.4739,1.1637,1.0313,0.9816
1025.0000,1.8454,1.8270,1.7264,1.4300,1.1292,1.0090,0.9628
1030.0000,1.8375,1.8077,1.6939,1.3855,1.0978,0.9878,0.9462
1035.0000,1.8252,1.7860,1.6580,1.3421,1.0678,0.9705,0.9273
1040.0000,1.8023,1.7660,1.6178,1.3000,1.0416,0.9506,0.9206
1045.0000,1.7865,1.7381,1.5777,1.2588,1.0168,0.9354,0.9099
1050.0000,1.7612,1.7125,1.5326,1.2215,0.9919,0.9245,0.8972
1055.0000,1.7380,1.6800,1.4894,1.1842,0.9716,0.9124,0.8911
1060.0000,1.7135,1.6429,1.4473,1.1479,0.9542,0.9010,0.8871
1065.0000,1.6809,1.6080,1.4024,1.1158,0.9365,0.8947,0.8794
1070.0000,1.6452,1.5714,1.3580,1.0855,0.9214,0.8885,0.8751
1075.0000,1.6167,1.5277,1.3180,1.0556,0.9100,0.8822,0.8724
1080.0000,1.5814,1.4846,1.2783,1.0288,0.8991,0.8795,0.8651
1085.0000,1.5379,1.4459,1.2377,1.0048,0.8906,0.8748,0.8657
1090.0000,1.4907,1.4092,1.1974,0.9839,0.8830,0.8717,0.8649
1095.0000,1.4579,1.3653,1.1632,0.9627,0.8793,0.8663,0.8688
1100.0000,1.4223,1.3224,1.1303,0.9449,0.8747,0.8650,0.8697
1105.0000,1.3752,1.2865,1.0964,0.9306,0.8704,0.8640,0.8747
1110.0000,1.3401,1.2463,1.0672,0.9174,0.8668,0.8656,0.8776
1115.0000,1.2990,1.2117,1.0379,0.9075,0.8627,0.8692,0.8808
1120.0000,1.2672,1.1732,1.0143,0.8975,0.8605,0.8735,0.8832
1125.0000,1.2305,1.1384,0.9923,0.8891,0.8595,0.8782,0.8856
1130.0000,1.1910,1.1097,0.9703,0.8833,0.8582,0.8849,0.8851
1135.0000,1.1519,1.0837,0.9505,0.8780,0.8596,0.8886,0.8902
1140.0000,1.1252,1.0538,0.9365,0.8715,0.8641,0.8906,0.8958
1145.0000,1.0989,1.0260,0.9243,0.8667,0.8678,0.8955,0.8959
1150.0000,1.0682,1.0036,0.9126,0.8629,0.8737,0.8966,0.9041
1155.0000,1.0437,0.9818,0.9031,0.8601,0.8797,0.8983,0.9111
1160.0000,1.0218,0.9617,0.8948,0.8590,0.8845,0.9024,0.9153
1165.0000,0.9966,0.9474,0.8856,0.8601,0.8887,0.9064,0.9213
1170.0000,0.9780,0.9329,0.8784,0.8620,0.8929,0.9107,0.9277
1175.0000,0.9588,0.9225,0.8706,0.8660,0.8953,0.9174,0.9318
1180.0000,0.9420,0.9129,0.8648,0.8702,0.8985,0.9229,0.9400
1185.0000,0.9309,0.9019,0.8617,0.8741,0.9019,0.9296,0.9462
1190.0000,0.9169,0.8955,0.8578,0.8796,0.9039,0.9387,0.9489
1195.0000,0.9060,0.8883,0.8571,0.8837,0.9084,0.9448,0.9583
1200.0000,0.8984,0.8804,0.8590,0.8867,0.9142,0.9505,0.9683
1205.0000,0.8931,0.8728,0.8622,0.8901,0.9190,0.9599,0.9717
1210.0000,0.8869,0.8674,0.8665,0.8926,0.9262,0.9658,0.9834
1215.0000,0.8815,0.8639,0.8709,0.8953,0.9337,0.9721,0.9947
1220.0000,0.8762,0.8628,0.8748,0.8987,0.9411,0.9795,1.0059
1225.0000,0.8705,0.8649,0.8770,0.9037,0.9471,0.9896,1.0148
1230.0000,0.8630,0.8700,0.8782,0.9094,0.9535,0.9994,1.0258
1235.0000,0.8666,0.8706,0.8822,0.9140,0.9616,1.0085,1.0387
1240.0000,0.8674,0.8735,0.8849,0.9201,0.9684,1.0208,1.0486
1245.0000,0.8671,0.8771,0.8880,0.9259,0.9768,1.0313,1.0638
1250.0000,0.8720,0.8783,0.8927,0.9315,0.9856,1.0434,1.0772
1255.0000,0.8740,0.8815,0.8965,0.9382,0.9940,1.0578,1.0883
1260.0000,0.8760,0.8847,0.9013,0.9443,1.0046,1.0697,1.1062
1265.0000,0.8802,0.8870,0.9069,0.9506,1.0158,1.0830,1.1233
1270.0000,0.8825,0.8914,0.9112,0.9585,1.0257,1.0999,1.1362
1275.0000,0.8850,0.8958,0.9163,0.9663,1.0372,1.1162,1.1500
1280.0000,0.8901,0.8989,0.9228,0.9734,1.0510,1.1307,1.1666
1285.0000,0.8927,0.9046,0.9277,0.9826,1.0632,1.1493,1.1764
1290.0000,0.8966,0.9094,0.9341,0.9910,1.0786,1.1638,1.1921
1295.0000,0.9025,0.9131,0.9418,0.9992,1.0959,1.1763,1.2096
1300.0000,0.9071,0.9187,0.9481,1.0098,1.1110,1.1931,1.2193
1305.0000,0.9100,0.9255,0.9547,1.0204,1.1285,1.2047,1.2402
1310.0000,0.9169,0.9308,0.9621,1.0324,1.1446,1.2194,1.2542
1315.0000,0.9224,0.9376,0.9688,1.0461,1.1594,1.2358,1.2644
1320.0000,0.9278,0.9445,0.9766,1.0597,1.1758,1.2486,1.2821
1325.0000,0.9289,0.9541,0.9835,1.0751,1.1908,1.2624,1.2979
1330.0000,0.9399,0.9596,0.9929,1.0907,1.2045,1.2795,1.3068
1335.0000,0.9460,0.9678,1.0023,1.1067,1.2188,1.2942,1.3189
1340.0000,0.9522,0.9758,1.0133,1.1222,1.2340,1.3070,1.3323
1345.0000,0.9628,0.9820,1.0267,1.1370,1.2497,1.3189,1.3447
1350.0000,0.9689,0.9919,1.0387,1.1535,1.2629,1.3337,1.3513
1355.0000,0.9776,1.0006,1.0531,1.1684,1.2780,1.3450,1.3601
1360.0000,0.9885,1.0088,1.0691,1.1825,1.2938,1.3542,1.3685
1365.0000,0.9981,1.0193,1.0843,1.1978,1.3073,1.3655,1.3704
1370.0000,1.0054,1.0321,1.0994,1.2124,1.3224,1.3715,1.3790
1375.0000,1.0177,1.0438,1.1153,1.2271,1.3360,1.3780,1.3820
1380.0000,1.0289,1.0577,1.1300,1.2428,1.3474,1.3852,1.3797
1385.0000,1.0388,1.0732,1.1443,1.2581,1.3589,1.3884,1.3801
1390.0000,1.0536,1.0866,1.1600,1.2727,1.3700,1.3893,1.3790
1395.0000,1.0642,1.1043,1.1727,1.2892,1.3769,1.3926,1.3692
1400.0000,1.0787,1.1189,1.1881,1.3032,1.3858,1.3886,1.3677
1405.0000,1.0958,1.1319,1.2043,1.3169,1.3922,1.3851,1.3587
1410.0000,1.1108,1.1462,1.2195,1.3308,1.3955,1.3822,1.3428
1450.0000,1.2215,1.2688,1.3345,1.4005,1.3623,1.2628,1.1914
1455.0000,1.2420,1.2807,1.3475,1.4024,1.3476,1.2416,1.1569
1460.0000,1.2572,1.2939,1.3598,1.4010,1.3343,1.2109,1.1400
1465.0000,1.2707,1.3076,1.3696,1.3994,1.3157,1.1846,1.1109
1470.0000,1.2867,1.3190,1.3791,1.3953,1.2950,1.1573,1.0797
1475.0000,1.2964,1.3339,1.3847,1.3906,1.2709,1.1302,1.0453
1480.0000,1.3092,1.3450,1.3912,1.3814,1.2484,1.0963,1.0219
1485.0000,1.3245,1.3536,1.3963,1.3710,1.2216,1.0668,0.9900
1490.0000,1.3356,1.3629,1.3987,1.3587,1.1928,1.0372,0.9573
1495.0000,1.3401,1.3743,1.3977,1.3449,1.1623,1.0075,0.9236
1500.0000,1.3545,1.3778,1.3990,1.3257,1.1347,0.9719,0.8987
1505.0000,1.3630,1.3829,1.3959,1.3064,1.1029,0.9414,0.8683
1510.0000,1.3701,1.3861,1.3911,1.2848,1.0705,0.9112,0.8380
1515.0000,1.3769,1.3868,1.3846,1.2610,1.0379,0.8817,0.8070
1520.0000,1.3790,1.3884,1.3742,1.2362,1.0042,0.8536,0.7740
1525.0000,1.3799,1.3873,1.3628,1.2081,0.9737,0.8199,0.7556
1530.0000,1.3828,1.3826,1.3493,1.1794,0.9410,0.7918,0.7295
1535.0000,1.3814,1.3776,1.3324,1.1501,0.9080,0.7655,0.7031
1540.0000,1.3764,1.3716,1.3128,1.1200,0.8755,0.7402,0.6772
1545.0000,1.3741,1.3600,1.2934,1.0872,0.8462,0.7121,0.6590
1550.0000,1.3654,1.3499,1.2693,1.0559,0.8149,0.6892,0.6365
1555.0000,1.3571,1.3357,1.2448,1.0233,0.7856,0.6662,0.6177
1560.0000,1.3480,1.3178,1.2197,0.9897,0.7585,0.6429,0.6029
1565.0000,1.3344,1.2999,1.1917,0.9574,0.7308,0.6237,0.5864
1570.0000,1.3151,1.2827,1.1605,0.9264,0.7029,0.6079,0.5670
1575.0000,1.2985,1.2606,1.1302,0.8944,0.6782,0.5913,0.5509
1580.0000,1.2833,1.2344,1.1003,0.8625,0.6550,0.5769,0.5318
1585.0000,1.2606,1.2095,1.0690,0.8307,0.6356,0.5580,0.5274
1590.0000,1.2330,1.1854,1.0354,0.8013,0.6152,0.5445,0.5161
1595.0000,1.2134,1.1553,1.0038,0.7719,0.5970,0.5317,0.5052
1600.0000,1.1901,1.1248,0.9719,0.7439,0.5799,0.5205,0.4939
1605.0000,1.1585,1.0969,0.9386,0.7174,0.5648,0.5078,0.4893
1610.0000,1.1335,1.0647,0.9071,0.6921,0.5503,0.4983,0.4819
1615.0000,1.1024,1.0356,0.8739,0.6694,0.5359,0.4905,0.4747
1620.0000,1.0759,1.0026,0.8434,0.6471,0.5233,0.4833,0.4677
1625.0000,1.0465,0.9698,0.8139,0.6259,0.5126,0.4756,0.4634
1630.0000,1.0124,0.9407,0.7831,0.6076,0.5014,0.4706,0.4574
1635.0000,0.9780,0.9119,0.7535,0.5904,0.4916,0.4655,0.4535
1640.0000,0.9511,0.8792,0.7277,0.5732,0.4838,0.4603,0.4500
1645.0000,0.9237,0.8463,0.7037,0.5571,0.4767,0.4565,0.4449
1650.0000,0.8895,0.8183,0.6790,0.5430,0.4706,0.4515,0.4447
1655.0000,0.8612,0.7886,0.6572,0.5294,0.4655,0.4474,0.4440
1660.0000,0.8304,0.7625,0.6349,0.5182,0.4598,0.4455,0.4418
1665.0000,0.8061,0.7334,0.6166,0.5066,0.4560,0.4426,0.4422
1670.0000,0.7776,0.7080,0.5982,0.4969,0.4518,0.4412,0.4418
1675.0000,0.7488,0.6859,0.5798,0.4890,0.4474,0.4412,0.4407
1680.0000,0.7200,0.6661,0.5619,0.4823,0.4435,0.4415,0.4407
1685.0000,0.6960,0.6452,0.5468,0.4755,0.4408,0.4416,0.4408
1690.0000,0.6765,0.6233,0.5343,0.4690,0.4388,0.4428,0.4389
1695.0000,0.6538,0.6050,0.5219,0.4633,0.4377,0.4429,0.4395
1700.0000,0.6367,0.5852,0.5124,0.4573,0.4380,0.4424,0.4402
1705.0000,0.6172,0.5682,0.5030,0.4526,0.4378,0.4436,0.4375
1710.0000,0.5964,0.5546,0.4935,0.4486,0.4387,0.4425,0.4398
1715.0000,0.5777,0.5421,0.4848,0.4455,0.4396,0.4418,0.4407
1720.0000,0.5641,0.5289,0.4778,0.4426,0.4407,0.4411,0.4414
1725.0000,0.5517,0.5165,0.4715,0.4406,0.4415,0.4412,0.4410
1730.0000,0.5351,0.5081,0.4642,0.4399,0.4418,0.4409,0.4419
1735.0000,0.5248,0.4982,0.4588,0.4392,0.4422,0.4408,0.4425
1740.0000,0.5123,0.4914,0.4527,0.4399,0.4415,0.4417,0.4421
1745.0000,0.5037,0.4831,0.4487,0.4401,0.4415,0.4419,0.4430
1750.0000,0.4959,0.4751,0.4458,0.4403,0.4415,0.4422,0.4437
1755.0000,0.4868,0.4693,0.4428,0.4412,0.4408,0.4435,0.4431
1760.0000,0.4783,0.4641,0.4407,0.4417,0.4406,0.4439,0.4442
1765.0000,0.4730,0.4581,0.4402,0.4416,0.4410,0.4442,0.4452
1770.0000,0.4681,0.4529,0.4400,0.4417,0.4409,0.4457,0.4442
1775.0000,0.4622,0.4492,0.4401,0.4415,0.4416,0.4457,0.4460
1780.0000,0.4576,0.4461,0.4405,0.4412,0.4423,0.4459,0.4472
1785.0000,0.4531,0.4444,0.4403,0.4415,0.4423,0.4475,0.4462
1790.0000,0.4494,0.4432,0.4405,0.4414,0.4432,0.4476,0.4481
1795.0000,0.4474,0.4418,0.4409,0.4412,0.4442,0.4479,0.4494
1800.0000,0.4452,0.4414,0.4408,0.4416,0.4444,0.4494,0.4486
1805.0000,0.4430,0.4415,0.4406,0.4419,0.4453,0.4497,0.4505
1810.0000,0.4404,0.4422,0.4402,0.4424,0.4460,0.4502,0.4519
1815.0000,0.4416,0.4413,0.4405,0.4428,0.4464,0.4517,0.4513
1820.0000,0.4409,0.4414,0.4405,0.4432,0.4474,0.4521,0.4533
1825.0000,0.4394,0.4420,0.4403,0.4438,0.4481,0.4527,0.4549
1830.0000,0.4409,0.4412,0.4407,0.4444,0.4485,0.4546,0.4540
1835.0000,0.4404,0.4414,0.4409,0.4450,0.4495,0.4550,0.4567
1840.0000,0.4397,0.4417,0.4410,0.4456,0.4504,0.4558,0.4585
1845.0000,0.4409,0.4411,0.4418,0.4460,0.4515,0.4567,0.4602
1850.0000,0.4405,0.4416,0.4419,0.4470,0.4518,0.4586,0.4606
1855.0000,0.4399,0.4420,0.4422,0.4477,0.4529,0.4597,0.4627
1860.0000,0.4411,0.4415,0.4432,0.4481,0.4541,0.4607,0.4647
1865.0000,0.4410,0.4420,0.4435,0.4491,0.4547,0.4629,0.4653
1870.0000,0.4403,0.4428,0.4439,0.4498,0.4560,0.4641,0.4680
1875.0000,0.4417,0.4425,0.4450,0.4504,0.4574,0.4656,0.4701
1880.0000,0.4418,0.4432,0.4454,0.4514,0.4583,0.4681,0.4708
1885.0000,0.4417,0.4439,0.4460,0.4522,0.4599,0.4695,0.4737
1890.0000,0.4428,0.4439,0.4471,0.4528,0.4617,0.4711,0.4763
1895.0000,0.4429,0.4448,0.4474,0.4541,0.4627,0.4740,0.4770
1900.0000,0.4430,0.4457,0.4480,0.4550,0.4646,0.4757,0.4800
1905.0000,0.4443,0.4457,0.4492,0.4558,0.4667,0.4774,0.4829
1910.0000,0.4447,0.4467,0.4496,0.4573,0.4681,0.4805,0.4836
1915.0000,0.4446,0.4478,0.4502,0.4585,0.4702,0.4823,0.4875
1920.0000,0.4461,0.4479,0.4514,0.4597,0.4725,0.4844,0.4905
1925.0000,0.4466,0.4488,0.4520,0.4614,0.4741,0.4877,0.4914
1930.0000,0.4470,0.4497,0.4529,0.4628,0.4765,0.4897,0.4956
1935.0000,0.4463,0.4511,0.4536,0.4646,0.4789,0.4920,0.4995
1940.0000,0.4487,0.4512,0.4549,0.4664,0.4807,0.4957,0.5006
1945.0000,0.4492,0.4522,0.4560,0.4681,0.4833,0.4982,0.5051
1950.0000,0.4486,0.4538,0.4570,0.4701,0.4858,0.5009,0.5095
1955.0000,0.4512,0.4540,0.4585,0.4722,0.4879,0.5052,0.5109
1960.0000,0.4518,0.4551,0.4600,0.4741,0.4908,0.5080,0.5163
1965.0000,0.4521,0.4564,0.4615,0.4761,0.4938,0.5110,0.5218
1970.0000,0.4543,0.4569,0.4636,0.4780,0.4970,0.5143,0.5273
1975.0000,0.4548,0.4586,0.4649,0.4806,0.4994,0.5192,0.5317
1980.0000,0.4554,0.4602,0.4665,0.4830,0.5025,0.5237,0.5376
1985.0000,0.4578,0.4609,0.4688,0.4850,0.5061,0.5280,0.5446
1990.0000,0.4588,0.4627,0.4705,0.4878,0.5090,0.5342,0.5504
1995.0000,0.4589,0.4650,0.4722,0.4905,0.5128,0.5395,0.5594
2000.0000,0.4618,0.4660,0.4746,0.4931,0.5166,0.5465,0.5670
2005.0000,0.4631,0.4680,0.4765,0.4961,0.5202,0.5545,0.5740
2010.0000,0.4644,0.4699,0.4789,0.4987,0.5254,0.5613,0.5856
2015.0000,0.4670,0.4712,0.4817,0.5013,0.5310,0.5689,0.5977
2020.0000,0.4682,0.4737,0.4836,0.5048,0.5359,0.5793,0.6081
2025.0000,0.4698,0.4760,0.4859,0.5083,0.5417,0.5901,0.6191
2030.0000,0.4727,0.4774,0.4891,0.5113,0.5492,0.6001,0.6335
2035.0000,0.4746,0.4798,0.4915,0.5153,0.5560,0.6131,0.6452
2040.0000,0.4757,0.4827,0.4940,0.5192,0.5646,0.6249,0.6622
2045.0000,0.4788,0.4847,0.4969,0.5238,0.5731,0.6399,0.6744
2050.0000,0.4810,0.4874,0.4995,0.5289,0.5823,0.6558,0.6854
2055.0000,0.4832,0.4900,0.5028,0.5338,0.5940,0.6695,0.7015
2060.0000,0.4836,0.4936,0.5057,0.5396,0.6063,0.6841,0.7159
2065.0000,0.4882,0.4956,0.5094,0.5460,0.6188,0.7008,0.7248
2070.0000,0.4909,0.4985,0.5131,0.5529,0.6330,0.7158,0.7338
2075.0000,0.4936,0.5014,0.5175,0.5601,0.6490,0.7285,0.7430
2080.0000,0.4972,0.5042,0.5218,0.5689,0.6643,0.7429,0.7436
2085.0000,0.4997,0.5080,0.5265,0.5780,0.6817,0.7522,0.7473
2090.0000,0.5027,0.5116,0.5318,0.5880,0.6997,0.7585,0.7479
2095.0000,0.5069,0.5150,0.5377,0.5992,0.7175,0.7621,0.7445
2100.0000,0.5096,0.5204,0.5427,0.6127,0.7329,0.7648,0.7340
2105.0000,0.5130,0.5254,0.5490,0.6266,0.7485,0.7613,0.7247
2110.0000,0.5185,0.5300,0.5562,0.6419,0.7615,0.7554,0.7087
2115.0000,0.5226,0.5362,0.5635,0.6587,0.7713,0.7466,0.6867
2120.0000,0.5249,0.5438,0.5713,0.6760,0.7789,0.7320,0.6641
2125.0000,0.5331,0.5488,0.5825,0.6921,0.7852,0.7096,0.6443
2130.0000,0.5390,0.5561,0.5932,0.7099,0.7848,0.6877,0.6170
2135.0000,0.5448,0.5641,0.6051,0.7272,0.7798,0.6628,0.5871
2140.0000,0.5532,0.5717,0.6190,0.7431,0.7702,0.6349,0.5554
2145.0000,0.5592,0.5824,0.6328,0.7581,0.7552,0.6052,0.5218
2150.0000,0.5683,0.5917,0.6495,0.7692,0.7383,0.5688,0.5002
2155.0000,0.5786,0.6019,0.6664,0.7787,0.7137,0.5375,0.4694
2160.0000,0.5888,0.6134,0.6841,0.7845,0.6858,0.5047,0.4428
2165.0000,0.5964,0.6282,0.7001,0.7875,0.6525,0.4755,0.4118
2170.0000,0.6103,0.6402,0.7185,0.7841,0.6193,0.4432,0.3907
2175.0000,0.6238,0.6534,0.7357,0.7765,0.5830,0.4147,0.3702
2180.0000,0.6375,0.6672,0.7513,0.7642,0.5450,0.3904,0.3477
2185.0000,0.6465,0.6840,0.7635,0.7477,0.5066,0.3688,0.3277
2190.0000,0.6633,0.6973,0.7748,0.7254,0.4699,0.3493,0.3091
2195.0000,0.6792,0.7097,0.7835,0.6979,0.4368,0.3291,0.3010
2200.0000,0.6942,0.7218,0.7878,0.6674,0.4045,0.3144,0.2890
2205.0000,0.7064,0.7335,0.7873,0.6338,0.3757,0.3015,0.2799
2210.0000,0.7174,0.7444,0.7812,0.5987,0.3494,0.2918,0.2704
2215.0000,0.7287,0.7520,0.7708,0.5616,0.3280,0.2815,0.2675
2220.0000,0.7379,0.7572,0.7548,0.5247,0.3092,0.2746,0.2633
2225.0000,0.7425,0.7611,0.7327,0.4893,0.2928,0.2705,0.2580
2230.0000,0.7458,0.7601,0.7072,0.4544,0.2810,0.2652,0.2577
2235.0000,0.7500,0.7531,0.6787,0.4212,0.2720,0.2617,0.2566
2240.0000,0.7478,0.7437,0.6460,0.3915,0.2645,0.2602,0.2541
2245.0000,0.7408,0.7305,0.6109,0.3647,0.2596,0.2583,0.2541
2250.0000,0.7344,0.7108,0.5758,0.3402,0.2571,0.2563,0.2545
2255.0000,0.7195,0.6907,0.5382,0.3204,0.2546,0.2560,0.2535
2260.0000,0.7012,0.6669,0.5013,0.3036,0.2536,0.2552,0.2541
2265.0000,0.6851,0.6370,0.4673,0.2890,0.2537,0.2544,0.2547
2270.0000,0.6645,0.6051,0.4352,0.2775,0.2542,0.2540,0.2548
2275.0000,0.6349,0.5757,0.4032,0.2696,0.2540,0.2541,0.2550
2280.0000,0.6098,0.5420,0.3760,0.2630,0.2546,0.2540,0.2553
2285.0000,0.5795,0.5111,0.3502,0.2593,0.2544,0.2546,0.2550
2290.0000,0.5543,0.4763,0.3302,0.2556,0.2552,0.2543,0.2556
2295.0000,0.5231,0.4454,0.3122,0.2538,0.2554,0.2545,0.2557
2300.0000,0.4910,0.4180,0.2962,0.2535,0.2550,0.2553,0.2551
2305.0000,0.4600,0.3928,0.2830,0.2536,0.2547,0.2557,0.2554
2310.0000,0.4372,0.3660,0.2747,0.2531,0.2553,0.2555,0.2559
2315.0000,0.4101,0.3442,0.2676,0.2533,0.2551,0.2562,0.2549
2320.0000,0.3838,0.3263,0.2618,0.2539,0.2551,0.2562,0.2557
2325.0000,0.3604,0.3111,0.2576,0.2545,0.2550,0.2564,0.2561
2330.0000,0.3419,0.2972,0.2554,0.2546,0.2552,0.2564,0.2564
2335.0000,0.3269,0.2847,0.2547,0.2546,0.2555,0.2567,0.2560
2340.0000,0.3094,0.2771,0.2533,0.2551,0.2555,0.2567,0.2565
2345.0000,0.2976,0.2700,0.2531,0.2552,0.2558,0.2567,0.2569
2350.0000,0.2868,0.2653,0.2527,0.2556,0.2556,0.2574,0.2562
2355.0000,0.2789,0.2612,0.2531,0.2556,0.2559,0.2571,0.2569
2360.0000,0.2726,0.2581,0.2536,0.2555,0.2563,0.2571,0.2572
2365.0000,0.2665,0.2568,0.2535,0.2559,0.2561,0.2577,0.2566
2370.0000,0.2627,0.2555,0.2539,0.2559,0.2564,0.2576,0.2572
2375.0000,0.2603,0.2544,0.2545,0.2558,0.2568,0.2574,0.2575
2380.0000,0.2578,0.2543,0.2546,0.2561,0.2567,0.2579,0.2569
2385.0000,0.2558,0.2544,0.2547,0.2562,0.2569,0.2578,0.2574
2390.0000,0.2555,0.2541,0.2551,0.2562,0.2572,0.2577,0.2577
2395.0000,0.2547,0.2545,0.2551,0.2565,0.2570,0.2583,0.2568
2400.0000,0.2541,0.2548,0.2552,0.2566,0.2573,0.2580,0.2575
2405.0000,0.2546,0.2546,0.2556,0.2566,0.2576,0.2579,0.2577
2410.0000,0.2545,0.2550,0.2556,0.2569,0.2574,0.2584,0.2568
2415.0000,0.2541,0.2554,0.2556,0.2571,0.2576,0.2582,0.2572
2420.0000,0.2548,0.2552,0.2560,0.2571,0.2579,0.2579,0.2575
2425.0000,0.2548,0.2555,0.2560,0.2574,0.2577,0.2583,0.2565
2430.0000,0.2548,0.2557,0.2561,0.2575,0.2578,0.2580,0.2570
2435.0000,0.2542,0.2563,0.2560,0.2577,0.2578,0.2579,0.2571
2440.0000,0.2553,0.2560,0.2563,0.2578,0.2576,0.2583,0.2557
2445.0000,0.2553,0.2562,0.2565,0.2578,0.2578,0.2578,0.2565
2450.0000,0.2550,0.2565,0.2566,0.2580,0.2578,0.2575,0.2566
2455.0000,0.2558,0.2562,0.2569,0.2579,0.2579,0.2572,0.2566
2460.0000,0.2556,0.2566,0.2569,0.2582,0.2576,0.2574,0.2557
2465.0000,0.2554,0.2569,0.2570,0.2582,0.2576,0.2569,0.2560
2470.0000,0.2562,0.2567,0.2573,0.2581,0.2576,0.2566,0.2560
2475.0000,0.2562,0.2569,0.2573,0.2582,0.2572,0.2567,0.2552
2480.0000,0.2558,0.2573,0.2573,0.2583,0.2571,0.2563,0.2554
2485.0000,0.2566,0.2570,0.2577,0.2581,0.2571,0.2560,0.2553
2490.0000,0.2566,0.2573,0.2576,0.2582,0.2566,0.2561,0.2544
2495.0000,0.2562,0.2577,0.2576,0.2582,0.2564,0.2558,0.2545
2500.0000,0.2570,0.2574,0.2579,0.2579,0.2564,0.2553,0.2546
2505.0000,0.2570,0.2576,0.2579,0.2579,0.2560,0.2554,0.2537
2510.0000,0.2568,0.2579,0.2579,0.2577,0.2559,0.2550,0.2539
2515.0000,0.2574,0.2577,0.2581,0.2574,0.2558,0.2546,0.2539
2520.0000,0.2573,0.2579,0.2579,0.2574,0.2552,0.2549,0.2528
2525.0000,0.2571,0.2581,0.2578,0.2572,0.2551,0.2543,0.2533
2530.0000,0.2576,0.2578,0.2579,0.2569,0.2550,0.2539,0.2533
2535.0000,0.2576,0.2580,0.2577,0.2568,0.2545,0.2542,0.2522
2540.0000,0.2573,0.2582,0.2575,0.2566,0.2543,0.2538,0.2525
2545.0000,0.2578,0.2579,0.2576,0.2562,0.2543,0.2534,0.2526
2550.0000,0.2577,0.2580,0.2573,0.2561,0.2538,0.2536,0.2516
2555.0000,0.2574,0.2580,0.2571,0.2559,0.2537,0.2532,0.2518
2560.0000,0.2567,0.2583,0.2567,0.2557,0.2535,0.2529,0.2518
2565.0000,0.2576,0.2577,0.2567,0.2554,0.2531,0.2532,0.2503
2570.0000,0.2574,0.2576,0.2565,0.2551,0.2532,0.2525,0.2511
2575.0000,0.2568,0.2576,0.2563,0.2548,0.2530,0.2521,0.2512
2580.0000,0.2574,0.2571,0.2562,0.2545,0.2529,0.2517,0.2510
2585.0000,0.2569,0.2572,0.2558,0.2544,0.2525,0.2519,0.2502
2590.0000,0.2563,0.2572,0.2555,0.2542,0.2524,0.2514,0.2504
2595.0000,0.2569,0.2566,0.2555,0.2539,0.2523,0.2510,0.2503
2600.0000,0.2565,0.2566,0.2551,0.2539,0.2518,0.2512,0.2494
2605.0000,0.2558,0.2566,0.2547,0.2537,0.2516,0.2508,0.2494
2610.0000,0.2563,0.2560,0.2547,0.2533,0.2515,0.2503,0.2494
2615.0000,0.2560,0.2559,0.2544,0.2532,0.2511,0.2504,0.2485
2620.0000,0.2553,0.2558,0.2541,0.2530,0.2509,0.2500,0.2485
2625.0000,0.2557,0.2552,0.2542,0.2526,0.2508,0.2494,0.2485
2630.0000,0.2553,0.2551,0.2538,0.2525,0.2504,0.2495,0.2475
2635.0000,0.2548,0.2550,0.2536,0.2523,0.2502,0.2490,0.2474
2640.0000,0.2550,0.2545,0.2535,0.2520,0.2501,0.2485,0.2472
2645.0000,0.2546,0.2545,0.2532,0.2519,0.2495,0.2486,0.2459
2650.0000,0.2541,0.2544,0.2529,0.2516,0.2494,0.2478,0.2463
2655.0000,0.2544,0.2539,0.2529,0.2512,0.2492,0.2472,0.2462
2660.0000,0.2540,0.2538,0.2525,0.2512,0.2486,0.2473,0.2450
2665.0000,0.2535,0.2538,0.2522,0.2510,0.2483,0.2467,0.2451
2670.0000,0.2537,0.2533,0.2522,0.2506,0.2481,0.2460,0.2451
2675.0000,0.2534,0.2532,0.2518,0.2505,0.2475,0.2461,0.2440
2680.0000,0.2530,0.2531,0.2516,0.2502,0.2471,0.2456,0.2441
2685.0000,0.2521,0.2532,0.2512,0.2500,0.2467,0.2452,0.2441
2690.0000,0.2528,0.2525,0.2511,0.2497,0.2460,0.2454,0.2426
2695.0000,0.2523,0.2524,0.2509,0.2493,0.2458,0.2446,0.2433
2700.0000,0.2517,0.2523,0.2506,0.2489,0.2455,0.2442,0.2434
2705.0000,0.2521,0.2517,0.2506,0.2484,0.2452,0.2439,0.2433
2710.0000,0.2517,0.2517,0.2502,0.2481,0.2446,0.2440,0.2425
2715.0000,0.2511,0.2516,0.2499,0.2477,0.2444,0.2436,0.2428
2720.0000,0.2515,0.2510,0.2499,0.2471,0.2442,0.2433,0.2428
2725.0000,0.2511,0.2509,0.2494,0.2468,0.2437,0.2435,0.2420
2730.0000,0.2504,0.2509,0.2490,0.2464,0.2435,0.2432,0.2422
2735.0000,0.2508,0.2502,0.2489,0.2459,0.2435,0.2428,0.2422
2740.0000,0.2503,0.2501,0.2483,0.2456,0.2431,0.2430,0.2414
2745.0000,0.2497,0.2500,0.2478,0.2453,0.2430,0.2427,0.2415
2750.0000,0.2500,0.2494,0.2477,0.2448,0.2430,0.2423,0.2415
2755.0000,0.2495,0.2492,0.2471,0.2446,0.2427,0.2425,0.2406
2760.0000,0.2490,0.2490,0.2466,0.2443,0.2426,0.2421,0.2406
2765.0000,0.2491,0.2483,0.2464,0.2439,0.2427,0.2417,0.2404
2770.0000,0.2486,0.2481,0.2458,0.2438,0.2423,0.2418,0.2391
2775.0000,0.2479,0.2479,0.2454,0.2436,0.2423,0.2411,0.2395
2780.0000,0.2480,0.2472,0.2452,0.2433,0.2423,0.2405,0.2392
2785.0000,0.2475,0.2470,0.2447,0.2433,0.2418,0.2406,0.2379
2790.0000,0.2468,0.2468,0.2443,0.2432,0.2416,0.2399,0.2378
2795.0000,0.2469,0.2460,0.2442,0.2430,0.2415,0.2391,0.2377
2800.0000,0.2464,0.2458,0.2438,0.2430,0.2409,0.2390,0.2364
2805.0000,0.2458,0.2455,0.2435,0.2429,0.2406,0.2383,0.2363
2810.0000,0.2448,0.2455,0.2432,0.2428,0.2402,0.2377,0.2360
2815.0000,0.2454,0.2447,0.2432,0.2426,0.2395,0.2376,0.2343
2820.0000,0.2448,0.2445,0.2430,0.2424,0.2392,0.2366,0.2349
2825.0000,0.2441,0.2444,0.2428,0.2421,0.2387,0.2360,0.2347
2830.0000,0.2444,0.2438,0.2430,0.2417,0.2383,0.2352,0.2348
2835.0000,0.2439,0.2438,0.2427,0.2415,0.2374,0.2351,0.2341
2840.0000,0.2433,0.2437,0.2425,0.2412,0.2369,0.2344,0.2349
2845.0000,0.2437,0.2432,0.2426,0.2406,0.2364,0.2339,0.2358
2850.0000,0.2433,0.2432,0.2423,0.2403,0.2355,0.2342,0.2362
2855.0000,0.2427,0.2433,0.2420,0.2399,0.2350,0.2341,0.2385
2860.0000,0.2431,0.2428,0.2420,0.2392,0.2344,0.2344,0.2412
2865.0000,0.2427,0.2428,0.2416,0.2389,0.2335,0.2357,0.2439
2870.0000,0.2423,0.2428,0.2412,0.2383,0.2331,0.2369,0.2492
2875.0000,0.2426,0.2423,0.2410,0.2376,0.2327,0.2390,0.2555
2880.0000,0.2422,0.2423,0.2404,0.2372,0.2320,0.2428,0.2622
2885.0000,0.2416,0.2423,0.2398,0.2367,0.2317,0.2477,0.2703
2890.0000,0.2420,0.2416,0.2397,0.2358,0.2323,0.2529,0.2815
2895.0000,0.2416,0.2414,0.2391,0.2352,0.2329,0.2607,0.2931
2900.0000,0.2409,0.2413,0.2383,0.2348,0.2339,0.2706,0.3046
2905.0000,0.2412,0.2403,0.2384,0.2335,0.2371,0.2801,0.3215
2910.0000,0.2408,0.2400,0.2378,0.2329,0.2404,0.2930,0.3380
2915.0000,0.2404,0.2394,0.2376,0.2320,0.2459,0.3061,0.3607
2920.0000,0.2401,0.2390,0.2366,0.2323,0.2508,0.3251,0.3778
2925.0000,0.2395,0.2386,0.2358,0.2325,0.2583,0.3447,0.3975
2930.0000,0.2389,0.2381,0.2354,0.2327,0.2687,0.3642,0.4230
2935.0000,0.2382,0.2375,0.2349,0.2334,0.2813,0.3852,0.4498
2940.0000,0.2382,0.2368,0.2342,0.2354,0.2949,0.4099,0.4741
2945.0000,0.2374,0.2367,0.2330,0.2388,0.3101,0.4376,0.4928
2950.0000,0.2366,0.2360,0.2328,0.2423,0.3298,0.4619,0.5185
2955.0000,0.2366,0.2351,0.2329,0.2470,0.3519,0.4866,0.5431
2960.0000,0.2361,0.2347,0.2327,0.2542,0.3749,0.5132,0.5637
2965.0000,0.2352,0.2347,0.2326,0.2633,0.3995,0.5397,0.5798
2970.0000,0.2353,0.2341,0.2340,0.2735,0.4277,0.5616,0.5985
2975.0000,0.2349,0.2345,0.2351,0.2870,0.4552,0.5845,0.6101
2980.0000,0.2344,0.2349,0.2375,0.3020,0.4851,0.6017,0.6255
2985.0000,0.2348,0.2358,0.2407,0.3201,0.5136,0.6187,0.6337
2990.0000,0.2347,0.2378,0.2445,0.3411,0.5410,0.6335,0.6366
2995.0000,0.2348,0.2403,0.2503,0.3637,0.5685,0.6424,0.6420
3000.0000,0.2372,0.2425,0.2584,0.3882,0.5940,0.6479,0.6445
3005.0000,0.2382,0.2472,0.2673,0.4156,0.6154,0.6528,0.6408
3010.0000,0.2406,0.2522,0.2792,0.4436,0.6347,0.6528,0.6383
3015.0000,0.2457,0.2572,0.2941,0.4722,0.6505,0.6504,0.6325
3020.0000,0.2503,0.2645,0.3109,0.5015,0.6618,0.6465,0.6235
3025.0000,0.2553,0.2737,0.3303,0.5300,0.6701,0.6386,0.6178
3030.0000,0.2636,0.2836,0.3525,0.5575,0.6736,0.6309,0.6075
3035.0000,0.2728,0.2956,0.3770,0.5831,0.6735,0.6219,0.5967
3040.0000,0.2805,0.3117,0.4021,0.6070,0.6694,0.6125,0.5841
3045.0000,0.2945,0.3271,0.4306,0.6267,0.6640,0.6002,0.5749
3050.0000,0.3099,0.3443,0.4599,0.6433,0.6551,0.5893,0.5634
3055.0000,0.3273,0.3631,0.4900,0.6561,0.6445,0.5781,0.5519
3060.0000,0.3399,0.3874,0.5177,0.6660,0.6317,0.5675,0.5402
3065.0000,0.3611,0.4104,0.5458,0.6717,0.6179,0.5578,0.5263
3070.0000,0.3844,0.4334,0.5733,0.6725,0.6057,0.5445,0.5217
3075.0000,0.4088,0.4574,0.5981,0.6705,0.5920,0.5344,0.5125
3080.0000,0.4301,0.4836,0.6190,0.6659,0.5782,0.5249,0.5037
3085.0000,0.4501,0.5120,0.6352,0.6597,0.5638,0.5172,0.4935
3090.0000,0.4770,0.5355,0.6503,0.6495,0.5523,0.5069,0.4895
3095.0000,0.5011,0.5588,0.6608,0.6384,0.5403,0.4991,0.4830
3100.0000,0.5250,0.5799,0.6677,0.6262,0.5289,0.4927,0.4756
3105.0000,0.5410,0.6029,0.6689,0.6140,0.5180,0.4865,0.4700
3110.0000,0.5653,0.6181,0.6695,0.5998,0.5095,0.4791,0.4667
3115.0000,0.5854,0.6312,0.6663,0.5862,0.5007,0.4742,0.4610
3120.0000,0.6024,0.6413,0.6605,0.5726,0.4933,0.4688,0.4573
3125.0000,0.6170,0.6479,0.6528,0.5593,0.4867,0.4640,0.4534
3130.0000,0.6257,0.6542,0.6413,0.5477,0.4796,0.4609,0.4475
3135.0000,0.6342,0.6554,0.6299,0.5358,0.4747,0.4557,0.4463
3140.0000,0.6415,0.6528,0.6180,0.5247,0.4699,0.4517,0.4433
3145.0000,0.6443,0.6489,0.6047,0.5150,0.4650,0.4489,0.4389
3150.0000,0.6425,0.6438,0.5908,0.5061,0.4609,0.4450,0.4374
3155.0000,0.6421,0.6348,0.5780,0.4977,0.4572,0.4418,0.4347
3160.0000,0.6371,0.6259,0.5645,0.4908,0.4530,0.4397,0.4305
3165.0000,0.6316,0.6147,0.5523,0.4840,0.4498,0.4366,0.4284
3170.0000,0.6244,0.6025,0.5411,0.4776,0.4472,0.4330,0.4269
3175.0000,0.6144,0.5913,0.5295,0.4725,0.4437,0.4311,0.4232
3180.0000,0.6032,0.5801,0.5188,0.4679,0.4407,0.4284,0.4214
3185.0000,0.5937,0.5675,0.5098,0.4633,0.4380,0.4257,0.4192
3190.0000,0.5837,0.5550,0.5016,0.4592,0.4350,0.4241,0.4150
3195.0000,0.5710,0.5445,0.4936,0.4555,0.4326,0.4209,0.4148
3200.0000,0.5582,0.5347,0.4861,0.4523,0.4298,0.4187,0.4128
3205.0000,0.5492,0.5238,0.4802,0.4488,0.4275,0.4163,0.4108
3210.0000,0.5398,0.5137,0.4748,0.4456,0.4248,0.4147,0.4077
3215.0000,0.5276,0.5061,0.4693,0.4428,0.4225,0.4121,0.4068
3220.0000,0.5195,0.4974,0.4650,0.4397,0.4203,0.4099,0.4051
3225.0000,0.5100,0.4908,0.4603,0.4373,0.4175,0.4086,0.4022
3230.0000,0.5025,0.4838,0.4566,0.4344,0.4155,0.4064,0.4008
3235.0000,0.4956,0.4771,0.4535,0.4314,0.4138,0.4040,0.3998
3240.0000,0.4877,0.4722,0.4497,0.4292,0.4112,0.4028,0.3973
3245.0000,0.4803,0.4679,0.4462,0.4268,0.4092,0.4008,0.3966
3250.0000,0.4757,0.4626,0.4436,0.4241,0.4075,0.3987,0.3960
3255.0000,0.4708,0.4581,0.4407,0.4218,0.4053,0.3977,0.3940
3260.0000,0.4648,0.4547,0.4378,0.4194,0.4037,0.3954,0.3963
3265.0000,0.4611,0.4507,0.4353,0.4170,0.4021,0.3938,0.3985
3270.0000,0.4564,0.4479,0.4321,0.4153,0.3995,0.3940,0.3999
3275.0000,0.4524,0.4449,0.4293,0.4133,0.3974,0.3941,0.4041
3280.0000,0.4496,0.4414,0.4269,0.4114,0.3951,0.3959,0.4077
3285.0000,0.4457,0.4389,0.4241,0.4098,0.3927,0.3990,0.4115
3290.0000,0.4422,0.4362,0.4217,0.4077,0.3912,0.4021,0.4186
3295.0000,0.4400,0.4328,0.4198,0.4055,0.3901,0.4071,0.4248
3300.0000,0.4367,0.4304,0.4175,0.4035,0.3894,0.4137,0.4305
3305.0000,0.4335,0.4279,0.4158,0.4009,0.3906,0.4194,0.4412
3310.0000,0.4309,0.4250,0.4144,0.3979,0.3932,0.4254,0.4546
3315.0000,0.4291,0.4220,0.4128,0.3956,0.3957,0.4349,0.4655
3320.0000,0.4262,0.4199,0.4107,0.3937,0.3994,0.4451,0.4787
3325.0000,0.4231,0.4180,0.4086,0.3919,0.4048,0.4556,0.4953
3330.0000,0.4214,0.4155,0.4066,0.3906,0.4113,0.4676,0.5136
3335.0000,0.4190,0.4139,0.4038,0.3906,0.4180,0.4825,0.5321
3340.0000,0.4151,0.4131,0.4003,0.3919,0.4252,0.5006,0.5482
3345.0000,0.4145,0.4105,0.3982,0.3929,0.4354,0.5175,0.5690
3350.0000,0.4117,0.4092,0.3953,0.3956,0.4459,0.5376,0.5882
3355.0000,0.4091,0.4074,0.3933,0.3986,0.4592,0.5568,0.6121
3360.0000,0.4085,0.4046,0.3919,0.4029,0.4729,0.5800,0.6304
3365.0000,0.4063,0.4026,0.3908,0.4082,0.4886,0.6034,0.6479
3370.0000,0.4043,0.4001,0.3911,0.4137,0.5078,0.6240,0.6709
3375.0000,0.4030,0.3976,0.3922,0.4204,0.5287,0.6444,0.6930
3380.0000,0.4016,0.3957,0.3935,0.4294,0.5496,0.6673,0.7101
3385.0000,0.3993,0.3951,0.3951,0.4401,0.5716,0.6896,0.7243
3390.0000,0.3981,0.3945,0.3980,0.4517,0.5961,0.7082,0.7408
3395.0000,0.3965,0.3956,0.4007,0.4663,0.6192,0.7284,0.7501
3400.0000,0.3951,0.3973,0.4048,0.4818,0.6445,0.7429,0.7656
3405.0000,0.3964,0.3986,0.4104,0.4993,0.6686,0.7574,0.7746
3410.0000,0.3969,0.4017,0.4164,0.5192,0.6910,0.7714,0.7780
3415.0000,0.3981,0.4052,0.4244,0.5400,0.7136,0.7805,0.7843
3420.0000,0.3987,0.4102,0.4337,0.5623,0.7345,0.7872,0.7879
3425.0000,0.4040,0.4144,0.4453,0.5857,0.7526,0.7936,0.7851
3430.0000,0.4083,0.4202,0.4590,0.6092,0.7700,0.7945,0.7873
3435.0000,0.4100,0.4292,0.4732,0.6340,0.7833,0.7953,0.7840
3440.0000,0.4188,0.4370,0.4903,0.6585,0.7937,0.7951,0.7762
3445.0000,0.4260,0.4472,0.5090,0.6820,0.8024,0.7906,0.7731
3450.0000,0.4353,0.4581,0.5297,0.7046,0.8079,0.7854,0.7663
3455.0000,0.4459,0.4705,0.5519,0.7257,0.8105,0.7793,0.7576
3460.0000,0.4550,0.4867,0.5739,0.7458,0.8096,0.7730,0.7466
3465.0000,0.4687,0.5021,0.5984,0.7626,0.8081,0.7629,0.7401
3470.0000,0.4838,0.5190,0.6231,0.7773,0.8035,0.7538,0.7304
3475.0000,0.5002,0.5370,0.6478,0.7894,0.7968,0.7449,0.7196
3480.0000,0.5130,0.5592,0.6706,0.7995,0.7883,0.7354,0.7093
3485.0000,0.5332,0.5792,0.6945,0.8055,0.7799,0.7240,0.7017
3490.0000,0.5538,0.5999,0.7167,0.8094,0.7694,0.7147,0.6916
3495.0000,0.5748,0.6211,0.7372,0.8104,0.7585,0.7051,0.6826
3500.0000,0.5947,0.6431,0.7553,0.8093,0.7470,0.6960,0.6730
3505.0000,0.6126,0.6673,0.7693,0.8069,0.7342,0.6888,0.6609
3510.0000,0.6354,0.6871,0.7833,0.8006,0.7242,0.6778,0.6568
3515.0000,0.6568,0.7063,0.7942,0.7932,0.7133,0.6691,0.6492
3520.0000,0.6776,0.7240,0.8022,0.7846,0.7022,0.6622,0.6394
3525.0000,0.6920,0.7436,0.8057,0.7756,0.6917,0.6543,0.6327
3530.0000,0.7126,0.7570,0.8089,0.7643,0.6833,0.6449,0.6290
3535.0000,0.7298,0.7693,0.8087,0.7535,0.6736,0.6388,0.6213
3540.0000,0.7451,0.7789,0.8066,0.7420,0.6653,0.6314,0.6177
3545.0000,0.7534,0.7890,0.8008,0.7314,0.6567,0.6254,0.6131
3550.0000,0.7673,0.7932,0.7947,0.7203,0.6483,0.6210,0.6060
3555.0000,0.7749,0.7970,0.7865,0.7096,0.6412,0.6149,0.6049
3560.0000,0.7779,0.7998,0.7762,0.6998,0.6336,0.6109,0.6012
3565.0000,0.7862,0.7966,0.7669,0.6897,0.6266,0.6082,0.5950
3570.0000,0.7884,0.7931,0.7567,0.6798,0.6212,0.6036,0.5939
3575.0000,0.7862,0.7889,0.7454,0.6708,0.6156,0.6005,0.5906
3580.0000,0.7869,0.7809,0.7355,0.6614,0.6114,0.5970,0.5875
3585.0000,0.7833,0.7731,0.7246,0.6533,0.6067,0.5950,0.5821
3590.0000,0.7769,0.7647,0.7141,0.6450,0.6039,0.5903,0.5815
3595.0000,0.7721,0.7543,0.7043,0.6371,0.6012,0.5866,0.5791
3600.0000,0.7637,0.7453,0.6935,0.6308,0.5976,0.5843,0.5750
3605.0000,0.7555,0.7353,0.6836,0.6247,0.5950,0.5808,0.5731
3610.0000,0.7477,0.7244,0.6745,0.6189,0.5927,0.5771,0.5716
3615.0000,0.7370,0.7154,0.6645,0.6146,0.5892,0.5750,0.5683
3620.0000,0.7256,0.7068,0.6549,0.6108,0.5860,0.5724,0.5665
3625.0000,0.7180,0.6960,0.6472,0.6069,0.5831,0.5699,0.5644
3630.0000,0.7090,0.6861,0.6396,0.6037,0.5796,0.5686,0.5604
3635.0000,0.6976,0.6777,0.6323,0.6005,0.5768,0.5658,0.5599
3640.0000,0.6899,0.6676,0.6268,0.5970,0.5742,0.5636,0.5582
3645.0000,0.6801,0.6596,0.6209,0.5944,0.5708,0.5628,0.5540
