150.0000,1.0771,1.0456,0.9949,1.1052,1.1990,1.1367,1.1058
155.0000,1.0655,1.0329,1.0014,1.1249,1.1972,1.1226,1.0936
160.0000,1.0528,1.0245,1.0104,1.1443,1.1904,1.1092,1.0801
165.0000,1.0407,1.0197,1.0226,1.1615,1.1806,1.0943,1.0704
170.0000,1.0341,1.0163,1.0383,1.1764,1.1665,1.0827,1.0553
175.0000,1.0281,1.0174,1.0558,1.1881,1.1501,1.0715,1.0405
180.0000,1.0232,1.0225,1.0745,1.1961,1.1325,1.0605,1.0258
185.0000,1.0254,1.0274,1.0965,1.1981,1.1167,1.0463,1.0165
190.0000,1.0286,1.0364,1.1172,1.1973,1.0986,1.0367,1.0007
195.0000,1.0363,1.0459,1.1386,1.1912,1.0830,1.0244,0.9908
200.0000,1.0419,1.0601,1.1569,1.1821,1.0684,1.0116,0.9823
205.0000,1.0523,1.0752,1.1721,1.1710,1.0526,1.0032,0.9662
210.0000,1.0639,1.0913,1.1846,1.1564,1.0411,0.9884,0.9671
215.0000,1.0722,1.1107,1.1909,1.1422,1.0276,0.9788,0.9605
220.0000,1.0891,1.1260,1.1946,1.1269,1.0143,0.9720,0.9502
225.0000,1.1031,1.1413,1.1940,1.1107,1.0033,0.9627,0.9485
230.0000,1.1144,1.1558,1.1888,1.0954,0.9918,0.9561,0.9441
235.0000,1.1307,1.1647,1.1820,1.0796,0.9816,0.9506,0.9394
240.0000,1.1378,1.1756,1.1695,1.0661,0.9704,0.9479,0.9322
245.0000,1.1457,1.1808,1.1568,1.0515,0.9623,0.9425,0.9305
250.0000,1.1589,1.1781,1.1453,1.0363,0.9561,0.9376,0.9282
255.0000,1.1635,1.1755,1.1308,1.0232,0.9490,0.9356,0.9223
260.0000,1.1653,1.1695,1.1166,1.0099,0.9446,0.9310,0.9215
265.0000,1.1667,1.1596,1.1029,0.9970,0.9412,0.9267,0.9204
270.0000,1.1628,1.1498,1.0876,0.9862,0.9370,0.9248,0.9162
275.0000,1.1544,1.1400,1.0718,0.9766,0.9337,0.9217,0.9154
280.0000,1.1482,1.1270,1.0572,0.9676,0.9311,0.9186,0.9146
285.0000,1.1374,1.1156,1.0412,0.9611,0.9271,0.9182,0.9103
290.0000,1.1243,1.1037,1.0261,0.9550,0.9245,0.9155,0.9112
295.0000,1.1158,1.0880,1.0137,0.9490,0.9223,0.9136,0.9104
300.0000,1.1027,1.0747,1.0005,0.9449,0.9187,0.9141,0.9062
305.0000,1.0908,1.0597,0.9900,0.9402,0.9172,0.9117,0.9079
310.0000,1.0787,1.0444,0.9811,0.9357,0.9160,0.9097,0.9089
315.0000,1.0639,1.0320,0.9715,0.9329,0.9131,0.9107,0.9059
320.0000,1.0497,1.0198,0.9635,0.9299,0.9115,0.9098,0.9069
325.0000,1.0372,1.0075,0.9571,0.9267,0.9105,0.9088,0.9082
330.0000,1.0267,0.9952,0.9516,0.9241,0.9086,0.9106,0.9044
335.0000,1.0124,0.9866,0.9458,0.9216,0.9081,0.9091,0.9087
340.0000,0.9990,0.9789,0.9404,0.9197,0.9072,0.9093,0.9102
345.0000,0.9919,0.9695,0.9366,0.9178,0.9058,0.9119,0.9069
350.0000,0.9830,0.9619,0.9332,0.9155,0.9061,0.9113,0.9106
355.0000,0.9714,0.9568,0.9293,0.9139,0.9063,0.9114,0.9136
360.0000,0.9665,0.9496,0.9272,0.9119,0.9070,0.9119,0.9158
365.0000,0.9593,0.9448,0.9240,0.9110,0.9066,0.9145,0.9154
370.0000,0.9516,0.9409,0.9212,0.9099,0.9073,0.9155,0.9179
375.0000,0.9482,0.9354,0.9198,0.9084,0.9088,0.9163,0.9207
380.0000,0.9422,0.9327,0.9169,0.9084,0.9089,0.9194,0.9203
385.0000,0.9359,0.9304,0.9146,0.9080,0.9103,0.9204,0.9242
390.0000,0.9345,0.9259,0.9137,0.9073,0.9121,0.9220,0.9267
395.0000,0.9304,0.9238,0.9116,0.9078,0.9128,0.9254,0.9265
400.0000,0.9261,0.9219,0.9100,0.9080,0.9148,0.9268,0.9302
405.0000,0.9250,0.9185,0.9097,0.9079,0.9173,0.9280,0.9340
410.0000,0.9217,0.9172,0.9081,0.9092,0.9181,0.9320,0.9336
415.0000,0.9181,0.9161,0.9071,0.9100,0.9205,0.9336,0.9380
420.0000,0.9178,0.9133,0.9073,0.9106,0.9231,0.9355,0.9414
425.0000,0.9157,0.9123,0.9065,0.9125,0.9242,0.9398,0.9407
430.0000,0.9128,0.9118,0.9063,0.9138,0.9270,0.9412,0.9464
435.0000,0.9130,0.9097,0.9072,0.9149,0.9299,0.9433,0.9505
440.0000,0.9110,0.9097,0.9069,0.9172,0.9312,0.9479,0.9505
445.0000,0.9097,0.9093,0.9075,0.9189,0.9340,0.9501,0.9557
450.0000,0.9065,0.9101,0.9078,0.9210,0.9367,0.9526,0.9605
455.0000,0.9090,0.9086,0.9093,0.9232,0.9385,0.9579,0.9599
460.0000,0.9074,0.9094,0.9103,0.9252,0.9417,0.9601,0.9666
465.0000,0.9062,0.9102,0.9115,0.9273,0.9448,0.9631,0.9716
470.0000,0.9086,0.9096,0.9134,0.9298,0.9468,0.9690,0.9709
475.0000,0.9083,0.9106,0.9151,0.9319,0.9505,0.9716,0.9775
480.0000,0.9070,0.9121,0.9168,0.9341,0.9543,0.9744,0.9835
485.0000,0.9100,0.9119,0.9196,0.9360,0.9584,0.9776,0.9888
490.0000,0.9094,0.9143,0.9207,0.9392,0.9610,0.9832,0.9911
495.0000,0.9099,0.9161,0.9226,0.9419,0.9648,0.9871,0.9961
500.0000,0.9132,0.9163,0.9257,0.9441,0.9693,0.9907,1.0013
505.0000,0.9139,0.9185,0.9273,0.9476,0.9723,0.9966,1.0032
510.0000,0.9126,0.9219,0.9289,0.9508,0.9766,1.0001,1.0097
515.0000,0.9171,0.9223,0.9321,0.9535,0.9813,1.0042,1.0146
520.0000,0.9188,0.9247,0.9341,0.9573,0.9847,1.0102,1.0164
525.0000,0.9199,0.9270,0.9367,0.9606,0.9896,1.0137,1.0230
530.0000,0.9234,0.9281,0.9401,0.9637,0.9947,1.0174,1.0290
535.0000,0.9242,0.9315,0.9419,0.9683,0.9980,1.0239,1.0304
540.0000,0.9256,0.9343,0.9447,0.9721,1.0029,1.0278,1.0368
545.0000,0.9297,0.9355,0.9485,0.9756,1.0082,1.0315,1.0429
550.0000,0.9320,0.9382,0.9514,0.9802,1.0117,1.0380,1.0443
555.0000,0.9326,0.9420,0.9542,0.9845,1.0167,1.0416,1.0522
560.0000,0.9369,0.9436,0.9584,0.9884,1.0217,1.0461,1.0579
565.0000,0.9391,0.9472,0.9613,0.9935,1.0252,1.0530,1.0592
570.0000,0.9416,0.9502,0.9651,0.9977,1.0304,1.0569,1.0673
575.0000,0.9410,0.9551,0.9682,1.0024,1.0352,1.0614,1.0743
580.0000,0.9477,0.9567,0.9727,1.0071,1.0390,1.0690,1.0752
585.0000,0.9502,0.9605,0.9768,1.0115,1.0442,1.0735,1.0827
590.0000,0.9527,0.9642,0.9811,1.0158,1.0497,1.0780,1.0898
595.0000,0.9583,0.9663,0.9865,1.0196,1.0556,1.0824,1.0967
600.0000,0.9606,0.9710,0.9902,1.0248,1.0598,1.0896,1.0999
605.0000,0.9628,0.9756,0.9944,1.0294,1.0652,1.0947,1.1063
610.0000,0.9689,0.9782,0.9997,1.0335,1.0714,1.0995,1.1128
615.0000,0.9710,0.9839,1.0031,1.0391,1.0756,1.1069,1.1153
620.0000,0.9745,0.9883,1.0076,1.0437,1.0818,1.1114,1.1226
625.0000,0.9810,0.9911,1.0131,1.0479,1.0883,1.1158,1.1292
630.0000,0.9847,0.9958,1.0172,1.0535,1.0931,1.1228,1.1321
635.0000,0.9857,1.0020,1.0209,1.0589,1.0988,1.1275,1.1395
640.0000,0.9931,1.0049,1.0263,1.0638,1.1049,1.1326,1.1453
645.0000,0.9972,1.0098,1.0304,1.0698,1.1094,1.1398,1.1476
650.0000,1.0009,1.0145,1.0351,1.0750,1.1156,1.1440,1.1555
655.0000,1.0070,1.0179,1.0407,1.0801,1.1215,1.1490,1.1614
660.0000,1.0102,1.0238,1.0446,1.0866,1.1256,1.1568,1.1624
665.0000,1.0142,1.0286,1.0497,1.0920,1.1316,1.1611,1.1690
670.0000,1.0207,1.0318,1.0559,1.0968,1.1381,1.1649,1.1756
675.0000,1.0250,1.0368,1.0608,1.1030,1.1425,1.1720,1.1762
680.0000,1.0275,1.0429,1.0656,1.1086,1.1485,1.1757,1.1834
685.0000,1.0344,1.0465,1.0719,1.1136,1.1545,1.1797,1.1883
690.0000,1.0391,1.0519,1.0769,1.1198,1.1587,1.1864,1.1878
695.0000,1.0436,1.0571,1.0826,1.1250,1.1648,1.1890,1.1953
700.0000,1.0443,1.0644,1.0872,1.1309,1.1700,1.1924,1.2011
705.0000,1.0536,1.0680,1.0932,1.1367,1.1739,1.1988,1.1999
710.0000,1.0584,1.0736,1.0987,1.1422,1.1791,1.2017,1.2055
715.0000,1.0624,1.0795,1.1041,1.1476,1.1841,1.2046,1.2102
720.0000,1.0702,1.0834,1.1107,1.1524,1.1893,1.2069,1.2148
725.0000,1.0733,1.0906,1.1150,1.1588,1.1922,1.2122,1.2151
730.0000,1.0779,1.0966,1.1205,1.1640,1.1965,1.2148,1.2189
735.0000,1.0864,1.1001,1.1273,1.1684,1.2011,1.2171,1.2220
740.0000,1.0918,1.1056,1.1327,1.1738,1.2038,1.2216,1.2210
745.0000,1.0943,1.1126,1.1379,1.1786,1.2080,1.2227,1.2258
750.0000,1.1026,1.1164,1.1445,1.1826,1.2121,1.2242,1.2288
755.0000,1.1078,1.1224,1.1495,1.1876,1.2143,1.2280,1.2280
760.0000,1.1102,1.1297,1.1540,1.1923,1.2172,1.2296,1.2308
765.0000,1.1190,1.1335,1.1604,1.1958,1.2207,1.2306,1.2332
770.0000,1.1242,1.1395,1.1649,1.2005,1.2221,1.2341,1.2312
775.0000,1.1285,1.1454,1.1698,1.2042,1.2250,1.2344,1.2348
780.0000,1.1360,1.1495,1.1755,1.2073,1.2276,1.2354,1.2360
785.0000,1.1401,1.1561,1.1791,1.2117,1.2280,1.2391,1.2319
790.0000,1.1454,1.1611,1.1841,1.2145,1.2308,1.2383,1.2354
795.0000,1.1524,1.1647,1.1895,1.2168,1.2334,1.2377,1.2372
800.0000,1.1569,1.1703,1.1932,1.2203,1.2337,1.2404,1.2332
805.0000,1.1595,1.1766,1.1966,1.2231,1.2352,1.2398,1.2353
810.0000,1.1670,1.1797,1.2015,1.2249,1.2372,1.2387,1.2364
815.0000,1.1721,1.1843,1.2048,1.2277,1.2370,1.2407,1.2316
820.0000,1.1757,1.1891,1.2082,1.2297,1.2382,1.2392,1.2337
825.0000,1.1752,1.1960,1.2102,1.2322,1.2386,1.2383,1.2341
830.0000,1.1847,1.1979,1.2140,1.2341,1.2378,1.2402,1.2274
835.0000,1.1889,1.2017,1.2172,1.2353,1.2388,1.2375,1.2302
840.0000,1.1917,1.2058,1.2198,1.2366,1.2389,1.2359,1.2299
845.0000,1.1983,1.2075,1.2234,1.2372,1.2393,1.2340,1.2291
850.0000,1.1996,1.2127,1.2245,1.2392,1.2374,1.2346,1.2240
855.0000,1.2022,1.2162,1.2267,1.2397,1.2375,1.2316,1.2246
860.0000,1.2088,1.2171,1.2300,1.2395,1.2373,1.2292,1.2231
865.0000,1.2119,1.2198,1.2316,1.2403,1.2354,1.2290,1.2178
870.0000,1.2113,1.2242,1.2324,1.2408,1.2343,1.2262,1.2170
875.0000,1.2174,1.2247,1.2351,1.2399,1.2339,1.2226,1.2161
880.0000,1.2193,1.2277,1.2357,1.2404,1.2312,1.2219,1.2109
885.0000,1.2194,1.2311,1.2360,1.2403,1.2294,1.2189,1.2096
890.0000,1.2250,1.2309,1.2381,1.2390,1.2283,1.2152,1.2084
895.0000,1.2265,1.2332,1.2381,1.2389,1.2250,1.2143,1.2030
900.0000,1.2265,1.2355,1.2381,1.2381,1.2228,1.2111,1.2017
905.0000,1.2307,1.2352,1.2394,1.2364,1.2209,1.2078,1.1995
910.0000,1.2314,1.2371,1.2386,1.2358,1.2169,1.2075,1.1922
915.0000,1.2322,1.2379,1.2389,1.2338,1.2154,1.2026,1.1935
920.0000,1.2352,1.2371,1.2396,1.2314,1.2133,1.1991,1.1917
925.0000,1.2350,1.2385,1.2383,1.2303,1.2091,1.1986,1.1849
930.0000,1.2339,1.2399,1.2372,1.2282,1.2066,1.1949,1.1845
935.0000,1.2369,1.2383,1.2375,1.2251,1.2049,1.1906,1.1844
940.0000,1.2372,1.2385,1.2359,1.2233,1.2008,1.1900,1.1784
945.0000,1.2360,1.2390,1.2344,1.2209,1.1982,1.1867,1.1785
950.0000,1.2319,1.2406,1.2318,1.2187,1.1951,1.1841,1.1773
955.0000,1.2366,1.2378,1.2309,1.2162,1.1912,1.1844,1.1697
960.0000,1.2355,1.2372,1.2291,1.2130,1.1894,1.1802,1.1728
965.0000,1.2331,1.2368,1.2268,1.2102,1.1868,1.1779,1.1723
970.0000,1.2355,1.2337,1.2257,1.2067,1.1848,1.1756,1.1713
975.0000,1.2330,1.2335,1.2225,1.2045,1.1811,1.1759,1.1668
980.0000,1.2300,1.2326,1.2199,1.2014,1.1796,1.1729,1.1683
985.0000,1.2319,1.2288,1.2187,1.1976,1.1783,1.1705,1.1687
990.0000,1.2298,1.2273,1.2155,1.1953,1.1754,1.1710,1.1656
995.0000,1.2258,1.2264,1.2123,1.1925,1.1738,1.1690,1.1678
1000.0000,1.2270,1.2222,1.2108,1.1888,1.1734,1.1664,1.1720
1005.0000,1.2240,1.2208,1.2070,1.1870,1.1706,1.1677,1.1725
1010.0000,1.2203,1.2193,1.2037,1.1846,1.1694,1.1666,1.1813
1015.0000,1.2204,1.2155,1.2011,1.1824,1.1674,1.1688,1.1874
1020.0000,1.2171,1.2138,1.1971,1.1812,1.1644,1.1739,1.1931
1025.0000,1.2126,1.2123,1.1934,1.1799,1.1622,1.1794,1.2019
1030.0000,1.2129,1.2078,1.1916,1.1775,1.1615,1.1860,1.2119
1035.0000,1.2096,1.2056,1.1883,1.1761,1.1600,1.1968,1.2182
1040.0000,1.2054,1.2032,1.1859,1.1738,1.1613,1.2063,1.2291
1045.0000,1.2051,1.1982,1.1855,1.1702,1.1655,1.2152,1.2424
1050.0000,1.2019,1.1956,1.1833,1.1682,1.1688,1.2293,1.2488
1055.0000,1.1991,1.1922,1.1827,1.1644,1.1777,1.2367,1.2722
1060.0000,1.1973,1.1885,1.1816,1.1619,1.1864,1.2483,1.2906
1065.0000,1.1941,1.1867,1.1789,1.1615,1.1943,1.2644,1.3049
1070.0000,1.1904,1.1853,1.1761,1.1615,1.2053,1.2778,1.3302
1075.0000,1.1846,1.1853,1.1722,1.1633,1.2165,1.2937,1.3569
1080.0000,1.1858,1.1824,1.1691,1.1669,1.2269,1.3154,1.3789
1085.0000,1.1814,1.1825,1.1646,1.1724,1.2383,1.3383,1.4045
1090.0000,1.1760,1.1826,1.1609,1.1785,1.2522,1.3611,1.4360
1095.0000,1.1790,1.1780,1.1604,1.1846,1.2681,1.3862,1.4691
1100.0000,1.1755,1.1771,1.1583,1.1936,1.2832,1.4170,1.4997
1105.0000,1.1720,1.1755,1.1582,1.2028,1.3011,1.4490,1.5318
1110.0000,1.1744,1.1701,1.1624,1.2106,1.3243,1.4788,1.5713
1115.0000,1.1727,1.1679,1.1656,1.2215,1.3466,1.5154,1.6053
1120.0000,1.1713,1.1658,1.1711,1.2319,1.3742,1.5485,1.6515
1125.0000,1.1706,1.1648,1.1768,1.2450,1.4012,1.5890,1.6885
1130.0000,1.1690,1.1661,1.1826,1.2601,1.4303,1.6314,1.7239
1135.0000,1.1661,1.1697,1.1895,1.2756,1.4649,1.6686,1.7738
1140.0000,1.1687,1.1724,1.1974,1.2939,1.4993,1.7118,1.8143
1145.0000,1.1688,1.1789,1.2044,1.3155,1.5344,1.7580,1.8498
1150.0000,1.1713,1.1842,1.2149,1.3365,1.5765,1.7956,1.9040
1155.0000,1.1777,1.1890,1.2271,1.3600,1.6191,1.8359,1.9556
1160.0000,1.1811,1.1979,1.2377,1.3887,1.6587,1.8836,1.9994
1165.0000,1.1863,1.2072,1.2502,1.4196,1.6990,1.9332,2.0373
1170.0000,1.1958,1.2145,1.2673,1.4502,1.7447,1.9761,2.0860
1175.0000,1.2037,1.2252,1.2841,1.4852,1.7872,2.0260,2.1226
1180.0000,1.2087,1.2391,1.3028,1.5210,1.8337,2.0688,2.1732
1220.0000,1.3379,1.3899,1.5427,1.8571,2.2089,2.3849,2.4558
1225.0000,1.3571,1.4220,1.5783,1.9061,2.2491,2.4198,2.4782
1230.0000,1.3820,1.4536,1.6169,1.9545,2.2885,2.4517,2.4961
1235.0000,1.4132,1.4839,1.6595,2.0011,2.3289,2.4771,2.5155
1240.0000,1.4418,1.5193,1.7008,2.0498,2.3636,2.5052,2.5223
1245.0000,1.4637,1.5606,1.7423,2.0972,2.3994,2.5231,2.5391
1250.0000,1.5051,1.5943,1.7896,2.1417,2.4336,2.5391,2.5462
1255.0000,1.5429,1.6314,1.8365,2.1866,2.4629,2.5558,2.5411
1260.0000,1.5822,1.6688,1.8857,2.2283,2.4927,2.5630,2.5400
1265.0000,1.6200,1.7090,1.9346,2.2689,2.5196,2.5656,2.5331
1270.0000,1.6552,1.7552,1.9795,2.3110,2.5388,2.5702,2.5089
1275.0000,1.6983,1.7974,2.0287,2.3473,2.5615,2.5580,2.5024
1280.0000,1.7409,1.8416,2.0757,2.3836,2.5766,2.5471,2.4787
1285.0000,1.7768,1.8937,2.1166,2.4215,2.5831,2.5367,2.4405
1290.0000,1.8241,1.9380,2.1625,2.4524,2.5922,2.5092,2.4204
1295.0000,1.8720,1.9817,2.2069,2.4820,2.5932,2.4826,2.3852
1300.0000,1.9177,2.0266,2.2489,2.5102,2.5865,2.4556,2.3379
1305.0000,1.9516,2.0787,2.2856,2.5364,2.5752,2.4204,2.2948
1310.0000,2.0042,2.1188,2.3280,2.5543,2.5641,2.3729,2.2624
1315.0000,2.0518,2.1604,2.3659,2.5718,2.5412,2.3322,2.2135
1320.0000,2.0956,2.2020,2.4019,2.5846,2.5139,2.2864,2.1695
1325.0000,2.1211,2.2520,2.4304,2.5957,2.4785,2.2412,2.1216
1330.0000,2.1760,2.2866,2.4634,2.5990,2.4388,2.1972,2.0655
1335.0000,2.2207,2.3215,2.4945,2.5945,2.4008,2.1398,2.0437
1340.0000,2.2596,2.3572,2.5200,2.5877,2.3525,2.0948,2.0023
1345.0000,2.3008,2.3887,2.5436,2.5746,2.3012,2.0525,1.9609
1350.0000,2.3280,2.4267,2.5584,2.5582,2.2457,2.0140,1.9193
1355.0000,2.3646,2.4542,2.5749,2.5315,2.1952,1.9695,1.8959
1360.0000,2.4023,2.4767,2.5877,2.4997,2.1419,1.9342,1.8647
1365.0000,2.4336,2.4981,2.5947,2.4631,2.0891,1.9035,1.8333
1370.0000,2.4487,2.5242,2.5924,2.4231,2.0380,1.8749,1.8058
1375.0000,2.4804,2.5360,2.5911,2.3745,1.9953,1.8420,1.7904
1380.0000,2.5020,2.5482,2.5805,2.3258,1.9510,1.8199,1.7667
1385.0000,2.5201,2.5553,2.5651,2.2731,1.9137,1.7948,1.7572
1390.0000,2.5346,2.5579,2.5432,2.2198,1.8792,1.7743,1.7473
1395.0000,2.5410,2.5598,2.5121,2.1688,1.8452,1.7615,1.7327
1400.0000,2.5409,2.5577,2.4753,2.1180,1.8172,1.7466,1.7319
1405.0000,2.5462,2.5450,2.4358,2.0681,1.7922,1.7369,1.7279
1410.0000,2.5395,2.5320,2.3887,2.0230,1.7679,1.7340,1.7191
1415.0000,2.5272,2.5128,2.3396,1.9790,1.7500,1.7285,1.7203
1420.0000,2.5191,2.4820,2.2919,1.9364,1.7365,1.7253,1.7195
1425.0000,2.4964,2.4534,2.2382,1.9002,1.7226,1.7288,1.7103
1430.0000,2.4732,2.4162,2.1879,1.8645,1.7166,1.7255,1.7153
1435.0000,2.4487,2.3720,2.1403,1.8311,1.7147,1.7219,1.7205
1440.0000,2.4132,2.3305,2.0897,1.8046,1.7107,1.7254,1.7151
1445.0000,2.3727,2.2876,2.0412,1.7810,1.7113,1.7235,1.7224
1450.0000,2.3373,2.2386,1.9973,1.7603,1.7136,1.7222,1.7285
1455.0000,2.2986,2.1889,1.9556,1.7445,1.7142,1.7262,1.7260
1460.0000,2.2482,2.1462,1.9136,1.7332,1.7162,1.7264,1.7349
1465.0000,2.1940,2.1062,1.8734,1.7263,1.7169,1.7291,1.7409
1470.0000,2.1591,2.0578,1.8420,1.7198,1.7192,1.7320,1.7468
1475.0000,2.1182,2.0133,1.8131,1.7169,1.7197,1.7383,1.7492
1480.0000,2.0656,1.9771,1.7856,1.7165,1.7208,1.7431,1.7567
1485.0000,2.0315,1.9342,1.7674,1.7146,1.7242,1.7473,1.7650
1490.0000,1.9889,1.9009,1.7490,1.7165,1.7247,1.7565,1.7678
1495.0000,1.9578,1.8637,1.7390,1.7156,1.7296,1.7610,1.7795
1500.0000,1.9232,1.8321,1.7314,1.7156,1.7343,1.7675,1.7890
1505.0000,1.8875,1.8080,1.7239,1.7178,1.7373,1.7780,1.7935
1510.0000,1.8526,1.7892,1.7182,1.7196,1.7430,1.7846,1.8081
1515.0000,1.8296,1.7697,1.7164,1.7208,1.7498,1.7921,1.8223
1520.0000,1.8075,1.7551,1.7143,1.7240,1.7544,1.8052,1.8297
1525.0000,1.7845,1.7456,1.7126,1.7272,1.7613,1.8156,1.8444
1530.0000,1.7710,1.7348,1.7140,1.7294,1.7703,1.8254,1.8616
1535.0000,1.7557,1.7303,1.7128,1.7347,1.7762,1.8420,1.8704
1540.0000,1.7434,1.7264,1.7137,1.7386,1.7862,1.8533,1.8930
1545.0000,1.7383,1.7210,1.7166,1.7428,1.7963,1.8684,1.9097
1550.0000,1.7309,1.7199,1.7176,1.7492,1.8050,1.8881,1.9201
1555.0000,1.7242,1.7198,1.7200,1.7545,1.8181,1.9022,1.9456
1560.0000,1.7239,1.7174,1.7244,1.7599,1.8318,1.9190,1.9666
1565.0000,1.7205,1.7194,1.7265,1.7682,1.8435,1.9416,1.9792
1570.0000,1.7184,1.7210,1.7305,1.7751,1.8603,1.9574,2.0092
1575.0000,1.7136,1.7251,1.7337,1.7837,1.8769,1.9759,2.0376
1580.0000,1.7203,1.7249,1.7390,1.7936,1.8918,2.0016,2.0555
1585.0000,1.7201,1.7289,1.7432,1.8044,1.9091,2.0248,2.0816
1590.0000,1.7195,1.7334,1.7484,1.8156,1.9285,2.0471,2.1113
1595.0000,1.7266,1.7344,1.7563,1.8267,1.9496,2.0705,2.1412
1600.0000,1.7274,1.7407,1.7615,1.8414,1.9682,2.1001,2.1649
1605.0000,1.7284,1.7469,1.7682,1.8561,1.9895,2.1283,2.1910
1610.0000,1.7375,1.7489,1.7788,1.8695,2.0148,2.1535,2.2215
1615.0000,1.7410,1.7556,1.7872,1.8865,2.0373,2.1852,2.2432
1620.0000,1.7425,1.7637,1.7970,1.9029,2.0646,2.2104,2.2779
1625.0000,1.7529,1.7682,1.8095,1.9203,2.0915,2.2397,2.3035
1630.0000,1.7589,1.7765,1.8208,1.9403,2.1175,2.2718,2.3227
1635.0000,1.7643,1.7855,1.8338,1.9599,2.1478,2.2969,2.3536
1640.0000,1.7745,1.7931,1.8489,1.9802,2.1789,2.3217,2.3822
1645.0000,1.7804,1.8060,1.8613,2.0048,2.2057,2.3529,2.3986
1650.0000,1.7887,1.8179,1.8763,2.0289,2.2360,2.3777,2.4221
1655.0000,1.8020,1.8279,1.8941,2.0531,2.2672,2.4003,2.4440
1660.0000,1.8120,1.8420,1.9102,2.0811,2.2940,2.4281,2.4523
1665.0000,1.8181,1.8595,1.9271,2.1088,2.3240,2.4465,2.4745
1670.0000,1.8361,1.8712,1.9488,2.1358,2.3538,2.4637,2.4900
1675.0000,1.8504,1.8867,1.9693,2.1658,2.3789,2.4851,2.4916
1680.0000,1.8652,1.9024,1.9928,2.1942,2.4068,2.4964,2.5068
1685.0000,1.8722,1.9239,2.0146,2.2245,2.4314,2.5072,2.5151
1690.0000,1.8957,1.9397,2.0403,2.2548,2.4522,2.5210,2.5095
1695.0000,1.9131,1.9594,2.0669,2.2837,2.4746,2.5241,2.5191
1700.0000,1.9215,1.9856,2.0913,2.3141,2.4926,2.5273,2.5228
1705.0000,1.9500,2.0044,2.1199,2.3437,2.5057,2.5346,2.5107
1710.0000,1.9711,2.0274,2.1488,2.3711,2.5198,2.5316,2.5154
1715.0000,1.9915,2.0519,2.1780,2.3978,2.5301,2.5289,2.5135
1720.0000,2.0185,2.0742,2.2095,2.4220,2.5383,2.5243,2.5100
1725.0000,2.0366,2.1045,2.2365,2.4477,2.5396,2.5239,2.4980
1730.0000,2.0618,2.1307,2.2674,2.4678,2.5439,2.5134,2.5021
1735.0000,2.0922,2.1550,2.2990,2.4860,2.5437,2.5065,2.4998
1740.0000,2.1184,2.1829,2.3278,2.5035,2.5387,2.5037,2.4927
1745.0000,2.1351,2.2171,2.3528,2.5195,2.5313,2.5005,2.4873
1750.0000,2.1704,2.2416,2.3822,2.5298,2.5249,2.4968,2.4804
1755.0000,2.1992,2.2696,2.4080,2.5386,2.5156,2.4965,2.4665
1760.0000,2.2271,2.2965,2.4338,2.5425,2.5098,2.4900,2.4623
1765.0000,2.2572,2.3213,2.4589,2.5424,2.5059,2.4812,2.4596
1770.0000,2.2800,2.3517,2.4767,2.5440,2.4965,2.4807,2.4422
1775.0000,2.3082,2.3761,2.4963,2.5391,2.4948,2.4670,2.4507
1780.0000,2.3373,2.3982,2.5129,2.5336,2.4911,2.4577,2.4524
1785.0000,2.3630,2.4212,2.5241,2.5294,2.4833,2.4554,2.4454
1790.0000,2.3805,2.4469,2.5300,2.5251,2.4765,2.4501,2.4491
1795.0000,2.4079,2.4641,2.5361,2.5191,2.4699,2.4472,2.4498
1800.0000,2.4281,2.4830,2.5367,2.5150,2.4602,2.4503,2.4434
1805.0000,2.4451,2.4993,2.5358,2.5097,2.4530,2.4506,2.4445
1810.0000,2.4510,2.5172,2.5310,2.5049,2.4463,2.4520,2.4434
1815.0000,2.4785,2.5206,2.5307,2.4977,2.4403,2.4579,2.4304
1820.0000,2.4898,2.5274,2.5274,2.4899,2.4386,2.4570,2.4291
1825.0000,2.4921,2.5344,2.5222,2.4822,2.4386,2.4549,2.4244
1830.0000,2.5111,2.5303,2.5204,2.4738,2.4378,2.4585,2.3996
1835.0000,2.5187,2.5273,2.5182,2.4635,2.4443,2.4474,2.3990
1840.0000,2.5219,2.5245,2.5140,2.4552,2.4493,2.4376,2.3860
1845.0000,2.5250,2.5201,2.5092,2.4481,2.4547,2.4245,2.3690
1850.0000,2.5218,2.5196,2.4998,2.4455,2.4551,2.4139,2.3401
1855.0000,2.5121,2.5212,2.4890,2.4439,2.4574,2.3921,2.3231
1895.0000,2.4840,2.4696,2.4430,2.4584,2.3430,2.1285,1.9632
1900.0000,2.4750,2.4635,2.4458,2.4523,2.3169,2.0664,1.9279
1905.0000,2.4723,2.4563,2.4490,2.4460,2.2802,2.0136,1.8688
1910.0000,2.4655,2.4538,2.4504,2.4378,2.2377,1.9596,1.8060
1915.0000,2.4575,2.4535,2.4513,2.4263,2.1911,1.9029,1.7426
1920.0000,2.4580,2.4485,2.4561,2.4071,2.1463,1.8348,1.6970
1925.0000,2.4543,2.4486,2.4560,2.3876,2.0913,1.7759,1.6398
1930.0000,2.4496,2.4503,2.4537,2.3642,2.0322,1.7184,1.5803
1935.0000,2.4401,2.4546,2.4482,2.3367,1.9699,1.6619,1.5211
1940.0000,2.4487,2.4496,2.4452,2.3024,1.9066,1.6072,1.4579
1945.0000,2.4462,2.4487,2.4383,2.2619,1.8468,1.5425,1.4268
1950.0000,2.4385,2.4500,2.4252,2.2202,1.7799,1.4917,1.3753
1955.0000,2.4457,2.4415,2.4131,2.1715,1.7150,1.4428,1.3243
1960.0000,2.4421,2.4356,2.3958,2.1179,1.6541,1.3887,1.2971
1965.0000,2.4349,2.4294,2.3719,2.0634,1.5897,1.3474,1.2548
1970.0000,2.4337,2.4165,2.3460,2.0042,1.5290,1.3078,1.2152
1975.0000,2.4235,2.4050,2.3129,1.9436,1.4704,1.2722,1.1741
1980.0000,2.4081,2.3905,2.2765,1.8786,1.4206,1.2290,1.1557
1985.0000,2.4012,2.3672,2.2371,1.8129,1.3718,1.1942,1.1303
1990.0000,2.3838,2.3449,2.1898,1.7491,1.3242,1.1653,1.1037
1995.0000,2.3636,2.3177,2.1389,1.6854,1.2812,1.1376,1.0819
2000.0000,2.3446,2.2828,2.0865,1.6213,1.2439,1.1095,1.0671
2005.0000,2.3133,2.2504,2.0262,1.5624,1.2061,1.0889,1.0492
2010.0000,2.2782,2.2134,1.9635,1.5056,1.1723,1.0695,1.0363
2015.0000,2.2500,2.1663,1.9022,1.4502,1.1425,1.0530,1.0234
2020.0000,2.2147,2.1161,1.8393,1.3984,1.1149,1.0402,1.0091
2025.0000,2.1622,2.0705,1.7721,1.3514,1.0904,1.0271,1.0025
2030.0000,2.1231,2.0127,1.7102,1.3054,1.0699,1.0164,0.9937
2035.0000,2.0712,1.9593,1.6453,1.2654,1.0496,1.0102,0.9806
2040.0000,2.0271,1.8953,1.5880,1.2249,1.0362,0.9999,0.9757
2045.0000,1.9734,1.8326,1.5322,1.1877,1.0259,0.9884,0.9754
2050.0000,1.9123,1.7755,1.4745,1.1571,1.0136,0.9833,0.9681
2055.0000,1.8510,1.7179,1.4206,1.1286,1.0056,0.9735,0.9766
2060.0000,1.8035,1.6531,1.3734,1.1023,0.9979,0.9688,0.9794
2065.0000,1.7445,1.5938,1.3273,1.0804,0.9896,0.9672,0.9830
2070.0000,1.6782,1.5433,1.2799,1.0641,0.9792,0.9714,0.9792
2075.0000,1.6107,1.4967,1.2349,1.0508,0.9698,0.9766,0.9763
2080.0000,1.5651,1.4419,1.1992,1.0366,0.9636,0.9827,0.9690
2085.0000,1.5155,1.3902,1.1681,1.0225,0.9622,0.9835,0.9710
2090.0000,1.4560,1.3471,1.1380,1.0108,0.9622,0.9838,0.9722
2095.0000,1.4139,1.2996,1.1154,0.9981,0.9659,0.9816,0.9740
2100.0000,1.3752,1.2533,1.0965,0.9870,0.9692,0.9821,0.9694
2105.0000,1.3253,1.2180,1.0768,0.9784,0.9743,0.9778,0.9739
2110.0000,1.2847,1.1843,1.0595,0.9718,0.9786,0.9749,0.9753
2115.0000,1.2432,1.1579,1.0410,0.9691,0.9803,0.9741,0.9747
2120.0000,1.2129,1.1297,1.0266,0.9669,0.9824,0.9721,0.9763
2125.0000,1.1812,1.1062,1.0127,0.9672,0.9824,0.9720,0.9759
2130.0000,1.1485,1.0887,0.9982,0.9700,0.9806,0.9729,0.9754
2135.0000,1.1166,1.0747,0.9847,0.9741,0.9777,0.9744,0.9752
2140.0000,1.1001,1.0552,0.9775,0.9762,0.9761,0.9751,0.9753
2145.0000,1.0798,1.0404,0.9707,0.9796,0.9727,0.9785,0.9709
2150.0000,1.0610,1.0260,0.9676,0.9809,0.9720,0.9780,0.9735
2155.0000,1.0482,1.0104,0.9683,0.9804,0.9723,0.9775,0.9747
2160.0000,1.0347,0.9981,0.9695,0.9803,0.9713,0.9798,0.9703
2165.0000,1.0264,0.9850,0.9741,0.9777,0.9737,0.9775,0.9739
2170.0000,1.0120,0.9786,0.9765,0.9762,0.9751,0.9762,0.9757
2175.0000,1.0011,0.9746,0.9780,0.9754,0.9751,0.9774,0.9731
2180.0000,0.9887,0.9755,0.9774,0.9754,0.9754,0.9769,0.9751
2185.0000,0.9752,0.9797,0.9750,0.9763,0.9749,0.9770,0.9761
2190.0000,0.9780,0.9777,0.9754,0.9764,0.9742,0.9793,0.9718
2195.0000,0.9767,0.9777,0.9753,0.9761,0.9751,0.9779,0.9757
2200.0000,0.9746,0.9783,0.9748,0.9762,0.9754,0.9776,0.9771
2205.0000,0.9769,0.9765,0.9756,0.9757,0.9761,0.9774,0.9780
2210.0000,0.9755,0.9772,0.9748,0.9763,0.9753,0.9793,0.9758
2215.0000,0.9738,0.9776,0.9746,0.9763,0.9759,0.9787,0.9780
2220.0000,0.9761,0.9760,0.9754,0.9758,0.9767,0.9785,0.9789
2225.0000,0.9749,0.9767,0.9747,0.9765,0.9760,0.9803,0.9768
2230.0000,0.9732,0.9772,0.9745,0.9765,0.9768,0.9797,0.9789
2235.0000,0.9756,0.9756,0.9754,0.9761,0.9777,0.9795,0.9799
2240.0000,0.9748,0.9761,0.9749,0.9768,0.9771,0.9813,0.9778
2245.0000,0.9728,0.9771,0.9744,0.9771,0.9777,0.9810,0.9794
2250.0000,0.9753,0.9754,0.9754,0.9766,0.9788,0.9805,0.9807
2255.0000,0.9746,0.9760,0.9750,0.9774,0.9783,0.9822,0.9785
2260.0000,0.9734,0.9765,0.9749,0.9776,0.9790,0.9817,0.9804
2265.0000,0.9752,0.9754,0.9757,0.9775,0.9798,0.9814,0.9815
2270.0000,0.9745,0.9762,0.9751,0.9785,0.9790,0.9835,0.9784
2275.0000,0.9735,0.9767,0.9751,0.9787,0.9799,0.9826,0.9811
2280.0000,0.9753,0.9755,0.9761,0.9786,0.9808,0.9823,0.9821
2285.0000,0.9749,0.9761,0.9757,0.9795,0.9800,0.9844,0.9789
2290.0000,0.9735,0.9770,0.9756,0.9799,0.9806,0.9838,0.9812
2295.0000,0.9755,0.9758,0.9768,0.9796,0.9816,0.9830,0.9827
2300.0000,0.9752,0.9764,0.9766,0.9806,0.9809,0.9850,0.9796
2305.0000,0.9746,0.9769,0.9768,0.9808,0.9815,0.9843,0.9819
2310.0000,0.9719,0.9785,0.9766,0.9813,0.9818,0.9840,0.9833
2315.0000,0.9755,0.9771,0.9775,0.9817,0.9812,0.9863,0.9790
2320.0000,0.9750,0.9777,0.9779,0.9817,0.9822,0.9849,0.9830
2325.0000,0.9737,0.9786,0.9779,0.9821,0.9825,0.9847,0.9844
2330.0000,0.9765,0.9775,0.9791,0.9819,0.9832,0.9845,0.9855
2335.0000,0.9757,0.9787,0.9787,0.9828,0.9824,0.9864,0.9836
2340.0000,0.9745,0.9797,0.9789,0.9830,0.9830,0.9859,0.9859
2345.0000,0.9774,0.9784,0.9802,0.9826,0.9838,0.9858,0.9872
2350.0000,0.9770,0.9794,0.9800,0.9834,0.9831,0.9879,0.9855
2355.0000,0.9754,0.9807,0.9799,0.9836,0.9837,0.9876,0.9880
2360.0000,0.9783,0.9795,0.9812,0.9832,0.9847,0.9876,0.9895
2365.0000,0.9781,0.9803,0.9810,0.9839,0.9842,0.9899,0.9880
2370.0000,0.9765,0.9816,0.9808,0.9842,0.9848,0.9900,0.9906
2375.0000,0.9793,0.9804,0.9820,0.9838,0.9860,0.9902,0.9924
2380.0000,0.9790,0.9813,0.9818,0.9845,0.9857,0.9926,0.9910
2385.0000,0.9782,0.9821,0.9818,0.9847,0.9866,0.9929,0.9936
2390.0000,0.9803,0.9813,0.9827,0.9845,0.9879,0.9933,0.9957
2395.0000,0.9798,0.9824,0.9821,0.9855,0.9876,0.9964,0.9934
2400.0000,0.9792,0.9831,0.9823,0.9857,0.9890,0.9964,0.9969
2405.0000,0.9813,0.9820,0.9833,0.9855,0.9906,0.9968,0.9991
2410.0000,0.9811,0.9828,0.9829,0.9866,0.9906,0.9999,0.9969
2415.0000,0.9799,0.9838,0.9828,0.9871,0.9921,1.0002,1.0005
2420.0000,0.9820,0.9827,0.9839,0.9872,0.9940,1.0005,1.0030
2425.0000,0.9818,0.9834,0.9836,0.9885,0.9941,1.0036,1.0009
2430.0000,0.9813,0.9840,0.9838,0.9892,0.9958,1.0040,1.0044
2435.0000,0.9786,0.9857,0.9834,0.9903,0.9971,1.0048,1.0070
2440.0000,0.9824,0.9843,0.9844,0.9913,0.9975,1.0082,1.0038
2445.0000,0.9819,0.9849,0.9848,0.9921,0.9995,1.0081,1.0087
2450.0000,0.9807,0.9859,0.9851,0.9932,1.0010,1.0089,1.0114
2455.0000,0.9836,0.9847,0.9866,0.9938,1.0029,1.0097,1.0139
2460.0000,0.9828,0.9860,0.9865,0.9956,1.0032,1.0128,1.0132
2465.0000,0.9817,0.9870,0.9871,0.9967,1.0048,1.0136,1.0165
2470.0000,0.9846,0.9859,0.9889,0.9974,1.0067,1.0147,1.0190
2475.0000,0.9845,0.9870,0.9893,0.9992,1.0072,1.0180,1.0184
2480.0000,0.9830,0.9886,0.9899,1.0005,1.0090,1.0190,1.0218
2485.0000,0.9861,0.9877,0.9920,1.0011,1.0112,1.0200,1.0246
2490.0000,0.9861,0.9890,0.9926,1.0029,1.0119,1.0234,1.0242
2495.0000,0.9846,0.9910,0.9932,1.0042,1.0138,1.0245,1.0281
2500.0000,0.9880,0.9903,0.9954,1.0050,1.0161,1.0259,1.0311
2505.0000,0.9883,0.9918,0.9960,1.0069,1.0169,1.0295,1.0308
2510.0000,0.9881,0.9933,0.9971,1.0082,1.0191,1.0308,1.0350
2515.0000,0.9908,0.9932,0.9991,1.0092,1.0215,1.0324,1.0386
2520.0000,0.9909,0.9952,0.9995,1.0115,1.0222,1.0368,1.0379
2525.0000,0.9909,0.9968,1.0006,1.0129,1.0247,1.0383,1.0427
2530.0000,0.9939,0.9967,1.0028,1.0140,1.0274,1.0401,1.0466
2535.0000,0.9945,0.9984,1.0035,1.0163,1.0284,1.0448,1.0458
2540.0000,0.9940,1.0006,1.0045,1.0179,1.0310,1.0465,1.0516
2545.0000,0.9972,1.0005,1.0068,1.0191,1.0340,1.0487,1.0558
2550.0000,0.9981,1.0022,1.0078,1.0215,1.0354,1.0537,1.0553
2555.0000,0.9987,1.0037,1.0093,1.0232,1.0385,1.0557,1.0612
2560.0000,0.9969,1.0065,1.0102,1.0253,1.0414,1.0583,1.0663
2565.0000,1.0018,1.0062,1.0124,1.0274,1.0433,1.0638,1.0653
2570.0000,1.0025,1.0080,1.0140,1.0293,1.0469,1.0660,1.0723
2575.0000,1.0023,1.0101,1.0154,1.0315,1.0502,1.0690,1.0776
2580.0000,1.0063,1.0101,1.0180,1.0333,1.0539,1.0720,1.0828
2585.0000,1.0064,1.0129,1.0189,1.0365,1.0561,1.0777,1.0846
2590.0000,1.0065,1.0152,1.0204,1.0390,1.0597,1.0812,1.0902
2595.0000,1.0108,1.0151,1.0234,1.0410,1.0639,1.0846,1.0956
2600.0000,1.0119,1.0172,1.0250,1.0442,1.0666,1.0906,1.0975
2605.0000,1.0115,1.0200,1.0267,1.0471,1.0708,1.0941,1.1046
2610.0000,1.0157,1.0202,1.0298,1.0495,1.0753,1.0982,1.1102
2615.0000,1.0169,1.0226,1.0316,1.0531,1.0785,1.1046,1.1125
2620.0000,1.0162,1.0259,1.0334,1.0564,1.0830,1.1085,1.1200
2625.0000,1.0210,1.0263,1.0368,1.0591,1.0879,1.1131,1.1260
2630.0000,1.0225,1.0289,1.0388,1.0632,1.0914,1.1200,1.1284
2635.0000,1.0235,1.0315,1.0415,1.0665,1.0967,1.1241,1.1370
2640.0000,1.0274,1.0326,1.0451,1.0697,1.1022,1.1286,1.1446
2645.0000,1.0285,1.0361,1.0471,1.0745,1.1057,1.1365,1.1477
2650.0000,1.0300,1.0390,1.0499,1.0785,1.1109,1.1421,1.1554
2655.0000,1.0343,1.0403,1.0540,1.0820,1.1168,1.1474,1.1632
2660.0000,1.0363,1.0434,1.0567,1.0870,1.1209,1.1561,1.1658
2665.0000,1.0369,1.0473,1.0597,1.0913,1.1270,1.1613,1.1761
2670.0000,1.0418,1.0488,1.0641,1.0953,1.1333,1.1676,1.1836
2675.0000,1.0443,1.0523,1.0673,1.1006,1.1381,1.1768,1.1861
2680.0000,1.0466,1.0555,1.0713,1.1051,1.1451,1.1823,1.1965
2685.0000,1.0460,1.0606,1.0746,1.1101,1.1519,1.1885,1.2059
2690.0000,1.0531,1.0623,1.0792,1.1154,1.1575,1.1982,1.2081
2695.0000,1.0557,1.0662,1.0834,1.1205,1.1649,1.2044,1.2181
2700.0000,1.0579,1.0703,1.0877,1.1258,1.1725,1.2106,1.2274
2705.0000,1.0639,1.0726,1.0931,1.1309,1.1805,1.2170,1.2365
2710.0000,1.0658,1.0780,1.0966,1.1377,1.1864,1.2263,1.2416
2715.0000,1.0683,1.0828,1.1009,1.1439,1.1939,1.2335,1.2501
2720.0000,1.0751,1.0853,1.1069,1.1496,1.2021,1.2401,1.2589
2725.0000,1.0786,1.0901,1.1113,1.1568,1.2085,1.2496,1.2636
2730.0000,1.0796,1.0963,1.1158,1.1638,1.2163,1.2562,1.2740
2735.0000,1.0873,1.0991,1.1222,1.1702,1.2243,1.2637,1.2820
2740.0000,1.0914,1.1043,1.1274,1.1778,1.2308,1.2734,1.2862
2745.0000,1.0953,1.1093,1.1335,1.1846,1.2392,1.2799,1.2966
2750.0000,1.1018,1.1131,1.1404,1.1913,1.2475,1.2871,1.3047
2755.0000,1.1055,1.1194,1.1459,1.1994,1.2541,1.2969,1.3085
2760.0000,1.1098,1.1251,1.1526,1.2064,1.2628,1.3029,1.3192
2765.0000,1.1168,1.1294,1.1602,1.2132,1.2715,1.3092,1.3286
2770.0000,1.1207,1.1368,1.1657,1.2219,1.2777,1.3194,1.3323
2775.0000,1.1259,1.1431,1.1726,1.2294,1.2858,1.3263,1.3413
2780.0000,1.1337,1.1479,1.1807,1.2365,1.2944,1.3327,1.3502
2785.0000,1.1393,1.1547,1.1873,1.2450,1.3007,1.3428,1.3528
2790.0000,1.1426,1.1630,1.1938,1.2529,1.3089,1.3490,1.3634
2795.0000,1.1516,1.1682,1.2021,1.2601,1.3171,1.3558,1.3709
2800.0000,1.1580,1.1754,1.2090,1.2687,1.3234,1.3657,1.3722
2805.0000,1.1642,1.1824,1.2168,1.2760,1.3320,1.3711,1.3823
2810.0000,1.1661,1.1919,1.2234,1.2841,1.3398,1.3772,1.3904
2815.0000,1.1778,1.1970,1.2318,1.2920,1.3462,1.3867,1.3899
2820.0000,1.1847,1.2042,1.2398,1.2993,1.3547,1.3913,1.3991
2825.0000,1.1909,1.2118,1.2477,1.3067,1.3629,1.3960,1.4064
2830.0000,1.2005,1.2177,1.2566,1.3137,1.3709,1.4008,1.4124
2835.0000,1.2054,1.2272,1.2629,1.3226,1.3765,1.4084,1.4135
2840.0000,1.2117,1.2355,1.2704,1.3303,1.3837,1.4126,1.4190
2845.0000,1.2224,1.2413,1.2793,1.3372,1.3911,1.4162,1.4235
2850.0000,1.2295,1.2495,1.2864,1.3456,1.3962,1.4224,1.4230
2855.0000,1.2328,1.2596,1.2930,1.3536,1.4023,1.4251,1.4281
2860.0000,1.2446,1.2651,1.3020,1.3603,1.4086,1.4275,1.4310
2865.0000,1.2522,1.2731,1.3092,1.3683,1.4126,1.4324,1.4289
2870.0000,1.2594,1.2808,1.3172,1.3752,1.4180,1.4335,1.4321
2875.0000,1.2689,1.2869,1.3261,1.3814,1.4232,1.4342,1.4339
2880.0000,1.2749,1.2961,1.3326,1.3892,1.4253,1.4383,1.4290
2885.0000,1.2820,1.3039,1.3405,1.3952,1.4297,1.4371,1.4322
2890.0000,1.2917,1.3102,1.3491,1.4007,1.4332,1.4365,1.4322
2895.0000,1.2976,1.3196,1.3552,1.4077,1.4337,1.4391,1.4256
2900.0000,1.3049,1.3274,1.3628,1.4126,1.4367,1.4361,1.4280
2905.0000,1.3148,1.3334,1.3711,1.4169,1.4387,1.4339,1.4269
2910.0000,1.3221,1.3413,1.3776,1.4222,1.4380,1.4348,1.4195
2915.0000,1.3264,1.3507,1.3834,1.4267,1.4382,1.4318,1.4184
2920.0000,1.3370,1.3561,1.3912,1.4293,1.4391,1.4274,1.4175
2925.0000,1.3444,1.3636,1.3969,1.4332,1.4369,1.4268,1.4091
2930.0000,1.3511,1.3708,1.4029,1.4355,1.4361,1.4222,1.4080
2935.0000,1.3526,1.3804,1.4071,1.4382,1.4339,1.4183,1.4045
2940.0000,1.3652,1.3846,1.4131,1.4399,1.4304,1.4173,1.3930
2945.0000,1.3718,1.3908,1.4182,1.4402,1.4291,1.4102,1.3947
2950.0000,1.3765,1.3976,1.4222,1.4407,1.4260,1.4052,1.3910
2955.0000,1.3861,1.4013,1.4272,1.4400,1.4230,1.4001,1.3861
2960.0000,1.3898,1.4086,1.4292,1.4404,1.4176,1.3976,1.3769
2965.0000,1.3945,1.4139,1.4321,1.4388,1.4144,1.3906,1.3750
2970.0000,1.4034,1.4163,1.4357,1.4364,1.4107,1.3847,1.3700
2975.0000,1.4077,1.4211,1.4369,1.4350,1.4049,1.3813,1.3610
2980.0000,1.4083,1.4269,1.4370,1.4328,1.4000,1.3752,1.3565
2985.0000,1.4168,1.4277,1.4393,1.4287,1.3964,1.3677,1.3528
2990.0000,1.4202,1.4310,1.4388,1.4260,1.3900,1.3638,1.3438
2995.0000,1.4224,1.4337,1.4382,1.4223,1.3849,1.3573,1.3392
3000.0000,1.4276,1.4339,1.4382,1.4177,1.3800,1.3507,1.3336
3005.0000,1.4284,1.4365,1.4356,1.4145,1.3727,1.3473,1.3222
3010.0000,1.4290,1.4378,1.4337,1.4095,1.3681,1.3387,1.3209
3015.0000,1.4330,1.4362,1.4323,1.4042,1.3628,1.3318,1.3155
3020.0000,1.4334,1.4365,1.4288,1.4001,1.3554,1.3281,1.3049
3025.0000,1.4316,1.4368,1.4252,1.3948,1.3500,1.3199,1.3031
3030.0000,1.4342,1.4337,1.4227,1.3890,1.3442,1.3136,1.2972
3035.0000,1.4328,1.4327,1.4180,1.3845,1.3364,1.3101,1.2864
3040.0000,1.4301,1.4314,1.4135,1.3789,1.3304,1.3033,1.2815
3045.0000,1.4312,1.4267,1.4106,1.3719,1.3258,1.2948,1.2784
3050.0000,1.4285,1.4243,1.4054,1.3667,1.3183,1.2907,1.2681
3055.0000,1.4246,1.4218,1.4003,1.3607,1.3125,1.2835,1.2642
3060.0000,1.4185,1.4197,1.3945,1.3549,1.3063,1.2769,1.2588
3065.0000,1.4203,1.4134,1.3901,1.3488,1.2991,1.2732,1.2464
3070.0000,1.4156,1.4096,1.3848,1.3421,1.2942,1.2640,1.2470
3075.0000,1.4089,1.4066,1.3784,1.3363,1.2877,1.2577,1.2420
3080.0000,1.4088,1.3998,1.3738,1.3296,1.2819,1.2514,1.2365
3085.0000,1.4037,1.3957,1.3671,1.3241,1.2743,1.2475,1.2276
3090.0000,1.3965,1.3917,1.3608,1.3178,1.2687,1.2400,1.2255
3095.0000,1.3954,1.3842,1.3560,1.3109,1.2629,1.2340,1.2207
3100.0000,1.3891,1.3798,1.3491,1.3055,1.2555,1.2305,1.2126
3105.0000,1.3820,1.3752,1.3425,1.2993,1.2495,1.2247,1.2086
3110.0000,1.3802,1.3670,1.3380,1.2918,1.2448,1.2179,1.2057
3115.0000,1.3736,1.3620,1.3311,1.2861,1.2379,1.2145,1.1982
3120.0000,1.3664,1.3568,1.3247,1.2798,1.2324,1.2091,1.1949
3125.0000,1.3632,1.3492,1.3195,1.2728,1.2275,1.2037,1.1908
3130.0000,1.3571,1.3434,1.3129,1.2670,1.2209,1.2012,1.1818
3135.0000,1.3490,1.3383,1.3064,1.2605,1.2167,1.1945,1.1816
3140.0000,1.3453,1.3308,1.3009,1.2539,1.2122,1.1894,1.1780
3145.0000,1.3382,1.3259,1.2934,1.2489,1.2058,1.1873,1.1697
3150.0000,1.3309,1.3205,1.2867,1.2428,1.2017,1.1813,1.1692
3155.0000,1.3273,1.3126,1.2813,1.2366,1.1975,1.1767,1.1656
3160.0000,1.3202,1.3073,1.2741,1.2318,1.1915,1.1750,1.1573
3165.0000,1.3133,1.3013,1.2677,1.2262,1.1875,1.1700,1.1552
3170.0000,1.3091,1.2932,1.2628,1.2200,1.1845,1.1641,1.1537
3175.0000,1.3018,1.2879,1.2558,1.2156,1.1790,1.1621,1.1461
3180.0000,1.2940,1.2825,1.2494,1.2106,1.1751,1.1574,1.1443
3185.0000,1.2856,1.2773,1.2430,1.2059,1.1712,1.1529,1.1417
3190.0000,1.2835,1.2690,1.2381,1.2011,1.1662,1.1513,1.1326
3195.0000,1.2758,1.2636,1.2323,1.1962,1.1632,1.1453,1.1343
3200.0000,1.2670,1.2589,1.2261,1.1921,1.1591,1.1414,1.1318
3205.0000,1.2646,1.2510,1.2218,1.1871,1.1556,1.1374,1.1290
3210.0000,1.2581,1.2456,1.2160,1.1835,1.1506,1.1358,1.1230
3215.0000,1.2494,1.2411,1.2105,1.1792,1.1472,1.1312,1.1228
3220.0000,1.2470,1.2335,1.2068,1.1744,1.1439,1.1276,1.1205
3225.0000,1.2401,1.2290,1.2012,1.1710,1.1391,1.1264,1.1151
3230.0000,1.2332,1.2243,1.1963,1.1669,1.1357,1.1231,1.1137
3235.0000,1.2306,1.2170,1.1931,1.1620,1.1333,1.1191,1.1128
3240.0000,1.2241,1.2127,1.1881,1.1585,1.1290,1.1181,1.1079
3245.0000,1.2171,1.2086,1.1834,1.1546,1.1260,1.1150,1.1071
3250.0000,1.2144,1.2024,1.1801,1.1500,1.1236,1.1120,1.1057
3255.0000,1.2092,1.1980,1.1755,1.1468,1.1197,1.1118,1.0997
3260.0000,1.2024,1.1943,1.1710,1.1428,1.1177,1.1080,1.1011
3265.0000,1.1998,1.1885,1.1677,1.1387,1.1157,1.1053,1.1002
3270.0000,1.1942,1.1852,1.1626,1.1360,1.1120,1.1055,1.0947
3275.0000,1.1886,1.1816,1.1582,1.1327,1.1100,1.1028,1.0949
3280.0000,1.1864,1.1758,1.1553,1.1287,1.1087,1.0998,1.0950
3285.0000,1.1812,1.1723,1.1506,1.1264,1.1054,1.1001,1.0897
3290.0000,1.1759,1.1687,1.1466,1.1234,1.1038,1.0976,1.0903
3295.0000,1.1737,1.1631,1.1439,1.1199,1.1028,1.0947,1.0907
3300.0000,1.1686,1.1599,1.1395,1.1180,1.0998,1.0952,1.0857
3305.0000,1.1634,1.1566,1.1357,1.1154,1.0983,1.0929,1.0864
3310.0000,1.1569,1.1539,1.1317,1.1132,1.0967,1.0911,1.0861
3315.0000,1.1568,1.1482,1.1292,1.1110,1.0942,1.0920,1.0796
3320.0000,1.1517,1.1451,1.1260,1.1086,1.0935,1.0889,1.0826
3325.0000,1.1459,1.1424,1.1226,1.1066,1.0921,1.0872,1.0825
3330.0000,1.1453,1.1371,1.1208,1.1041,1.0913,1.0854,1.0818
3335.0000,1.1410,1.1344,1.1175,1.1028,1.0890,1.0858,1.0778
3340.0000,1.1353,1.1322,1.1146,1.1009,1.0882,1.0834,1.0791
3345.0000,1.1349,1.1273,1.1132,1.0986,1.0876,1.0816,1.0787
3350.0000,1.1308,1.1251,1.1102,1.0976,1.0853,1.0821,1.0751
3355.0000,1.1261,1.1231,1.1076,1.0961,1.0843,1.0804,1.0756
3360.0000,1.1258,1.1186,1.1066,1.0938,1.0839,1.0783,1.0758
3365.0000,1.1219,1.1168,1.1039,1.0930,1.0818,1.0789,1.0724
3370.0000,1.1176,1.1151,1.1017,1.0917,1.0808,1.0773,1.0731
3375.0000,1.1172,1.1114,1.1007,1.0899,1.0802,1.0758,1.0732
3380.0000,1.1142,1.1097,1.0983,1.0892,1.0780,1.0770,1.0687
3385.0000,1.1103,1.1083,1.0965,1.0878,1.0775,1.0748,1.0710
3390.0000,1.1101,1.1048,1.0958,1.0860,1.0771,1.0735,1.0713
3395.0000,1.1073,1.1035,1.0936,1.0855,1.0749,1.0749,1.0670
3400.0000,1.1040,1.1023,1.0919,1.0842,1.0744,1.0733,1.0686
3405.0000,1.1040,1.0991,1.0916,1.0823,1.0745,1.0715,1.0699
3410.0000,1.1015,1.0979,1.0896,1.0818,1.0726,1.0729,1.0660
3415.0000,1.0987,1.0968,1.0881,1.0806,1.0722,1.0715,1.0683
3420.0000,1.0940,1.0967,1.0862,1.0797,1.0717,1.0704,1.0697
3425.0000,1.0962,1.0934,1.0857,1.0786,1.0705,1.0718,1.0665
3430.0000,1.0936,1.0925,1.0842,1.0777,1.0702,1.0710,1.0689
3435.0000,1.0891,1.0926,1.0823,1.0770,1.0696,1.0707,1.0702
3440.0000,1.0916,1.0894,1.0817,1.0762,1.0682,1.0732,1.0656
3445.0000,1.0893,1.0885,1.0806,1.0751,1.0686,1.0719,1.0700
3450.0000,1.0862,1.0880,1.0792,1.0743,1.0686,1.0718,1.0719
3455.0000,1.0878,1.0850,1.0792,1.0729,1.0691,1.0717,1.0733
3460.0000,1.0855,1.0846,1.0775,1.0728,1.0682,1.0741,1.0713
3465.0000,1.0825,1.0842,1.0763,1.0720,1.0689,1.0738,1.0742
3470.0000,1.0840,1.0814,1.0764,1.0708,1.0699,1.0739,1.0759
3475.0000,1.0821,1.0810,1.0749,1.0709,1.0694,1.0764,1.0743
3480.0000,1.0790,1.0809,1.0736,1.0705,1.0703,1.0765,1.0770
3485.0000,1.0807,1.0782,1.0738,1.0696,1.0718,1.0766,1.0792
3490.0000,1.0788,1.0780,1.0723,1.0701,1.0716,1.0793,1.0778
3495.0000,1.0764,1.0778,1.0712,1.0701,1.0727,1.0796,1.0808
3500.0000,1.0775,1.0756,1.0713,1.0698,1.0742,1.0801,1.0832
3505.0000,1.0758,1.0756,1.0699,1.0709,1.0739,1.0835,1.0809
3510.0000,1.0737,1.0754,1.0692,1.0712,1.0755,1.0837,1.0850
3515.0000,1.0749,1.0732,1.0697,1.0711,1.0772,1.0843,1.0876
3520.0000,1.0736,1.0730,1.0688,1.0724,1.0772,1.0879,1.0854
3525.0000,1.0716,1.0730,1.0684,1.0731,1.0789,1.0884,1.0896
3530.0000,1.0728,1.0710,1.0694,1.0732,1.0809,1.0890,1.0926
3535.0000,1.0716,1.0711,1.0690,1.0747,1.0812,1.0927,1.0906
3540.0000,1.0701,1.0712,1.0691,1.0755,1.0831,1.0933,1.0952
3545.0000,1.0666,1.0724,1.0688,1.0767,1.0846,1.0946,1.0987
3550.0000,1.0701,1.0705,1.0699,1.0779,1.0853,1.0987,1.0960
3555.0000,1.0690,1.0709,1.0705,1.0788,1.0875,1.0993,1.1018
3560.0000,1.0658,1.0725,1.0704,1.0802,1.0893,1.1009,1.1056
3565.0000,1.0696,1.0709,1.0718,1.0816,1.0900,1.1055,1.1030
3570.0000,1.0689,1.0716,1.0726,1.0827,1.0926,1.1063,1.1093
3575.0000,1.0673,1.0728,1.0733,1.0840,1.0949,1.1080,1.1135
3580.0000,1.0704,1.0717,1.0753,1.0848,1.0975,1.1099,1.1173
3585.0000,1.0697,1.0733,1.0756,1.0870,1.0986,1.1144,1.1177
3590.0000,1.0687,1.0747,1.0764,1.0885,1.1012,1.1165,1.1223
3595.0000,1.0720,1.0738,1.0787,1.0894,1.1042,1.1186,1.1263
3600.0000,1.0720,1.0753,1.0793,1.0917,1.1057,1.1234,1.1268
3605.0000,1.0705,1.0774,1.0801,1.0936,1.1086,1.1257,1.1320
3610.0000,1.0742,1.0768,1.0825,1.0948,1.1120,1.1284,1.1360
3615.0000,1.0745,1.0785,1.0833,1.0974,1.1139,1.1334,1.1364
3620.0000,1.0743,1.0802,1.0846,1.0994,1.1173,1.1358,1.1418
3625.0000,1.0773,1.0802,1.0869,1.1009,1.1212,1.1383,1.1466
3630.0000,1.0775,1.0824,1.0877,1.1041,1.1231,1.1439,1.1463
3635.0000,1.0777,1.0842,1.0892,1.1064,1.1269,1.1463,1.1521
3640.0000,1.0810,1.0842,1.0919,1.1083,1.1311,1.1488,1.1571
3645.0000,1.0818,1.0862,1.0931,1.1117,1.1333,1.1544,1.1569
