150.0000,1.1367,1.1414,1.1602,1.2305,1.3657,1.4799,1.5247
155.0000,1.1397,1.1437,1.1676,1.2438,1.3892,1.4991,1.5468
160.0000,1.1405,1.1495,1.1734,1.2605,1.4102,1.5225,1.5610
165.0000,1.1417,1.1558,1.1806,1.2778,1.4328,1.5427,1.5778
170.0000,1.1482,1.1597,1.1906,1.2950,1.4572,1.5597,1.5962
175.0000,1.1524,1.1667,1.1996,1.3154,1.4781,1.5808,1.6049
180.0000,1.1547,1.1754,1.2100,1.3358,1.5013,1.5954,1.6235
185.0000,1.1639,1.1812,1.2234,1.3565,1.5234,1.6109,1.6349
190.0000,1.1706,1.1899,1.2365,1.3793,1.5429,1.6281,1.6382
195.0000,1.1782,1.1987,1.2523,1.4010,1.5644,1.6382,1.6514
200.0000,1.1825,1.2108,1.2682,1.4237,1.5841,1.6474,1.6618
205.0000,1.1958,1.2205,1.2863,1.4471,1.6004,1.6599,1.6606
210.0000,1.2056,1.2330,1.3054,1.4696,1.6175,1.6660,1.6679
215.0000,1.2096,1.2505,1.3234,1.4929,1.6321,1.6713,1.6721
220.0000,1.2280,1.2632,1.3447,1.5155,1.6436,1.6793,1.6647
225.0000,1.2425,1.2784,1.3671,1.5361,1.6568,1.6786,1.6718
230.0000,1.2565,1.2954,1.3896,1.5565,1.6669,1.6789,1.6724
235.0000,1.2741,1.3119,1.4132,1.5755,1.6751,1.6784,1.6704
240.0000,1.2865,1.3342,1.4339,1.5955,1.6790,1.6800,1.6626
245.0000,1.3049,1.3536,1.4572,1.6120,1.6842,1.6755,1.6620
250.0000,1.3264,1.3721,1.4812,1.6269,1.6872,1.6715,1.6577
255.0000,1.3458,1.3929,1.5034,1.6412,1.6869,1.6694,1.6482
260.0000,1.3585,1.4184,1.5231,1.6544,1.6857,1.6645,1.6419
265.0000,1.3843,1.4374,1.5459,1.6635,1.6854,1.6566,1.6371
270.0000,1.4062,1.4587,1.5659,1.6725,1.6812,1.6522,1.6255
275.0000,1.4276,1.4795,1.5855,1.6787,1.6779,1.6437,1.6195
280.0000,1.4499,1.4994,1.6040,1.6830,1.6733,1.6356,1.6108
320.0000,1.5993,1.6377,1.6836,1.6718,1.6105,1.5575,1.5208
325.0000,1.6050,1.6528,1.6839,1.6665,1.6005,1.5450,1.5094
330.0000,1.6252,1.6590,1.6858,1.6598,1.5891,1.5358,1.4889
335.0000,1.6366,1.6664,1.6857,1.6516,1.5804,1.5190,1.4853
340.0000,1.6453,1.6726,1.6837,1.6439,1.5691,1.5062,1.4734
345.0000,1.6568,1.6751,1.6813,1.6359,1.5561,1.4963,1.4546
350.0000,1.6603,1.6798,1.6764,1.6272,1.5448,1.4810,1.4492
355.0000,1.6627,1.6827,1.6704,1.6188,1.5313,1.4695,1.4357
360.0000,1.6712,1.6801,1.6661,1.6086,1.5185,1.4576,1.4213
365.0000,1.6718,1.6801,1.6587,1.5993,1.5041,1.4479,1.4024
370.0000,1.6703,1.6783,1.6521,1.5877,1.4931,1.4317,1.3941
375.0000,1.6743,1.6719,1.6466,1.5753,1.4814,1.4177,1.3805
380.0000,1.6715,1.6682,1.6381,1.5641,1.4676,1.4063,1.3622
385.0000,1.6671,1.6637,1.6295,1.5518,1.4556,1.3916,1.3481
390.0000,1.6668,1.6550,1.6226,1.5378,1.4454,1.3739,1.3376
395.0000,1.6612,1.6492,1.6123,1.5258,1.4317,1.3605,1.3207
400.0000,1.6525,1.6440,1.6009,1.5139,1.4183,1.3454,1.3070
405.0000,1.6495,1.6348,1.5907,1.5013,1.4049,1.3306,1.2917
410.0000,1.6420,1.6276,1.5781,1.4900,1.3893,1.3181,1.2719
415.0000,1.6318,1.6203,1.5657,1.4775,1.3760,1.3002,1.2633
420.0000,1.6274,1.6089,1.5546,1.4647,1.3614,1.2854,1.2487
425.0000,1.6174,1.6004,1.5410,1.4533,1.3446,1.2732,1.2299
430.0000,1.6075,1.5902,1.5285,1.4405,1.3293,1.2584,1.2155
435.0000,1.6010,1.5764,1.5184,1.4258,1.3160,1.2408,1.2054
440.0000,1.5900,1.5653,1.5058,1.4128,1.2996,1.2282,1.1879
445.0000,1.5779,1.5541,1.4936,1.3988,1.2844,1.2135,1.1750
450.0000,1.5653,1.5426,1.4814,1.3844,1.2693,1.1992,1.1608
455.0000,1.5577,1.5282,1.4701,1.3695,1.2535,1.1874,1.1405
460.0000,1.5438,1.5171,1.4574,1.3540,1.2404,1.1696,1.1355
465.0000,1.5280,1.5073,1.4431,1.3397,1.2250,1.1561,1.1228
470.0000,1.5204,1.4933,1.4304,1.3248,1.2094,1.1449,1.1053
475.0000,1.5076,1.4815,1.4166,1.3094,1.1958,1.1296,1.0988
480.0000,1.4913,1.4712,1.4012,1.2951,1.1805,1.1179,1.0862
485.0000,1.4839,1.4559,1.3882,1.2793,1.1667,1.1056,1.0742
490.0000,1.4718,1.4425,1.3736,1.2645,1.1520,1.0954,1.0588
495.0000,1.4552,1.4306,1.3587,1.2490,1.1399,1.0810,1.0523
500.0000,1.4461,1.4147,1.3452,1.2332,1.1274,1.0691,1.0416
505.0000,1.4311,1.4022,1.3293,1.2191,1.1136,1.0595,1.0283
510.0000,1.4179,1.3879,1.3145,1.2041,1.1017,1.0476,1.0194
515.0000,1.4067,1.3714,1.3009,1.1885,1.0912,1.0348,1.0124
520.0000,1.3908,1.3583,1.2848,1.1751,1.0784,1.0257,1.0018
525.0000,1.3735,1.3458,1.2683,1.1619,1.0662,1.0162,0.9930
530.0000,1.3626,1.3294,1.2539,1.1481,1.0551,1.0066,0.9844
535.0000,1.3489,1.3142,1.2387,1.1353,1.0431,0.9995,0.9723
540.0000,1.3312,1.3008,1.2232,1.1224,1.0331,0.9888,0.9689
545.0000,1.3193,1.2842,1.2093,1.1093,1.0230,0.9804,0.9617
550.0000,1.3032,1.2706,1.1937,1.0979,1.0116,0.9747,0.9510
555.0000,1.2892,1.2551,1.1800,1.0855,1.0025,0.9667,0.9449
560.0000,1.2760,1.2384,1.1675,1.0726,0.9949,0.9573,0.9414
565.0000,1.2598,1.2247,1.1532,1.0617,0.9852,0.9520,0.9324
570.0000,1.2434,1.2111,1.1395,1.0506,0.9770,0.9450,0.9279
575.0000,1.2293,1.1963,1.1268,1.0394,0.9694,0.9385,0.9224
580.0000,1.2173,1.1806,1.1147,1.0289,0.9613,0.9343,0.9123
585.0000,1.2005,1.1682,1.1018,1.0186,0.9551,0.9263,0.9123
590.0000,1.1821,1.1573,1.0880,1.0096,0.9478,0.9209,0.9083
595.0000,1.1727,1.1421,1.0769,0.9999,0.9416,0.9156,0.9039
600.0000,1.1595,1.1293,1.0648,0.9915,0.9345,0.9122,0.8971
605.0000,1.1431,1.1178,1.0529,0.9831,0.9290,0.9064,0.8955
610.0000,1.1336,1.1034,1.0430,0.9745,0.9239,0.9016,0.8924
615.0000,1.1213,1.0909,1.0324,0.9670,0.9179,0.8987,0.8869
620.0000,1.1054,1.0804,1.0216,0.9597,0.9131,0.8940,0.8858
625.0000,1.0961,1.0671,1.0128,0.9522,0.9086,0.8904,0.8829
630.0000,1.0829,1.0569,1.0026,0.9461,0.9030,0.8887,0.8778
635.0000,1.0714,1.0459,0.9937,0.9395,0.8992,0.8850,0.8766
640.0000,1.0620,1.0338,0.9862,0.9326,0.8961,0.8811,0.8756
645.0000,1.0492,1.0249,0.9771,0.9275,0.8915,0.8799,0.8715
650.0000,1.0370,1.0161,0.9687,0.9221,0.8880,0.8772,0.8706
655.0000,1.0291,1.0054,0.9620,0.9164,0.8853,0.8745,0.8695
660.0000,1.0198,0.9961,0.9547,0.9117,0.8816,0.8741,0.8648
665.0000,1.0077,0.9886,0.9474,0.9070,0.8794,0.8711,0.8660
670.0000,1.0006,0.9791,0.9416,0.9022,0.8773,0.8690,0.8653
675.0000,0.9911,0.9721,0.9345,0.8988,0.8739,0.8693,0.8611
680.0000,0.9829,0.9643,0.9288,0.8947,0.8723,0.8672,0.8615
685.0000,0.9760,0.9559,0.9240,0.8905,0.8712,0.8649,0.8620
690.0000,0.9671,0.9499,0.9178,0.8879,0.8685,0.8654,0.8582
695.0000,0.9583,0.9443,0.9123,0.8849,0.8671,0.8638,0.8588
700.0000,0.9507,0.9382,0.9074,0.8820,0.8659,0.8625,0.8587
705.0000,0.9467,0.9307,0.9035,0.8794,0.8640,0.8634,0.8536
710.0000,0.9389,0.9257,0.8992,0.8768,0.8636,0.8610,0.8562
715.0000,0.9304,0.9215,0.8946,0.8749,0.8626,0.8597,0.8563
720.0000,0.9276,0.9149,0.8918,0.8724,0.8622,0.8584,0.8560
725.0000,0.9222,0.9102,0.8881,0.8709,0.8607,0.8589,0.8531
730.0000,0.9150,0.9064,0.8847,0.8693,0.8603,0.8571,0.8540
735.0000,0.9123,0.9009,0.8825,0.8674,0.8599,0.8559,0.8537
740.0000,0.9066,0.8979,0.8790,0.8668,0.8582,0.8564,0.8508
745.0000,0.9010,0.8948,0.8763,0.8656,0.8578,0.8548,0.8517
750.0000,0.8993,0.8899,0.8749,0.8640,0.8575,0.8536,0.8513
755.0000,0.8948,0.8872,0.8723,0.8636,0.8559,0.8542,0.8483
760.0000,0.8899,0.8847,0.8703,0.8627,0.8553,0.8529,0.8486
765.0000,0.8886,0.8806,0.8695,0.8612,0.8553,0.8511,0.8488
770.0000,0.8845,0.8789,0.8674,0.8609,0.8537,0.8515,0.8460
775.0000,0.8807,0.8770,0.8659,0.8601,0.8532,0.8501,0.8465
780.0000,0.8798,0.8738,0.8653,0.8589,0.8528,0.8488,0.8464
785.0000,0.8770,0.8723,0.8638,0.8587,0.8511,0.8496,0.8427
790.0000,0.8735,0.8711,0.8626,0.8578,0.8507,0.8478,0.8443
795.0000,0.8731,0.8685,0.8623,0.8567,0.8503,0.8465,0.8442
800.0000,0.8708,0.8676,0.8609,0.8565,0.8485,0.8474,0.8405
805.0000,0.8681,0.8668,0.8598,0.8557,0.8480,0.8460,0.8414
810.0000,0.8681,0.8645,0.8598,0.8543,0.8479,0.8443,0.8420
815.0000,0.8662,0.8639,0.8585,0.8540,0.8462,0.8451,0.8385
820.0000,0.8641,0.8633,0.8576,0.8532,0.8457,0.8438,0.8394
825.0000,0.8609,0.8633,0.8564,0.8525,0.8450,0.8427,0.8395
830.0000,0.8628,0.8609,0.8562,0.8517,0.8436,0.8438,0.8347
835.0000,0.8610,0.8604,0.8555,0.8506,0.8436,0.8416,0.8374
840.0000,0.8585,0.8603,0.8544,0.8498,0.8430,0.8405,0.8377
845.0000,0.8599,0.8582,0.8544,0.8486,0.8427,0.8394,0.8376
850.0000,0.8583,0.8581,0.8530,0.8483,0.8412,0.8400,0.8349
855.0000,0.8560,0.8580,0.8520,0.8475,0.8409,0.8386,0.8360
860.0000,0.8574,0.8559,0.8519,0.8463,0.8406,0.8375,0.8359
865.0000,0.8560,0.8557,0.8505,0.8460,0.8391,0.8383,0.8333
870.0000,0.8536,0.8558,0.8493,0.8454,0.8386,0.8372,0.8340
875.0000,0.8551,0.8535,0.8494,0.8441,0.8386,0.8359,0.8344
880.0000,0.8538,0.8531,0.8482,0.8438,0.8373,0.8366,0.8318
885.0000,0.8515,0.8531,0.8471,0.8431,0.8368,0.8356,0.8324
890.0000,0.8528,0.8509,0.8472,0.8419,0.8369,0.8344,0.8328
895.0000,0.8514,0.8507,0.8460,0.8416,0.8356,0.8352,0.8301
900.0000,0.8494,0.8504,0.8450,0.8409,0.8353,0.8341,0.8308
905.0000,0.8503,0.8486,0.8449,0.8399,0.8353,0.8330,0.8310
910.0000,0.8490,0.8484,0.8436,0.8398,0.8339,0.8341,0.8275
915.0000,0.8473,0.8480,0.8428,0.8390,0.8339,0.8324,0.8293
920.0000,0.8480,0.8462,0.8427,0.8380,0.8339,0.8313,0.8295
925.0000,0.8468,0.8460,0.8415,0.8379,0.8325,0.8323,0.8262
930.0000,0.8450,0.8459,0.8405,0.8374,0.8322,0.8311,0.8272
935.0000,0.8458,0.8440,0.8406,0.8364,0.8323,0.8297,0.8279
940.0000,0.8446,0.8438,0.8394,0.8364,0.8309,0.8307,0.8246
945.0000,0.8431,0.8434,0.8386,0.8359,0.8306,0.8295,0.8257
950.0000,0.8402,0.8438,0.8375,0.8355,0.8301,0.8286,0.8260
955.0000,0.8425,0.8416,0.8375,0.8351,0.8289,0.8299,0.8215
960.0000,0.8411,0.8412,0.8369,0.8343,0.8291,0.8279,0.8242
965.0000,0.8390,0.8412,0.8361,0.8338,0.8287,0.8270,0.8246
970.0000,0.8405,0.8393,0.8364,0.8329,0.8286,0.8261,0.8246
975.0000,0.8391,0.8393,0.8353,0.8328,0.8272,0.8269,0.8221
980.0000,0.8372,0.8393,0.8346,0.8322,0.8271,0.8255,0.8233
985.0000,0.8387,0.8374,0.8349,0.8312,0.8270,0.8246,0.8234
990.0000,0.8375,0.8374,0.8339,0.8311,0.8258,0.8254,0.8211
995.0000,0.8353,0.8377,0.8330,0.8307,0.8254,0.8246,0.8218
1000.0000,0.8369,0.8359,0.8333,0.8296,0.8255,0.8235,0.8222
1005.0000,0.8358,0.8359,0.8323,0.8296,0.8243,0.8243,0.8198
1010.0000,0.8343,0.8358,0.8316,0.8290,0.8240,0.8235,0.8205
1015.0000,0.8354,0.8342,0.8318,0.8280,0.8242,0.8223,0.8210
1020.0000,0.8343,0.8342,0.8308,0.8279,0.8231,0.8231,0.8186
1025.0000,0.8328,0.8341,0.8302,0.8273,0.8229,0.8221,0.8196
1030.0000,0.8338,0.8326,0.8302,0.8264,0.8230,0.8213,0.8199
1035.0000,0.8327,0.8327,0.8291,0.8265,0.8217,0.8225,0.8167
1040.0000,0.8312,0.8326,0.8285,0.8259,0.8218,0.8211,0.8186
1045.0000,0.8322,0.8311,0.8286,0.8251,0.8219,0.8202,0.8189
1050.0000,0.8313,0.8310,0.8275,0.8252,0.8206,0.8215,0.8158
1055.0000,0.8296,0.8311,0.8267,0.8248,0.8205,0.8205,0.8170
1060.0000,0.8307,0.8295,0.8269,0.8239,0.8208,0.8193,0.8179
1065.0000,0.8298,0.8294,0.8260,0.8239,0.8196,0.8205,0.8148
1070.0000,0.8285,0.8292,0.8254,0.8235,0.8195,0.8195,0.8162
1075.0000,0.8258,0.8298,0.8244,0.8233,0.8192,0.8188,0.8166
1080.0000,0.8282,0.8278,0.8245,0.8230,0.8182,0.8202,0.8124
1085.0000,0.8271,0.8276,0.8241,0.8223,0.8186,0.8185,0.8152
1090.0000,0.8252,0.8277,0.8235,0.8220,0.8184,0.8178,0.8157
1095.0000,0.8269,0.8260,0.8238,0.8212,0.8186,0.8170,0.8158
1100.0000,0.8256,0.8262,0.8228,0.8214,0.8175,0.8179,0.8134
1105.0000,0.8237,0.8264,0.8222,0.8210,0.8175,0.8167,0.8147
1110.0000,0.8254,0.8246,0.8226,0.8202,0.8177,0.8159,0.8149
1115.0000,0.8244,0.8248,0.8217,0.8204,0.8166,0.8168,0.8126
1120.0000,0.8223,0.8252,0.8210,0.8201,0.8164,0.8160,0.8135
1125.0000,0.8241,0.8234,0.8215,0.8193,0.8167,0.8149,0.8141
1130.0000,0.8233,0.8234,0.8207,0.8194,0.8156,0.8158,0.8120
1135.0000,0.8219,0.8235,0.8202,0.8191,0.8155,0.8150,0.8129
1140.0000,0.8230,0.8221,0.8205,0.8183,0.8156,0.8142,0.8135
1145.0000,0.8220,0.8223,0.8197,0.8185,0.8145,0.8152,0.8114
1150.0000,0.8206,0.8224,0.8192,0.8182,0.8144,0.8144,0.8125
1155.0000,0.8218,0.8211,0.8195,0.8174,0.8145,0.8138,0.8131
1160.0000,0.8209,0.8213,0.8186,0.8176,0.8133,0.8153,0.8101
1165.0000,0.8197,0.8213,0.8183,0.8171,0.8135,0.8141,0.8122
1170.0000,0.8208,0.8200,0.8187,0.8163,0.8138,0.8135,0.8129
1175.0000,0.8200,0.8201,0.8179,0.8165,0.8127,0.8150,0.8101
1180.0000,0.8186,0.8204,0.8173,0.8161,0.8128,0.8144,0.8116
1185.0000,0.8198,0.8190,0.8177,0.8153,0.8133,0.8135,0.8127
1190.0000,0.8191,0.8191,0.8169,0.8154,0.8124,0.8149,0.8098
1195.0000,0.8181,0.8192,0.8165,0.8151,0.8127,0.8142,0.8116
1200.0000,0.8155,0.8200,0.8156,0.8150,0.8127,0.8138,0.8123
1205.0000,0.8181,0.8183,0.8157,0.8148,0.8120,0.8154,0.8085
1210.0000,0.8172,0.8183,0.8154,0.8144,0.8127,0.8140,0.8115
1215.0000,0.8155,0.8185,0.8148,0.8143,0.8128,0.8136,0.8124
1220.0000,0.8173,0.8170,0.8151,0.8137,0.8132,0.8131,0.8129
1225.0000,0.8162,0.8173,0.8142,0.8142,0.8124,0.8144,0.8109
1230.0000,0.8146,0.8176,0.8137,0.8140,0.8128,0.8136,0.8124
1235.0000,0.8164,0.8159,0.8142,0.8135,0.8132,0.8131,0.8130
1240.0000,0.8155,0.8161,0.8136,0.8140,0.8124,0.8143,0.8112
1245.0000,0.8136,0.8166,0.8130,0.8140,0.8125,0.8139,0.8124
1250.0000,0.8154,0.8150,0.8136,0.8135,0.8131,0.8133,0.8134
1255.0000,0.8146,0.8151,0.8131,0.8139,0.8124,0.8145,0.8115
1260.0000,0.8134,0.8153,0.8128,0.8139,0.8125,0.8142,0.8128
1265.0000,0.8146,0.8141,0.8134,0.8135,0.8130,0.8138,0.8136
1270.0000,0.8138,0.8144,0.8128,0.8140,0.8121,0.8156,0.8109
1275.0000,0.8127,0.8146,0.8128,0.8138,0.8127,0.8147,0.8132
1280.0000,0.8139,0.8135,0.8134,0.8133,0.8132,0.8143,0.8140
1285.0000,0.8131,0.8141,0.8128,0.8139,0.8124,0.8161,0.8112
1290.0000,0.8121,0.8144,0.8127,0.8137,0.8131,0.8151,0.8134
1295.0000,0.8135,0.8133,0.8133,0.8132,0.8138,0.8146,0.8142
1300.0000,0.8130,0.8137,0.8128,0.8138,0.8131,0.8163,0.8115
1305.0000,0.8118,0.8143,0.8125,0.8138,0.8136,0.8156,0.8133
1310.0000,0.8132,0.8132,0.8132,0.8134,0.8144,0.8148,0.8147
1315.0000,0.8128,0.8136,0.8127,0.8140,0.8137,0.8163,0.8121
1320.0000,0.8121,0.8139,0.8125,0.8141,0.8140,0.8157,0.8140
1325.0000,0.8096,0.8151,0.8119,0.8145,0.8141,0.8156,0.8149
1330.0000,0.8126,0.8137,0.8124,0.8147,0.8135,0.8175,0.8113
1335.0000,0.8120,0.8139,0.8124,0.8147,0.8141,0.8164,0.8144
1340.0000,0.8107,0.8144,0.8122,0.8149,0.8143,0.8162,0.8155
1345.0000,0.8128,0.8131,0.8131,0.8145,0.8149,0.8159,0.8163
1350.0000,0.8120,0.8138,0.8127,0.8152,0.8142,0.8175,0.8145
1355.0000,0.8108,0.8143,0.8127,0.8152,0.8147,0.8170,0.8161
1360.0000,0.8129,0.8130,0.8137,0.8148,0.8154,0.8167,0.8169
1365.0000,0.8124,0.8135,0.8134,0.8153,0.8149,0.8182,0.8150
1370.0000,0.8107,0.8145,0.8132,0.8154,0.8153,0.8179,0.8164
1375.0000,0.8129,0.8133,0.8141,0.8149,0.8162,0.8173,0.8175
1380.0000,0.8125,0.8139,0.8138,0.8155,0.8157,0.8187,0.8157
1385.0000,0.8116,0.8145,0.8138,0.8156,0.8162,0.8182,0.8174
1390.0000,0.8132,0.8137,0.8144,0.8154,0.8169,0.8179,0.8185
1395.0000,0.8127,0.8145,0.8139,0.8161,0.8162,0.8197,0.8162
1400.0000,0.8119,0.8151,0.8138,0.8163,0.8168,0.8191,0.8186
1405.0000,0.8136,0.8142,0.8145,0.8161,0.8174,0.8190,0.8197
1410.0000,0.8134,0.8147,0.8141,0.8169,0.8166,0.8210,0.8174
1415.0000,0.8124,0.8154,0.8141,0.8171,0.8172,0.8206,0.8197
1420.0000,0.8140,0.8144,0.8149,0.8168,0.8180,0.8205,0.8208
1425.0000,0.8138,0.8148,0.8147,0.8175,0.8174,0.8225,0.8183
1430.0000,0.8127,0.8155,0.8147,0.8176,0.8181,0.8222,0.8206
1435.0000,0.8143,0.8146,0.8157,0.8173,0.8192,0.8217,0.8223
1440.0000,0.8141,0.8151,0.8155,0.8179,0.8188,0.8236,0.8201
1445.0000,0.8136,0.8156,0.8156,0.8180,0.8196,0.8233,0.8225
1450.0000,0.8114,0.8169,0.8153,0.8185,0.8201,0.8235,0.8240
1455.0000,0.8145,0.8157,0.8159,0.8189,0.8199,0.8257,0.8208
1460.0000,0.8140,0.8163,0.8161,0.8190,0.8209,0.8251,0.8241
1465.0000,0.8127,0.8171,0.8159,0.8194,0.8215,0.8253,0.8257
1470.0000,0.8151,0.8161,0.8169,0.8194,0.8224,0.8255,0.8268
1475.0000,0.8143,0.8172,0.8164,0.8204,0.8221,0.8275,0.8254
1480.0000,0.8134,0.8178,0.8165,0.8207,0.8230,0.8274,0.8273
1485.0000,0.8159,0.8167,0.8176,0.8206,0.8241,0.8274,0.8286
1490.0000,0.8156,0.8172,0.8175,0.8214,0.8240,0.8293,0.8272
1495.0000,0.8142,0.8182,0.8175,0.8219,0.8249,0.8293,0.8292
1500.0000,0.8165,0.8171,0.8187,0.8219,0.8261,0.8293,0.8305
1505.0000,0.8163,0.8178,0.8186,0.8228,0.8260,0.8311,0.8291
1510.0000,0.8155,0.8186,0.8188,0.8233,0.8269,0.8312,0.8310
1515.0000,0.8172,0.8180,0.8198,0.8235,0.8280,0.8312,0.8324
1520.0000,0.8167,0.8191,0.8195,0.8247,0.8277,0.8335,0.8301
1525.0000,0.8162,0.8198,0.8198,0.8252,0.8288,0.8331,0.8329
1530.0000,0.8181,0.8191,0.8209,0.8254,0.8299,0.8332,0.8344
1535.0000,0.8181,0.8199,0.8209,0.8266,0.8296,0.8354,0.8322
1540.0000,0.8173,0.8209,0.8212,0.8272,0.8305,0.8354,0.8346
1545.0000,0.8192,0.8202,0.8225,0.8273,0.8317,0.8353,0.8363
1550.0000,0.8193,0.8209,0.8227,0.8284,0.8315,0.8375,0.8341
1555.0000,0.8185,0.8220,0.8230,0.8291,0.8324,0.8375,0.8367
1560.0000,0.8204,0.8214,0.8243,0.8292,0.8337,0.8373,0.8387
1565.0000,0.8204,0.8224,0.8245,0.8303,0.8335,0.8396,0.8366
1570.0000,0.8202,0.8233,0.8250,0.8309,0.8345,0.8396,0.8392
1575.0000,0.8183,0.8250,0.8251,0.8317,0.8352,0.8400,0.8410
1580.0000,0.8219,0.8242,0.8262,0.8324,0.8352,0.8425,0.8380
1585.0000,0.8219,0.8250,0.8269,0.8328,0.8365,0.8421,0.8418
1590.0000,0.8212,0.8261,0.8273,0.8335,0.8374,0.8426,0.8436
1595.0000,0.8238,0.8255,0.8287,0.8337,0.8386,0.8430,0.8451
1600.0000,0.8234,0.8270,0.8287,0.8349,0.8385,0.8453,0.8440
1605.0000,0.8229,0.8281,0.8292,0.8354,0.8397,0.8454,0.8464
1610.0000,0.8257,0.8274,0.8306,0.8356,0.8410,0.8458,0.8479
1615.0000,0.8258,0.8285,0.8308,0.8367,0.8412,0.8481,0.8467
1620.0000,0.8245,0.8301,0.8310,0.8375,0.8422,0.8485,0.8490
1625.0000,0.8274,0.8294,0.8325,0.8377,0.8438,0.8488,0.8506
1630.0000,0.8277,0.8304,0.8327,0.8389,0.8440,0.8510,0.8493
1635.0000,0.8275,0.8314,0.8333,0.8396,0.8453,0.8513,0.8515
1640.0000,0.8296,0.8311,0.8345,0.8400,0.8468,0.8516,0.8531
1645.0000,0.8294,0.8325,0.8345,0.8414,0.8468,0.8541,0.8509
1650.0000,0.8292,0.8336,0.8351,0.8422,0.8483,0.8539,0.8538
1655.0000,0.8314,0.8332,0.8364,0.8426,0.8498,0.8541,0.8553
1660.0000,0.8317,0.8343,0.8366,0.8441,0.8498,0.8565,0.8531
1665.0000,0.8311,0.8356,0.8371,0.8451,0.8510,0.8564,0.8557
1670.0000,0.8334,0.8352,0.8386,0.8456,0.8525,0.8563,0.8575
1675.0000,0.8338,0.8362,0.8390,0.8471,0.8525,0.8585,0.8553
1680.0000,0.8338,0.8372,0.8397,0.8480,0.8536,0.8585,0.8579
1685.0000,0.8319,0.8392,0.8400,0.8492,0.8545,0.8587,0.8596
1690.0000,0.8357,0.8385,0.8415,0.8501,0.8547,0.8607,0.8574
1695.0000,0.8358,0.8395,0.8424,0.8510,0.8558,0.8606,0.8601
1700.0000,0.8341,0.8415,0.8428,0.8521,0.8565,0.8610,0.8618
1705.0000,0.8380,0.8409,0.8443,0.8531,0.8564,0.8636,0.8586
1710.0000,0.8382,0.8420,0.8454,0.8537,0.8577,0.8631,0.8624
1715.0000,0.8378,0.8433,0.8462,0.8545,0.8586,0.8634,0.8642
1720.0000,0.8408,0.8430,0.8480,0.8548,0.8598,0.8637,0.8656
1725.0000,0.8406,0.8448,0.8483,0.8561,0.8596,0.8659,0.8643
1730.0000,0.8403,0.8462,0.8492,0.8567,0.8607,0.8660,0.8666
1735.0000,0.8434,0.8459,0.8509,0.8569,0.8620,0.8663,0.8681
1740.0000,0.8438,0.8473,0.8513,0.8580,0.8620,0.8684,0.8669
1745.0000,0.8429,0.8493,0.8517,0.8588,0.8630,0.8687,0.8692
1750.0000,0.8461,0.8489,0.8534,0.8590,0.8644,0.8689,0.8709
1755.0000,0.8466,0.8503,0.8537,0.8601,0.8645,0.8711,0.8697
1760.0000,0.8467,0.8516,0.8543,0.8608,0.8656,0.8714,0.8720
1765.0000,0.8491,0.8515,0.8557,0.8611,0.8670,0.8717,0.8738
1770.0000,0.8493,0.8531,0.8557,0.8625,0.8669,0.8744,0.8718
1775.0000,0.8493,0.8543,0.8563,0.8631,0.8683,0.8743,0.8749
1780.0000,0.8518,0.8540,0.8577,0.8635,0.8697,0.8748,0.8766
1785.0000,0.8523,0.8552,0.8579,0.8648,0.8696,0.8774,0.8746
1790.0000,0.8517,0.8567,0.8583,0.8657,0.8709,0.8777,0.8774
1795.0000,0.8542,0.8563,0.8598,0.8660,0.8725,0.8778,0.8796
1800.0000,0.8547,0.8574,0.8601,0.8674,0.8726,0.8804,0.8775
1805.0000,0.8548,0.8583,0.8609,0.8681,0.8740,0.8805,0.8806
1810.0000,0.8530,0.8603,0.8611,0.8692,0.8751,0.8810,0.8826
1815.0000,0.8568,0.8595,0.8624,0.8701,0.8756,0.8834,0.8806
1820.0000,0.8569,0.8606,0.8632,0.8709,0.8770,0.8836,0.8838
1825.0000,0.8550,0.8626,0.8634,0.8720,0.8781,0.8842,0.8859
1830.0000,0.8590,0.8619,0.8647,0.8731,0.8783,0.8871,0.8829
1835.0000,0.8592,0.8630,0.8656,0.8739,0.8799,0.8870,0.8869
1840.0000,0.8586,0.8643,0.8663,0.8749,0.8811,0.8876,0.8889
1845.0000,0.8616,0.8638,0.8680,0.8754,0.8827,0.8882,0.8905
1850.0000,0.8614,0.8655,0.8682,0.8769,0.8828,0.8907,0.8893
1855.0000,0.8610,0.8668,0.8690,0.8778,0.8844,0.8909,0.8920
1860.0000,0.8641,0.8663,0.8708,0.8783,0.8860,0.8913,0.8938
1865.0000,0.8644,0.8676,0.8714,0.8797,0.8864,0.8936,0.8928
1870.0000,0.8633,0.8695,0.8719,0.8808,0.8877,0.8940,0.8956
1875.0000,0.8665,0.8690,0.8737,0.8813,0.8893,0.8943,0.8981
1880.0000,0.8669,0.8704,0.8742,0.8829,0.8896,0.8968,0.8977
1885.0000,0.8670,0.8718,0.8750,0.8839,0.8910,0.8972,0.9018
1890.0000,0.8694,0.8717,0.8767,0.8845,0.8926,0.8977,0.9064
1895.0000,0.8695,0.8735,0.8769,0.8864,0.8923,0.9012,0.9076
1900.0000,0.8695,0.8750,0.8776,0.8876,0.8934,0.9028,0.9142
1905.0000,0.8722,0.8748,0.8794,0.8883,0.8947,0.9052,0.9211
1910.0000,0.8728,0.8762,0.8799,0.8900,0.8945,0.9108,0.9253
1915.0000,0.8723,0.8780,0.8806,0.8911,0.8957,0.9148,0.9362
1920.0000,0.8751,0.8779,0.8823,0.8919,0.8969,0.9212,0.9449
1925.0000,0.8757,0.8792,0.8831,0.8933,0.8976,0.9304,0.9516
1930.0000,0.8761,0.8804,0.8844,0.8938,0.9005,0.9379,0.9654
1935.0000,0.8747,0.8824,0.8854,0.8943,0.9041,0.9467,0.9803
1940.0000,0.8788,0.8819,0.8873,0.8949,0.9076,0.9598,0.9904
1945.0000,0.8793,0.8831,0.8886,0.8953,0.9132,0.9716,1.0065
1950.0000,0.8780,0.8852,0.8895,0.8958,0.9206,0.9837,1.0259
1955.0000,0.8819,0.8850,0.8909,0.8971,0.9276,1.0008,1.0390
1960.0000,0.8825,0.8864,0.8918,0.8984,0.9374,1.0162,1.0591
1965.0000,0.8826,0.8878,0.8927,0.8998,0.9496,1.0307,1.0844
1970.0000,0.8855,0.8879,0.8940,0.9022,0.9627,1.0476,1.1100
1975.0000,0.8854,0.8902,0.8934,0.9069,0.9748,1.0691,1.1340
1980.0000,0.8844,0.8929,0.8924,0.9132,0.9875,1.0938,1.1552
1985.0000,0.8883,0.8924,0.8939,0.9188,1.0042,1.1162,1.1828
1990.0000,0.8886,0.8942,0.8940,0.9270,1.0202,1.1432,1.2066
1995.0000,0.8876,0.8962,0.8950,0.9354,1.0397,1.1679,1.2381
2000.0000,0.8915,0.8956,0.8977,0.9453,1.0593,1.1975,1.2619
2005.0000,0.8922,0.8969,0.9003,0.9567,1.0805,1.2280,1.2834
2010.0000,0.8929,0.8979,0.9049,0.9680,1.1062,1.2538,1.3139
2015.0000,0.8956,0.8980,0.9111,0.9802,1.1336,1.2796,1.3429
2020.0000,0.8966,0.9006,0.9166,0.9957,1.1598,1.3098,1.3638
2025.0000,0.8978,0.9037,0.9234,1.0122,1.1883,1.3374,1.3854
2030.0000,0.9011,0.9063,0.9324,1.0293,1.2196,1.3608,1.4099
2070.0000,0.9460,0.9738,1.0388,1.2365,1.4400,1.5009,1.4993
2075.0000,0.9570,0.9860,1.0608,1.2660,1.4614,1.5058,1.5021
2080.0000,0.9703,0.9993,1.0843,1.2964,1.4779,1.5126,1.4936
2085.0000,0.9813,1.0161,1.1091,1.3255,1.4944,1.5108,1.4973
2090.0000,0.9953,1.0336,1.1356,1.3540,1.5068,1.5093,1.4934
2095.0000,1.0128,1.0516,1.1642,1.3810,1.5164,1.5059,1.4870
2100.0000,1.0258,1.0756,1.1907,1.4084,1.5207,1.5034,1.4752
2105.0000,1.0465,1.0969,1.2210,1.4315,1.5254,1.4944,1.4704
2110.0000,1.0689,1.1190,1.2519,1.4528,1.5262,1.4863,1.4606
2115.0000,1.0910,1.1434,1.2821,1.4722,1.5234,1.4789,1.4469
2120.0000,1.1065,1.1736,1.3097,1.4896,1.5184,1.4690,1.4356
2125.0000,1.1355,1.1981,1.3403,1.5020,1.5137,1.4557,1.4269
2130.0000,1.1625,1.2246,1.3685,1.5127,1.5048,1.4457,1.4125
2135.0000,1.1894,1.2514,1.3958,1.5199,1.4956,1.4333,1.4015
2140.0000,1.2161,1.2784,1.4211,1.5243,1.4850,1.4211,1.3892
2145.0000,1.2388,1.3095,1.4412,1.5279,1.4709,1.4121,1.3711
2150.0000,1.2678,1.3352,1.4624,1.5261,1.4604,1.3964,1.3658
2155.0000,1.2960,1.3599,1.4805,1.5226,1.4477,1.3841,1.3545
2160.0000,1.3225,1.3842,1.4951,1.5178,1.4332,1.3745,1.3385
2165.0000,1.3415,1.4111,1.5047,1.5115,1.4195,1.3625,1.3285
2170.0000,1.3699,1.4300,1.5151,1.5014,1.4082,1.3481,1.3223
2175.0000,1.3940,1.4484,1.5210,1.4917,1.3940,1.3390,1.3086
2180.0000,1.4147,1.4649,1.5243,1.4802,1.3815,1.3275,1.3015
2185.0000,1.4250,1.4835,1.5224,1.4692,1.3682,1.3174,1.2932
2190.0000,1.4489,1.4924,1.5213,1.4566,1.3549,1.3106,1.2782
2195.0000,1.4641,1.5010,1.5175,1.4428,1.3447,1.2981,1.2786
2200.0000,1.4748,1.5080,1.5109,1.4297,1.3331,1.2897,1.2727
2205.0000,1.4881,1.5097,1.5041,1.4158,1.3225,1.2820,1.2664
2210.0000,1.4923,1.5134,1.4930,1.4038,1.3105,1.2775,1.2570
2215.0000,1.4955,1.5133,1.4822,1.3904,1.3016,1.2694,1.2550
2220.0000,1.5026,1.5077,1.4721,1.3767,1.2931,1.2633,1.2504
2225.0000,1.5021,1.5034,1.4593,1.3647,1.2836,1.2600,1.2423
2230.0000,1.4974,1.4980,1.4463,1.3522,1.2768,1.2537,1.2405
2235.0000,1.4978,1.4874,1.4348,1.3395,1.2708,1.2486,1.2364
2240.0000,1.4914,1.4790,1.4208,1.3289,1.2635,1.2463,1.2285
2245.0000,1.4836,1.4691,1.4075,1.3180,1.2587,1.2410,1.2257
2250.0000,1.4783,1.4557,1.3958,1.3068,1.2553,1.2346,1.2239
2255.0000,1.4672,1.4455,1.3816,1.2983,1.2498,1.2320,1.2171
2260.0000,1.4544,1.4350,1.3678,1.2901,1.2457,1.2271,1.2150
2265.0000,1.4468,1.4210,1.3561,1.2818,1.2423,1.2222,1.2121
2270.0000,1.4357,1.4086,1.3435,1.2756,1.2371,1.2203,1.2045
2275.0000,1.4209,1.3975,1.3311,1.2694,1.2337,1.2147,1.2048
2280.0000,1.4119,1.3832,1.3211,1.2633,1.2301,1.2104,1.2022
2285.0000,1.3986,1.3721,1.3097,1.2592,1.2245,1.2093,1.1951
2290.0000,1.3865,1.3599,1.3003,1.2543,1.2208,1.2052,1.1937
2295.0000,1.3765,1.3463,1.2930,1.2489,1.2178,1.2005,1.1926
2300.0000,1.3632,1.3361,1.2842,1.2455,1.2125,1.1996,1.1857
2305.0000,1.3501,1.3263,1.2767,1.2413,1.2089,1.1959,1.1848
2310.0000,1.3380,1.3164,1.2703,1.2370,1.2056,1.1924,1.1829
2315.0000,1.3310,1.3048,1.2654,1.2329,1.2013,1.1921,1.1741
2320.0000,1.3190,1.2968,1.2600,1.2284,1.1991,1.1868,1.1768
2325.0000,1.3065,1.2902,1.2544,1.2246,1.1960,1.1836,1.1753
2330.0000,1.3012,1.2810,1.2508,1.2199,1.1936,1.1803,1.1733
2335.0000,1.2929,1.2744,1.2459,1.2166,1.1897,1.1793,1.1678
2340.0000,1.2821,1.2696,1.2409,1.2128,1.1874,1.1754,1.1682
2345.0000,1.2781,1.2621,1.2376,1.2087,1.1852,1.1723,1.1665
2350.0000,1.2700,1.2582,1.2322,1.2062,1.1811,1.1718,1.1614
2355.0000,1.2624,1.2540,1.2277,1.2028,1.1789,1.1684,1.1616
2360.0000,1.2600,1.2471,1.2249,1.1989,1.1769,1.1657,1.1599
2365.0000,1.2536,1.2434,1.2202,1.1965,1.1732,1.1654,1.1548
2370.0000,1.2468,1.2397,1.2161,1.1935,1.1710,1.1626,1.1540
2375.0000,1.2450,1.2333,1.2138,1.1896,1.1698,1.1591,1.1536
2380.0000,1.2392,1.2300,1.2095,1.1873,1.1665,1.1587,1.1487
2385.0000,1.2330,1.2269,1.2057,1.1845,1.1645,1.1559,1.1483
2390.0000,1.2312,1.2214,1.2032,1.1812,1.1630,1.1531,1.1471
2395.0000,1.2267,1.2181,1.1994,1.1793,1.1598,1.1532,1.1410
2400.0000,1.2209,1.2153,1.1959,1.1765,1.1584,1.1495,1.1425
2405.0000,1.2193,1.2102,1.1937,1.1736,1.1569,1.1469,1.1413
2410.0000,1.2148,1.2076,1.1898,1.1720,1.1535,1.1471,1.1354
2415.0000,1.2100,1.2049,1.1866,1.1697,1.1518,1.1443,1.1354
2420.0000,1.2086,1.2000,1.1849,1.1667,1.1508,1.1409,1.1355
2425.0000,1.2044,1.1976,1.1814,1.1653,1.1476,1.1410,1.1298
2430.0000,1.1999,1.1951,1.1785,1.1631,1.1459,1.1382,1.1302
2435.0000,1.1940,1.1934,1.1753,1.1612,1.1439,1.1358,1.1293
2440.0000,1.1950,1.1884,1.1736,1.1592,1.1410,1.1363,1.1221
2445.0000,1.1908,1.1860,1.1713,1.1568,1.1400,1.1324,1.1251
2450.0000,1.1857,1.1842,1.1685,1.1549,1.1381,1.1302,1.1244
2455.0000,1.1860,1.1797,1.1674,1.1522,1.1367,1.1279,1.1234
2460.0000,1.1824,1.1778,1.1645,1.1508,1.1338,1.1279,1.1190
2465.0000,1.1775,1.1763,1.1621,1.1487,1.1324,1.1250,1.1198
2470.0000,1.1779,1.1721,1.1610,1.1461,1.1311,1.1229,1.1189
2475.0000,1.1744,1.1707,1.1581,1.1448,1.1282,1.1232,1.1147
2480.0000,1.1701,1.1694,1.1557,1.1427,1.1269,1.1206,1.1155
2485.0000,1.1707,1.1653,1.1547,1.1401,1.1258,1.1186,1.1148
2490.0000,1.1675,1.1637,1.1521,1.1387,1.1231,1.1189,1.1107
2495.0000,1.1633,1.1626,1.1496,1.1368,1.1217,1.1169,1.1108
2500.0000,1.1640,1.1586,1.1488,1.1341,1.1212,1.1144,1.1109
2505.0000,1.1608,1.1573,1.1461,1.1329,1.1187,1.1147,1.1070
2510.0000,1.1571,1.1560,1.1438,1.1310,1.1176,1.1127,1.1075
2515.0000,1.1573,1.1526,1.1426,1.1287,1.1168,1.1107,1.1072
2520.0000,1.1546,1.1512,1.1399,1.1277,1.1143,1.1117,1.1023
2525.0000,1.1510,1.1499,1.1377,1.1259,1.1136,1.1090,1.1045
2530.0000,1.1512,1.1465,1.1366,1.1238,1.1128,1.1073,1.1044
2535.0000,1.1485,1.1451,1.1340,1.1230,1.1103,1.1084,1.0998
2540.0000,1.1453,1.1439,1.1318,1.1215,1.1094,1.1066,1.1008
2545.0000,1.1453,1.1404,1.1310,1.1193,1.1091,1.1045,1.1016
2550.0000,1.1426,1.1391,1.1286,1.1186,1.1068,1.1056,1.0970
2555.0000,1.1396,1.1377,1.1267,1.1171,1.1061,1.1039,1.0984
2560.0000,1.1349,1.1371,1.1244,1.1160,1.1052,1.1026,1.0987
2565.0000,1.1370,1.1333,1.1235,1.1147,1.1033,1.1041,1.0926
2570.0000,1.1341,1.1319,1.1220,1.1130,1.1034,1.1013,1.0961
2575.0000,1.1303,1.1310,1.1201,1.1118,1.1026,1.1001,1.0965
2580.0000,1.1315,1.1276,1.1197,1.1100,1.1024,1.0987,1.0963
2585.0000,1.1288,1.1268,1.1175,1.1096,1.1006,1.0996,1.0928
2590.0000,1.1250,1.1261,1.1158,1.1084,1.1003,1.0977,1.0942
2595.0000,1.1263,1.1228,1.1154,1.1068,1.1001,1.0964,1.0940
2600.0000,1.1238,1.1221,1.1133,1.1065,1.0983,1.0973,1.0904
2605.0000,1.1202,1.1217,1.1115,1.1057,1.0978,1.0959,1.0910
2610.0000,1.1217,1.1183,1.1114,1.1040,1.0979,1.0940,1.0914
2615.0000,1.1193,1.1176,1.1096,1.1038,1.0963,1.0947,1.0879
2620.0000,1.1159,1.1172,1.1080,1.1030,1.0957,1.0932,1.0886
2625.0000,1.1174,1.1141,1.1081,1.1015,1.0958,1.0914,1.0888
2630.0000,1.1152,1.1134,1.1064,1.1013,1.0941,1.0921,1.0853
2635.0000,1.1124,1.1129,1.1051,1.1006,1.0935,1.0906,1.0857
2640.0000,1.1132,1.1104,1.1050,1.0994,1.0932,1.0890,1.0854
2645.0000,1.1112,1.1100,1.1033,1.0994,1.0911,1.0902,1.0804
2650.0000,1.1087,1.1095,1.1024,1.0984,1.0910,1.0876,1.0826
2655.0000,1.1096,1.1070,1.1024,1.0971,1.0908,1.0858,1.0825
2660.0000,1.1080,1.1066,1.1010,1.0971,1.0886,1.0868,1.0778
2665.0000,1.1056,1.1064,1.1000,1.0963,1.0881,1.0848,1.0789
2670.0000,1.1065,1.1040,1.1002,1.0948,1.0880,1.0825,1.0795
2675.0000,1.1050,1.1037,1.0988,1.0947,1.0858,1.0834,1.0751
2680.0000,1.1030,1.1034,1.0979,1.0939,1.0850,1.0816,1.0762
2685.0000,1.0991,1.1040,1.0964,1.0933,1.0840,1.0802,1.0762
2690.0000,1.1022,1.1014,1.0964,1.0925,1.0820,1.0815,1.0702
2695.0000,1.1005,1.1010,1.0957,1.0913,1.0818,1.0787,1.0735
2700.0000,1.0978,1.1010,1.0946,1.0904,1.0808,1.0774,1.0736
2705.0000,1.1000,1.0986,1.0948,1.0888,1.0803,1.0760,1.0734
2710.0000,1.0981,1.0987,1.0933,1.0884,1.0782,1.0768,1.0697
2715.0000,1.0956,1.0987,1.0924,1.0872,1.0778,1.0748,1.0713
2720.0000,1.0977,1.0962,1.0926,1.0855,1.0775,1.0733,1.0713
2725.0000,1.0962,1.0960,1.0912,1.0850,1.0756,1.0741,1.0681
2730.0000,1.0935,1.0963,1.0898,1.0840,1.0749,1.0728,1.0687
2735.0000,1.0955,1.0938,1.0899,1.0823,1.0748,1.0712,1.0691
2740.0000,1.0939,1.0937,1.0883,1.0818,1.0731,1.0721,1.0658
2745.0000,1.0916,1.0936,1.0869,1.0808,1.0725,1.0707,1.0668
2750.0000,1.0930,1.0914,1.0868,1.0792,1.0725,1.0691,1.0673
2755.0000,1.0914,1.0912,1.0850,1.0789,1.0708,1.0701,1.0641
2760.0000,1.0894,1.0908,1.0837,1.0779,1.0703,1.0688,1.0649
2765.0000,1.0905,1.0885,1.0835,1.0765,1.0702,1.0676,1.0650
2770.0000,1.0889,1.0882,1.0818,1.0763,1.0684,1.0691,1.0604
2775.0000,1.0867,1.0877,1.0806,1.0752,1.0685,1.0670,1.0627
2780.0000,1.0877,1.0854,1.0805,1.0738,1.0685,1.0656,1.0629
2785.0000,1.0861,1.0850,1.0788,1.0738,1.0667,1.0669,1.0585
2790.0000,1.0838,1.0847,1.0776,1.0730,1.0666,1.0652,1.0599
2795.0000,1.0847,1.0823,1.0776,1.0716,1.0668,1.0633,1.0608
2800.0000,1.0832,1.0818,1.0760,1.0716,1.0651,1.0644,1.0565
2805.0000,1.0812,1.0814,1.0749,1.0709,1.0648,1.0629,1.0577
2810.0000,1.0772,1.0819,1.0733,1.0706,1.0641,1.0617,1.0577
2815.0000,1.0802,1.0790,1.0731,1.0701,1.0625,1.0632,1.0516
2820.0000,1.0783,1.0785,1.0724,1.0692,1.0627,1.0604,1.0550
2825.0000,1.0757,1.0783,1.0714,1.0686,1.0621,1.0590,1.0554
2830.0000,1.0776,1.0757,1.0716,1.0674,1.0619,1.0576,1.0552
2835.0000,1.0757,1.0757,1.0703,1.0675,1.0601,1.0584,1.0518
2840.0000,1.0729,1.0757,1.0693,1.0668,1.0597,1.0565,1.0529
2845.0000,1.0749,1.0732,1.0697,1.0655,1.0594,1.0551,1.0527
2850.0000,1.0733,1.0732,1.0685,1.0654,1.0575,1.0559,1.0493
2855.0000,1.0706,1.0734,1.0675,1.0648,1.0569,1.0545,1.0499
2860.0000,1.0726,1.0710,1.0680,1.0633,1.0569,1.0526,1.0504
2865.0000,1.0712,1.0708,1.0669,1.0631,1.0551,1.0532,1.0471
2870.0000,1.0691,1.0709,1.0660,1.0623,1.0545,1.0518,1.0480
2875.0000,1.0704,1.0690,1.0662,1.0610,1.0542,1.0504,1.0482
2880.0000,1.0689,1.0692,1.0647,1.0609,1.0521,1.0518,1.0439
2885.0000,1.0671,1.0691,1.0640,1.0598,1.0519,1.0497,1.0462
2890.0000,1.0685,1.0672,1.0641,1.0585,1.0516,1.0485,1.0465
2895.0000,1.0672,1.0672,1.0627,1.0583,1.0496,1.0499,1.0423
2900.0000,1.0653,1.0671,1.0618,1.0572,1.0495,1.0480,1.0447
2905.0000,1.0666,1.0651,1.0619,1.0558,1.0493,1.0469,1.0451
2910.0000,1.0654,1.0650,1.0604,1.0556,1.0475,1.0484,1.0411
2915.0000,1.0633,1.0652,1.0593,1.0548,1.0471,1.0472,1.0426
2920.0000,1.0646,1.0630,1.0594,1.0532,1.0474,1.0456,1.0438
2925.0000,1.0634,1.0628,1.0580,1.0530,1.0458,1.0471,1.0399
2930.0000,1.0618,1.0624,1.0570,1.0521,1.0457,1.0458,1.0418
2935.0000,1.0584,1.0629,1.0556,1.0515,1.0454,1.0449,1.0424
2940.0000,1.0613,1.0604,1.0553,1.0508,1.0441,1.0468,1.0371
2945.0000,1.0596,1.0600,1.0544,1.0498,1.0446,1.0447,1.0407
2950.0000,1.0568,1.0601,1.0531,1.0493,1.0443,1.0438,1.0415
2955.0000,1.0589,1.0577,1.0532,1.0482,1.0445,1.0430,1.0418
2960.0000,1.0571,1.0578,1.0515,1.0483,1.0431,1.0443,1.0388
2965.0000,1.0547,1.0576,1.0505,1.0477,1.0432,1.0430,1.0404
2970.0000,1.0567,1.0550,1.0508,1.0466,1.0435,1.0421,1.0406
2975.0000,1.0551,1.0548,1.0495,1.0468,1.0423,1.0433,1.0375
2980.0000,1.0524,1.0549,1.0483,1.0464,1.0422,1.0423,1.0385
2985.0000,1.0542,1.0524,1.0488,1.0453,1.0428,1.0408,1.0392
2990.0000,1.0527,1.0523,1.0476,1.0455,1.0416,1.0419,1.0362
2995.0000,1.0506,1.0521,1.0468,1.0452,1.0415,1.0408,1.0370
3000.0000,1.0518,1.0501,1.0470,1.0443,1.0417,1.0396,1.0372
3005.0000,1.0504,1.0502,1.0458,1.0447,1.0402,1.0411,1.0328
3010.0000,1.0485,1.0500,1.0453,1.0442,1.0405,1.0390,1.0350
3015.0000,1.0497,1.0481,1.0457,1.0434,1.0407,1.0377,1.0352
3020.0000,1.0485,1.0482,1.0446,1.0438,1.0390,1.0390,1.0310
3025.0000,1.0465,1.0484,1.0440,1.0434,1.0391,1.0369,1.0330
3030.0000,1.0478,1.0465,1.0445,1.0426,1.0391,1.0356,1.0331
3035.0000,1.0467,1.0466,1.0435,1.0430,1.0373,1.0368,1.0288
3040.0000,1.0448,1.0470,1.0429,1.0427,1.0370,1.0352,1.0299
3045.0000,1.0463,1.0451,1.0436,1.0416,1.0371,1.0333,1.0308
3050.0000,1.0453,1.0453,1.0428,1.0418,1.0353,1.0344,1.0266
3055.0000,1.0440,1.0454,1.0424,1.0413,1.0349,1.0328,1.0280
3060.0000,1.0407,1.0464,1.0414,1.0410,1.0342,1.0316,1.0283
3065.0000,1.0441,1.0443,1.0418,1.0405,1.0325,1.0330,1.0228
3070.0000,1.0430,1.0443,1.0416,1.0396,1.0326,1.0305,1.0263
3075.0000,1.0408,1.0448,1.0409,1.0391,1.0319,1.0294,1.0269
3080.0000,1.0432,1.0429,1.0414,1.0379,1.0316,1.0284,1.0270
3085.0000,1.0418,1.0436,1.0403,1.0378,1.0297,1.0295,1.0240
3090.0000,1.0400,1.0439,1.0397,1.0370,1.0294,1.0280,1.0256
3095.0000,1.0424,1.0419,1.0402,1.0356,1.0293,1.0270,1.0260
3100.0000,1.0414,1.0421,1.0391,1.0353,1.0277,1.0282,1.0232
3105.0000,1.0389,1.0429,1.0380,1.0346,1.0272,1.0273,1.0244
3110.0000,1.0413,1.0408,1.0385,1.0331,1.0275,1.0261,1.0253
3115.0000,1.0403,1.0409,1.0373,1.0328,1.0261,1.0274,1.0226
3120.0000,1.0387,1.0410,1.0364,1.0320,1.0260,1.0265,1.0240
3125.0000,1.0402,1.0392,1.0364,1.0307,1.0262,1.0257,1.0247
3130.0000,1.0390,1.0393,1.0350,1.0306,1.0248,1.0276,1.0210
3135.0000,1.0373,1.0393,1.0341,1.0297,1.0252,1.0261,1.0236
3140.0000,1.0386,1.0374,1.0341,1.0286,1.0256,1.0253,1.0245
3145.0000,1.0375,1.0374,1.0326,1.0287,1.0243,1.0272,1.0209
3150.0000,1.0355,1.0374,1.0315,1.0281,1.0247,1.0258,1.0235
3155.0000,1.0368,1.0354,1.0315,1.0272,1.0252,1.0251,1.0243
3160.0000,1.0356,1.0352,1.0301,1.0274,1.0240,1.0270,1.0207
3165.0000,1.0335,1.0352,1.0290,1.0271,1.0242,1.0261,1.0227
3170.0000,1.0347,1.0330,1.0293,1.0262,1.0250,1.0250,1.0241
3175.0000,1.0335,1.0328,1.0281,1.0266,1.0239,1.0268,1.0205
3180.0000,1.0319,1.0324,1.0274,1.0264,1.0242,1.0259,1.0225
3185.0000,1.0283,1.0330,1.0263,1.0264,1.0243,1.0254,1.0235
3190.0000,1.0313,1.0306,1.0264,1.0264,1.0234,1.0274,1.0186
3195.0000,1.0297,1.0303,1.0261,1.0260,1.0242,1.0256,1.0225
3200.0000,1.0273,1.0305,1.0254,1.0260,1.0243,1.0250,1.0235
3205.0000,1.0294,1.0284,1.0260,1.0254,1.0248,1.0245,1.0241
3210.0000,1.0279,1.0287,1.0251,1.0260,1.0237,1.0260,1.0215
3215.0000,1.0257,1.0289,1.0247,1.0259,1.0241,1.0250,1.0234
3220.0000,1.0278,1.0269,1.0255,1.0253,1.0246,1.0244,1.0240
3225.0000,1.0266,1.0272,1.0248,1.0258,1.0235,1.0260,1.0215
3230.0000,1.0241,1.0280,1.0242,1.0259,1.0237,1.0254,1.0228
3235.0000,1.0265,1.0260,1.0252,1.0251,1.0244,1.0244,1.0238
3240.0000,1.0256,1.0264,1.0246,1.0256,1.0235,1.0259,1.0212
3245.0000,1.0241,1.0267,1.0243,1.0255,1.0238,1.0251,1.0228
3250.0000,1.0257,1.0253,1.0251,1.0249,1.0244,1.0244,1.0238
3255.0000,1.0248,1.0259,1.0244,1.0255,1.0233,1.0263,1.0203
3260.0000,1.0236,1.0263,1.0242,1.0253,1.0238,1.0249,1.0231
3265.0000,1.0252,1.0250,1.0250,1.0248,1.0243,1.0243,1.0240
3270.0000,1.0246,1.0255,1.0243,1.0254,1.0231,1.0263,1.0206
3275.0000,1.0230,1.0263,1.0238,1.0255,1.0233,1.0257,1.0225
3280.0000,1.0249,1.0249,1.0247,1.0248,1.0241,1.0247,1.0239
3285.0000,1.0243,1.0254,1.0241,1.0254,1.0230,1.0266,1.0203
3290.0000,1.0228,1.0261,1.0237,1.0254,1.0234,1.0258,1.0225
3295.0000,1.0247,1.0247,1.0246,1.0247,1.0242,1.0248,1.0241
3300.0000,1.0243,1.0251,1.0241,1.0252,1.0232,1.0267,1.0206
3305.0000,1.0234,1.0254,1.0240,1.0250,1.0237,1.0258,1.0227
3310.0000,1.0205,1.0267,1.0233,1.0252,1.0239,1.0254,1.0237
3315.0000,1.0241,1.0250,1.0239,1.0253,1.0231,1.0275,1.0189
3320.0000,1.0232,1.0254,1.0239,1.0250,1.0239,1.0259,1.0226
3325.0000,1.0215,1.0261,1.0235,1.0251,1.0242,1.0253,1.0237
3330.0000,1.0241,1.0246,1.0243,1.0246,1.0248,1.0247,1.0243
3335.0000,1.0230,1.0255,1.0235,1.0253,1.0238,1.0262,1.0218
3340.0000,1.0213,1.0262,1.0232,1.0253,1.0242,1.0252,1.0237
3345.0000,1.0241,1.0245,1.0242,1.0249,1.0248,1.0246,1.0243
3350.0000,1.0234,1.0251,1.0236,1.0255,1.0238,1.0262,1.0218
3355.0000,1.0215,1.0260,1.0232,1.0256,1.0240,1.0255,1.0233
3360.0000,1.0241,1.0243,1.0243,1.0250,1.0248,1.0245,1.0246
3365.0000,1.0235,1.0248,1.0238,1.0256,1.0239,1.0260,1.0223
3370.0000,1.0222,1.0253,1.0237,1.0256,1.0241,1.0255,1.0240
3375.0000,1.0240,1.0241,1.0245,1.0251,1.0245,1.0250,1.0250
3380.0000,1.0232,1.0250,1.0238,1.0259,1.0233,1.0272,1.0216
3385.0000,1.0221,1.0255,1.0237,1.0257,1.0238,1.0261,1.0244
3390.0000,1.0240,1.0242,1.0246,1.0251,1.0244,1.0257,1.0256
3395.0000,1.0236,1.0248,1.0241,1.0257,1.0233,1.0279,1.0223
3400.0000,1.0223,1.0256,1.0239,1.0256,1.0238,1.0272,1.0247
3405.0000,1.0242,1.0243,1.0249,1.0249,1.0248,1.0264,1.0266
3410.0000,1.0238,1.0248,1.0244,1.0254,1.0240,1.0286,1.0234
3415.0000,1.0230,1.0253,1.0243,1.0253,1.0246,1.0280,1.0260
3420.0000,1.0200,1.0268,1.0236,1.0254,1.0250,1.0277,1.0278
3425.0000,1.0238,1.0251,1.0243,1.0254,1.0247,1.0297,1.0249
3430.0000,1.0231,1.0255,1.0241,1.0254,1.0254,1.0292,1.0277
3435.0000,1.0202,1.0270,1.0233,1.0257,1.0258,1.0292,1.0294
3440.0000,1.0239,1.0253,1.0239,1.0259,1.0252,1.0319,1.0253
3445.0000,1.0232,1.0256,1.0238,1.0259,1.0263,1.0309,1.0297
3450.0000,1.0216,1.0263,1.0235,1.0261,1.0269,1.0311,1.0316
3455.0000,1.0243,1.0247,1.0244,1.0258,1.0279,1.0312,1.0331
3460.0000,1.0231,1.0257,1.0237,1.0267,1.0274,1.0336,1.0314
3465.0000,1.0217,1.0262,1.0236,1.0269,1.0283,1.0335,1.0341
3470.0000,1.0243,1.0246,1.0247,1.0265,1.0295,1.0337,1.0358
3475.0000,1.0237,1.0251,1.0243,1.0274,1.0293,1.0361,1.0343
3480.0000,1.0216,1.0262,1.0240,1.0278,1.0302,1.0364,1.0369
3485.0000,1.0243,1.0246,1.0252,1.0275,1.0317,1.0366,1.0389
3490.0000,1.0236,1.0253,1.0248,1.0285,1.0316,1.0392,1.0374
3495.0000,1.0225,1.0260,1.0248,1.0289,1.0328,1.0395,1.0403
3500.0000,1.0245,1.0249,1.0259,1.0290,1.0343,1.0399,1.0424
3505.0000,1.0238,1.0258,1.0254,1.0303,1.0340,1.0431,1.0401
3510.0000,1.0229,1.0265,1.0256,1.0307,1.0356,1.0431,1.0439
3515.0000,1.0249,1.0254,1.0267,1.0309,1.0373,1.0436,1.0462
3520.0000,1.0246,1.0262,1.0265,1.0322,1.0373,1.0468,1.0439
3525.0000,1.0233,1.0273,1.0266,1.0330,1.0388,1.0472,1.0476
3530.0000,1.0255,1.0262,1.0279,1.0333,1.0407,1.0476,1.0503
3535.0000,1.0253,1.0270,1.0279,1.0348,1.0408,1.0509,1.0481
3540.0000,1.0248,1.0277,1.0284,1.0356,1.0425,1.0513,1.0519
3545.0000,1.0221,1.0296,1.0283,1.0368,1.0438,1.0523,1.0544
3550.0000,1.0262,1.0283,1.0296,1.0379,1.0443,1.0560,1.0510
3555.0000,1.0258,1.0291,1.0304,1.0387,1.0464,1.0558,1.0560
3560.0000,1.0232,1.0310,1.0305,1.0401,1.0479,1.0568,1.0587
3565.0000,1.0274,1.0299,1.0319,1.0413,1.0484,1.0605,1.0552
3570.0000,1.0272,1.0308,1.0328,1.0422,1.0508,1.0603,1.0604
3575.0000,1.0262,1.0321,1.0335,1.0434,1.0526,1.0610,1.0633
3580.0000,1.0294,1.0313,1.0354,1.0441,1.0547,1.0618,1.0657
3585.0000,1.0289,1.0330,1.0356,1.0461,1.0551,1.0649,1.0648
3590.0000,1.0281,1.0346,1.0364,1.0475,1.0569,1.0656,1.0681
3595.0000,1.0315,1.0338,1.0385,1.0483,1.0590,1.0665,1.0705
3600.0000,1.0317,1.0353,1.0390,1.0503,1.0595,1.0697,1.0697
3605.0000,1.0302,1.0375,1.0396,1.0519,1.0611,1.0707,1.0732
3610.0000,1.0340,1.0368,1.0419,1.0527,1.0633,1.0717,1.0759
3615.0000,1.0344,1.0384,1.0426,1.0548,1.0638,1.0750,1.0750
3620.0000,1.0343,1.0399,1.0438,1.0561,1.0657,1.0760,1.0789
3625.0000,1.0372,1.0398,1.0460,1.0571,1.0679,1.0772,1.0820
3630.0000,1.0374,1.0418,1.0467,1.0593,1.0683,1.0813,1.0804
3635.0000,1.0376,1.0434,1.0481,1.0605,1.0705,1.0821,1.0850
3640.0000,1.0405,1.0434,1.0504,1.0614,1.0730,1.0834,1.0884
3645.0000,1.0413,1.0451,1.0513,1.0635,1.0737,1.0876,1.0870
