150.0000,0.4064,0.4245,0.4424,0.5076,0.5896,0.9028,0.9038
155.0000,0.4139,0.4268,0.4526,0.5118,0.6248,0.9642,0.8680
160.0000,0.4197,0.4293,0.4646,0.5137,0.6737,1.0112,0.7952
165.0000,0.4310,0.4266,0.4832,0.5093,0.7460,1.0170,0.7254
170.0000,0.4321,0.4305,0.4983,0.5079,0.8284,0.9917,0.6248
175.0000,0.4407,0.4337,0.5094,0.5163,0.9057,0.9508,0.4534
180.0000,0.4544,0.4330,0.5257,0.5216,1.0055,0.8223,0.3729
185.0000,0.4499,0.4455,0.5317,0.5401,1.0977,0.6402,0.3431
190.0000,0.4567,0.4602,0.5234,0.5894,1.1355,0.4818,0.2646
195.0000,0.4574,0.4829,0.5060,0.6580,1.1374,0.3051,0.2481
200.0000,0.4329,0.5249,0.4700,0.7578,1.0700,0.1715,0.2152
205.0000,0.4597,0.5382,0.4550,0.8538,0.9749,0.0285,0.2919
210.0000,0.4479,0.5733,0.4276,0.9729,0.7968,-0.0024,0.2233
215.0000,0.4083,0.6125,0.4145,1.0807,0.5873,0.0080,0.1741
220.0000,0.4809,0.5834,0.4667,1.1324,0.4041,0.0013,0.2268
225.0000,0.4896,0.5806,0.5246,1.1649,0.1967,0.0825,0.1396
230.0000,0.5235,0.5509,0.6306,1.1333,0.0404,0.1438,0.1071
235.0000,0.5456,0.5253,0.7617,1.0453,-0.0602,0.1825,0.1013
240.0000,0.5963,0.4918,0.9076,0.9151,-0.1244,0.2398,0.0345
245.0000,0.6716,0.4575,1.0641,0.7327,-0.1063,0.2201,0.0767
250.0000,0.6154,0.5206,1.1519,0.5577,-0.0693,0.2011,0.0968
255.0000,0.6554,0.5644,1.2159,0.3824,-0.0168,0.1964,0.0622
260.0000,0.6905,0.6393,1.2254,0.2213,0.0632,0.1462,0.1020
265.0000,0.6787,0.7617,1.1571,0.1061,0.1234,0.1135,0.1177
270.0000,0.7010,0.8761,1.0412,0.0274,0.1722,0.0822,0.1404
275.0000,0.7068,0.9908,0.8755,-0.0047,0.1928,0.0718,0.1399
280.0000,0.7992,1.0288,0.7134,-0.0145,0.1999,0.0712,0.1333
285.0000,0.7987,1.0854,0.5168,0.0137,0.1874,0.0684,0.1578
290.0000,0.8147,1.0764,0.3440,0.0552,0.1570,0.0933,0.1305
295.0000,0.8913,0.9723,0.2308,0.0821,0.1395,0.1050,0.1231
300.0000,0.8902,0.8611,0.1378,0.1114,0.1200,0.1160,0.1208
305.0000,0.8911,0.7075,0.0921,0.1264,0.1096,0.1234,0.1162
310.0000,0.8136,0.5757,0.0617,0.1389,0.1013,0.1280,0.1161
315.0000,0.7369,0.4390,0.0606,0.1403,0.0990,0.1326,0.1080
320.0000,0.6453,0.3243,0.0712,0.1359,0.1030,0.1295,0.1127
325.0000,0.5727,0.2222,0.0934,0.1259,0.1114,0.1236,0.1175
330.0000,0.4441,0.1716,0.1019,0.1229,0.1136,0.1236,0.1152
335.0000,0.3480,0.1354,0.1118,0.1184,0.1178,0.1202,0.1194
340.0000,0.2647,0.1198,0.1159,0.1169,0.1194,0.1193,0.1205
345.0000,0.2121,0.1096,0.1199,0.1152,0.1211,0.1183,0.1219
350.0000,0.1695,0.1097,0.1194,0.1159,0.1208,0.1191,0.1211
355.0000,0.1386,0.1137,0.1173,0.1174,0.1198,0.1203,0.1200
360.0000,0.1296,0.1130,0.1178,0.1176,0.1200,0.1208,0.1191
365.0000,0.1206,0.1155,0.1166,0.1185,0.1195,0.1214,0.1176
370.0000,0.1161,0.1171,0.1161,0.1191,0.1197,0.1210,0.1170
375.0000,0.1166,0.1166,0.1168,0.1189,0.1205,0.1199,0.1167
380.0000,0.1165,0.1166,0.1171,0.1191,0.1208,0.1193,0.1152
385.0000,0.1171,0.1160,0.1179,0.1188,0.1216,0.1173,0.1160
390.0000,0.1169,0.1160,0.1183,0.1189,0.1220,0.1157,0.1168
395.0000,0.1170,0.1161,0.1187,0.1192,0.1217,0.1146,0.1177
400.0000,0.1166,0.1167,0.1185,0.1199,0.1208,0.1142,0.1183
405.0000,0.1167,0.1173,0.1183,0.1207,0.1193,0.1148,0.1183
410.0000,0.1162,0.1183,0.1178,0.1215,0.1177,0.1154,0.1193
415.0000,0.1158,0.1193,0.1173,0.1224,0.1157,0.1170,0.1187
420.0000,0.1171,0.1190,0.1178,0.1224,0.1145,0.1183,0.1187
425.0000,0.1173,0.1191,0.1182,0.1222,0.1134,0.1199,0.1177
430.0000,0.1179,0.1188,0.1192,0.1213,0.1135,0.1205,0.1183
435.0000,0.1184,0.1182,0.1205,0.1199,0.1143,0.1205,0.1193
440.0000,0.1190,0.1177,0.1218,0.1185,0.1151,0.1212,0.1183
445.0000,0.1196,0.1172,0.1229,0.1168,0.1167,0.1206,0.1198
450.0000,0.1199,0.1174,0.1234,0.1154,0.1182,0.1202,0.1207
455.0000,0.1192,0.1184,0.1230,0.1148,0.1192,0.1202,0.1209
460.0000,0.1188,0.1195,0.1220,0.1145,0.1200,0.1203,0.1212
465.0000,0.1179,0.1211,0.1203,0.1149,0.1205,0.1206,0.1211
470.0000,0.1190,0.1215,0.1190,0.1154,0.1208,0.1208,0.1208
475.0000,0.1185,0.1227,0.1171,0.1165,0.1208,0.1212,0.1203
480.0000,0.1185,0.1229,0.1157,0.1174,0.1208,0.1213,0.1199
485.0000,0.1201,0.1217,0.1152,0.1180,0.1212,0.1210,0.1198
490.0000,0.1203,0.1208,0.1148,0.1188,0.1212,0.1210,0.1190
495.0000,0.1208,0.1192,0.1152,0.1191,0.1216,0.1201,0.1198
500.0000,0.1203,0.1180,0.1156,0.1195,0.1218,0.1195,0.1203
505.0000,0.1199,0.1169,0.1162,0.1200,0.1217,0.1192,0.1207
510.0000,0.1191,0.1163,0.1167,0.1204,0.1215,0.1189,0.1217
515.0000,0.1182,0.1161,0.1171,0.1210,0.1208,0.1193,0.1224
520.0000,0.1172,0.1163,0.1174,0.1215,0.1201,0.1198,0.1235
525.0000,0.1162,0.1169,0.1176,0.1220,0.1193,0.1209,0.1244
530.0000,0.1166,0.1169,0.1182,0.1222,0.1186,0.1222,0.1251
535.0000,0.1164,0.1174,0.1187,0.1223,0.1180,0.1239,0.1255
540.0000,0.1166,0.1177,0.1194,0.1220,0.1179,0.1255,0.1258
545.0000,0.1171,0.1177,0.1203,0.1214,0.1184,0.1268,0.1258
550.0000,0.1176,0.1178,0.1211,0.1207,0.1191,0.1284,0.1244
555.0000,0.1182,0.1178,0.1220,0.1196,0.1207,0.1285,0.1246
560.0000,0.1183,0.1182,0.1227,0.1186,0.1229,0.1279,0.1252
565.0000,0.1187,0.1187,0.1229,0.1181,0.1245,0.1279,0.1239
570.0000,0.1189,0.1193,0.1227,0.1177,0.1266,0.1265,0.1248
575.0000,0.1186,0.1204,0.1220,0.1180,0.1281,0.1253,0.1256
580.0000,0.1193,0.1210,0.1211,0.1187,0.1290,0.1244,0.1261
585.0000,0.1193,0.1220,0.1198,0.1201,0.1292,0.1238,0.1269
590.0000,0.1190,0.1228,0.1183,0.1218,0.1287,0.1237,0.1276
595.0000,0.1203,0.1225,0.1175,0.1236,0.1278,0.1243,0.1281
600.0000,0.1200,0.1227,0.1167,0.1254,0.1265,0.1250,0.1294
605.0000,0.1199,0.1224,0.1165,0.1271,0.1251,0.1266,0.1294
610.0000,0.1208,0.1211,0.1174,0.1279,0.1241,0.1280,0.1300
615.0000,0.1208,0.1203,0.1185,0.1285,0.1233,0.1297,0.1300
620.0000,0.1210,0.1192,0.1203,0.1283,0.1234,0.1307,0.1309
625.0000,0.1206,0.1185,0.1223,0.1276,0.1241,0.1314,0.1319
630.0000,0.1207,0.1181,0.1243,0.1268,0.1248,0.1327,0.1316
635.0000,0.1210,0.1178,0.1262,0.1256,0.1264,0.1329,0.1330
640.0000,0.1202,0.1188,0.1274,0.1248,0.1278,0.1332,0.1337
645.0000,0.1203,0.1199,0.1280,0.1242,0.1292,0.1339,0.1337
650.0000,0.1201,0.1216,0.1280,0.1240,0.1307,0.1341,0.1341
655.0000,0.1208,0.1230,0.1277,0.1241,0.1320,0.1342,0.1344
660.0000,0.1209,0.1250,0.1266,0.1248,0.1328,0.1346,0.1341
665.0000,0.1213,0.1266,0.1255,0.1257,0.1337,0.1346,0.1344
670.0000,0.1232,0.1268,0.1250,0.1266,0.1345,0.1345,0.1346
675.0000,0.1240,0.1273,0.1242,0.1279,0.1349,0.1347,0.1343
680.0000,0.1247,0.1273,0.1238,0.1291,0.1352,0.1344,0.1348
685.0000,0.1256,0.1267,0.1239,0.1302,0.1354,0.1343,0.1352
690.0000,0.1260,0.1263,0.1242,0.1314,0.1353,0.1344,0.1353
695.0000,0.1261,0.1258,0.1247,0.1324,0.1352,0.1345,0.1359
700.0000,0.1258,0.1255,0.1255,0.1333,0.1350,0.1347,0.1364
705.0000,0.1259,0.1251,0.1264,0.1341,0.1345,0.1354,0.1366
710.0000,0.1256,0.1252,0.1274,0.1347,0.1342,0.1359,0.1372
715.0000,0.1252,0.1255,0.1285,0.1351,0.1341,0.1364,0.1381
720.0000,0.1256,0.1257,0.1298,0.1353,0.1341,0.1370,0.1391
725.0000,0.1256,0.1264,0.1308,0.1354,0.1340,0.1381,0.1395
730.0000,0.1261,0.1270,0.1320,0.1352,0.1343,0.1388,0.1406
735.0000,0.1267,0.1276,0.1331,0.1349,0.1349,0.1395,0.1418
740.0000,0.1273,0.1284,0.1339,0.1347,0.1354,0.1406,0.1424
745.0000,0.1277,0.1295,0.1345,0.1344,0.1361,0.1415,0.1436
750.0000,0.1285,0.1303,0.1349,0.1342,0.1370,0.1424,0.1447
755.0000,0.1292,0.1314,0.1350,0.1343,0.1378,0.1436,0.1453
760.0000,0.1293,0.1327,0.1348,0.1344,0.1388,0.1446,0.1464
765.0000,0.1307,0.1332,0.1349,0.1345,0.1400,0.1454,0.1474
770.0000,0.1314,0.1339,0.1346,0.1350,0.1409,0.1466,0.1478
775.0000,0.1321,0.1343,0.1344,0.1354,0.1422,0.1472,0.1493
780.0000,0.1330,0.1344,0.1344,0.1359,0.1435,0.1478,0.1509
785.0000,0.1333,0.1347,0.1341,0.1368,0.1444,0.1490,0.1519
790.0000,0.1335,0.1349,0.1340,0.1376,0.1454,0.1498,0.1537
795.0000,0.1341,0.1347,0.1342,0.1386,0.1464,0.1508,0.1557
800.0000,0.1343,0.1348,0.1343,0.1397,0.1471,0.1523,0.1573
805.0000,0.1341,0.1350,0.1344,0.1409,0.1478,0.1539,0.1594
810.0000,0.1345,0.1348,0.1349,0.1421,0.1483,0.1561,0.1607
815.0000,0.1344,0.1350,0.1354,0.1433,0.1490,0.1584,0.1618
820.0000,0.1345,0.1351,0.1361,0.1442,0.1501,0.1605,0.1634
825.0000,0.1343,0.1354,0.1371,0.1451,0.1514,0.1625,0.1646
830.0000,0.1350,0.1354,0.1383,0.1458,0.1528,0.1649,0.1643
835.0000,0.1353,0.1355,0.1396,0.1463,0.1550,0.1661,0.1657
840.0000,0.1357,0.1358,0.1410,0.1467,0.1575,0.1668,0.1672
845.0000,0.1361,0.1364,0.1423,0.1472,0.1602,0.1670,0.1689
850.0000,0.1364,0.1374,0.1431,0.1483,0.1623,0.1679,0.1696
855.0000,0.1369,0.1384,0.1439,0.1494,0.1646,0.1680,0.1720
860.0000,0.1377,0.1394,0.1445,0.1510,0.1664,0.1684,0.1743
865.0000,0.1382,0.1408,0.1447,0.1530,0.1675,0.1692,0.1770
870.0000,0.1380,0.1427,0.1447,0.1554,0.1681,0.1706,0.1802
875.0000,0.1398,0.1435,0.1452,0.1579,0.1682,0.1732,0.1827
880.0000,0.1405,0.1446,0.1457,0.1603,0.1683,0.1758,0.1862
885.0000,0.1408,0.1459,0.1465,0.1626,0.1683,0.1792,0.1898
890.0000,0.1428,0.1459,0.1482,0.1643,0.1686,0.1831,0.1932
895.0000,0.1439,0.1464,0.1501,0.1657,0.1693,0.1875,0.1965
900.0000,0.1451,0.1465,0.1527,0.1663,0.1711,0.1912,0.2019
905.0000,0.1460,0.1471,0.1554,0.1666,0.1736,0.1951,0.2076
910.0000,0.1472,0.1477,0.1580,0.1670,0.1762,0.2002,0.2121
915.0000,0.1484,0.1486,0.1605,0.1671,0.1796,0.2050,0.2178
920.0000,0.1489,0.1504,0.1625,0.1673,0.1839,0.2094,0.2250
925.0000,0.1501,0.1523,0.1639,0.1681,0.1879,0.2152,0.2309
930.0000,0.1508,0.1548,0.1648,0.1692,0.1927,0.2203,0.2400
935.0000,0.1525,0.1570,0.1653,0.1710,0.1971,0.2271,0.2472
940.0000,0.1539,0.1595,0.1653,0.1734,0.2017,0.2345,0.2547
945.0000,0.1552,0.1616,0.1655,0.1760,0.2071,0.2411,0.2660
950.0000,0.1557,0.1640,0.1654,0.1793,0.2125,0.2489,0.2776
955.0000,0.1589,0.1647,0.1661,0.1828,0.2180,0.2583,0.2887
960.0000,0.1606,0.1657,0.1667,0.1870,0.2234,0.2694,0.2981
965.0000,0.1622,0.1663,0.1683,0.1908,0.2303,0.2796,0.3113
970.0000,0.1639,0.1665,0.1703,0.1950,0.2377,0.2909,0.3246
975.0000,0.1649,0.1673,0.1725,0.1996,0.2454,0.3036,0.3375
980.0000,0.1658,0.1683,0.1750,0.2046,0.2535,0.3179,0.3477
985.0000,0.1671,0.1691,0.1784,0.2093,0.2636,0.3309,0.3602
990.0000,0.1683,0.1705,0.1818,0.2147,0.2741,0.3452,0.3702
995.0000,0.1689,0.1727,0.1853,0.2205,0.2857,0.3592,0.3781
1000.0000,0.1708,0.1747,0.1893,0.2267,0.2985,0.3729,0.3825
1005.0000,0.1727,0.1772,0.1936,0.2334,0.3123,0.3852,0.3830
1010.0000,0.1753,0.1796,0.1986,0.2401,0.3283,0.3931,0.3847
1015.0000,0.1775,0.1828,0.2035,0.2479,0.3447,0.3987,0.3816
1020.0000,0.1801,0.1866,0.2082,0.2573,0.3602,0.4027,0.3714
1025.0000,0.1833,0.1905,0.2135,0.2672,0.3767,0.4003,0.3625
1030.0000,0.1866,0.1948,0.2190,0.2784,0.3922,0.3932,0.3511
1035.0000,0.1897,0.2004,0.2238,0.2920,0.4039,0.3847,0.3325
1040.0000,0.1939,0.2055,0.2299,0.3058,0.4152,0.3674,0.3234
1045.0000,0.1987,0.2110,0.2361,0.3217,0.4207,0.3503,0.3082
1050.0000,0.2031,0.2174,0.2426,0.3389,0.4213,0.3311,0.2932
1055.0000,0.2055,0.2257,0.2491,0.3572,0.4159,0.3121,0.2769
1060.0000,0.2134,0.2313,0.2588,0.3740,0.4064,0.2916,0.2641
1065.0000,0.2192,0.2385,0.2695,0.3898,0.3920,0.2715,0.2553
1070.0000,0.2252,0.2461,0.2818,0.4039,0.3721,0.2560,0.2423
1075.0000,0.2283,0.2559,0.2950,0.4155,0.3480,0.2440,0.2292
1080.0000,0.2402,0.2619,0.3127,0.4210,0.3242,0.2317,0.2222
1085.0000,0.2502,0.2693,0.3315,0.4219,0.2994,0.2229,0.2142
1090.0000,0.2615,0.2771,0.3515,0.4174,0.2755,0.2167,0.2068
1095.0000,0.2697,0.2879,0.3703,0.4081,0.2533,0.2123,0.2002
1100.0000,0.2805,0.2991,0.3881,0.3940,0.2341,0.2096,0.1931
1105.0000,0.2950,0.3097,0.4047,0.3748,0.2198,0.2053,0.1900
1110.0000,0.3031,0.3250,0.4157,0.3537,0.2082,0.2021,0.1860
1115.0000,0.3162,0.3387,0.4231,0.3309,0.1995,0.2007,0.1778
1120.0000,0.3269,0.3540,0.4246,0.3072,0.1953,0.1955,0.1756
1125.0000,0.3384,0.3683,0.4208,0.2841,0.1938,0.1889,0.1749
1130.0000,0.3510,0.3802,0.4116,0.2635,0.1923,0.1849,0.1696
1135.0000,0.3596,0.3913,0.3968,0.2455,0.1920,0.1789,0.1681
1140.0000,0.3709,0.3969,0.3792,0.2300,0.1921,0.1730,0.1666
1145.0000,0.3757,0.4019,0.3568,0.2188,0.1905,0.1682,0.1650
1150.0000,0.3806,0.4007,0.3339,0.2102,0.1881,0.1644,0.1627
1155.0000,0.3860,0.3929,0.3119,0.2036,0.1851,0.1614,0.1601
1160.0000,0.3828,0.3847,0.2890,0.1998,0.1810,0.1585,0.1596
1165.0000,0.3769,0.3724,0.2680,0.1974,0.1758,0.1573,0.1569
1170.0000,0.3730,0.3543,0.2514,0.1947,0.1713,0.1561,0.1549
1175.0000,0.3627,0.3364,0.2366,0.1927,0.1664,0.1554,0.1534
1180.0000,0.3527,0.3156,0.2259,0.1898,0.1625,0.1548,0.1514
1185.0000,0.3376,0.2964,0.2171,0.1868,0.1592,0.1539,0.1502
1190.0000,0.3219,0.2781,0.2106,0.1834,0.1562,0.1537,0.1477
1195.0000,0.3056,0.2617,0.2055,0.1795,0.1543,0.1526,0.1468
1200.0000,0.2931,0.2453,0.2027,0.1748,0.1535,0.1508,0.1462
1205.0000,0.2753,0.2338,0.1988,0.1711,0.1523,0.1501,0.1437
1210.0000,0.2601,0.2241,0.1955,0.1671,0.1520,0.1478,0.1448
1215.0000,0.2450,0.2174,0.1911,0.1641,0.1512,0.1464,0.1446
1220.0000,0.2346,0.2108,0.1873,0.1613,0.1505,0.1452,0.1443
1225.0000,0.2252,0.2054,0.1832,0.1590,0.1495,0.1443,0.1440
1230.0000,0.2158,0.2015,0.1787,0.1574,0.1483,0.1438,0.1435
1235.0000,0.2102,0.1965,0.1750,0.1558,0.1471,0.1436,0.1427
1240.0000,0.2038,0.1928,0.1709,0.1546,0.1458,0.1435,0.1418
1245.0000,0.1988,0.1886,0.1676,0.1534,0.1447,0.1435,0.1404
1250.0000,0.1949,0.1840,0.1651,0.1520,0.1442,0.1429,0.1395
1255.0000,0.1900,0.1803,0.1624,0.1509,0.1434,0.1427,0.1375
1260.0000,0.1857,0.1766,0.1602,0.1496,0.1432,0.1415,0.1367
1265.0000,0.1822,0.1727,0.1586,0.1482,0.1434,0.1399,0.1362
1270.0000,0.1790,0.1690,0.1572,0.1470,0.1432,0.1387,0.1346
1275.0000,0.1751,0.1661,0.1557,0.1459,0.1432,0.1365,0.1354
1280.0000,0.1718,0.1636,0.1542,0.1452,0.1427,0.1351,0.1353
1285.0000,0.1688,0.1613,0.1526,0.1447,0.1418,0.1340,0.1356
1290.0000,0.1651,0.1600,0.1506,0.1447,0.1402,0.1337,0.1353
1295.0000,0.1631,0.1581,0.1491,0.1447,0.1385,0.1337,0.1350
1300.0000,0.1604,0.1570,0.1475,0.1447,0.1367,0.1340,0.1349
1305.0000,0.1581,0.1557,0.1462,0.1446,0.1349,0.1347,0.1342
1310.0000,0.1571,0.1535,0.1457,0.1438,0.1338,0.1351,0.1337
1315.0000,0.1555,0.1519,0.1453,0.1430,0.1327,0.1359,0.1322
1320.0000,0.1541,0.1501,0.1454,0.1416,0.1324,0.1359,0.1316
1325.0000,0.1535,0.1480,0.1458,0.1398,0.1328,0.1354,0.1309
1330.0000,0.1518,0.1468,0.1458,0.1382,0.1330,0.1354,0.1283
1335.0000,0.1506,0.1456,0.1459,0.1364,0.1342,0.1336,0.1288
1340.0000,0.1489,0.1452,0.1454,0.1351,0.1350,0.1320,0.1282
1345.0000,0.1477,0.1450,0.1444,0.1341,0.1356,0.1303,0.1274
1350.0000,0.1464,0.1451,0.1429,0.1337,0.1356,0.1288,0.1264
1355.0000,0.1447,0.1457,0.1409,0.1337,0.1353,0.1271,0.1262
1360.0000,0.1450,0.1451,0.1392,0.1340,0.1346,0.1258,0.1257
1365.0000,0.1441,0.1450,0.1373,0.1346,0.1333,0.1248,0.1257
1370.0000,0.1430,0.1447,0.1355,0.1353,0.1315,0.1243,0.1254
1375.0000,0.1435,0.1431,0.1346,0.1357,0.1296,0.1241,0.1251
1380.0000,0.1428,0.1419,0.1339,0.1360,0.1277,0.1241,0.1251
1385.0000,0.1420,0.1404,0.1336,0.1360,0.1259,0.1246,0.1247
1390.0000,0.1414,0.1387,0.1339,0.1354,0.1244,0.1252,0.1241
1395.0000,0.1407,0.1371,0.1345,0.1344,0.1232,0.1259,0.1228
1400.0000,0.1396,0.1358,0.1353,0.1330,0.1228,0.1258,0.1226
1405.0000,0.1384,0.1349,0.1360,0.1313,0.1228,0.1256,0.1221
1410.0000,0.1375,0.1344,0.1364,0.1296,0.1229,0.1257,0.1200
1415.0000,0.1370,0.1338,0.1368,0.1276,0.1239,0.1242,0.1206
1420.0000,0.1361,0.1340,0.1365,0.1261,0.1247,0.1228,0.1205
1425.0000,0.1354,0.1344,0.1357,0.1250,0.1251,0.1219,0.1196
1430.0000,0.1347,0.1350,0.1343,0.1242,0.1254,0.1205,0.1198
1435.0000,0.1348,0.1351,0.1328,0.1239,0.1254,0.1194,0.1198
1440.0000,0.1344,0.1355,0.1308,0.1240,0.1248,0.1186,0.1201
1445.0000,0.1338,0.1358,0.1288,0.1245,0.1237,0.1183,0.1201
1450.0000,0.1327,0.1358,0.1268,0.1251,0.1223,0.1184,0.1201
1455.0000,0.1338,0.1343,0.1257,0.1254,0.1211,0.1186,0.1202
1460.0000,0.1332,0.1332,0.1247,0.1257,0.1197,0.1192,0.1203
1465.0000,0.1325,0.1318,0.1242,0.1256,0.1186,0.1198,0.1204
1470.0000,0.1323,0.1299,0.1244,0.1251,0.1179,0.1204,0.1206
1475.0000,0.1318,0.1282,0.1247,0.1244,0.1173,0.1213,0.1200
1480.0000,0.1310,0.1266,0.1254,0.1232,0.1175,0.1216,0.1203
1485.0000,0.1296,0.1257,0.1258,0.1220,0.1179,0.1217,0.1202
1490.0000,0.1286,0.1250,0.1261,0.1209,0.1184,0.1222,0.1191
1495.0000,0.1277,0.1246,0.1262,0.1197,0.1194,0.1217,0.1192
1500.0000,0.1267,0.1245,0.1260,0.1187,0.1205,0.1209,0.1193
1505.0000,0.1257,0.1249,0.1251,0.1183,0.1211,0.1205,0.1186
1510.0000,0.1249,0.1254,0.1241,0.1181,0.1218,0.1196,0.1188
1515.0000,0.1251,0.1253,0.1230,0.1181,0.1223,0.1188,0.1189
1520.0000,0.1247,0.1255,0.1216,0.1186,0.1222,0.1183,0.1189
1525.0000,0.1242,0.1256,0.1203,0.1193,0.1218,0.1179,0.1191
1530.0000,0.1246,0.1248,0.1194,0.1200,0.1212,0.1179,0.1189
1535.0000,0.1242,0.1243,0.1185,0.1208,0.1203,0.1180,0.1189
1540.0000,0.1236,0.1237,0.1179,0.1215,0.1193,0.1185,0.1183
1545.0000,0.1236,0.1225,0.1179,0.1218,0.1186,0.1188,0.1178
1550.0000,0.1230,0.1215,0.1181,0.1221,0.1178,0.1194,0.1165
1555.0000,0.1225,0.1205,0.1187,0.1218,0.1176,0.1194,0.1158
1560.0000,0.1219,0.1196,0.1196,0.1212,0.1179,0.1186,0.1157
1565.0000,0.1214,0.1189,0.1205,0.1206,0.1179,0.1185,0.1141
1570.0000,0.1209,0.1185,0.1213,0.1198,0.1185,0.1172,0.1143
1575.0000,0.1205,0.1184,0.1219,0.1191,0.1190,0.1158,0.1149
1580.0000,0.1199,0.1188,0.1220,0.1187,0.1190,0.1150,0.1146
1585.0000,0.1195,0.1194,0.1218,0.1185,0.1189,0.1138,0.1159
1590.0000,0.1188,0.1204,0.1211,0.1187,0.1182,0.1135,0.1166
1595.0000,0.1194,0.1208,0.1204,0.1189,0.1171,0.1138,0.1172
1600.0000,0.1190,0.1217,0.1195,0.1194,0.1159,0.1143,0.1183
1605.0000,0.1187,0.1223,0.1185,0.1199,0.1144,0.1158,0.1182
1610.0000,0.1201,0.1217,0.1184,0.1198,0.1134,0.1171,0.1184
1615.0000,0.1203,0.1214,0.1183,0.1195,0.1126,0.1186,0.1182
1620.0000,0.1205,0.1207,0.1186,0.1188,0.1125,0.1197,0.1182
1625.0000,0.1208,0.1198,0.1193,0.1176,0.1133,0.1202,0.1184
1630.0000,0.1209,0.1190,0.1199,0.1165,0.1140,0.1211,0.1170
1635.0000,0.1209,0.1183,0.1206,0.1151,0.1157,0.1207,0.1174
1640.0000,0.1201,0.1182,0.1207,0.1139,0.1174,0.1199,0.1175
1645.0000,0.1200,0.1181,0.1205,0.1132,0.1189,0.1195,0.1165
1650.0000,0.1193,0.1185,0.1198,0.1128,0.1204,0.1180,0.1174
1655.0000,0.1191,0.1189,0.1187,0.1131,0.1213,0.1170,0.1178
1660.0000,0.1186,0.1196,0.1172,0.1139,0.1216,0.1162,0.1184
1665.0000,0.1177,0.1205,0.1153,0.1153,0.1211,0.1159,0.1187
1670.0000,0.1186,0.1200,0.1141,0.1167,0.1203,0.1162,0.1185
1675.0000,0.1182,0.1200,0.1129,0.1182,0.1192,0.1165,0.1191
1680.0000,0.1180,0.1195,0.1122,0.1196,0.1178,0.1176,0.1184
1685.0000,0.1176,0.1185,0.1122,0.1205,0.1167,0.1186,0.1177
1690.0000,0.1181,0.1169,0.1131,0.1208,0.1159,0.1195,0.1163
1695.0000,0.1179,0.1155,0.1144,0.1207,0.1158,0.1198,0.1156
1700.0000,0.1180,0.1141,0.1161,0.1199,0.1163,0.1193,0.1152
1705.0000,0.1169,0.1136,0.1175,0.1193,0.1166,0.1195,0.1127
1710.0000,0.1165,0.1132,0.1191,0.1181,0.1179,0.1176,0.1141
1715.0000,0.1160,0.1135,0.1201,0.1173,0.1189,0.1160,0.1144
1720.0000,0.1153,0.1144,0.1205,0.1168,0.1193,0.1148,0.1143
1725.0000,0.1150,0.1156,0.1203,0.1168,0.1194,0.1137,0.1144
1730.0000,0.1145,0.1173,0.1195,0.1171,0.1188,0.1132,0.1142
1735.0000,0.1155,0.1181,0.1188,0.1176,0.1179,0.1130,0.1138
1740.0000,0.1157,0.1193,0.1178,0.1183,0.1168,0.1128,0.1140
1745.0000,0.1153,0.1205,0.1167,0.1192,0.1153,0.1134,0.1131
1750.0000,0.1172,0.1201,0.1166,0.1194,0.1142,0.1136,0.1125
1755.0000,0.1178,0.1199,0.1164,0.1195,0.1131,0.1140,0.1115
1760.0000,0.1184,0.1191,0.1169,0.1191,0.1127,0.1138,0.1113
1765.0000,0.1188,0.1183,0.1177,0.1182,0.1127,0.1132,0.1114
1770.0000,0.1192,0.1173,0.1186,0.1173,0.1125,0.1131,0.1103
1775.0000,0.1195,0.1165,0.1195,0.1161,0.1130,0.1120,0.1113
1780.0000,0.1186,0.1166,0.1198,0.1152,0.1132,0.1113,0.1118
1785.0000,0.1182,0.1169,0.1198,0.1145,0.1131,0.1110,0.1120
1790.0000,0.1175,0.1176,0.1192,0.1141,0.1128,0.1108,0.1124
1795.0000,0.1176,0.1181,0.1185,0.1138,0.1123,0.1112,0.1124
1800.0000,0.1172,0.1189,0.1174,0.1138,0.1117,0.1116,0.1124
1805.0000,0.1180,0.1175,0.1194,0.1099,0.1192,0.0954,0.1633
1810.0000,0.1186,0.1174,0.1185,0.1098,0.1190,0.0932,0.2102
1815.0000,0.1181,0.1183,0.1161,0.1119,0.1142,0.1009,0.2711
1820.0000,0.1172,0.1200,0.1120,0.1166,0.1037,0.1250,0.3383
1825.0000,0.1145,0.1218,0.1084,0.1206,0.0938,0.1580,0.4389
1830.0000,0.1165,0.1212,0.1063,0.1238,0.0833,0.2087,0.5667
1835.0000,0.1134,0.1240,0.1012,0.1300,0.0668,0.2959,0.6779
1840.0000,0.1107,0.1241,0.1010,0.1298,0.0628,0.3928,0.8380
1845.0000,0.1154,0.1191,0.1056,0.1243,0.0700,0.5113,1.0290
1850.0000,0.1149,0.1164,0.1104,0.1163,0.0885,0.6580,1.2462
1855.0000,0.1149,0.1146,0.1131,0.1106,0.1114,0.8572,1.4248
1860.0000,0.1160,0.1095,0.1220,0.0952,0.1688,1.0598,1.6476
1865.0000,0.1185,0.1039,0.1312,0.0784,0.2512,1.2862,1.8733
1870.0000,0.1274,0.0951,0.1424,0.0592,0.3675,1.5235,2.1095
1875.0000,0.1169,0.1014,0.1380,0.0570,0.4929,1.8130,2.2548
1880.0000,0.1193,0.0991,0.1398,0.0516,0.6696,2.0787,2.3924
1920.0000,0.1111,0.1201,0.0447,0.7897,2.8757,2.7545,2.4424
1925.0000,0.1047,0.1316,0.0418,1.0448,3.0598,2.6263,2.3443
1930.0000,0.0864,0.1550,0.0512,1.3357,3.1742,2.4773,2.2374
1935.0000,0.0278,0.2047,0.0721,1.6580,3.2054,2.3291,2.1211
1940.0000,0.0882,0.1996,0.1625,1.9663,3.1889,2.1503,2.0713
1945.0000,0.0987,0.2243,0.2798,2.2776,3.0885,2.0133,1.9727
1950.0000,0.0948,0.2659,0.4377,2.5690,2.9222,1.9137,1.8600
1955.0000,0.1696,0.2814,0.6688,2.7995,2.7423,1.7960,1.8413
1960.0000,0.2169,0.3362,0.9261,2.9923,2.5091,1.7575,1.7079
1965.0000,0.3067,0.3939,1.2338,3.1109,2.2813,1.7279,1.5955
1970.0000,0.3685,0.4980,1.5610,3.1563,2.0782,1.6865,1.5224
1975.0000,0.4843,0.6167,1.9042,3.1308,1.8980,1.6603,1.4267
1980.0000,0.6491,0.7521,2.2523,3.0291,1.7759,1.5894,1.4205
1985.0000,0.7291,0.9821,2.5336,2.9008,1.6643,1.5426,1.3875
1990.0000,0.9125,1.1995,2.7872,2.7329,1.5791,1.5129,1.3185
1995.0000,1.0825,1.4619,2.9701,2.5475,1.5282,1.4578,1.2989
2000.0000,1.2544,1.7470,3.0781,2.3612,1.4951,1.3992,1.2878
2005.0000,1.4749,2.0099,3.1234,2.1835,1.4658,1.3597,1.2483
2010.0000,1.6938,2.2588,3.1020,2.0213,1.4471,1.3123,1.2291
2015.0000,1.9121,2.4742,3.0251,1.8813,1.4284,1.2708,1.2040
2020.0000,2.0554,2.7002,2.8717,1.7827,1.3942,1.2418,1.1750
2025.0000,2.2291,2.8400,2.7091,1.6955,1.3663,1.2080,1.1586
2030.0000,2.4439,2.8784,2.5579,1.6148,1.3431,1.1766,1.1373
2035.0000,2.5782,2.8822,2.3956,1.5529,1.3160,1.1467,1.1246
2040.0000,2.6452,2.8542,2.2306,1.5082,1.2808,1.1284,1.0983
2045.0000,2.7063,2.7670,2.0899,1.4654,1.2504,1.1079,1.0794
2050.0000,2.7045,2.6658,1.9571,1.4321,1.2176,1.0898,1.0651
2055.0000,2.6801,2.5364,1.8475,1.3993,1.1869,1.0752,1.0455
2060.0000,2.6437,2.3882,1.7602,1.3653,1.1602,1.0608,1.0263
2065.0000,2.5408,2.2583,1.6781,1.3370,1.1322,1.0494,1.0052
2070.0000,2.4189,2.1424,1.6033,1.3113,1.1062,1.0361,0.9923
2075.0000,2.2927,2.0346,1.5386,1.2864,1.0818,1.0244,0.9761
2080.0000,2.1922,1.9221,1.4902,1.2581,1.0611,1.0152,0.9496
2085.0000,2.0996,1.8114,1.4564,1.2241,1.0510,0.9931,0.9481
2090.0000,1.9970,1.7201,1.4228,1.1938,1.0388,0.9762,0.9363
2095.0000,1.8925,1.6454,1.3891,1.1664,1.0267,0.9598,0.9244
2100.0000,1.8095,1.5737,1.3611,1.1392,1.0156,0.9444,0.9105
2105.0000,1.6982,1.5347,1.3207,1.1204,1.0011,0.9288,0.9041
2110.0000,1.6354,1.4855,1.2889,1.1006,0.9872,0.9158,0.8938
2115.0000,1.5680,1.4491,1.2533,1.0854,0.9706,0.9054,0.8835
2120.0000,1.5231,1.4051,1.2257,1.0684,0.9559,0.8954,0.8724
2125.0000,1.4775,1.3649,1.2000,1.0519,0.9421,0.8849,0.8635
2130.0000,1.4286,1.3328,1.1728,1.0380,0.9268,0.8773,0.8524
2135.0000,1.3827,1.3028,1.1476,1.0243,0.9124,0.8698,0.8416
2140.0000,1.3514,1.2681,1.1283,1.0084,0.9010,0.8607,0.8313
2145.0000,1.3215,1.2345,1.1113,0.9924,0.8899,0.8534,0.8161
2150.0000,1.2852,1.2075,1.0938,0.9765,0.8818,0.8407,0.8123
2155.0000,1.2555,1.1807,1.0779,0.9610,0.8737,0.8299,0.8043
2160.0000,1.2249,1.1587,1.0604,0.9476,0.8640,0.8216,0.7920
2165.0000,1.2011,1.1349,1.0456,0.9332,0.8566,0.8101,0.7855
2170.0000,1.1759,1.1142,1.0301,0.9201,0.8490,0.7987,0.7795
2175.0000,1.1503,1.0974,1.0128,0.9095,0.8391,0.7902,0.7705
2180.0000,1.1253,1.0824,0.9951,0.8999,0.8289,0.7817,0.7631
2185.0000,1.1042,1.0663,0.9788,0.8905,0.8187,0.7737,0.7554
2190.0000,1.0898,1.0476,0.9648,0.8809,0.8084,0.7671,0.7451
2195.0000,1.0695,1.0328,0.9500,0.8719,0.7988,0.7583,0.7424
2200.0000,1.0488,1.0187,0.9357,0.8634,0.7886,0.7517,0.7368
2205.0000,1.0373,1.0004,0.9249,0.8535,0.7797,0.7449,0.7319
2210.0000,1.0226,0.9840,0.9142,0.8439,0.7703,0.7401,0.7252
2215.0000,1.0052,0.9693,0.9041,0.8339,0.7625,0.7334,0.7233
2220.0000,0.9918,0.9539,0.8950,0.8237,0.7547,0.7288,0.7192
2225.0000,0.9785,0.9395,0.8861,0.8136,0.7472,0.7254,0.7140
2230.0000,0.9597,0.9293,0.8756,0.8042,0.7404,0.7215,0.7107
2235.0000,0.9484,0.9168,0.8665,0.7943,0.7345,0.7183,0.7057
2240.0000,0.9338,0.9076,0.8557,0.7858,0.7282,0.7166,0.6981
2245.0000,0.9225,0.8969,0.8462,0.7764,0.7241,0.7127,0.6923
2250.0000,0.9130,0.8851,0.8377,0.7666,0.7219,0.7064,0.6882
2255.0000,0.9007,0.8760,0.8274,0.7588,0.7183,0.7027,0.6789
2260.0000,0.8886,0.8669,0.8173,0.7509,0.7163,0.6955,0.6742
2265.0000,0.8803,0.8560,0.8083,0.7434,0.7147,0.6875,0.6693
2270.0000,0.8711,0.8457,0.7987,0.7374,0.7115,0.6811,0.6609
2275.0000,0.8589,0.8373,0.7885,0.7323,0.7086,0.6717,0.6596
2280.0000,0.8504,0.8273,0.7790,0.7282,0.7040,0.6643,0.6554
2285.0000,0.8393,0.8195,0.7685,0.7258,0.6974,0.6583,0.6512
2290.0000,0.8289,0.8112,0.7589,0.7237,0.6899,0.6533,0.6472
2295.0000,0.8217,0.8006,0.7515,0.7210,0.6821,0.6488,0.6438
2300.0000,0.8113,0.7924,0.7437,0.7189,0.6732,0.6460,0.6397
2305.0000,0.8011,0.7840,0.7374,0.7159,0.6647,0.6438,0.6358
2310.0000,0.7921,0.7747,0.7331,0.7115,0.6570,0.6417,0.6319
2315.0000,0.7863,0.7642,0.7306,0.7060,0.6499,0.6413,0.6240
2320.0000,0.7777,0.7555,0.7286,0.6989,0.6455,0.6373,0.6239
2325.0000,0.7692,0.7479,0.7267,0.6914,0.6418,0.6340,0.6213
2330.0000,0.7620,0.7409,0.7249,0.6832,0.6393,0.6302,0.6185
2335.0000,0.7558,0.7348,0.7223,0.6754,0.6365,0.6279,0.6123
2340.0000,0.7472,0.7312,0.7183,0.6677,0.6354,0.6225,0.6115
2345.0000,0.7417,0.7273,0.7134,0.6608,0.6339,0.6182,0.6084
2350.0000,0.7351,0.7254,0.7064,0.6555,0.6313,0.6150,0.6035
2355.0000,0.7282,0.7236,0.6987,0.6508,0.6292,0.6102,0.6018
2360.0000,0.7264,0.7190,0.6918,0.6465,0.6265,0.6062,0.5984
2365.0000,0.7208,0.7162,0.6831,0.6438,0.6226,0.6033,0.5940
2370.0000,0.7152,0.7124,0.6750,0.6413,0.6189,0.5997,0.5910
2375.0000,0.7140,0.7050,0.6691,0.6380,0.6159,0.5952,0.5896
2380.0000,0.7087,0.6994,0.6624,0.6360,0.6113,0.5926,0.5864
2385.0000,0.7028,0.6931,0.6567,0.6336,0.6071,0.5893,0.5856
2390.0000,0.6990,0.6853,0.6526,0.6307,0.6030,0.5869,0.5843
2395.0000,0.6937,0.6781,0.6487,0.6279,0.5983,0.5858,0.5816
2400.0000,0.6866,0.6720,0.6451,0.6248,0.5942,0.5841,0.5810
2405.0000,0.6812,0.6654,0.6424,0.6212,0.5904,0.5834,0.5788
2410.0000,0.6747,0.6604,0.6393,0.6179,0.5864,0.5840,0.5743
2415.0000,0.6688,0.6554,0.6368,0.6137,0.5838,0.5830,0.5716
2420.0000,0.6641,0.6502,0.6350,0.6087,0.5829,0.5805,0.5700
2425.0000,0.6585,0.6467,0.6320,0.6047,0.5810,0.5800,0.5632
2430.0000,0.6533,0.6433,0.6292,0.6000,0.5810,0.5762,0.5621
2435.0000,0.6487,0.6400,0.6263,0.5956,0.5815,0.5714,0.5611
2440.0000,0.6461,0.6363,0.6229,0.5920,0.5806,0.5687,0.5556
2445.0000,0.6417,0.6337,0.6189,0.5888,0.5807,0.5627,0.5583
2450.0000,0.6364,0.6320,0.6138,0.5869,0.5790,0.5587,0.5584
2455.0000,0.6348,0.6285,0.6091,0.5856,0.5762,0.5562,0.5576
2460.0000,0.6306,0.6263,0.6036,0.5853,0.5723,0.5545,0.5576
2465.0000,0.6247,0.6247,0.5979,0.5855,0.5674,0.5546,0.5561
2470.0000,0.6246,0.6197,0.5945,0.5848,0.5629,0.5550,0.5546
2475.0000,0.6204,0.6165,0.5906,0.5843,0.5581,0.5564,0.5522
2480.0000,0.6162,0.6125,0.5882,0.5826,0.5547,0.5570,0.5505
2485.0000,0.6152,0.6063,0.5880,0.5793,0.5530,0.5567,0.5486
2490.0000,0.6118,0.6015,0.5874,0.5761,0.5511,0.5578,0.5430
2495.0000,0.6098,0.5959,0.5883,0.5713,0.5520,0.5550,0.5421
2500.0000,0.6055,0.5920,0.5886,0.5664,0.5538,0.5510,0.5416
2505.0000,0.6017,0.5892,0.5878,0.5626,0.5543,0.5490,0.5371
2510.0000,0.5971,0.5880,0.5859,0.5592,0.5557,0.5444,0.5369
2515.0000,0.5941,0.5869,0.5832,0.5566,0.5562,0.5401,0.5360
2520.0000,0.5907,0.5870,0.5790,0.5557,0.5550,0.5372,0.5340
2525.0000,0.5863,0.5879,0.5738,0.5556,0.5530,0.5340,0.5343
2530.0000,0.5868,0.5859,0.5697,0.5557,0.5503,0.5319,0.5336
2535.0000,0.5841,0.5854,0.5647,0.5568,0.5461,0.5311,0.5331
2540.0000,0.5811,0.5842,0.5602,0.5579,0.5414,0.5313,0.5317
2545.0000,0.5821,0.5796,0.5584,0.5576,0.5375,0.5316,0.5303
2550.0000,0.5800,0.5762,0.5566,0.5573,0.5333,0.5331,0.5272
2555.0000,0.5778,0.5720,0.5563,0.5556,0.5305,0.5335,0.5252
2560.0000,0.5759,0.5675,0.5571,0.5527,0.5291,0.5330,0.5232
2565.0000,0.5737,0.5634,0.5580,0.5496,0.5276,0.5340,0.5158
2570.0000,0.5710,0.5600,0.5594,0.5452,0.5290,0.5301,0.5176
2575.0000,0.5675,0.5581,0.5599,0.5412,0.5302,0.5267,0.5166
2580.0000,0.5647,0.5569,0.5596,0.5375,0.5315,0.5226,0.5155
2585.0000,0.5621,0.5568,0.5577,0.5351,0.5314,0.5200,0.5123
2590.0000,0.5586,0.5577,0.5549,0.5332,0.5316,0.5155,0.5132
2595.0000,0.5585,0.5573,0.5518,0.5321,0.5304,0.5125,0.5126
2600.0000,0.5564,0.5583,0.5474,0.5322,0.5279,0.5103,0.5125
2605.0000,0.5529,0.5595,0.5424,0.5332,0.5242,0.5095,0.5118
2610.0000,0.5553,0.5568,0.5395,0.5333,0.5205,0.5092,0.5110
2615.0000,0.5537,0.5555,0.5361,0.5339,0.5163,0.5098,0.5103
2620.0000,0.5514,0.5535,0.5337,0.5338,0.5124,0.5106,0.5097
2625.0000,0.5524,0.5489,0.5335,0.5321,0.5099,0.5110,0.5094
2630.0000,0.5507,0.5455,0.5332,0.5304,0.5072,0.5128,0.5068
2635.0000,0.5490,0.5417,0.5340,0.5273,0.5066,0.5124,0.5075
2640.0000,0.5468,0.5384,0.5349,0.5237,0.5068,0.5116,0.5082
2645.0000,0.5451,0.5355,0.5355,0.5203,0.5067,0.5124,0.5052
2650.0000,0.5424,0.5338,0.5357,0.5166,0.5083,0.5103,0.5079
2655.0000,0.5397,0.5331,0.5347,0.5136,0.5094,0.5093,0.5084
2660.0000,0.5372,0.5333,0.5324,0.5117,0.5097,0.5095,0.5071
2665.0000,0.5341,0.5344,0.5292,0.5104,0.5101,0.5088,0.5075
2670.0000,0.5344,0.5336,0.5264,0.5093,0.5104,0.5083,0.5071
2675.0000,0.5327,0.5340,0.5224,0.5094,0.5098,0.5089,0.5049
2680.0000,0.5309,0.5338,0.5187,0.5097,0.5094,0.5086,0.5040
2685.0000,0.5286,0.5330,0.5154,0.5099,0.5092,0.5079,0.5030
2690.0000,0.5306,0.5294,0.5137,0.5101,0.5086,0.5082,0.4986
2695.0000,0.5291,0.5267,0.5121,0.5099,0.5092,0.5056,0.5005
2700.0000,0.5272,0.5239,0.5110,0.5098,0.5092,0.5037,0.5006
2705.0000,0.5263,0.5205,0.5106,0.5096,0.5091,0.5017,0.5007
2710.0000,0.5245,0.5179,0.5101,0.5098,0.5081,0.5009,0.4996
2715.0000,0.5210,0.5164,0.5095,0.5101,0.5071,0.4995,0.5006
2720.0000,0.5196,0.5142,0.5094,0.5101,0.5058,0.4987,0.5012
2725.0000,0.5169,0.5135,0.5088,0.5106,0.5037,0.4991,0.5014
2730.0000,0.5138,0.5134,0.5081,0.5109,0.5016,0.4995,0.5025
2735.0000,0.5141,0.5117,0.5086,0.5105,0.4999,0.5004,0.5032
2740.0000,0.5123,0.5116,0.5084,0.5103,0.4979,0.5024,0.5028
2745.0000,0.5109,0.5112,0.5087,0.5094,0.4969,0.5036,0.5041
2750.0000,0.5114,0.5098,0.5099,0.5076,0.4969,0.5043,0.5058
2755.0000,0.5110,0.5092,0.5104,0.5061,0.4966,0.5066,0.5049
2760.0000,0.5106,0.5086,0.5113,0.5037,0.4983,0.5061,0.5097
2765.0000,0.5104,0.5080,0.5121,0.5011,0.5008,0.5047,0.5177
2770.0000,0.5100,0.5082,0.5115,0.4999,0.5015,0.5068,0.5234
2775.0000,0.5091,0.5087,0.5109,0.4982,0.5041,0.5055,0.5431
2780.0000,0.5094,0.5085,0.5105,0.4964,0.5077,0.5031,0.5768
2785.0000,0.5087,0.5097,0.5076,0.4976,0.5064,0.5103,0.6135
2790.0000,0.5072,0.5112,0.5044,0.4990,0.5054,0.5196,0.6760
2795.0000,0.5084,0.5119,0.4996,0.5042,0.4963,0.5509,0.7293
2800.0000,0.5071,0.5131,0.4956,0.5080,0.4905,0.5871,0.8073
2805.0000,0.5052,0.5138,0.4921,0.5117,0.4848,0.6389,0.8954
2810.0000,0.4994,0.5162,0.4874,0.5171,0.4764,0.7171,0.9716
2815.0000,0.5059,0.5104,0.4902,0.5154,0.4815,0.8003,1.0669
2820.0000,0.5033,0.5101,0.4892,0.5172,0.4843,0.9226,1.0786
2825.0000,0.5037,0.5046,0.4965,0.5082,0.5145,1.0304,1.1049
2830.0000,0.5059,0.4961,0.5096,0.4908,0.5723,1.1219,1.1223
2835.0000,0.5108,0.4866,0.5232,0.4730,0.6470,1.2097,1.0914
2840.0000,0.5228,0.4712,0.5444,0.4458,0.7614,1.2396,1.1036
2845.0000,0.5083,0.4732,0.5528,0.4293,0.8875,1.2439,1.0973
2850.0000,0.5117,0.4732,0.5518,0.4320,1.0042,1.2483,1.0310
2855.0000,0.5188,0.4737,0.5471,0.4441,1.1350,1.1910,1.0289
2860.0000,0.5027,0.4921,0.5231,0.4848,1.2434,1.1203,1.0214
2865.0000,0.4968,0.5108,0.4889,0.5540,1.3183,1.0512,1.0034
2870.0000,0.4797,0.5384,0.4438,0.6519,1.3531,0.9899,0.9713
2875.0000,0.4953,0.5457,0.4090,0.7663,1.3499,0.9413,0.9301
2880.0000,0.4766,0.5683,0.3758,0.8912,1.3211,0.8813,0.9361
2885.0000,0.4619,0.5780,0.3625,1.0193,1.2542,0.8564,0.8978
2890.0000,0.4982,0.5491,0.3925,1.1275,1.1751,0.8391,0.8723
2895.0000,0.4937,0.5375,0.4404,1.2191,1.0880,0.8232,0.8776
2900.0000,0.5074,0.5101,0.5241,1.2820,0.9976,0.8272,0.8664
2905.0000,0.5132,0.4891,0.6327,1.3130,0.9173,0.8334,0.8748
2910.0000,0.5289,0.4724,0.7615,1.3120,0.8485,0.8508,0.8801
2915.0000,0.5635,0.4637,0.9021,1.2793,0.8011,0.8662,0.9020
2920.0000,0.5421,0.5122,1.0178,1.2343,0.7637,0.8903,0.9223
2925.0000,0.5731,0.5561,1.1327,1.1679,0.7454,0.9221,0.9261
2930.0000,0.6041,0.6303,1.2195,1.0933,0.7477,0.9426,0.9587
2935.0000,0.6189,0.7373,1.2680,1.0223,0.7600,0.9653,0.9859
2940.0000,0.6715,0.8418,1.2903,0.9559,0.7789,0.9979,0.9863
2945.0000,0.7359,0.9414,1.2890,0.8932,0.8143,1.0131,1.0175
2950.0000,0.8078,1.0292,1.2655,0.8409,0.8558,1.0257,1.0434
2955.0000,0.8909,1.0964,1.2255,0.8016,0.8982,1.0407,1.0554
2960.0000,0.9458,1.1608,1.1626,0.7815,0.9364,1.0563,1.0594
2965.0000,1.0077,1.1952,1.0973,0.7720,0.9763,1.0645,1.0649
2970.0000,1.0718,1.2008,1.0342,0.7730,1.0148,1.0672,1.0689
2975.0000,1.1033,1.1986,0.9668,0.7889,1.0453,1.0691,1.0691
2980.0000,1.1135,1.1844,0.9028,0.8163,1.0670,1.0725,1.0577
2985.0000,1.1327,1.1447,0.8552,0.8465,1.0865,1.0692,1.0477
2990.0000,1.1208,1.1063,0.8134,0.8840,1.0980,1.0638,1.0358
2995.0000,1.1013,1.0589,0.7873,0.9217,1.1055,1.0540,1.0252
3000.0000,1.0810,1.0051,0.7775,0.9578,1.1082,1.0425,1.0123
3005.0000,1.0583,0.9485,0.7835,0.9901,1.1073,1.0290,0.9987
3010.0000,1.0196,0.9053,0.7964,1.0208,1.1013,1.0139,0.9883
3015.0000,0.9774,0.8731,0.8159,1.0488,1.0894,1.0014,0.9737
3020.0000,0.9412,0.8494,0.8423,1.0718,1.0745,0.9891,0.9593
3025.0000,0.9177,0.8305,0.8764,1.0875,1.0592,0.9753,0.9477
3030.0000,0.8886,0.8279,0.9091,1.1000,1.0402,0.9648,0.9322
3035.0000,0.8679,0.8352,0.9415,1.1074,1.0200,0.9559,0.9136
3040.0000,0.8589,0.8472,0.9751,1.1080,1.0022,0.9439,0.8995
3045.0000,0.8591,0.8634,1.0081,1.1021,0.9877,0.9282,0.8910
3050.0000,0.8674,0.8828,1.0379,1.0928,0.9718,0.9176,0.8729
3055.0000,0.8791,0.9067,1.0631,1.0795,0.9590,0.9024,0.8645
3060.0000,0.8896,0.9359,1.0810,1.0648,0.9466,0.8874,0.8565
3065.0000,0.9105,0.9631,1.0937,1.0494,0.9330,0.8764,0.8419
3070.0000,0.9327,0.9892,1.1014,1.0322,0.9221,0.8607,0.8408
3075.0000,0.9504,1.0168,1.1011,1.0170,0.9085,0.8504,0.8329
3080.0000,0.9766,1.0368,1.0982,1.0010,0.8958,0.8405,0.8264
3085.0000,0.9931,1.0586,1.0880,0.9874,0.8813,0.8335,0.8191
3090.0000,1.0148,1.0709,1.0777,0.9726,0.8688,0.8260,0.8150
3095.0000,1.0356,1.0766,1.0663,0.9577,0.8567,0.8206,0.8090
3100.0000,1.0446,1.0833,1.0505,0.9448,0.8440,0.8175,0.8016
3105.0000,1.0522,1.0840,1.0353,0.9309,0.8339,0.8131,0.7971
3110.0000,1.0638,1.0760,1.0230,0.9152,0.8270,0.8071,0.7946
3115.0000,1.0697,1.0652,1.0103,0.9003,0.8201,0.8039,0.7878
3120.0000,1.0649,1.0565,0.9955,0.8865,0.8146,0.7993,0.7844
3125.0000,1.0612,1.0446,0.9815,0.8730,0.8106,0.7942,0.7809
3130.0000,1.0542,1.0324,0.9663,0.8612,0.8060,0.7913,0.7733
3135.0000,1.0442,1.0200,0.9513,0.8498,0.8035,0.7847,0.7732
3140.0000,1.0344,1.0064,0.9362,0.8401,0.8004,0.7798,0.7699
3145.0000,1.0210,0.9948,0.9195,0.8328,0.7959,0.7768,0.7639
3150.0000,1.0072,0.9821,0.9039,0.8260,0.7926,0.7716,0.7626
3155.0000,0.9969,0.9665,0.8904,0.8197,0.7890,0.7673,0.7596
3160.0000,0.9824,0.9533,0.8761,0.8154,0.7839,0.7650,0.7543
3165.0000,0.9694,0.9385,0.8642,0.8107,0.7799,0.7610,0.7524
3170.0000,0.9571,0.9226,0.8543,0.8060,0.7763,0.7568,0.7511
3175.0000,0.9421,0.9093,0.8441,0.8027,0.7711,0.7551,0.7467
3180.0000,0.9273,0.8965,0.8354,0.7990,0.7668,0.7522,0.7456
3185.0000,0.9139,0.8835,0.8284,0.7950,0.7628,0.7495,0.7443
3190.0000,0.9030,0.8701,0.8228,0.7910,0.7584,0.7490,0.7391
3195.0000,0.8889,0.8600,0.8171,0.7868,0.7551,0.7462,0.7396
3200.0000,0.8758,0.8508,0.8120,0.7828,0.7517,0.7448,0.7371
3205.0000,0.8669,0.8409,0.8083,0.7781,0.7493,0.7429,0.7346
3210.0000,0.8570,0.8329,0.8041,0.7739,0.7465,0.7423,0.7290
3215.0000,0.8447,0.8274,0.7996,0.7695,0.7453,0.7388,0.7283
3220.0000,0.8387,0.8200,0.7964,0.7648,0.7445,0.7353,0.7261
3225.0000,0.8311,0.8148,0.7919,0.7613,0.7425,0.7336,0.7208
3230.0000,0.8238,0.8099,0.7877,0.7575,0.7418,0.7291,0.7201
3235.0000,0.8190,0.8042,0.7841,0.7538,0.7411,0.7245,0.7195
3240.0000,0.8120,0.8010,0.7787,0.7519,0.7385,0.7220,0.7166
3245.0000,0.8055,0.7977,0.7735,0.7501,0.7359,0.7189,0.7159
3250.0000,0.8026,0.7926,0.7695,0.7483,0.7329,0.7165,0.7144
3255.0000,0.7977,0.7888,0.7647,0.7473,0.7287,0.7157,0.7116
3260.0000,0.7912,0.7858,0.7601,0.7462,0.7250,0.7142,0.7108
3265.0000,0.7892,0.7802,0.7575,0.7442,0.7216,0.7130,0.7094
3270.0000,0.7844,0.7766,0.7541,0.7429,0.7174,0.7138,0.7049
3275.0000,0.7802,0.7721,0.7521,0.7402,0.7150,0.7122,0.7047
3280.0000,0.7775,0.7666,0.7514,0.7365,0.7137,0.7098,0.7052
3285.0000,0.7732,0.7628,0.7497,0.7337,0.7113,0.7101,0.7010
3290.0000,0.7696,0.7589,0.7488,0.7299,0.7106,0.7078,0.7020
3295.0000,0.7661,0.7553,0.7477,0.7260,0.7103,0.7055,0.7025
3300.0000,0.7622,0.7530,0.7455,0.7232,0.7088,0.7054,0.6995
3305.0000,0.7579,0.7516,0.7428,0.7204,0.7082,0.7036,0.7005
3310.0000,0.7523,0.7514,0.7391,0.7184,0.7071,0.7024,0.7007
3315.0000,0.7525,0.7485,0.7362,0.7164,0.7055,0.7029,0.6975
3320.0000,0.7487,0.7478,0.7323,0.7149,0.7046,0.7014,0.6997
3325.0000,0.7451,0.7465,0.7285,0.7136,0.7033,0.7008,0.7003
3330.0000,0.7459,0.7426,0.7262,0.7119,0.7025,0.7004,0.7006
3335.0000,0.7434,0.7402,0.7229,0.7111,0.7008,0.7016,0.6990
3340.0000,0.7399,0.7377,0.7203,0.7098,0.7001,0.7012,0.6999
3345.0000,0.7395,0.7333,0.7189,0.7081,0.6998,0.7012,0.6998
3350.0000,0.7367,0.7305,0.7168,0.7071,0.6989,0.7025,0.6974
3355.0000,0.7333,0.7277,0.7152,0.7057,0.6990,0.7022,0.6970
3360.0000,0.7318,0.7241,0.7144,0.7039,0.6998,0.7013,0.6964
3365.0000,0.7282,0.7222,0.7125,0.7031,0.6995,0.7019,0.6924
3370.0000,0.7245,0.7206,0.7108,0.7020,0.7004,0.7002,0.6914
3375.0000,0.7234,0.7178,0.7100,0.7007,0.7016,0.6978,0.6900
3380.0000,0.7209,0.7165,0.7081,0.7006,0.7013,0.6971,0.6847
3385.0000,0.7179,0.7151,0.7066,0.7000,0.7025,0.6927,0.6864
3390.0000,0.7172,0.7128,0.7057,0.6996,0.7027,0.6890,0.6864
3395.0000,0.7151,0.7118,0.7037,0.7005,0.7012,0.6873,0.6842
3400.0000,0.7123,0.7112,0.7018,0.7014,0.6995,0.6846,0.6855
3405.0000,0.7121,0.7091,0.7010,0.7021,0.6971,0.6830,0.6859
3410.0000,0.7099,0.7085,0.6993,0.7034,0.6934,0.6831,0.6855
3415.0000,0.7075,0.7080,0.6982,0.7043,0.6896,0.6836,0.6857
3420.0000,0.7041,0.7077,0.6974,0.7048,0.6859,0.6848,0.6853
3425.0000,0.7063,0.7046,0.6986,0.7040,0.6826,0.6872,0.6825
3430.0000,0.7049,0.7032,0.6997,0.7024,0.6808,0.6880,0.6828
3435.0000,0.7029,0.7022,0.7010,0.7000,0.6800,0.6884,0.6828
3440.0000,0.7038,0.7002,0.7028,0.6973,0.6790,0.6908,0.6766
3445.0000,0.7031,0.6991,0.7045,0.6933,0.6810,0.6884,0.6799
3450.0000,0.7018,0.6990,0.7053,0.6898,0.6829,0.6867,0.6802
3455.0000,0.7017,0.6989,0.7055,0.6866,0.6850,0.6847,0.6796
3460.0000,0.7007,0.7001,0.7040,0.6847,0.6859,0.6841,0.6764
3465.0000,0.6988,0.7018,0.7016,0.6832,0.6874,0.6811,0.6771
3470.0000,0.7003,0.7019,0.6993,0.6823,0.6882,0.6789,0.6763
3475.0000,0.6992,0.7034,0.6952,0.6829,0.6874,0.6777,0.6742
3480.0000,0.6965,0.7052,0.6909,0.6842,0.6864,0.6758,0.6742
3485.0000,0.6999,0.7028,0.6886,0.6847,0.6854,0.6738,0.6747
3490.0000,0.6989,0.7021,0.6853,0.6864,0.6828,0.6735,0.6739
3495.0000,0.6978,0.7004,0.6832,0.6876,0.6803,0.6729,0.6748
3500.0000,0.6989,0.6967,0.6828,0.6880,0.6780,0.6729,0.6752
3505.0000,0.6977,0.6940,0.6824,0.6885,0.6749,0.6746,0.6738
3510.0000,0.6957,0.6912,0.6830,0.6880,0.6731,0.6750,0.6753
3515.0000,0.6945,0.6882,0.6843,0.6867,0.6717,0.6758,0.6758
3520.0000,0.6923,0.6866,0.6851,0.6856,0.6699,0.6785,0.6730
3525.0000,0.6900,0.6855,0.6864,0.6834,0.6699,0.6788,0.6742
3530.0000,0.6890,0.6841,0.6878,0.6807,0.6710,0.6784,0.6753
3535.0000,0.6874,0.6842,0.6881,0.6788,0.6711,0.6803,0.6715
3540.0000,0.6859,0.6845,0.6881,0.6764,0.6730,0.6792,0.6728
3545.0000,0.6839,0.6856,0.6874,0.6744,0.6749,0.6778,0.6733
3550.0000,0.6853,0.6853,0.6865,0.6731,0.6759,0.6783,0.6692
3555.0000,0.6845,0.6861,0.6848,0.6720,0.6779,0.6756,0.6718
3560.0000,0.6818,0.6879,0.6819,0.6722,0.6787,0.6741,0.6720
3565.0000,0.6846,0.6869,0.6799,0.6726,0.6786,0.6739,0.6691
3570.0000,0.6835,0.6873,0.6771,0.6736,0.6787,0.6720,0.6709
3575.0000,0.6815,0.6877,0.6743,0.6752,0.6777,0.6712,0.6708
3580.0000,0.6841,0.6850,0.6733,0.6761,0.6768,0.6704,0.6708
3585.0000,0.6827,0.6842,0.6715,0.6778,0.6747,0.6711,0.6693
3590.0000,0.6812,0.6826,0.6709,0.6787,0.6734,0.6704,0.6704
3595.0000,0.6822,0.6793,0.6718,0.6788,0.6723,0.6702,0.6710
3600.0000,0.6809,0.6775,0.6722,0.6792,0.6704,0.6714,0.6696
3605.0000,0.6791,0.6760,0.6734,0.6788,0.6696,0.6712,0.6712
3610.0000,0.6787,0.6740,0.6751,0.6777,0.6693,0.6713,0.6723
3615.0000,0.6769,0.6736,0.6760,0.6771,0.6682,0.6729,0.6711
3620.0000,0.6751,0.6738,0.6769,0.6759,0.6682,0.6732,0.6724
3625.0000,0.6752,0.6733,0.6781,0.6743,0.6687,0.6734,0.6735
3630.0000,0.6744,0.6742,0.6782,0.6734,0.6684,0.6755,0.6712
3635.0000,0.6733,0.6753,0.6781,0.6721,0.6695,0.6750,0.6735
3640.0000,0.6745,0.6752,0.6783,0.6707,0.6708,0.6749,0.6743
3645.0000,0.6743,0.6764,0.6771,0.6704,0.6709,0.6766,0.6719
