150.0000,0.4041,0.4298,0.4318,0.5149,0.5636,0.8564,1.0831
155.0000,0.4130,0.4351,0.4319,0.5348,0.5588,0.9881,1.0647
160.0000,0.4157,0.4393,0.4413,0.5407,0.5878,1.0897,1.0528
165.0000,0.4194,0.4437,0.4499,0.5495,0.6178,1.2236,0.8630
170.0000,0.4298,0.4380,0.4746,0.5388,0.6972,1.2884,0.6428
175.0000,0.4385,0.4331,0.5016,0.5244,0.8024,1.3088,0.2860
180.0000,0.4662,0.4075,0.5573,0.4750,1.0000,1.1239,0.1373
185.0000,0.4543,0.4036,0.6062,0.4231,1.2430,0.7681,0.1744
190.0000,0.4712,0.4054,0.6154,0.4401,1.3726,0.5061,0.0128
195.0000,0.4867,0.4166,0.6122,0.4780,1.4881,0.1224,0.1634
200.0000,0.4710,0.4724,0.5471,0.6030,1.4473,-0.1315,0.2186
205.0000,0.4586,0.5306,0.4731,0.7566,1.3364,-0.3911,0.5278
210.0000,0.4181,0.6240,0.3486,0.9953,1.0165,-0.3389,0.3640
215.0000,0.2928,0.7433,0.2275,1.2376,0.6288,-0.2032,0.2446
220.0000,0.4391,0.6967,0.2462,1.3716,0.3152,-0.1370,0.3654
225.0000,0.4154,0.7186,0.2603,1.4919,-0.0579,0.1189,0.1270
230.0000,0.4475,0.6564,0.3973,1.4757,-0.2947,0.2715,0.0599
235.0000,0.5390,0.5368,0.6322,1.3313,-0.3928,0.3312,0.0667
240.0000,0.6294,0.4155,0.8963,1.1236,-0.4434,0.4487,-0.1104
245.0000,0.8070,0.2480,1.2286,0.7938,-0.3028,0.3462,0.0256
250.0000,0.6476,0.3105,1.4164,0.5014,-0.1585,0.2665,0.0802
255.0000,0.7198,0.3133,1.5845,0.2070,0.0068,0.2030,0.0550
260.0000,0.7856,0.3977,1.6405,-0.0391,0.1840,0.0866,0.1313
265.0000,0.6535,0.6575,1.5068,-0.1635,0.2744,0.0415,0.1343
270.0000,0.6255,0.9112,1.2886,-0.2228,0.3442,-0.0284,0.2156
275.0000,0.5365,1.2100,0.9534,-0.1740,0.3176,-0.0061,0.1788
280.0000,0.7559,1.2925,0.6784,-0.1152,0.2804,0.0232,0.1496
285.0000,0.7250,1.4609,0.3244,0.0141,0.1980,0.0576,0.1670
290.0000,0.8133,1.4336,0.0779,0.1200,0.1178,0.1149,0.1213
295.0000,1.0107,1.2169,-0.0306,0.1695,0.0817,0.1365,0.1149
300.0000,1.0822,0.9658,-0.0755,0.1977,0.0555,0.1616,0.0871
305.0000,1.1770,0.6321,-0.0206,0.1753,0.0733,0.1480,0.1041
310.0000,0.9724,0.4523,-0.0033,0.1719,0.0762,0.1445,0.1119
315.0000,0.8402,0.2542,0.0620,0.1435,0.0950,0.1385,0.1046
320.0000,0.6555,0.1487,0.0998,0.1257,0.1096,0.1285,0.1127
325.0000,0.4783,0.0986,0.1210,0.1151,0.1193,0.1213,0.1174
330.0000,0.3389,0.0796,0.1319,0.1091,0.1252,0.1170,0.1193
335.0000,0.2251,0.0896,0.1289,0.1100,0.1261,0.1151,0.1223
340.0000,0.1571,0.1012,0.1247,0.1120,0.1255,0.1148,0.1240
345.0000,0.1370,0.1031,0.1250,0.1118,0.1266,0.1128,0.1302
350.0000,0.1174,0.1126,0.1196,0.1157,0.1229,0.1171,0.1261
355.0000,0.1103,0.1180,0.1159,0.1187,0.1198,0.1211,0.1230
360.0000,0.1129,0.1189,0.1146,0.1205,0.1178,0.1242,0.1200
365.0000,0.1114,0.1218,0.1124,0.1225,0.1160,0.1270,0.1158
370.0000,0.1127,0.1217,0.1125,0.1227,0.1166,0.1266,0.1143
375.0000,0.1162,0.1192,0.1146,0.1214,0.1190,0.1240,0.1139
380.0000,0.1183,0.1169,0.1167,0.1204,0.1206,0.1227,0.1094
385.0000,0.1216,0.1133,0.1203,0.1179,0.1246,0.1168,0.1128
390.0000,0.1191,0.1132,0.1217,0.1169,0.1267,0.1121,0.1155
395.0000,0.1195,0.1122,0.1232,0.1164,0.1277,0.1084,0.1191
400.0000,0.1181,0.1137,0.1225,0.1176,0.1262,0.1075,0.1206
405.0000,0.1165,0.1163,0.1205,0.1202,0.1222,0.1097,0.1200
410.0000,0.1144,0.1198,0.1179,0.1228,0.1185,0.1110,0.1235
415.0000,0.1115,0.1241,0.1144,0.1263,0.1127,0.1166,0.1193
420.0000,0.1158,0.1233,0.1145,0.1272,0.1096,0.1200,0.1180
425.0000,0.1162,0.1239,0.1142,0.1277,0.1068,0.1242,0.1140
430.0000,0.1185,0.1219,0.1166,0.1257,0.1074,0.1246,0.1151
435.0000,0.1201,0.1192,0.1202,0.1222,0.1101,0.1229,0.1179
440.0000,0.1223,0.1157,0.1243,0.1185,0.1126,0.1231,0.1159
445.0000,0.1242,0.1127,0.1283,0.1141,0.1170,0.1201,0.1200
450.0000,0.1252,0.1118,0.1304,0.1110,0.1204,0.1183,0.1224
455.0000,0.1205,0.1150,0.1293,0.1098,0.1224,0.1172,0.1254
460.0000,0.1179,0.1188,0.1264,0.1103,0.1227,0.1183,0.1246
465.0000,0.1143,0.1240,0.1217,0.1123,0.1217,0.1204,0.1229
470.0000,0.1175,0.1254,0.1185,0.1139,0.1213,0.1214,0.1228
475.0000,0.1159,0.1290,0.1137,0.1168,0.1197,0.1240,0.1191
480.0000,0.1172,0.1290,0.1112,0.1185,0.1195,0.1244,0.1175
485.0000,0.1214,0.1258,0.1112,0.1189,0.1208,0.1228,0.1173
490.0000,0.1232,0.1225,0.1116,0.1194,0.1214,0.1223,0.1146
495.0000,0.1260,0.1176,0.1140,0.1185,0.1237,0.1186,0.1172
500.0000,0.1232,0.1156,0.1152,0.1187,0.1245,0.1165,0.1180
505.0000,0.1224,0.1132,0.1169,0.1187,0.1249,0.1145,0.1197
510.0000,0.1206,0.1125,0.1176,0.1196,0.1240,0.1140,0.1203
515.0000,0.1176,0.1134,0.1174,0.1210,0.1221,0.1146,0.1211
520.0000,0.1149,0.1154,0.1167,0.1226,0.1200,0.1152,0.1237
525.0000,0.1123,0.1178,0.1156,0.1243,0.1172,0.1172,0.1257
530.0000,0.1143,0.1178,0.1161,0.1251,0.1149,0.1199,0.1276
535.0000,0.1142,0.1188,0.1163,0.1256,0.1127,0.1233,0.1295
540.0000,0.1155,0.1184,0.1176,0.1252,0.1114,0.1276,0.1288
545.0000,0.1168,0.1176,0.1197,0.1237,0.1115,0.1312,0.1278
550.0000,0.1181,0.1165,0.1221,0.1215,0.1128,0.1347,0.1243
555.0000,0.1198,0.1151,0.1250,0.1183,0.1164,0.1353,0.1231
560.0000,0.1186,0.1157,0.1268,0.1152,0.1214,0.1333,0.1236
565.0000,0.1190,0.1162,0.1277,0.1130,0.1256,0.1325,0.1194
570.0000,0.1189,0.1176,0.1276,0.1112,0.1308,0.1280,0.1215
575.0000,0.1176,0.1202,0.1257,0.1111,0.1348,0.1234,0.1238
580.0000,0.1185,0.1222,0.1230,0.1124,0.1370,0.1197,0.1262
585.0000,0.1181,0.1249,0.1190,0.1155,0.1369,0.1176,0.1282
590.0000,0.1176,0.1270,0.1148,0.1199,0.1345,0.1177,0.1290
595.0000,0.1206,0.1265,0.1119,0.1244,0.1306,0.1200,0.1287
600.0000,0.1203,0.1264,0.1095,0.1286,0.1269,0.1215,0.1315
605.0000,0.1199,0.1253,0.1085,0.1324,0.1222,0.1260,0.1295
610.0000,0.1217,0.1220,0.1102,0.1341,0.1194,0.1288,0.1301
615.0000,0.1210,0.1197,0.1125,0.1349,0.1171,0.1325,0.1286
620.0000,0.1213,0.1164,0.1170,0.1334,0.1176,0.1334,0.1311
625.0000,0.1202,0.1143,0.1217,0.1310,0.1192,0.1341,0.1328
630.0000,0.1205,0.1121,0.1267,0.1280,0.1212,0.1357,0.1319
635.0000,0.1229,0.1099,0.1319,0.1242,0.1250,0.1350,0.1339
640.0000,0.1189,0.1125,0.1339,0.1217,0.1281,0.1349,0.1348
645.0000,0.1186,0.1148,0.1352,0.1198,0.1311,0.1348,0.1350
650.0000,0.1167,0.1195,0.1339,0.1194,0.1335,0.1346,0.1354
655.0000,0.1179,0.1233,0.1319,0.1198,0.1353,0.1345,0.1357
660.0000,0.1171,0.1287,0.1279,0.1217,0.1360,0.1347,0.1358
665.0000,0.1177,0.1325,0.1241,0.1242,0.1362,0.1352,0.1351
670.0000,0.1229,0.1323,0.1222,0.1262,0.1365,0.1353,0.1344
675.0000,0.1251,0.1322,0.1204,0.1285,0.1364,0.1356,0.1333
680.0000,0.1273,0.1305,0.1200,0.1303,0.1366,0.1350,0.1333
685.0000,0.1284,0.1283,0.1205,0.1317,0.1369,0.1340,0.1341
690.0000,0.1291,0.1258,0.1217,0.1329,0.1368,0.1335,0.1341
695.0000,0.1289,0.1238,0.1233,0.1339,0.1368,0.1327,0.1359
700.0000,0.1274,0.1229,0.1246,0.1351,0.1359,0.1329,0.1366
705.0000,0.1260,0.1227,0.1260,0.1361,0.1349,0.1335,0.1378
710.0000,0.1241,0.1236,0.1270,0.1372,0.1334,0.1352,0.1368
715.0000,0.1231,0.1245,0.1283,0.1377,0.1324,0.1364,0.1369
720.0000,0.1239,0.1247,0.1303,0.1374,0.1323,0.1370,0.1379
725.0000,0.1244,0.1254,0.1320,0.1371,0.1321,0.1383,0.1377
730.0000,0.1258,0.1256,0.1341,0.1360,0.1331,0.1382,0.1400
735.0000,0.1261,0.1267,0.1356,0.1350,0.1340,0.1385,0.1419
740.0000,0.1269,0.1279,0.1366,0.1343,0.1347,0.1395,0.1433
745.0000,0.1269,0.1299,0.1369,0.1339,0.1353,0.1409,0.1442
750.0000,0.1282,0.1313,0.1370,0.1335,0.1360,0.1423,0.1451
755.0000,0.1292,0.1328,0.1367,0.1334,0.1368,0.1439,0.1457
760.0000,0.1300,0.1342,0.1361,0.1334,0.1378,0.1453,0.1462
765.0000,0.1317,0.1348,0.1358,0.1334,0.1393,0.1462,0.1471
770.0000,0.1325,0.1356,0.1350,0.1338,0.1405,0.1475,0.1468
775.0000,0.1329,0.1363,0.1344,0.1342,0.1421,0.1478,0.1483
780.0000,0.1341,0.1361,0.1341,0.1346,0.1439,0.1478,0.1498
785.0000,0.1343,0.1363,0.1334,0.1356,0.1451,0.1486,0.1504
790.0000,0.1349,0.1358,0.1333,0.1365,0.1465,0.1486,0.1528
795.0000,0.1353,0.1353,0.1333,0.1376,0.1476,0.1490,0.1553
800.0000,0.1357,0.1345,0.1335,0.1389,0.1483,0.1499,0.1581
805.0000,0.1355,0.1342,0.1336,0.1404,0.1486,0.1516,0.1607
810.0000,0.1350,0.1342,0.1336,0.1423,0.1482,0.1546,0.1620
815.0000,0.1341,0.1348,0.1337,0.1441,0.1480,0.1576,0.1640
820.0000,0.1332,0.1355,0.1340,0.1457,0.1479,0.1612,0.1646
825.0000,0.1324,0.1360,0.1348,0.1468,0.1485,0.1645,0.1650
830.0000,0.1341,0.1353,0.1366,0.1473,0.1498,0.1680,0.1631
835.0000,0.1353,0.1344,0.1391,0.1469,0.1527,0.1692,0.1639
840.0000,0.1368,0.1335,0.1419,0.1462,0.1565,0.1692,0.1648
845.0000,0.1361,0.1341,0.1439,0.1457,0.1607,0.1681,0.1662
850.0000,0.1366,0.1348,0.1454,0.1460,0.1641,0.1678,0.1656
855.0000,0.1364,0.1364,0.1463,0.1466,0.1677,0.1655,0.1692
860.0000,0.1366,0.1384,0.1463,0.1483,0.1700,0.1643,0.1722
865.0000,0.1369,0.1409,0.1456,0.1509,0.1711,0.1636,0.1766
870.0000,0.1362,0.1440,0.1440,0.1546,0.1704,0.1651,0.1801
875.0000,0.1389,0.1452,0.1432,0.1586,0.1683,0.1692,0.1814
880.0000,0.1399,0.1466,0.1429,0.1621,0.1668,0.1723,0.1857
885.0000,0.1396,0.1482,0.1428,0.1656,0.1646,0.1776,0.1876
890.0000,0.1428,0.1472,0.1450,0.1674,0.1640,0.1822,0.1909
895.0000,0.1440,0.1469,0.1476,0.1686,0.1639,0.1877,0.1929
900.0000,0.1459,0.1457,0.1517,0.1681,0.1662,0.1908,0.1996
905.0000,0.1463,0.1454,0.1558,0.1672,0.1695,0.1941,0.2065
910.0000,0.1481,0.1447,0.1601,0.1659,0.1729,0.1990,0.2115
915.0000,0.1496,0.1450,0.1638,0.1647,0.1773,0.2037,0.2175
920.0000,0.1485,0.1478,0.1658,0.1642,0.1819,0.2086,0.2242
925.0000,0.1494,0.1505,0.1672,0.1643,0.1866,0.2143,0.2303
930.0000,0.1493,0.1545,0.1671,0.1653,0.1917,0.2196,0.2388
935.0000,0.1514,0.1577,0.1665,0.1671,0.1966,0.2261,0.2463
940.0000,0.1526,0.1615,0.1650,0.1700,0.2012,0.2335,0.2538
945.0000,0.1540,0.1645,0.1637,0.1731,0.2068,0.2398,0.2662
950.0000,0.1548,0.1669,0.1625,0.1770,0.2120,0.2477,0.2783
955.0000,0.1594,0.1667,0.1627,0.1809,0.2174,0.2572,0.2905
960.0000,0.1617,0.1667,0.1632,0.1855,0.2226,0.2687,0.3007
965.0000,0.1642,0.1656,0.1651,0.1894,0.2297,0.2788,0.3166
970.0000,0.1650,0.1651,0.1673,0.1937,0.2371,0.2904,0.3336
975.0000,0.1659,0.1647,0.1700,0.1984,0.2446,0.3042,0.3512
980.0000,0.1653,0.1658,0.1723,0.2041,0.2517,0.3216,0.3645
985.0000,0.1658,0.1667,0.1755,0.2093,0.2610,0.3385,0.3808
990.0000,0.1657,0.1687,0.1788,0.2150,0.2711,0.3568,0.3958
995.0000,0.1654,0.1716,0.1820,0.2214,0.2819,0.3777,0.4038
1000.0000,0.1682,0.1731,0.1867,0.2272,0.2952,0.3978,0.4073
1005.0000,0.1707,0.1749,0.1920,0.2329,0.3115,0.4155,0.4056
1010.0000,0.1746,0.1759,0.1989,0.2378,0.3319,0.4266,0.4043
1015.0000,0.1759,0.1790,0.2051,0.2437,0.3545,0.4328,0.3974
1020.0000,0.1790,0.1823,0.2109,0.2517,0.3764,0.4370,0.3783
1025.0000,0.1821,0.1864,0.2168,0.2605,0.4007,0.4298,0.3631
1030.0000,0.1846,0.1918,0.2218,0.2717,0.4240,0.4148,0.3454
1035.0000,0.1878,0.1984,0.2252,0.2871,0.4414,0.3980,0.3168
1040.0000,0.1924,0.2042,0.2300,0.3035,0.4581,0.3670,0.3076
1045.0000,0.1972,0.2110,0.2336,0.3244,0.4651,0.3373,0.2913
1050.0000,0.2016,0.2186,0.2372,0.3481,0.4635,0.3059,0.2797
1055.0000,0.2021,0.2294,0.2398,0.3753,0.4502,0.2797,0.2647
1060.0000,0.2119,0.2349,0.2471,0.4014,0.4285,0.2574,0.2514
1065.0000,0.2164,0.2432,0.2568,0.4250,0.4016,0.2344,0.2531
1070.0000,0.2212,0.2511,0.2696,0.4462,0.3652,0.2250,0.2402
1075.0000,0.2239,0.2598,0.2864,0.4619,0.3249,0.2234,0.2256
1080.0000,0.2394,0.2616,0.3122,0.4662,0.2894,0.2200,0.2208
1085.0000,0.2518,0.2651,0.3412,0.4620,0.2560,0.2224,0.2083
1090.0000,0.2667,0.2688,0.3737,0.4473,0.2302,0.2229,0.2010
1095.0000,0.2716,0.2804,0.4033,0.4252,0.2118,0.2211,0.1970
1100.0000,0.2860,0.2911,0.4313,0.3971,0.1984,0.2230,0.1833
1105.0000,0.3049,0.3030,0.4563,0.3623,0.1964,0.2140,0.1868
1110.0000,0.3083,0.3273,0.4677,0.3297,0.1959,0.2073,0.1851
1115.0000,0.3241,0.3484,0.4721,0.2979,0.1974,0.2025,0.1771
1120.0000,0.3351,0.3736,0.4650,0.2698,0.2016,0.1934,0.1765
1125.0000,0.3501,0.3963,0.4490,0.2466,0.2052,0.1849,0.1749
1130.0000,0.3643,0.4161,0.4249,0.2294,0.2069,0.1773,0.1730
1135.0000,0.3717,0.4340,0.3933,0.2190,0.2051,0.1722,0.1685
1140.0000,0.3924,0.4365,0.3636,0.2110,0.2026,0.1676,0.1641
1145.0000,0.3960,0.4402,0.3289,0.2087,0.1973,0.1631,0.1626
1150.0000,0.4027,0.4306,0.2996,0.2073,0.1911,0.1604,0.1586
1155.0000,0.4097,0.4109,0.2764,0.2057,0.1852,0.1574,0.1561
1160.0000,0.4055,0.3894,0.2559,0.2050,0.1787,0.1549,0.1550
1165.0000,0.3978,0.3638,0.2409,0.2035,0.1724,0.1530,0.1540
1170.0000,0.3832,0.3385,0.2295,0.2015,0.1662,0.1520,0.1537
1175.0000,0.3665,0.3135,0.2218,0.1985,0.1607,0.1516,0.1538
1180.0000,0.3513,0.2884,0.2179,0.1941,0.1563,0.1520,0.1529
1185.0000,0.3274,0.2706,0.2133,0.1901,0.1518,0.1534,0.1514
1190.0000,0.3066,0.2549,0.2102,0.1852,0.1486,0.1549,0.1489
1195.0000,0.2863,0.2433,0.2069,0.1802,0.1466,0.1560,0.1466
1200.0000,0.2717,0.2321,0.2051,0.1740,0.1467,0.1553,0.1452
1205.0000,0.2572,0.2238,0.2026,0.1683,0.1470,0.1555,0.1395
1210.0000,0.2458,0.2163,0.2004,0.1620,0.1500,0.1512,0.1427
1215.0000,0.2346,0.2116,0.1966,0.1570,0.1523,0.1474,0.1440
1220.0000,0.2260,0.2076,0.1919,0.1534,0.1539,0.1444,0.1447
1225.0000,0.2187,0.2044,0.1863,0.1511,0.1544,0.1418,0.1461
1230.0000,0.2106,0.2027,0.1792,0.1507,0.1532,0.1412,0.1454
1235.0000,0.2071,0.1990,0.1729,0.1510,0.1512,0.1416,0.1440
1240.0000,0.2017,0.1962,0.1665,0.1518,0.1490,0.1415,0.1445
1245.0000,0.1962,0.1930,0.1605,0.1532,0.1457,0.1435,0.1409
1250.0000,0.1945,0.1870,0.1571,0.1534,0.1439,0.1439,0.1390
1255.0000,0.1897,0.1823,0.1540,0.1537,0.1419,0.1448,0.1355
1260.0000,0.1857,0.1766,0.1527,0.1529,0.1414,0.1437,0.1339
1265.0000,0.1823,0.1705,0.1529,0.1511,0.1420,0.1412,0.1331
1270.0000,0.1796,0.1641,0.1540,0.1490,0.1424,0.1394,0.1297
1275.0000,0.1761,0.1590,0.1553,0.1464,0.1441,0.1348,0.1326
1280.0000,0.1700,0.1568,0.1551,0.1451,0.1442,0.1318,0.1337
1285.0000,0.1667,0.1543,0.1550,0.1438,0.1439,0.1291,0.1360
1290.0000,0.1617,0.1545,0.1531,0.1441,0.1416,0.1288,0.1361
1295.0000,0.1590,0.1545,0.1510,0.1447,0.1385,0.1298,0.1361
1300.0000,0.1557,0.1557,0.1483,0.1454,0.1354,0.1307,0.1380
1305.0000,0.1520,0.1573,0.1452,0.1466,0.1313,0.1340,0.1362
1310.0000,0.1537,0.1553,0.1446,0.1460,0.1290,0.1363,0.1353
1315.0000,0.1532,0.1541,0.1440,0.1452,0.1271,0.1391,0.1328
1320.0000,0.1535,0.1515,0.1449,0.1429,0.1272,0.1401,0.1321
1325.0000,0.1558,0.1475,0.1470,0.1395,0.1290,0.1398,0.1310
1330.0000,0.1532,0.1458,0.1478,0.1366,0.1305,0.1403,0.1260
1335.0000,0.1529,0.1434,0.1494,0.1329,0.1342,0.1369,0.1271
1340.0000,0.1508,0.1430,0.1492,0.1303,0.1373,0.1337,0.1264
1345.0000,0.1481,0.1438,0.1477,0.1288,0.1397,0.1301,0.1256
1350.0000,0.1463,0.1450,0.1451,0.1286,0.1409,0.1269,0.1246
1355.0000,0.1436,0.1471,0.1412,0.1297,0.1408,0.1238,0.1245
1360.0000,0.1446,0.1472,0.1378,0.1314,0.1394,0.1218,0.1239
1365.0000,0.1435,0.1479,0.1339,0.1338,0.1372,0.1197,0.1252
1370.0000,0.1418,0.1482,0.1304,0.1366,0.1333,0.1197,0.1248
1375.0000,0.1438,0.1456,0.1288,0.1387,0.1294,0.1203,0.1248
1380.0000,0.1431,0.1434,0.1279,0.1402,0.1256,0.1210,0.1261
1385.0000,0.1425,0.1405,0.1284,0.1408,0.1219,0.1230,0.1259
1390.0000,0.1418,0.1374,0.1300,0.1403,0.1189,0.1255,0.1250
1395.0000,0.1413,0.1339,0.1327,0.1385,0.1171,0.1278,0.1232
1400.0000,0.1401,0.1313,0.1357,0.1356,0.1168,0.1290,0.1221
1405.0000,0.1373,0.1305,0.1382,0.1322,0.1179,0.1291,0.1213
1410.0000,0.1359,0.1300,0.1402,0.1288,0.1192,0.1297,0.1169
1415.0000,0.1357,0.1297,0.1421,0.1246,0.1228,0.1264,0.1190
1420.0000,0.1339,0.1313,0.1420,0.1216,0.1258,0.1233,0.1196
1425.0000,0.1335,0.1330,0.1407,0.1197,0.1279,0.1210,0.1190
1430.0000,0.1328,0.1353,0.1381,0.1190,0.1291,0.1185,0.1194
1435.0000,0.1337,0.1369,0.1348,0.1193,0.1291,0.1171,0.1187
1440.0000,0.1336,0.1387,0.1306,0.1206,0.1284,0.1154,0.1198
1445.0000,0.1331,0.1401,0.1263,0.1228,0.1262,0.1153,0.1190
1450.0000,0.1319,0.1405,0.1225,0.1251,0.1235,0.1155,0.1192
1455.0000,0.1348,0.1378,0.1207,0.1265,0.1211,0.1158,0.1202
1460.0000,0.1347,0.1356,0.1194,0.1279,0.1185,0.1170,0.1206
1465.0000,0.1341,0.1327,0.1193,0.1284,0.1161,0.1185,0.1210
1470.0000,0.1336,0.1294,0.1202,0.1281,0.1144,0.1202,0.1212
1475.0000,0.1331,0.1259,0.1221,0.1269,0.1134,0.1221,0.1207
1480.0000,0.1322,0.1229,0.1245,0.1249,0.1136,0.1232,0.1206
1485.0000,0.1292,0.1217,0.1263,0.1227,0.1145,0.1239,0.1202
1490.0000,0.1279,0.1206,0.1280,0.1204,0.1157,0.1248,0.1179
1495.0000,0.1267,0.1203,0.1292,0.1179,0.1181,0.1238,0.1178
1500.0000,0.1247,0.1214,0.1293,0.1159,0.1208,0.1217,0.1185
1505.0000,0.1231,0.1233,0.1280,0.1150,0.1225,0.1207,0.1173
1510.0000,0.1221,0.1253,0.1261,0.1146,0.1241,0.1186,0.1183
1515.0000,0.1232,0.1260,0.1242,0.1148,0.1251,0.1168,0.1193
1520.0000,0.1234,0.1270,0.1216,0.1159,0.1251,0.1154,0.1211
1525.0000,0.1238,0.1273,0.1191,0.1176,0.1240,0.1154,0.1214
1530.0000,0.1248,0.1266,0.1171,0.1195,0.1221,0.1164,0.1215
1535.0000,0.1246,0.1260,0.1154,0.1214,0.1203,0.1172,0.1231
1540.0000,0.1233,0.1255,0.1139,0.1233,0.1176,0.1198,0.1216
1545.0000,0.1239,0.1234,0.1140,0.1243,0.1157,0.1222,0.1195
1550.0000,0.1229,0.1219,0.1146,0.1247,0.1145,0.1244,0.1164
1555.0000,0.1228,0.1195,0.1164,0.1238,0.1147,0.1251,0.1140
1560.0000,0.1219,0.1175,0.1190,0.1219,0.1168,0.1231,0.1139
1565.0000,0.1218,0.1154,0.1216,0.1200,0.1185,0.1223,0.1097
1570.0000,0.1215,0.1141,0.1240,0.1176,0.1216,0.1182,0.1108
1575.0000,0.1211,0.1140,0.1255,0.1159,0.1242,0.1137,0.1128
1580.0000,0.1187,0.1159,0.1251,0.1155,0.1251,0.1105,0.1142
1585.0000,0.1174,0.1182,0.1237,0.1162,0.1248,0.1080,0.1168
1590.0000,0.1158,0.1213,0.1210,0.1181,0.1224,0.1078,0.1179
1595.0000,0.1176,0.1226,0.1188,0.1204,0.1188,0.1095,0.1185
1600.0000,0.1166,0.1250,0.1161,0.1226,0.1153,0.1110,0.1216
1605.0000,0.1163,0.1263,0.1139,0.1249,0.1107,0.1155,0.1199
1610.0000,0.1198,0.1243,0.1143,0.1253,0.1080,0.1189,0.1198
1615.0000,0.1206,0.1229,0.1151,0.1249,0.1060,0.1227,0.1182
1620.0000,0.1223,0.1201,0.1177,0.1228,0.1065,0.1246,0.1180
1625.0000,0.1220,0.1179,0.1206,0.1196,0.1088,0.1247,0.1186
1630.0000,0.1226,0.1154,0.1237,0.1162,0.1113,0.1258,0.1154
1635.0000,0.1230,0.1138,0.1264,0.1124,0.1157,0.1237,0.1163
1640.0000,0.1202,0.1150,0.1269,0.1097,0.1197,0.1213,0.1164
1645.0000,0.1200,0.1156,0.1269,0.1079,0.1231,0.1191,0.1154
1650.0000,0.1183,0.1182,0.1248,0.1076,0.1258,0.1161,0.1166
1655.0000,0.1183,0.1205,0.1217,0.1086,0.1270,0.1139,0.1172
1660.0000,0.1175,0.1233,0.1175,0.1110,0.1268,0.1119,0.1196
1665.0000,0.1156,0.1264,0.1126,0.1147,0.1246,0.1119,0.1203
1670.0000,0.1191,0.1254,0.1098,0.1180,0.1218,0.1132,0.1203
1675.0000,0.1193,0.1251,0.1072,0.1212,0.1188,0.1143,0.1226
1680.0000,0.1201,0.1230,0.1064,0.1238,0.1152,0.1175,0.1211
1685.0000,0.1207,0.1197,0.1073,0.1252,0.1125,0.1208,0.1193
1690.0000,0.1207,0.1162,0.1097,0.1253,0.1110,0.1236,0.1165
1695.0000,0.1203,0.1127,0.1132,0.1240,0.1112,0.1249,0.1143
1700.0000,0.1209,0.1093,0.1176,0.1213,0.1133,0.1240,0.1134
1705.0000,0.1173,0.1091,0.1204,0.1193,0.1148,0.1242,0.1076
1710.0000,0.1160,0.1087,0.1236,0.1161,0.1190,0.1195,0.1113
1715.0000,0.1152,0.1096,0.1255,0.1137,0.1223,0.1152,0.1131
1720.0000,0.1136,0.1123,0.1253,0.1129,0.1241,0.1121,0.1141
1725.0000,0.1132,0.1151,0.1241,0.1130,0.1248,0.1092,0.1165
1730.0000,0.1123,0.1189,0.1212,0.1148,0.1231,0.1092,0.1157
1735.0000,0.1145,0.1209,0.1186,0.1170,0.1204,0.1102,0.1148
1740.0000,0.1148,0.1233,0.1156,0.1193,0.1177,0.1105,0.1162
1745.0000,0.1136,0.1257,0.1125,0.1221,0.1136,0.1134,0.1137
1750.0000,0.1178,0.1240,0.1122,0.1231,0.1112,0.1149,0.1125
1755.0000,0.1187,0.1229,0.1122,0.1237,0.1091,0.1168,0.1099
1760.0000,0.1203,0.1202,0.1141,0.1225,0.1089,0.1168,0.1095
1765.0000,0.1204,0.1178,0.1166,0.1204,0.1099,0.1154,0.1100
1770.0000,0.1216,0.1146,0.1198,0.1179,0.1110,0.1150,0.1076
1775.0000,0.1227,0.1118,0.1232,0.1147,0.1136,0.1118,0.1106
1780.0000,0.1192,0.1128,0.1240,0.1129,0.1149,0.1099,0.1120
1785.0000,0.1182,0.1135,0.1243,0.1114,0.1158,0.1083,0.1140
1790.0000,0.1161,0.1161,0.1228,0.1114,0.1153,0.1082,0.1150
1795.0000,0.1161,0.1183,0.1206,0.1120,0.1138,0.1096,0.1144
1800.0000,0.1151,0.1214,0.1174,0.1132,0.1122,0.1106,0.1157
1805.0000,0.1145,0.1238,0.1143,0.1147,0.1100,0.1132,0.1140
1810.0000,0.1144,0.1247,0.1121,0.1156,0.1085,0.1152,0.1129
1815.0000,0.1182,0.1224,0.1120,0.1154,0.1080,0.1169,0.1105
1820.0000,0.1200,0.1198,0.1129,0.1139,0.1098,0.1148,0.1166
1825.0000,0.1254,0.1131,0.1188,0.1069,0.1219,0.0934,0.1706
1830.0000,0.1213,0.1129,0.1184,0.1068,0.1218,0.0922,0.2172
1835.0000,0.1219,0.1098,0.1209,0.1037,0.1272,0.0803,0.3445
1840.0000,0.1196,0.1108,0.1187,0.1061,0.1224,0.0912,0.5039
1845.0000,0.1160,0.1146,0.1126,0.1135,0.1070,0.1319,0.7150
1850.0000,0.1109,0.1210,0.1032,0.1249,0.0821,0.2125,0.9925
1855.0000,0.0993,0.1336,0.0866,0.1450,0.0380,0.3704,1.2791
1860.0000,0.1090,0.1336,0.0780,0.1600,-0.0024,0.5879,1.6218
1865.0000,0.1046,0.1364,0.0749,0.1638,-0.0182,0.8466,2.0613
1870.0000,0.0922,0.1439,0.0680,0.1711,-0.0366,1.2246,2.4346
1875.0000,0.1076,0.1385,0.0653,0.1787,-0.0502,1.7410,2.6533
1880.0000,0.1095,0.1241,0.0921,0.1392,0.0546,2.2059,2.9443
1920.0000,0.1172,0.0804,0.1720,0.0484,3.8034,3.0922,2.3836
1925.0000,0.1014,0.1485,0.0219,0.3812,4.1919,2.6737,2.2462
1930.0000,0.0519,0.2426,-0.1616,0.8359,4.4133,2.2111,2.2411
1935.0000,-0.1048,0.3928,-0.3911,1.4378,4.3609,1.9015,2.1140
1940.0000,0.0364,0.3606,-0.4689,2.0213,4.2212,1.5057,2.3661
1945.0000,-0.0342,0.4213,-0.5571,2.7012,3.7709,1.4776,2.0479
1950.0000,-0.1735,0.4646,-0.5221,3.3224,3.2261,1.5103,1.8478
1955.0000,0.0540,0.2862,-0.2199,3.7537,2.7361,1.4795,1.9124
1960.0000,0.0700,0.2033,0.1620,4.0917,2.1740,1.6522,1.6412
1965.0000,0.1999,0.0497,0.7431,4.2056,1.7430,1.7598,1.5083
1970.0000,0.2008,0.0021,1.4002,4.1371,1.4433,1.8022,1.4490
1975.0000,0.3924,-0.0714,2.1449,3.9004,1.2408,1.8910,1.2220
1980.0000,0.6344,-0.0621,2.9013,3.4948,1.2496,1.7652,1.3182
1985.0000,0.4714,0.3163,3.4218,3.1006,1.2780,1.6705,1.3320
1990.0000,0.6647,0.6591,3.8667,2.6713,1.3499,1.6109,1.2190
1995.0000,0.8632,1.1335,4.1205,2.2667,1.4791,1.4552,1.2758
2000.0000,1.0094,1.7330,4.1429,1.9578,1.5640,1.3425,1.2836
2005.0000,1.2660,2.3198,4.0001,1.7305,1.6197,1.2418,1.3051
2010.0000,1.5217,2.8802,3.7042,1.6037,1.6144,1.1933,1.2698
2015.0000,2.0106,3.2182,3.3913,1.5190,1.5882,1.1643,1.2245
2020.0000,2.2117,3.6176,2.9362,1.5384,1.5056,1.1450,1.2334
2025.0000,2.5182,3.7676,2.5493,1.5653,1.4097,1.1636,1.1643
2030.0000,2.9398,3.6532,2.2859,1.5579,1.3469,1.1566,1.1298
2035.0000,3.1693,3.4639,2.0704,1.5501,1.2885,1.1468,1.1053
2040.0000,3.2911,3.2028,1.9179,1.5303,1.2403,1.1362,1.0772
2045.0000,3.2352,2.9550,1.7943,1.5090,1.1979,1.1199,1.0633
2050.0000,3.1453,2.6814,1.7237,1.4722,1.1656,1.1080,1.0346
2055.0000,3.0020,2.4330,1.6778,1.4277,1.1450,1.0851,1.0286
2060.0000,2.8541,2.2070,1.6511,1.3781,1.1307,1.0625,1.0190
2065.0000,2.6128,2.0555,1.6104,1.3397,1.1092,1.0502,0.9974
2070.0000,2.4175,1.9233,1.5793,1.2981,1.0954,1.0306,0.9911
2075.0000,2.2143,1.8391,1.5350,1.2665,1.0760,1.0190,0.9735
2080.0000,2.0731,1.7592,1.4976,1.2339,1.0600,1.0079,0.9500
2085.0000,1.9387,1.7042,1.4541,1.2059,1.0461,0.9911,0.9409
2090.0000,1.8362,1.6508,1.4149,1.1786,1.0339,0.9745,0.9276
2095.0000,1.7657,1.5945,1.3815,1.1508,1.0250,0.9550,0.9169
2100.0000,1.7036,1.5424,1.3490,1.1261,1.0143,0.9385,0.9020
2105.0000,1.6286,1.5060,1.3114,1.1062,1.0031,0.9184,0.9000
2110.0000,1.5809,1.4636,1.2782,1.0881,0.9892,0.9041,0.8921
2115.0000,1.5276,1.4301,1.2424,1.0744,0.9725,0.8918,0.8879
2120.0000,1.4884,1.3915,1.2117,1.0613,0.9539,0.8854,0.8763
2125.0000,1.4501,1.3538,1.1841,1.0486,0.9355,0.8806,0.8648
2130.0000,1.4059,1.3231,1.1561,1.0371,0.9173,0.8764,0.8544
2135.0000,1.3633,1.2937,1.1310,1.0252,0.9002,0.8736,0.8404
2140.0000,1.3356,1.2577,1.1139,1.0089,0.8890,0.8663,0.8300
2145.0000,1.3071,1.2233,1.0992,0.9922,0.8784,0.8618,0.8099
2150.0000,1.2741,1.1935,1.0863,0.9730,0.8745,0.8464,0.8098
2155.0000,1.2438,1.1661,1.0738,0.9547,0.8704,0.8331,0.8036
2160.0000,1.2152,1.1424,1.0600,0.9385,0.8647,0.8228,0.7913
2165.0000,1.1937,1.1177,1.0479,0.9219,0.8613,0.8082,0.7875
2170.0000,1.1652,1.1006,1.0316,0.9092,0.8548,0.7963,0.7810
2175.0000,1.1392,1.0869,1.0128,0.8993,0.8461,0.7861,0.7748
2180.0000,1.1121,1.0771,0.9911,0.8930,0.8340,0.7797,0.7630
2185.0000,1.0863,1.0674,0.9698,0.8876,0.8212,0.7737,0.7514
2190.0000,1.0783,1.0488,0.9540,0.8805,0.8095,0.7677,0.7378
2195.0000,1.0594,1.0350,0.9375,0.8738,0.7990,0.7579,0.7342
2200.0000,1.0427,1.0185,0.9241,0.8660,0.7891,0.7484,0.7305
2205.0000,1.0334,0.9973,0.9153,0.8563,0.7804,0.7390,0.7274
2210.0000,1.0218,0.9766,0.9079,0.8462,0.7710,0.7322,0.7226
2215.0000,1.0060,0.9588,0.9008,0.8358,0.7623,0.7251,0.7220
2220.0000,0.9888,0.9439,0.8931,0.8260,0.7526,0.7212,0.7190
2225.0000,0.9747,0.9292,0.8862,0.8156,0.7438,0.7181,0.7173
2230.0000,0.9525,0.9218,0.8756,0.8069,0.7340,0.7177,0.7136
2235.0000,0.9409,0.9112,0.8669,0.7971,0.7259,0.7178,0.7090
2240.0000,0.9252,0.9051,0.8556,0.7884,0.7180,0.7194,0.7015
2245.0000,0.9132,0.8969,0.8459,0.7784,0.7131,0.7189,0.6944
2250.0000,0.9073,0.8848,0.8389,0.7664,0.7123,0.7144,0.6891
2255.0000,0.8977,0.8751,0.8300,0.7562,0.7107,0.7124,0.6757
2260.0000,0.8893,0.8642,0.8224,0.7448,0.7133,0.7034,0.6708
2265.0000,0.8800,0.8538,0.8142,0.7345,0.7167,0.6916,0.6671
2270.0000,0.8724,0.8428,0.8051,0.7266,0.7175,0.6823,0.6577
2275.0000,0.8601,0.8354,0.7938,0.7208,0.7182,0.6685,0.6594
2280.0000,0.8504,0.8277,0.7813,0.7181,0.7144,0.6593,0.6553
2285.0000,0.8387,0.8219,0.7672,0.7180,0.7080,0.6506,0.6549
2290.0000,0.8256,0.8171,0.7523,0.7204,0.6971,0.6472,0.6480
2295.0000,0.8212,0.8060,0.7419,0.7216,0.6859,0.6446,0.6422
2300.0000,0.8102,0.7984,0.7313,0.7231,0.6737,0.6429,0.6379
2305.0000,0.8008,0.7879,0.7245,0.7225,0.6622,0.6421,0.6331
2310.0000,0.7946,0.7744,0.7222,0.7189,0.6528,0.6407,0.6288
2315.0000,0.7879,0.7606,0.7222,0.7135,0.6442,0.6415,0.6190
2320.0000,0.7793,0.7483,0.7242,0.7050,0.6398,0.6372,0.6188
2325.0000,0.7702,0.7383,0.7264,0.6953,0.6369,0.6330,0.6165
2330.0000,0.7596,0.7313,0.7276,0.6849,0.6357,0.6276,0.6147
2335.0000,0.7529,0.7251,0.7278,0.6750,0.6340,0.6243,0.6089
2340.0000,0.7444,0.7222,0.7256,0.6653,0.6341,0.6174,0.6101
2345.0000,0.7368,0.7215,0.7205,0.6577,0.6324,0.6132,0.6076
2350.0000,0.7298,0.7225,0.7126,0.6520,0.6298,0.6098,0.6049
2355.0000,0.7207,0.7256,0.7019,0.6484,0.6256,0.6079,0.6002
2360.0000,0.7221,0.7225,0.6933,0.6445,0.6219,0.6058,0.5946
2365.0000,0.7173,0.7219,0.6824,0.6424,0.6173,0.6043,0.5875
2370.0000,0.7133,0.7185,0.6733,0.6397,0.6139,0.6006,0.5825
2375.0000,0.7151,0.7095,0.6678,0.6352,0.6130,0.5930,0.5824
2380.0000,0.7122,0.7015,0.6617,0.6321,0.6097,0.5890,0.5775
2385.0000,0.7082,0.6926,0.6572,0.6282,0.6080,0.5816,0.5806
2390.0000,0.7023,0.6845,0.6526,0.6252,0.6044,0.5767,0.5825
2395.0000,0.6963,0.6767,0.6483,0.6227,0.5996,0.5737,0.5856
2400.0000,0.6869,0.6718,0.6426,0.6215,0.5926,0.5748,0.5842
2405.0000,0.6811,0.6656,0.6382,0.6199,0.5853,0.5782,0.5808
2410.0000,0.6736,0.6611,0.6338,0.6179,0.5788,0.5814,0.5781
2415.0000,0.6668,0.6566,0.6301,0.6152,0.5731,0.5861,0.5697
2420.0000,0.6630,0.6499,0.6291,0.6097,0.5719,0.5859,0.5658
2425.0000,0.6570,0.6456,0.6269,0.6048,0.5702,0.5880,0.5526
2430.0000,0.6520,0.6405,0.6263,0.5975,0.5737,0.5818,0.5521
2435.0000,0.6497,0.6344,0.6266,0.5895,0.5793,0.5720,0.5536
2440.0000,0.6452,0.6302,0.6245,0.5839,0.5818,0.5663,0.5466
2445.0000,0.6425,0.6255,0.6227,0.5781,0.5863,0.5544,0.5551
2450.0000,0.6376,0.6238,0.6175,0.5759,0.5861,0.5474,0.5578
2455.0000,0.6325,0.6234,0.6100,0.5768,0.5818,0.5449,0.5584
2460.0000,0.6259,0.6245,0.6011,0.5790,0.5761,0.5423,0.5648
2465.0000,0.6152,0.6282,0.5897,0.5842,0.5653,0.5480,0.5605
2470.0000,0.6191,0.6231,0.5838,0.5867,0.5564,0.5532,0.5585
2475.0000,0.6140,0.6216,0.5773,0.5892,0.5476,0.5592,0.5562
2480.0000,0.6104,0.6167,0.5746,0.5886,0.5418,0.5642,0.5532
2485.0000,0.6132,0.6060,0.5776,0.5838,0.5409,0.5658,0.5515
2490.0000,0.6122,0.5965,0.5813,0.5781,0.5406,0.5695,0.5418
2495.0000,0.6151,0.5843,0.5886,0.5684,0.5467,0.5647,0.5428
2500.0000,0.6053,0.5801,0.5922,0.5601,0.5533,0.5584,0.5431
2505.0000,0.6013,0.5756,0.5949,0.5529,0.5587,0.5543,0.5372
2510.0000,0.5943,0.5762,0.5935,0.5477,0.5642,0.5466,0.5374
2515.0000,0.5883,0.5791,0.5889,0.5454,0.5672,0.5397,0.5368
2520.0000,0.5827,0.5842,0.5809,0.5463,0.5671,0.5341,0.5366
2525.0000,0.5757,0.5908,0.5704,0.5500,0.5639,0.5303,0.5366
2530.0000,0.5807,0.5898,0.5631,0.5536,0.5593,0.5280,0.5362
2535.0000,0.5791,0.5910,0.5544,0.5587,0.5525,0.5270,0.5385
2540.0000,0.5772,0.5898,0.5477,0.5636,0.5440,0.5297,0.5362
2545.0000,0.5812,0.5823,0.5460,0.5659,0.5367,0.5327,0.5337
2550.0000,0.5805,0.5755,0.5461,0.5667,0.5302,0.5362,0.5304
2555.0000,0.5790,0.5678,0.5489,0.5649,0.5259,0.5391,0.5263
2560.0000,0.5784,0.5595,0.5540,0.5606,0.5246,0.5395,0.5230
2565.0000,0.5728,0.5546,0.5583,0.5559,0.5235,0.5420,0.5112
2570.0000,0.5695,0.5498,0.5640,0.5484,0.5277,0.5359,0.5140
2575.0000,0.5651,0.5483,0.5676,0.5416,0.5318,0.5299,0.5131
2580.0000,0.5601,0.5495,0.5687,0.5358,0.5359,0.5226,0.5127
2585.0000,0.5572,0.5521,0.5671,0.5322,0.5376,0.5173,0.5096
2590.0000,0.5536,0.5563,0.5632,0.5301,0.5388,0.5101,0.5123
2595.0000,0.5548,0.5588,0.5582,0.5299,0.5370,0.5060,0.5126
2600.0000,0.5537,0.5625,0.5513,0.5314,0.5334,0.5024,0.5164
2605.0000,0.5497,0.5670,0.5427,0.5351,0.5262,0.5038,0.5152
2610.0000,0.5556,0.5645,0.5377,0.5376,0.5188,0.5068,0.5132
2615.0000,0.5549,0.5636,0.5327,0.5397,0.5118,0.5097,0.5133
2620.0000,0.5527,0.5613,0.5295,0.5406,0.5054,0.5139,0.5112
2625.0000,0.5561,0.5541,0.5307,0.5382,0.5023,0.5159,0.5107
2630.0000,0.5556,0.5479,0.5325,0.5350,0.4998,0.5198,0.5054
2635.0000,0.5556,0.5405,0.5366,0.5290,0.5016,0.5185,0.5070
2640.0000,0.5509,0.5365,0.5397,0.5227,0.5048,0.5160,0.5091
2645.0000,0.5495,0.5317,0.5428,0.5166,0.5076,0.5157,0.5056
2650.0000,0.5459,0.5301,0.5439,0.5108,0.5121,0.5115,0.5102
2655.0000,0.5408,0.5316,0.5419,0.5074,0.5148,0.5094,0.5113
2660.0000,0.5375,0.5339,0.5378,0.5057,0.5162,0.5082,0.5121
2665.0000,0.5324,0.5383,0.5312,0.5063,0.5157,0.5084,0.5117
2670.0000,0.5344,0.5386,0.5258,0.5071,0.5149,0.5092,0.5099
2675.0000,0.5325,0.5408,0.5187,0.5095,0.5129,0.5104,0.5078
2680.0000,0.5311,0.5409,0.5128,0.5119,0.5110,0.5117,0.5045
2685.0000,0.5299,0.5387,0.5090,0.5135,0.5099,0.5116,0.5019
2690.0000,0.5335,0.5325,0.5079,0.5141,0.5089,0.5123,0.4946
2695.0000,0.5330,0.5267,0.5083,0.5134,0.5105,0.5078,0.4976
2700.0000,0.5322,0.5208,0.5097,0.5123,0.5118,0.5036,0.4990
2705.0000,0.5286,0.5167,0.5107,0.5117,0.5123,0.5001,0.4997
2710.0000,0.5265,0.5125,0.5121,0.5113,0.5117,0.4977,0.5000
2715.0000,0.5209,0.5118,0.5119,0.5118,0.5098,0.4965,0.4999
2720.0000,0.5179,0.5111,0.5118,0.5125,0.5072,0.4963,0.4995
2725.0000,0.5141,0.5123,0.5106,0.5135,0.5039,0.4968,0.4997
2730.0000,0.5096,0.5143,0.5092,0.5144,0.5006,0.4975,0.5009
2735.0000,0.5117,0.5130,0.5099,0.5139,0.4982,0.4981,0.5029
2740.0000,0.5105,0.5138,0.5095,0.5137,0.4952,0.5006,0.5033
2745.0000,0.5106,0.5132,0.5103,0.5123,0.4937,0.5022,0.5061
2750.0000,0.5120,0.5117,0.5118,0.5101,0.4927,0.5051,0.5065
2755.0000,0.5126,0.5105,0.5132,0.5076,0.4923,0.5084,0.5051
2760.0000,0.5131,0.5093,0.5147,0.5044,0.4936,0.5105,0.5044
2765.0000,0.5123,0.5090,0.5157,0.5008,0.4967,0.5103,0.5055
2770.0000,0.5120,0.5092,0.5156,0.4982,0.4989,0.5120,0.5015
2775.0000,0.5110,0.5099,0.5152,0.4949,0.5042,0.5074,0.5110
2780.0000,0.5111,0.5102,0.5144,0.4920,0.5103,0.5006,0.5282
2785.0000,0.5105,0.5119,0.5109,0.4924,0.5118,0.5003,0.5435
2790.0000,0.5093,0.5131,0.5079,0.4921,0.5160,0.4930,0.5945
2795.0000,0.5108,0.5129,0.5041,0.4944,0.5153,0.4952,0.6586
2800.0000,0.5100,0.5141,0.4983,0.4998,0.5086,0.5115,0.7392
2805.0000,0.5094,0.5134,0.4947,0.5035,0.5046,0.5297,0.8852
2810.0000,0.5025,0.5178,0.4848,0.5163,0.4820,0.5966,1.0159
2815.0000,0.5072,0.5143,0.4818,0.5233,0.4668,0.6779,1.2022
2820.0000,0.4984,0.5229,0.4660,0.5457,0.4204,0.8617,1.2012
2825.0000,0.4881,0.5267,0.4604,0.5550,0.3992,1.0511,1.1953
2830.0000,0.5019,0.5118,0.4752,0.5415,0.4227,1.2219,1.1691
2835.0000,0.5029,0.4997,0.4968,0.5135,0.4886,1.3704,1.0774
2840.0000,0.5258,0.4655,0.5459,0.4515,0.6382,1.4064,1.0787
2845.0000,0.5130,0.4504,0.5879,0.3869,0.8303,1.3750,1.0851
2850.0000,0.5260,0.4354,0.6114,0.3518,1.0005,1.3677,0.9607
2855.0000,0.5597,0.4132,0.6363,0.3168,1.2163,1.2301,1.0103
2860.0000,0.5106,0.4520,0.6030,0.3435,1.3740,1.1112,1.0075
2865.0000,0.5063,0.4795,0.5546,0.4104,1.4875,0.9878,1.0163
2870.0000,0.4766,0.5363,0.4666,0.5388,1.5166,0.9190,0.9318
2875.0000,0.4893,0.5698,0.3813,0.6987,1.4874,0.8710,0.8346
2880.0000,0.4517,0.6259,0.2930,0.8750,1.4295,0.7911,0.8213
2885.0000,0.4148,0.6602,0.2311,1.0569,1.3223,0.7499,0.7648
2890.0000,0.4908,0.6078,0.2476,1.2017,1.2097,0.7043,0.7503
2895.0000,0.4730,0.5943,0.2783,1.3336,1.0725,0.6797,0.7595
2900.0000,0.4967,0.5332,0.3786,1.4145,0.9428,0.6671,0.7928
2905.0000,0.5143,0.4674,0.5238,1.4494,0.8215,0.6760,0.8420
2910.0000,0.5412,0.3992,0.7076,1.4343,0.7200,0.7029,0.9105
2915.0000,0.6109,0.3302,0.9163,1.3747,0.6395,0.7602,0.9530
2920.0000,0.5291,0.3867,1.0673,1.3102,0.5627,0.8522,0.9708
2925.0000,0.5490,0.4253,1.2297,1.2030,0.5346,0.9348,0.9950
2930.0000,0.5461,0.5348,1.3359,1.0924,0.5335,1.0147,1.0262
2935.0000,0.4939,0.7116,1.3791,0.9869,0.5604,1.0829,1.0605
2940.0000,0.5843,0.8471,1.4036,0.8791,0.6094,1.1638,1.0198
2945.0000,0.6609,0.9857,1.3936,0.7720,0.7051,1.1780,1.0925
2950.0000,0.7953,1.0742,1.3712,0.6721,0.8222,1.1756,1.1507
2955.0000,0.9032,1.1509,1.3138,0.6025,0.9330,1.1802,1.1704
2960.0000,1.0164,1.1916,1.2403,0.5585,1.0409,1.1768,1.1805
2965.0000,1.0995,1.2209,1.1414,0.5504,1.1325,1.1708,1.1799
2970.0000,1.1337,1.2488,1.0178,0.5817,1.1989,1.1677,1.1659
2975.0000,1.1320,1.2732,0.8813,0.6441,1.2465,1.1521,1.1683
2980.0000,1.0748,1.3012,0.7343,0.7414,1.2548,1.1629,1.1138
2985.0000,1.1415,1.2305,0.6492,0.8264,1.2697,1.1458,1.0837
2990.0000,1.1189,1.1760,0.5720,0.9250,1.2631,1.1291,1.0493
2995.0000,1.1150,1.0744,0.5496,1.0070,1.2570,1.0985,1.0267
3000.0000,1.0921,0.9638,0.5633,1.0777,1.2441,1.0643,1.0056
3005.0000,1.0791,0.8340,0.6211,1.1283,1.2297,1.0267,0.9878
3010.0000,1.0251,0.7406,0.6887,1.1718,1.2055,0.9906,0.9799
3015.0000,0.9240,0.7010,0.7503,1.2148,1.1633,0.9720,0.9580
3020.0000,0.8560,0.6754,0.8244,1.2417,1.1223,0.9506,0.9518
3025.0000,0.8089,0.6723,0.8989,1.2591,1.0743,0.9440,0.9255
3030.0000,0.7659,0.6967,0.9680,1.2656,1.0283,0.9378,0.9076
3035.0000,0.7399,0.7412,1.0294,1.2625,0.9836,0.9375,0.8829
3040.0000,0.7359,0.7926,1.0881,1.2453,0.9494,0.9309,0.8699
3045.0000,0.7654,0.8376,1.1476,1.2129,0.9288,0.9159,0.8671
3050.0000,0.8072,0.8823,1.1991,1.1742,0.9107,0.9110,0.8424
3055.0000,0.8539,0.9289,1.2406,1.1283,0.9052,0.8926,0.8427
3060.0000,0.8969,0.9815,1.2650,1.0833,0.9026,0.8744,0.8407
3065.0000,0.9333,1.0391,1.2702,1.0441,0.8974,0.8629,0.8283
3070.0000,0.9795,1.0881,1.2642,1.0068,0.8964,0.8450,0.8321
3075.0000,1.0052,1.1432,1.2376,0.9804,0.8889,0.8350,0.8270
3080.0000,1.0558,1.1767,1.2076,0.9573,0.8811,0.8269,0.8209
3085.0000,1.0785,1.2141,1.1627,0.9439,0.8687,0.8215,0.8168
3090.0000,1.1152,1.2259,1.1226,0.9310,0.8573,0.8176,0.8102
3095.0000,1.1530,1.2182,1.0879,0.9183,0.8474,0.8138,0.8040
3100.0000,1.1616,1.2121,1.0491,0.9105,0.8352,0.8125,0.7963
3105.0000,1.1760,1.1870,1.0210,0.8994,0.8277,0.8078,0.7928
3110.0000,1.1781,1.1559,0.9979,0.8878,0.8222,0.8017,0.7911
3115.0000,1.1744,1.1190,0.9805,0.8757,0.8172,0.7978,0.7860
3120.0000,1.1493,1.0916,0.9607,0.8664,0.8118,0.7938,0.7830
3125.0000,1.1264,1.0633,0.9439,0.8573,0.8068,0.7905,0.7780
3130.0000,1.1047,1.0344,0.9301,0.8483,0.8024,0.7879,0.7705
3135.0000,1.0750,1.0124,0.9155,0.8405,0.7990,0.7826,0.7689
3140.0000,1.0509,0.9902,0.9030,0.8329,0.7960,0.7776,0.7660
3145.0000,1.0248,0.9730,0.8893,0.8276,0.7911,0.7752,0.7588
3150.0000,1.0063,0.9527,0.8798,0.8205,0.7894,0.7681,0.7605
3155.0000,0.9859,0.9357,0.8699,0.8150,0.7858,0.7639,0.7581
3160.0000,0.9647,0.9226,0.8591,0.8112,0.7808,0.7615,0.7540
3165.0000,0.9453,0.9105,0.8493,0.8076,0.7759,0.7590,0.7505
3170.0000,0.9320,0.8964,0.8421,0.8031,0.7722,0.7555,0.7483
3175.0000,0.9175,0.8849,0.8346,0.7995,0.7673,0.7542,0.7429
3180.0000,0.9031,0.8745,0.8281,0.7955,0.7636,0.7508,0.7422
3185.0000,0.8904,0.8645,0.8226,0.7912,0.7606,0.7471,0.7424
3190.0000,0.8813,0.8540,0.8180,0.7871,0.7565,0.7462,0.7379
3195.0000,0.8692,0.8466,0.8129,0.7831,0.7536,0.7431,0.7400
3200.0000,0.8572,0.8405,0.8075,0.7796,0.7496,0.7425,0.7375
3205.0000,0.8514,0.8323,0.8039,0.7754,0.7467,0.7419,0.7343
3210.0000,0.8436,0.8260,0.7997,0.7715,0.7436,0.7421,0.7287
3215.0000,0.8352,0.8204,0.7960,0.7670,0.7425,0.7392,0.7273
3220.0000,0.8302,0.8138,0.7932,0.7620,0.7423,0.7356,0.7255
3225.0000,0.8237,0.8091,0.7890,0.7584,0.7408,0.7340,0.7197
3230.0000,0.8166,0.8051,0.7849,0.7545,0.7409,0.7288,0.7203
3235.0000,0.8127,0.8000,0.7813,0.7509,0.7407,0.7240,0.7202
3240.0000,0.8059,0.7977,0.7756,0.7493,0.7383,0.7215,0.7181
3245.0000,0.8002,0.7948,0.7703,0.7478,0.7357,0.7187,0.7174
3250.0000,0.7982,0.7896,0.7662,0.7464,0.7326,0.7171,0.7155
3255.0000,0.7945,0.7852,0.7620,0.7454,0.7288,0.7164,0.7128
3260.0000,0.7892,0.7815,0.7579,0.7445,0.7250,0.7156,0.7105
3265.0000,0.7863,0.7764,0.7552,0.7428,0.7218,0.7147,0.7080
3270.0000,0.7807,0.7736,0.7514,0.7419,0.7176,0.7155,0.7018
3275.0000,0.7752,0.7704,0.7489,0.7397,0.7155,0.7133,0.7006
3280.0000,0.7737,0.7646,0.7488,0.7358,0.7155,0.7086,0.7026
3285.0000,0.7698,0.7609,0.7473,0.7331,0.7133,0.7077,0.6985
3290.0000,0.7682,0.7557,0.7474,0.7291,0.7134,0.7033,0.7025
3295.0000,0.7641,0.7523,0.7463,0.7259,0.7122,0.7010,0.7037
3300.0000,0.7608,0.7495,0.7447,0.7233,0.7101,0.7004,0.7039
3305.0000,0.7557,0.7489,0.7415,0.7217,0.7071,0.7011,0.7028
3310.0000,0.7476,0.7506,0.7367,0.7210,0.7036,0.7029,0.7007
3315.0000,0.7491,0.7479,0.7340,0.7194,0.7008,0.7053,0.6955
3320.0000,0.7448,0.7481,0.7301,0.7178,0.6995,0.7047,0.6969
3325.0000,0.7425,0.7462,0.7275,0.7155,0.6992,0.7036,0.6979
3330.0000,0.7444,0.7415,0.7268,0.7121,0.7001,0.7016,0.6992
3335.0000,0.7437,0.7377,0.7253,0.7096,0.7000,0.7019,0.6971
3340.0000,0.7420,0.7338,0.7243,0.7066,0.7013,0.6996,0.6998
3345.0000,0.7396,0.7306,0.7228,0.7043,0.7019,0.6986,0.7008
3350.0000,0.7366,0.7283,0.7205,0.7030,0.7017,0.6988,0.7008
3355.0000,0.7318,0.7276,0.7172,0.7024,0.7012,0.6990,0.7019
3360.0000,0.7305,0.7254,0.7145,0.7021,0.7002,0.7004,0.7009
3365.0000,0.7264,0.7253,0.7105,0.7027,0.6987,0.7024,0.6988
3370.0000,0.7222,0.7250,0.7068,0.7034,0.6973,0.7045,0.6947
3375.0000,0.7233,0.7213,0.7056,0.7028,0.6974,0.7051,0.6896
3380.0000,0.7207,0.7196,0.7034,0.7029,0.6969,0.7066,0.6787
3385.0000,0.7194,0.7159,0.7038,0.7008,0.7006,0.7003,0.6796
3390.0000,0.7186,0.7116,0.7049,0.6984,0.7045,0.6926,0.6802
3395.0000,0.7173,0.7082,0.7051,0.6976,0.7058,0.6880,0.6750
3400.0000,0.7161,0.7051,0.7057,0.6964,0.7081,0.6787,0.6817
3405.0000,0.7125,0.7044,0.7042,0.6976,0.7065,0.6737,0.6843
3410.0000,0.7093,0.7048,0.7019,0.6998,0.7027,0.6703,0.6897
3415.0000,0.7041,0.7077,0.6975,0.7040,0.6951,0.6726,0.6885
3420.0000,0.6966,0.7118,0.6926,0.7087,0.6856,0.6784,0.6845
3425.0000,0.7026,0.7084,0.6927,0.7100,0.6788,0.6826,0.6828
3430.0000,0.7013,0.7078,0.6926,0.7105,0.6729,0.6870,0.6813
3435.0000,0.7007,0.7055,0.6949,0.7082,0.6704,0.6887,0.6829
3440.0000,0.7038,0.7011,0.6988,0.7045,0.6681,0.6939,0.6752
3445.0000,0.7045,0.6971,0.7041,0.6980,0.6711,0.6916,0.6820
3450.0000,0.7049,0.6943,0.7086,0.6913,0.6747,0.6906,0.6837
3455.0000,0.7024,0.6941,0.7111,0.6855,0.6783,0.6903,0.6822
3460.0000,0.7029,0.6936,0.7125,0.6802,0.6820,0.6902,0.6776
3465.0000,0.7012,0.6956,0.7116,0.6759,0.6867,0.6869,0.6769
3470.0000,0.6998,0.6986,0.7084,0.6734,0.6906,0.6834,0.6750
3475.0000,0.6979,0.7030,0.7024,0.6735,0.6924,0.6809,0.6707
3480.0000,0.6919,0.7094,0.6942,0.6755,0.6932,0.6765,0.6703
3485.0000,0.6982,0.7084,0.6890,0.6771,0.6939,0.6713,0.6712
3490.0000,0.6969,0.7105,0.6814,0.6814,0.6912,0.6687,0.6707
3495.0000,0.6976,0.7087,0.6765,0.6851,0.6879,0.6663,0.6721
3500.0000,0.7014,0.7029,0.6745,0.6881,0.6839,0.6651,0.6736
3505.0000,0.7021,0.6970,0.6738,0.6906,0.6790,0.6654,0.6758
3510.0000,0.7012,0.6909,0.6747,0.6922,0.6739,0.6673,0.6775
3515.0000,0.6976,0.6864,0.6762,0.6932,0.6685,0.6711,0.6779
3520.0000,0.6933,0.6835,0.6781,0.6932,0.6636,0.6761,0.6769
3525.0000,0.6877,0.6825,0.6801,0.6919,0.6602,0.6810,0.6754
3530.0000,0.6864,0.6798,0.6842,0.6882,0.6601,0.6834,0.6751
3535.0000,0.6837,0.6796,0.6869,0.6847,0.6599,0.6884,0.6671
3540.0000,0.6836,0.6782,0.6911,0.6786,0.6645,0.6866,0.6691
3545.0000,0.6864,0.6759,0.6955,0.6718,0.6712,0.6823,0.6716
3550.0000,0.6839,0.6776,0.6961,0.6676,0.6753,0.6815,0.6658
3555.0000,0.6838,0.6791,0.6960,0.6636,0.6815,0.6754,0.6708
3560.0000,0.6791,0.6844,0.6917,0.6629,0.6845,0.6720,0.6710
3565.0000,0.6813,0.6870,0.6870,0.6636,0.6859,0.6694,0.6701
3570.0000,0.6790,0.6922,0.6796,0.6668,0.6852,0.6674,0.6704
3575.0000,0.6767,0.6959,0.6722,0.6712,0.6825,0.6670,0.6693
3580.0000,0.6835,0.6932,0.6682,0.6747,0.6796,0.6669,0.6680
3585.0000,0.6828,0.6928,0.6635,0.6791,0.6754,0.6677,0.6662
3590.0000,0.6832,0.6893,0.6618,0.6820,0.6720,0.6679,0.6655
3595.0000,0.6858,0.6830,0.6632,0.6830,0.6697,0.6675,0.6654
3600.0000,0.6843,0.6784,0.6649,0.6838,0.6666,0.6690,0.6623
3605.0000,0.6838,0.6728,0.6691,0.6821,0.6665,0.6664,0.6673
3610.0000,0.6808,0.6692,0.6730,0.6803,0.6659,0.6656,0.6701
3615.0000,0.6786,0.6666,0.6767,0.6782,0.6648,0.6667,0.6713
3620.0000,0.6754,0.6664,0.6792,0.6763,0.6637,0.6685,0.6719
3625.0000,0.6729,0.6675,0.6808,0.6743,0.6629,0.6708,0.6717
3630.0000,0.6709,0.6699,0.6812,0.6727,0.6621,0.6742,0.6690
3635.0000,0.6677,0.6738,0.6804,0.6709,0.6629,0.6747,0.6712
3640.0000,0.6705,0.6748,0.6807,0.6683,0.6651,0.6744,0.6734
3645.0000,0.6708,0.6775,0.6788,0.6673,0.6656,0.6768,0.6706
