150.0000,0.5388,0.5405,0.5316,0.5252,0.5285,0.5243,0.5215
155.0000,0.5396,0.5388,0.5301,0.5253,0.5287,0.5230,0.5211
160.0000,0.5383,0.5381,0.5279,0.5263,0.5277,0.5228,0.5189
165.0000,0.5366,0.5371,0.5263,0.5271,0.5272,0.5213,0.5196
170.0000,0.5369,0.5347,0.5257,0.5275,0.5264,0.5202,0.5194
175.0000,0.5355,0.5334,0.5247,0.5285,0.5246,0.5204,0.5175
180.0000,0.5338,0.5320,0.5244,0.5289,0.5234,0.5196,0.5180
185.0000,0.5334,0.5297,0.5250,0.5288,0.5224,0.5188,0.5185
190.0000,0.5318,0.5286,0.5252,0.5290,0.5206,0.5195,0.5167
195.0000,0.5302,0.5277,0.5257,0.5285,0.5196,0.5190,0.5178
200.0000,0.5279,0.5274,0.5262,0.5279,0.5187,0.5188,0.5184
205.0000,0.5284,0.5262,0.5272,0.5270,0.5174,0.5201,0.5160
210.0000,0.5274,0.5260,0.5279,0.5258,0.5173,0.5195,0.5179
215.0000,0.5254,0.5267,0.5280,0.5246,0.5170,0.5196,0.5185
220.0000,0.5266,0.5262,0.5284,0.5235,0.5164,0.5210,0.5157
225.0000,0.5259,0.5268,0.5283,0.5221,0.5169,0.5203,0.5174
230.0000,0.5250,0.5275,0.5278,0.5209,0.5174,0.5201,0.5177
235.0000,0.5265,0.5271,0.5276,0.5196,0.5182,0.5196,0.5176
240.0000,0.5259,0.5279,0.5263,0.5191,0.5182,0.5202,0.5154
245.0000,0.5252,0.5283,0.5251,0.5184,0.5190,0.5191,0.5159
250.0000,0.5268,0.5274,0.5245,0.5177,0.5198,0.5181,0.5155
255.0000,0.5264,0.5275,0.5229,0.5179,0.5197,0.5180,0.5133
260.0000,0.5251,0.5277,0.5214,0.5180,0.5199,0.5167,0.5131
265.0000,0.5264,0.5261,0.5208,0.5179,0.5203,0.5151,0.5130
270.0000,0.5256,0.5257,0.5194,0.5186,0.5196,0.5147,0.5112
275.0000,0.5244,0.5252,0.5183,0.5192,0.5191,0.5133,0.5113
280.0000,0.5249,0.5236,0.5181,0.5195,0.5184,0.5121,0.5111
285.0000,0.5238,0.5230,0.5172,0.5203,0.5167,0.5121,0.5091
290.0000,0.5223,0.5223,0.5170,0.5207,0.5157,0.5109,0.5101
295.0000,0.5226,0.5207,0.5175,0.5206,0.5146,0.5102,0.5103
300.0000,0.5216,0.5201,0.5175,0.5208,0.5127,0.5109,0.5088
305.0000,0.5204,0.5197,0.5179,0.5205,0.5115,0.5105,0.5097
310.0000,0.5205,0.5185,0.5188,0.5196,0.5107,0.5102,0.5105
315.0000,0.5197,0.5184,0.5192,0.5190,0.5093,0.5114,0.5089
320.0000,0.5188,0.5184,0.5197,0.5179,0.5088,0.5113,0.5104
325.0000,0.5171,0.5190,0.5198,0.5168,0.5084,0.5115,0.5111
330.0000,0.5186,0.5184,0.5203,0.5156,0.5078,0.5131,0.5087
335.0000,0.5181,0.5188,0.5203,0.5141,0.5084,0.5127,0.5106
340.0000,0.5173,0.5194,0.5199,0.5128,0.5088,0.5127,0.5112
345.0000,0.5186,0.5191,0.5194,0.5118,0.5089,0.5141,0.5084
350.0000,0.5181,0.5196,0.5186,0.5107,0.5100,0.5132,0.5102
355.0000,0.5173,0.5202,0.5174,0.5099,0.5109,0.5127,0.5107
360.0000,0.5188,0.5193,0.5166,0.5092,0.5120,0.5120,0.5108
365.0000,0.5180,0.5197,0.5149,0.5094,0.5121,0.5125,0.5091
370.0000,0.5170,0.5197,0.5134,0.5094,0.5128,0.5113,0.5101
375.0000,0.5183,0.5182,0.5126,0.5094,0.5133,0.5106,0.5102
380.0000,0.5176,0.5178,0.5111,0.5102,0.5129,0.5108,0.5090
385.0000,0.5160,0.5175,0.5098,0.5110,0.5126,0.5102,0.5093
390.0000,0.5169,0.5156,0.5096,0.5114,0.5125,0.5096,0.5097
395.0000,0.5157,0.5149,0.5088,0.5123,0.5115,0.5100,0.5086
400.0000,0.5143,0.5142,0.5085,0.5129,0.5110,0.5097,0.5093
405.0000,0.5145,0.5125,0.5090,0.5130,0.5105,0.5095,0.5097
410.0000,0.5134,0.5119,0.5090,0.5135,0.5093,0.5106,0.5081
415.0000,0.5122,0.5113,0.5096,0.5134,0.5091,0.5102,0.5094
420.0000,0.5122,0.5101,0.5106,0.5129,0.5090,0.5101,0.5101
425.0000,0.5114,0.5100,0.5111,0.5128,0.5082,0.5113,0.5085
430.0000,0.5104,0.5101,0.5116,0.5122,0.5084,0.5110,0.5100
435.0000,0.5107,0.5096,0.5125,0.5114,0.5089,0.5108,0.5110
440.0000,0.5103,0.5101,0.5126,0.5111,0.5085,0.5120,0.5096
445.0000,0.5097,0.5108,0.5127,0.5106,0.5089,0.5119,0.5109
450.0000,0.5081,0.5121,0.5122,0.5103,0.5093,0.5120,0.5117
455.0000,0.5102,0.5117,0.5123,0.5100,0.5092,0.5134,0.5095
460.0000,0.5101,0.5123,0.5119,0.5096,0.5100,0.5127,0.5118
465.0000,0.5095,0.5130,0.5113,0.5095,0.5106,0.5127,0.5129
470.0000,0.5112,0.5124,0.5110,0.5095,0.5105,0.5140,0.5109
475.0000,0.5108,0.5128,0.5104,0.5096,0.5112,0.5136,0.5131
480.0000,0.5102,0.5130,0.5098,0.5098,0.5116,0.5137,0.5140
485.0000,0.5117,0.5120,0.5098,0.5097,0.5122,0.5138,0.5146
490.0000,0.5110,0.5121,0.5091,0.5104,0.5120,0.5150,0.5137
495.0000,0.5101,0.5122,0.5087,0.5107,0.5125,0.5149,0.5147
500.0000,0.5113,0.5110,0.5091,0.5108,0.5132,0.5149,0.5154
505.0000,0.5107,0.5109,0.5088,0.5114,0.5130,0.5161,0.5143
510.0000,0.5096,0.5110,0.5087,0.5117,0.5135,0.5159,0.5155
515.0000,0.5106,0.5099,0.5094,0.5117,0.5143,0.5157,0.5163
520.0000,0.5100,0.5099,0.5094,0.5123,0.5142,0.5167,0.5154
525.0000,0.5091,0.5101,0.5095,0.5127,0.5147,0.5166,0.5168
530.0000,0.5098,0.5095,0.5102,0.5128,0.5153,0.5166,0.5179
535.0000,0.5094,0.5099,0.5101,0.5135,0.5150,0.5179,0.5168
540.0000,0.5088,0.5102,0.5103,0.5139,0.5154,0.5179,0.5184
545.0000,0.5097,0.5098,0.5111,0.5140,0.5159,0.5181,0.5195
550.0000,0.5094,0.5103,0.5111,0.5147,0.5155,0.5197,0.5183
555.0000,0.5086,0.5111,0.5112,0.5151,0.5159,0.5200,0.5199
560.0000,0.5099,0.5106,0.5120,0.5151,0.5166,0.5203,0.5209
565.0000,0.5100,0.5111,0.5122,0.5156,0.5165,0.5219,0.5194
570.0000,0.5099,0.5115,0.5126,0.5157,0.5173,0.5221,0.5206
575.0000,0.5089,0.5123,0.5128,0.5159,0.5180,0.5224,0.5212
580.0000,0.5109,0.5119,0.5135,0.5162,0.5184,0.5239,0.5185
585.0000,0.5108,0.5123,0.5140,0.5161,0.5197,0.5231,0.5206
590.0000,0.5103,0.5130,0.5142,0.5164,0.5207,0.5226,0.5214
595.0000,0.5118,0.5127,0.5149,0.5165,0.5218,0.5221,0.5220
600.0000,0.5115,0.5137,0.5146,0.5174,0.5219,0.5227,0.5209
605.0000,0.5110,0.5145,0.5146,0.5180,0.5226,0.5220,0.5221
610.0000,0.5128,0.5142,0.5151,0.5185,0.5230,0.5217,0.5226
615.0000,0.5125,0.5151,0.5147,0.5197,0.5225,0.5224,0.5219
620.0000,0.5120,0.5159,0.5147,0.5206,0.5225,0.5222,0.5231
625.0000,0.5139,0.5152,0.5155,0.5211,0.5225,0.5222,0.5238
630.0000,0.5139,0.5157,0.5157,0.5221,0.5217,0.5234,0.5233
635.0000,0.5130,0.5165,0.5160,0.5227,0.5215,0.5237,0.5246
640.0000,0.5148,0.5157,0.5173,0.5227,0.5216,0.5240,0.5258
645.0000,0.5149,0.5161,0.5180,0.5231,0.5211,0.5255,0.5253
650.0000,0.5148,0.5165,0.5189,0.5231,0.5214,0.5259,0.5272
655.0000,0.5159,0.5163,0.5202,0.5227,0.5220,0.5264,0.5289
660.0000,0.5159,0.5171,0.5206,0.5228,0.5218,0.5284,0.5283
665.0000,0.5159,0.5178,0.5213,0.5224,0.5227,0.5289,0.5307
670.0000,0.5170,0.5180,0.5222,0.5220,0.5237,0.5297,0.5323
675.0000,0.5173,0.5190,0.5222,0.5222,0.5239,0.5320,0.5316
680.0000,0.5168,0.5203,0.5220,0.5222,0.5251,0.5327,0.5341
685.0000,0.5185,0.5203,0.5225,0.5219,0.5266,0.5335,0.5361
690.0000,0.5188,0.5213,0.5220,0.5225,0.5272,0.5358,0.5355
695.0000,0.5190,0.5219,0.5218,0.5228,0.5287,0.5365,0.5380
700.0000,0.5181,0.5230,0.5213,0.5233,0.5301,0.5375,0.5400
705.0000,0.5205,0.5223,0.5215,0.5240,0.5310,0.5399,0.5389
710.0000,0.5205,0.5225,0.5214,0.5246,0.5327,0.5405,0.5417
715.0000,0.5200,0.5230,0.5212,0.5256,0.5342,0.5415,0.5433
720.0000,0.5215,0.5222,0.5217,0.5263,0.5358,0.5426,0.5444
725.0000,0.5210,0.5227,0.5214,0.5278,0.5367,0.5446,0.5438
730.0000,0.5203,0.5231,0.5216,0.5290,0.5383,0.5452,0.5452
735.0000,0.5218,0.5222,0.5227,0.5298,0.5402,0.5456,0.5461
740.0000,0.5216,0.5225,0.5230,0.5314,0.5411,0.5471,0.5449
745.0000,0.5208,0.5231,0.5236,0.5326,0.5429,0.5469,0.5467
750.0000,0.5222,0.5225,0.5250,0.5337,0.5445,0.5467,0.5477
755.0000,0.5221,0.5231,0.5256,0.5354,0.5452,0.5477,0.5471
760.0000,0.5213,0.5242,0.5264,0.5370,0.5462,0.5475,0.5489
765.0000,0.5229,0.5240,0.5279,0.5383,0.5471,0.5474,0.5504
770.0000,0.5230,0.5251,0.5287,0.5402,0.5470,0.5486,0.5505
775.0000,0.5228,0.5263,0.5297,0.5418,0.5472,0.5490,0.5529
780.0000,0.5245,0.5266,0.5313,0.5430,0.5474,0.5499,0.5549
785.0000,0.5246,0.5281,0.5322,0.5448,0.5467,0.5523,0.5552
790.0000,0.5250,0.5294,0.5336,0.5458,0.5468,0.5537,0.5579
795.0000,0.5271,0.5296,0.5358,0.5463,0.5473,0.5553,0.5606
800.0000,0.5280,0.5308,0.5373,0.5471,0.5471,0.5585,0.5607
805.0000,0.5285,0.5322,0.5390,0.5473,0.5482,0.5603,0.5644
810.0000,0.5304,0.5328,0.5412,0.5471,0.5497,0.5624,0.5672
815.0000,0.5315,0.5343,0.5425,0.5474,0.5507,0.5660,0.5671
820.0000,0.5325,0.5357,0.5439,0.5471,0.5530,0.5677,0.5710
825.0000,0.5321,0.5380,0.5447,0.5472,0.5554,0.5696,0.5744
830.0000,0.5351,0.5388,0.5456,0.5476,0.5574,0.5732,0.5741
835.0000,0.5359,0.5406,0.5460,0.5479,0.5604,0.5748,0.5783
840.0000,0.5363,0.5425,0.5460,0.5488,0.5633,0.5766,0.5817
845.0000,0.5392,0.5430,0.5465,0.5496,0.5664,0.5785,0.5848
850.0000,0.5396,0.5448,0.5459,0.5516,0.5685,0.5817,0.5861
855.0000,0.5399,0.5462,0.5456,0.5534,0.5712,0.5838,0.5891
860.0000,0.5427,0.5459,0.5463,0.5552,0.5741,0.5858,0.5920
865.0000,0.5432,0.5467,0.5462,0.5578,0.5760,0.5891,0.5931
870.0000,0.5427,0.5478,0.5464,0.5604,0.5786,0.5911,0.5968
875.0000,0.5451,0.5470,0.5478,0.5626,0.5813,0.5933,0.5998
880.0000,0.5454,0.5475,0.5487,0.5654,0.5831,0.5967,0.6010
885.0000,0.5449,0.5483,0.5501,0.5680,0.5857,0.5987,0.6052
890.0000,0.5468,0.5479,0.5524,0.5703,0.5884,0.6010,0.6087
895.0000,0.5471,0.5488,0.5541,0.5731,0.5902,0.6047,0.6105
900.0000,0.5471,0.5499,0.5563,0.5755,0.5929,0.6069,0.6157
905.0000,0.5487,0.5505,0.5590,0.5778,0.5956,0.6097,0.6205
910.0000,0.5492,0.5523,0.5610,0.5807,0.5973,0.6143,0.6232
915.0000,0.5498,0.5542,0.5633,0.5832,0.5997,0.6180,0.6280
920.0000,0.5520,0.5554,0.5664,0.5852,0.6027,0.6215,0.6337
925.0000,0.5532,0.5577,0.5686,0.5879,0.6048,0.6272,0.6366
930.0000,0.5538,0.5605,0.5709,0.5902,0.6081,0.6312,0.6438
935.0000,0.5569,0.5620,0.5739,0.5923,0.6115,0.6363,0.6491
940.0000,0.5589,0.5645,0.5762,0.5949,0.6145,0.6429,0.6520
945.0000,0.5608,0.5668,0.5789,0.5969,0.6191,0.6475,0.6599
950.0000,0.5610,0.5701,0.5811,0.5992,0.6238,0.6524,0.6676
955.0000,0.5654,0.5717,0.5838,0.6018,0.6280,0.6597,0.6712
960.0000,0.5675,0.5743,0.5861,0.6044,0.6333,0.6653,0.6787
965.0000,0.5693,0.5771,0.5884,0.6072,0.6391,0.6707,0.6869
970.0000,0.5729,0.5788,0.5911,0.6101,0.6453,0.6763,0.6952
975.0000,0.5743,0.5823,0.5926,0.6143,0.6503,0.6840,0.7015
980.0000,0.5759,0.5853,0.5945,0.6184,0.6562,0.6910,0.7092
985.0000,0.5801,0.5867,0.5974,0.6222,0.6629,0.6975,0.7182
990.0000,0.5823,0.5894,0.5995,0.6272,0.6685,0.7061,0.7250
995.0000,0.5830,0.5927,0.6018,0.6322,0.6753,0.7130,0.7365
1000.0000,0.5873,0.5942,0.6052,0.6372,0.6818,0.7216,0.7457
1005.0000,0.5896,0.5968,0.6081,0.6430,0.6880,0.7315,0.7538
1010.0000,0.5918,0.5993,0.6118,0.6484,0.6956,0.7398,0.7667
1015.0000,0.5952,0.6013,0.6161,0.6541,0.7030,0.7498,0.7777
1020.0000,0.5972,0.6047,0.6198,0.6605,0.7099,0.7615,0.7871
1025.0000,0.5997,0.6077,0.6247,0.6660,0.7191,0.7702,0.8044
1030.0000,0.6035,0.6103,0.6301,0.6718,0.7285,0.7804,0.8220
1035.0000,0.6059,0.6146,0.6345,0.6790,0.7363,0.7944,0.8375
1040.0000,0.6088,0.6188,0.6394,0.6863,0.7447,0.8097,0.8530
1045.0000,0.6134,0.6221,0.6456,0.6926,0.7557,0.8228,0.8762
1050.0000,0.6170,0.6269,0.6508,0.7005,0.7650,0.8410,0.8962
1055.0000,0.6193,0.6326,0.6564,0.7078,0.7770,0.8569,0.9291
1060.0000,0.6251,0.6370,0.6623,0.7162,0.7875,0.8797,0.9562
1065.0000,0.6298,0.6425,0.6681,0.7252,0.7989,0.9053,0.9852
1070.0000,0.6346,0.6474,0.6755,0.7326,0.8150,0.9271,1.0362
1075.0000,0.6370,0.6539,0.6824,0.7407,0.8324,0.9517,1.0995
1080.0000,0.6447,0.6591,0.6892,0.7510,0.8472,0.9889,1.1630
1085.0000,0.6496,0.6666,0.6941,0.7641,0.8595,1.0412,1.2133
1090.0000,0.6543,0.6736,0.7008,0.7759,0.8775,1.0952,1.2811
1095.0000,0.6627,0.6783,0.7102,0.7859,0.9023,1.1516,1.3643
1100.0000,0.6669,0.6864,0.7178,0.7982,0.9285,1.2209,1.4495
1105.0000,0.6726,0.6940,0.7258,0.8118,0.9579,1.3043,1.5242
1110.0000,0.6822,0.6982,0.7387,0.8213,1.0022,1.3819,1.6232
1115.0000,0.6898,0.7048,0.7498,0.8344,1.0497,1.4735,1.7164
1120.0000,0.6968,0.7114,0.7631,0.8463,1.1116,1.5597,1.8391
1125.0000,0.7040,0.7207,0.7724,0.8663,1.1714,1.6712,1.9309
1130.0000,0.7129,0.7291,0.7837,0.8876,1.2441,1.7814,2.0276
1135.0000,0.7226,0.7374,0.7963,0.9113,1.3298,1.8867,2.1389
1140.0000,0.7297,0.7493,0.8057,0.9439,1.4182,2.0046,2.2242
1145.0000,0.7371,0.7626,0.8154,0.9826,1.5159,2.1208,2.2977
1150.0000,0.7460,0.7749,0.8284,1.0251,1.6277,2.2218,2.3802
1155.0000,0.7582,0.7862,0.8436,1.0755,1.7459,2.3171,2.4462
1195.0000,0.8801,0.9390,1.1106,1.8055,2.6447,2.5073,2.2783
1200.0000,0.8815,0.9880,1.1648,1.9373,2.6947,2.4413,2.1827
1205.0000,0.9255,1.0248,1.2366,2.0675,2.7225,2.3576,2.0738
1210.0000,0.9592,1.0719,1.3180,2.1941,2.7315,2.2421,2.0100
1215.0000,1.0045,1.1208,1.4097,2.3196,2.7028,2.1387,1.9038
1220.0000,1.0546,1.1749,1.5123,2.4364,2.6450,2.0350,1.7903
1225.0000,1.0952,1.2457,1.6207,2.5397,2.5660,1.9216,1.6913
1230.0000,1.1545,1.3151,1.7433,2.6214,2.4699,1.8040,1.6093
1235.0000,1.2255,1.3892,1.8724,2.6843,2.3487,1.7065,1.5084
1240.0000,1.3032,1.4677,2.0098,2.7180,2.2227,1.6045,1.4287
1245.0000,1.3637,1.5694,2.1376,2.7315,2.0818,1.5214,1.3334
1250.0000,1.4561,1.6637,2.2712,2.7102,1.9504,1.4285,1.2715
1255.0000,1.5576,1.7598,2.3975,2.6634,1.8173,1.3517,1.2069
1260.0000,1.6713,1.8551,2.5137,2.5907,1.6908,1.2843,1.1417
1265.0000,1.7556,1.9713,2.6024,2.5011,1.5710,1.2246,1.0810
1270.0000,1.8523,2.0859,2.6687,2.3952,1.4607,1.1740,1.0146
1275.0000,1.9651,2.1884,2.7165,2.2702,1.3732,1.1085,0.9945
1280.0000,2.0589,2.2945,2.7298,2.1433,1.2890,1.0604,0.9581
1285.0000,2.1454,2.3962,2.7110,2.0166,1.2115,1.0232,0.9137
1290.0000,2.2379,2.4745,2.6724,1.8853,1.1519,0.9772,0.8986
1295.0000,2.3279,2.5307,2.6111,1.7585,1.0986,0.9406,0.8766
1300.0000,2.3982,2.5711,2.5258,1.6410,1.0496,0.9123,0.8513
1305.0000,2.4452,2.5942,2.4214,1.5326,1.0073,0.8856,0.8326
1310.0000,2.4942,2.5837,2.3110,1.4302,0.9735,0.8592,0.8190
1315.0000,2.5077,2.5640,2.1842,1.3427,0.9396,0.8403,0.8021
1320.0000,2.5016,2.5231,2.0535,1.2653,0.9092,0.8244,0.7844
1325.0000,2.4914,2.4533,1.9287,1.1940,0.8850,0.8078,0.7696
1330.0000,2.4675,2.3633,1.8096,1.1302,0.8645,0.7931,0.7524
1335.0000,2.4082,2.2714,1.6908,1.0761,0.8464,0.7762,0.7457
1340.0000,2.3261,2.1754,1.5761,1.0313,0.8278,0.7637,0.7335
1345.0000,2.2603,2.0599,1.4770,0.9892,0.8134,0.7500,0.7229
1350.0000,2.1861,1.9372,1.3901,0.9511,0.8012,0.7367,0.7125
1355.0000,2.0754,1.8312,1.3036,0.9220,0.7872,0.7245,0.7054
1360.0000,1.9771,1.7212,1.2293,0.8957,0.7739,0.7145,0.6960
1365.0000,1.8672,1.6237,1.1587,0.8755,0.7590,0.7063,0.6870
1370.0000,1.7827,1.5165,1.1049,0.8536,0.7479,0.6969,0.6787
1375.0000,1.6785,1.4253,1.0544,0.8357,0.7361,0.6882,0.6720
1380.0000,1.5723,1.3488,1.0060,0.8221,0.7224,0.6825,0.6632
1385.0000,1.4753,1.2778,0.9648,0.8089,0.7102,0.6765,0.6558
1390.0000,1.3983,1.2060,0.9339,0.7940,0.7008,0.6692,0.6491
1395.0000,1.3330,1.1344,0.9119,0.7774,0.6935,0.6625,0.6399
1400.0000,1.2532,1.0830,0.8869,0.7643,0.6859,0.6541,0.6371
1405.0000,1.1882,1.0354,0.8658,0.7515,0.6785,0.6474,0.6315
1410.0000,1.1259,0.9981,0.8441,0.7412,0.6698,0.6429,0.6227
1415.0000,1.0812,0.9579,0.8292,0.7283,0.6648,0.6346,0.6205
1420.0000,1.0344,0.9262,0.8133,0.7177,0.6584,0.6286,0.6151
1425.0000,0.9897,0.9022,0.7959,0.7093,0.6507,0.6245,0.6075
1430.0000,0.9548,0.8781,0.7815,0.7002,0.6447,0.6187,0.6029
1435.0000,0.9255,0.8552,0.7690,0.6910,0.6396,0.6120,0.5997
1440.0000,0.8965,0.8371,0.7553,0.6837,0.6329,0.6079,0.5931
1445.0000,0.8706,0.8206,0.7426,0.6765,0.6270,0.6026,0.5893
1450.0000,0.8505,0.8032,0.7320,0.6690,0.6217,0.5974,0.5853
1455.0000,0.8328,0.7865,0.7224,0.6619,0.6159,0.5937,0.5783
1460.0000,0.8126,0.7735,0.7122,0.6553,0.6111,0.5878,0.5776
1465.0000,0.7942,0.7615,0.7024,0.6493,0.6056,0.5836,0.5741
1470.0000,0.7819,0.7479,0.6945,0.6428,0.6007,0.5794,0.5708
1475.0000,0.7689,0.7358,0.6866,0.6368,0.5954,0.5764,0.5661
1480.0000,0.7524,0.7268,0.6781,0.6313,0.5907,0.5722,0.5646
1485.0000,0.7428,0.7155,0.6714,0.6252,0.5863,0.5688,0.5620
1490.0000,0.7308,0.7069,0.6637,0.6202,0.5812,0.5668,0.5579
1495.0000,0.7210,0.6975,0.6573,0.6145,0.5773,0.5637,0.5559
1500.0000,0.7123,0.6880,0.6517,0.6086,0.5740,0.5604,0.5542
1505.0000,0.7017,0.6808,0.6449,0.6038,0.5699,0.5588,0.5504
1510.0000,0.6916,0.6740,0.6385,0.5988,0.5666,0.5564,0.5482
1515.0000,0.6849,0.6658,0.6332,0.5935,0.5640,0.5537,0.5457
1520.0000,0.6778,0.6584,0.6276,0.5888,0.5610,0.5523,0.5406
1525.0000,0.6686,0.6525,0.6217,0.5842,0.5591,0.5487,0.5398
1530.0000,0.6625,0.6456,0.6166,0.5797,0.5572,0.5457,0.5372
1535.0000,0.6548,0.6404,0.6104,0.5764,0.5543,0.5440,0.5320
1540.0000,0.6483,0.6345,0.6050,0.5726,0.5526,0.5404,0.5299
1545.0000,0.6431,0.6278,0.6004,0.5689,0.5512,0.5361,0.5284
1550.0000,0.6362,0.6228,0.5948,0.5663,0.5483,0.5337,0.5240
1555.0000,0.6301,0.6174,0.5899,0.5637,0.5459,0.5301,0.5222
1560.0000,0.6253,0.6113,0.5858,0.5609,0.5436,0.5263,0.5206
1565.0000,0.6190,0.6067,0.5809,0.5591,0.5400,0.5241,0.5170
1570.0000,0.6126,0.6023,0.5764,0.5573,0.5365,0.5214,0.5150
1575.0000,0.6065,0.5978,0.5725,0.5553,0.5330,0.5188,0.5129
1580.0000,0.6036,0.5919,0.5697,0.5530,0.5292,0.5175,0.5083
1585.0000,0.5979,0.5877,0.5667,0.5505,0.5263,0.5144,0.5086
1590.0000,0.5921,0.5838,0.5639,0.5479,0.5230,0.5123,0.5070
1595.0000,0.5893,0.5787,0.5622,0.5447,0.5202,0.5102,0.5053
1600.0000,0.5853,0.5748,0.5600,0.5418,0.5170,0.5092,0.5021
1605.0000,0.5800,0.5717,0.5578,0.5384,0.5148,0.5068,0.5018
1610.0000,0.5773,0.5678,0.5561,0.5348,0.5127,0.5049,0.5003
1615.0000,0.5732,0.5653,0.5535,0.5318,0.5102,0.5041,0.4973
1620.0000,0.5694,0.5629,0.5509,0.5285,0.5085,0.5021,0.4963
1625.0000,0.5673,0.5597,0.5487,0.5249,0.5073,0.4998,0.4957
1630.0000,0.5636,0.5579,0.5453,0.5222,0.5052,0.4989,0.4930
1635.0000,0.5600,0.5561,0.5419,0.5195,0.5038,0.4970,0.4923
1640.0000,0.5586,0.5530,0.5391,0.5167,0.5026,0.4951,0.4912
1645.0000,0.5558,0.5507,0.5354,0.5147,0.5006,0.4945,0.4882
1650.0000,0.5522,0.5485,0.5319,0.5125,0.4994,0.4922,0.4885
1655.0000,0.5509,0.5449,0.5291,0.5103,0.4980,0.4906,0.4877
1660.0000,0.5479,0.5424,0.5256,0.5088,0.4959,0.4902,0.4850
1665.0000,0.5448,0.5395,0.5226,0.5071,0.4945,0.4887,0.4845
1670.0000,0.5429,0.5356,0.5204,0.5051,0.4934,0.4870,0.4842
1675.0000,0.5395,0.5329,0.5175,0.5038,0.4914,0.4868,0.4815
1680.0000,0.5359,0.5303,0.5149,0.5023,0.4900,0.4854,0.4813
1685.0000,0.5320,0.5277,0.5125,0.5007,0.4888,0.4840,0.4809
1690.0000,0.5309,0.5239,0.5110,0.4991,0.4873,0.4838,0.4783
1695.0000,0.5274,0.5214,0.5090,0.4975,0.4863,0.4825,0.4779
1700.0000,0.5238,0.5191,0.5071,0.4960,0.4852,0.4813,0.4770
1705.0000,0.5225,0.5160,0.5057,0.4945,0.4838,0.4813,0.4732
1710.0000,0.5192,0.5141,0.5040,0.4928,0.4833,0.4792,0.4739
1715.0000,0.5157,0.5125,0.5021,0.4915,0.4824,0.4777,0.4727
1720.0000,0.5149,0.5098,0.5009,0.4899,0.4818,0.4761,0.4713
1725.0000,0.5124,0.5082,0.4990,0.4889,0.4805,0.4753,0.4683
1730.0000,0.5092,0.5069,0.4972,0.4876,0.4799,0.4729,0.4679
1735.0000,0.5087,0.5044,0.4961,0.4863,0.4791,0.4710,0.4664
1740.0000,0.5064,0.5031,0.4942,0.4856,0.4775,0.4699,0.4636
1745.0000,0.5039,0.5018,0.4925,0.4847,0.4762,0.4678,0.4622
1750.0000,0.5035,0.4994,0.4916,0.4834,0.4752,0.4654,0.4612
1755.0000,0.5013,0.4982,0.4899,0.4829,0.4732,0.4641,0.4586
1760.0000,0.4989,0.4971,0.4884,0.4820,0.4714,0.4621,0.4576
1765.0000,0.4984,0.4949,0.4876,0.4809,0.4698,0.4601,0.4564
1770.0000,0.4966,0.4937,0.4862,0.4801,0.4673,0.4593,0.4536
1775.0000,0.4945,0.4925,0.4852,0.4789,0.4656,0.4571,0.4538
1780.0000,0.4940,0.4905,0.4846,0.4774,0.4637,0.4555,0.4530
1785.0000,0.4923,0.4895,0.4835,0.4763,0.4612,0.4551,0.4507
1790.0000,0.4907,0.4883,0.4827,0.4747,0.4593,0.4538,0.4506
1795.0000,0.4900,0.4866,0.4822,0.4726,0.4579,0.4523,0.4506
1800.0000,0.4885,0.4857,0.4811,0.4710,0.4557,0.4524,0.4486
1805.0000,0.4868,0.4850,0.4800,0.4691,0.4542,0.4515,0.4488
1810.0000,0.4845,0.4845,0.4786,0.4671,0.4530,0.4506,0.4488
1815.0000,0.4850,0.4827,0.4777,0.4650,0.4516,0.4509,0.4467
1820.0000,0.4835,0.4820,0.4762,0.4630,0.4508,0.4502,0.4471
1825.0000,0.4813,0.4815,0.4744,0.4611,0.4502,0.4496,0.4469
1830.0000,0.4818,0.4796,0.4730,0.4592,0.4492,0.4501,0.4439
1835.0000,0.4803,0.4786,0.4712,0.4573,0.4493,0.4487,0.4451
1840.0000,0.4783,0.4777,0.4691,0.4557,0.4491,0.4478,0.4450
1845.0000,0.4783,0.4757,0.4675,0.4540,0.4492,0.4468,0.4445
1850.0000,0.4767,0.4746,0.4651,0.4531,0.4485,0.4468,0.4426
1855.0000,0.4742,0.4735,0.4629,0.4522,0.4485,0.4454,0.4429
1860.0000,0.4742,0.4711,0.4613,0.4512,0.4484,0.4443,0.4424
1865.0000,0.4723,0.4697,0.4590,0.4509,0.4475,0.4441,0.4407
1870.0000,0.4700,0.4683,0.4570,0.4505,0.4469,0.4430,0.4406
1875.0000,0.4696,0.4656,0.4559,0.4499,0.4466,0.4418,0.4404
1880.0000,0.4674,0.4641,0.4541,0.4498,0.4454,0.4417,0.4389
1885.0000,0.4650,0.4626,0.4528,0.4496,0.4445,0.4408,0.4387
1890.0000,0.4642,0.4602,0.4521,0.4491,0.4437,0.4401,0.4382
1895.0000,0.4624,0.4586,0.4512,0.4490,0.4423,0.4403,0.4360
1900.0000,0.4601,0.4573,0.4505,0.4484,0.4417,0.4391,0.4367
1905.0000,0.4593,0.4553,0.4505,0.4475,0.4411,0.4383,0.4364
1910.0000,0.4576,0.4542,0.4499,0.4471,0.4399,0.4386,0.4342
1915.0000,0.4559,0.4533,0.4496,0.4462,0.4394,0.4376,0.4345
1920.0000,0.4552,0.4519,0.4497,0.4451,0.4391,0.4364,0.4348
1925.0000,0.4538,0.4514,0.4490,0.4445,0.4381,0.4366,0.4329
1930.0000,0.4523,0.4511,0.4485,0.4436,0.4376,0.4357,0.4334
1935.0000,0.4503,0.4511,0.4476,0.4429,0.4370,0.4351,0.4333
1940.0000,0.4511,0.4499,0.4472,0.4422,0.4361,0.4355,0.4309
1945.0000,0.4500,0.4497,0.4465,0.4413,0.4359,0.4344,0.4319
1950.0000,0.4480,0.4499,0.4454,0.4407,0.4353,0.4338,0.4317
1955.0000,0.4492,0.4486,0.4449,0.4400,0.4345,0.4343,0.4291
1960.0000,0.4483,0.4482,0.4441,0.4392,0.4344,0.4330,0.4303
1965.0000,0.4470,0.4480,0.4432,0.4386,0.4341,0.4323,0.4302
1970.0000,0.4477,0.4466,0.4428,0.4377,0.4339,0.4316,0.4299
1975.0000,0.4468,0.4462,0.4418,0.4374,0.4330,0.4317,0.4282
1980.0000,0.4454,0.4457,0.4410,0.4368,0.4329,0.4306,0.4287
1985.0000,0.4459,0.4443,0.4406,0.4360,0.4327,0.4297,0.4285
1990.0000,0.4449,0.4438,0.4397,0.4358,0.4319,0.4298,0.4271
1995.0000,0.4433,0.4435,0.4387,0.4354,0.4314,0.4290,0.4274
2000.0000,0.4437,0.4421,0.4385,0.4347,0.4311,0.4281,0.4276
2005.0000,0.4426,0.4418,0.4375,0.4346,0.4301,0.4283,0.4265
2010.0000,0.4413,0.4413,0.4367,0.4342,0.4295,0.4278,0.4269
2015.0000,0.4415,0.4401,0.4365,0.4336,0.4291,0.4275,0.4270
2020.0000,0.4406,0.4396,0.4358,0.4334,0.4280,0.4282,0.4254
2025.0000,0.4394,0.4391,0.4353,0.4328,0.4277,0.4275,0.4264
2030.0000,0.4395,0.4379,0.4353,0.4320,0.4275,0.4272,0.4266
2035.0000,0.4387,0.4375,0.4346,0.4317,0.4267,0.4280,0.4250
2040.0000,0.4377,0.4371,0.4342,0.4310,0.4266,0.4276,0.4257
2045.0000,0.4377,0.4360,0.4342,0.4300,0.4268,0.4271,0.4262
2050.0000,0.4369,0.4357,0.4336,0.4297,0.4263,0.4278,0.4245
2055.0000,0.4358,0.4355,0.4330,0.4291,0.4264,0.4274,0.4250
2060.0000,0.4343,0.4356,0.4322,0.4286,0.4265,0.4270,0.4251
2065.0000,0.4353,0.4345,0.4318,0.4282,0.4263,0.4277,0.4226
2070.0000,0.4344,0.4342,0.4313,0.4277,0.4268,0.4265,0.4240
2075.0000,0.4331,0.4342,0.4304,0.4275,0.4269,0.4259,0.4241
2080.0000,0.4338,0.4332,0.4299,0.4274,0.4265,0.4263,0.4217
2085.0000,0.4329,0.4330,0.4291,0.4272,0.4267,0.4251,0.4230
2090.0000,0.4316,0.4328,0.4284,0.4273,0.4265,0.4245,0.4230
2095.0000,0.4324,0.4316,0.4282,0.4271,0.4264,0.4239,0.4228
2100.0000,0.4315,0.4313,0.4275,0.4275,0.4256,0.4241,0.4214
2105.0000,0.4303,0.4310,0.4270,0.4275,0.4253,0.4233,0.4216
2110.0000,0.4309,0.4297,0.4272,0.4273,0.4250,0.4227,0.4212
2115.0000,0.4301,0.4295,0.4268,0.4275,0.4241,0.4230,0.4196
2120.0000,0.4288,0.4294,0.4266,0.4274,0.4237,0.4223,0.4194
2125.0000,0.4294,0.4282,0.4271,0.4268,0.4236,0.4213,0.4193
2130.0000,0.4287,0.4280,0.4269,0.4267,0.4228,0.4213,0.4176
2135.0000,0.4278,0.4279,0.4269,0.4263,0.4225,0.4204,0.4176
2140.0000,0.4282,0.4272,0.4273,0.4257,0.4224,0.4194,0.4174
2145.0000,0.4276,0.4273,0.4270,0.4255,0.4214,0.4194,0.4153
2150.0000,0.4269,0.4274,0.4269,0.4250,0.4213,0.4180,0.4163
2155.0000,0.4274,0.4270,0.4270,0.4245,0.4208,0.4172,0.4161
2160.0000,0.4269,0.4272,0.4265,0.4243,0.4197,0.4173,0.4145
2165.0000,0.4261,0.4277,0.4259,0.4241,0.4190,0.4167,0.4147
2170.0000,0.4269,0.4270,0.4259,0.4234,0.4185,0.4159,0.4149
2175.0000,0.4266,0.4272,0.4253,0.4232,0.4173,0.4163,0.4132
2180.0000,0.4262,0.4271,0.4249,0.4227,0.4167,0.4157,0.4138
2185.0000,0.4251,0.4273,0.4244,0.4221,0.4161,0.4152,0.4140
2190.0000,0.4264,0.4263,0.4244,0.4215,0.4153,0.4159,0.4117
2195.0000,0.4259,0.4260,0.4241,0.4206,0.4152,0.4150,0.4131
2200.0000,0.4250,0.4259,0.4236,0.4199,0.4148,0.4146,0.4132
2205.0000,0.4257,0.4250,0.4236,0.4189,0.4148,0.4142,0.4131
2210.0000,0.4251,0.4249,0.4229,0.4184,0.4142,0.4146,0.4117
2215.0000,0.4240,0.4249,0.4222,0.4177,0.4143,0.4139,0.4123
2220.0000,0.4247,0.4240,0.4220,0.4168,0.4144,0.4133,0.4122
2225.0000,0.4238,0.4240,0.4210,0.4166,0.4138,0.4137,0.4108
2230.0000,0.4227,0.4240,0.4201,0.4161,0.4139,0.4128,0.4114
2235.0000,0.4235,0.4229,0.4197,0.4155,0.4140,0.4122,0.4114
2240.0000,0.4228,0.4226,0.4187,0.4154,0.4134,0.4124,0.4102
2245.0000,0.4215,0.4225,0.4178,0.4153,0.4132,0.4119,0.4104
2250.0000,0.4222,0.4211,0.4175,0.4148,0.4132,0.4111,0.4107
2255.0000,0.4214,0.4207,0.4167,0.4148,0.4125,0.4114,0.4097
2260.0000,0.4203,0.4203,0.4161,0.4147,0.4122,0.4109,0.4103
2265.0000,0.4205,0.4191,0.4159,0.4144,0.4119,0.4105,0.4107
2270.0000,0.4196,0.4187,0.4153,0.4145,0.4110,0.4112,0.4094
2275.0000,0.4185,0.4184,0.4149,0.4142,0.4108,0.4108,0.4107
2280.0000,0.4186,0.4172,0.4150,0.4137,0.4106,0.4107,0.4113
2285.0000,0.4178,0.4169,0.4145,0.4137,0.4098,0.4117,0.4103
2290.0000,0.4170,0.4166,0.4143,0.4133,0.4097,0.4117,0.4113
2295.0000,0.4171,0.4157,0.4146,0.4126,0.4099,0.4117,0.4121
2300.0000,0.4164,0.4155,0.4142,0.4124,0.4094,0.4129,0.4108
2305.0000,0.4156,0.4154,0.4140,0.4119,0.4097,0.4131,0.4116
2310.0000,0.4140,0.4157,0.4135,0.4116,0.4100,0.4132,0.4119
2315.0000,0.4151,0.4148,0.4135,0.4112,0.4100,0.4144,0.4094
2320.0000,0.4145,0.4147,0.4133,0.4106,0.4110,0.4137,0.4108
2325.0000,0.4136,0.4147,0.4128,0.4103,0.4117,0.4133,0.4109
2330.0000,0.4144,0.4139,0.4128,0.4099,0.4126,0.4127,0.4107
2335.0000,0.4138,0.4141,0.4120,0.4102,0.4127,0.4128,0.4089
2340.0000,0.4128,0.4141,0.4114,0.4102,0.4134,0.4116,0.4094
2345.0000,0.4136,0.4133,0.4113,0.4103,0.4139,0.4106,0.4092
2350.0000,0.4130,0.4133,0.4105,0.4111,0.4135,0.4104,0.4079
2355.0000,0.4118,0.4136,0.4097,0.4117,0.4134,0.4093,0.4083
2360.0000,0.4127,0.4125,0.4098,0.4121,0.4131,0.4085,0.4082
2365.0000,0.4121,0.4125,0.4093,0.4130,0.4120,0.4085,0.4072
2370.0000,0.4110,0.4125,0.4091,0.4136,0.4111,0.4080,0.4073
2375.0000,0.4119,0.4114,0.4097,0.4138,0.4104,0.4075,0.4076
2380.0000,0.4113,0.4112,0.4099,0.4142,0.4091,0.4079,0.4067
2385.0000,0.4106,0.4111,0.4103,0.4141,0.4083,0.4077,0.4074
2390.0000,0.4111,0.4103,0.4113,0.4136,0.4078,0.4075,0.4080
2395.0000,0.4108,0.4104,0.4118,0.4134,0.4067,0.4085,0.4068
2400.0000,0.4103,0.4105,0.4125,0.4126,0.4065,0.4083,0.4083
2405.0000,0.4107,0.4102,0.4134,0.4116,0.4065,0.4083,0.4092
2410.0000,0.4106,0.4108,0.4135,0.4110,0.4059,0.4096,0.4083
2415.0000,0.4101,0.4115,0.4136,0.4101,0.4062,0.4097,0.4099
2420.0000,0.4110,0.4115,0.4138,0.4091,0.4067,0.4098,0.4111
2425.0000,0.4110,0.4122,0.4133,0.4086,0.4065,0.4112,0.4103
2430.0000,0.4108,0.4128,0.4127,0.4080,0.4071,0.4116,0.4118
2435.0000,0.4098,0.4138,0.4117,0.4076,0.4076,0.4121,0.4126
2440.0000,0.4117,0.4132,0.4113,0.4073,0.4079,0.4137,0.4111
2445.0000,0.4116,0.4134,0.4105,0.4070,0.4089,0.4137,0.4127
2450.0000,0.4111,0.4134,0.4096,0.4069,0.4099,0.4140,0.4134
2455.0000,0.4123,0.4124,0.4093,0.4067,0.4110,0.4140,0.4139
2460.0000,0.4118,0.4122,0.4083,0.4071,0.4115,0.4150,0.4128
2465.0000,0.4109,0.4120,0.4076,0.4074,0.4126,0.4146,0.4137
2470.0000,0.4116,0.4107,0.4075,0.4077,0.4136,0.4143,0.4141
2475.0000,0.4108,0.4104,0.4068,0.4086,0.4139,0.4148,0.4131
2480.0000,0.4096,0.4103,0.4063,0.4093,0.4145,0.4143,0.4138
2485.0000,0.4101,0.4091,0.4065,0.4100,0.4150,0.4140,0.4140
2490.0000,0.4093,0.4089,0.4062,0.4111,0.4147,0.4145,0.4130
2495.0000,0.4080,0.4089,0.4061,0.4121,0.4148,0.4142,0.4135
2500.0000,0.4087,0.4078,0.4069,0.4126,0.4149,0.4138,0.4139
2505.0000,0.4080,0.4078,0.4071,0.4136,0.4144,0.4144,0.4130
2510.0000,0.4072,0.4079,0.4076,0.4142,0.4142,0.4141,0.4137
2515.0000,0.4078,0.4073,0.4087,0.4145,0.4142,0.4139,0.4142
2520.0000,0.4074,0.4076,0.4094,0.4151,0.4135,0.4148,0.4131
2525.0000,0.4071,0.4079,0.4103,0.4152,0.4136,0.4144,0.4146
2530.0000,0.4078,0.4078,0.4115,0.4150,0.4136,0.4143,0.4156
2535.0000,0.4078,0.4084,0.4121,0.4152,0.4131,0.4154,0.4149
2540.0000,0.4075,0.4094,0.4127,0.4151,0.4131,0.4155,0.4165
2545.0000,0.4085,0.4096,0.4136,0.4148,0.4133,0.4159,0.4177
2550.0000,0.4088,0.4106,0.4139,0.4148,0.4129,0.4174,0.4170
2555.0000,0.4090,0.4115,0.4141,0.4146,0.4132,0.4179,0.4186
2560.0000,0.4083,0.4129,0.4141,0.4144,0.4136,0.4186,0.4197
2565.0000,0.4105,0.4127,0.4145,0.4142,0.4137,0.4205,0.4183
2570.0000,0.4109,0.4133,0.4146,0.4139,0.4147,0.4207,0.4204
2575.0000,0.4110,0.4140,0.4145,0.4136,0.4157,0.4211,0.4216
2580.0000,0.4125,0.4137,0.4148,0.4133,0.4169,0.4215,0.4226
2585.0000,0.4125,0.4144,0.4144,0.4136,0.4175,0.4229,0.4221
2590.0000,0.4123,0.4148,0.4141,0.4137,0.4188,0.4229,0.4235
2595.0000,0.4136,0.4144,0.4141,0.4138,0.4201,0.4231,0.4244
2600.0000,0.4135,0.4147,0.4136,0.4145,0.4206,0.4242,0.4241
2605.0000,0.4127,0.4153,0.4130,0.4153,0.4215,0.4244,0.4254
2610.0000,0.4140,0.4146,0.4131,0.4159,0.4225,0.4247,0.4263
2615.0000,0.4137,0.4148,0.4128,0.4171,0.4227,0.4258,0.4260
2620.0000,0.4127,0.4152,0.4125,0.4181,0.4232,0.4263,0.4271
2625.0000,0.4140,0.4143,0.4131,0.4188,0.4240,0.4266,0.4280
2630.0000,0.4137,0.4143,0.4132,0.4200,0.4240,0.4279,0.4275
2635.0000,0.4132,0.4143,0.4137,0.4208,0.4246,0.4282,0.4287
2640.0000,0.4139,0.4137,0.4148,0.4214,0.4253,0.4286,0.4296
2645.0000,0.4137,0.4139,0.4154,0.4223,0.4254,0.4301,0.4285
2650.0000,0.4134,0.4142,0.4163,0.4228,0.4262,0.4302,0.4299
2655.0000,0.4141,0.4140,0.4176,0.4232,0.4272,0.4303,0.4308
2660.0000,0.4140,0.4147,0.4183,0.4239,0.4274,0.4316,0.4297
2665.0000,0.4136,0.4157,0.4190,0.4244,0.4282,0.4315,0.4313
2670.0000,0.4148,0.4159,0.4202,0.4247,0.4292,0.4314,0.4325
2675.0000,0.4151,0.4169,0.4207,0.4255,0.4293,0.4326,0.4317
2680.0000,0.4153,0.4179,0.4212,0.4261,0.4300,0.4326,0.4334
2685.0000,0.4145,0.4194,0.4215,0.4269,0.4305,0.4329,0.4347
2690.0000,0.4169,0.4195,0.4223,0.4276,0.4305,0.4344,0.4337
2695.0000,0.4173,0.4205,0.4228,0.4282,0.4311,0.4346,0.4359
2700.0000,0.4175,0.4214,0.4232,0.4288,0.4315,0.4352,0.4374
2705.0000,0.4194,0.4214,0.4242,0.4291,0.4321,0.4359,0.4388
2710.0000,0.4196,0.4225,0.4245,0.4300,0.4321,0.4376,0.4389
2715.0000,0.4199,0.4231,0.4253,0.4302,0.4331,0.4378,0.4423
2720.0000,0.4216,0.4230,0.4265,0.4303,0.4342,0.4382,0.4462
2725.0000,0.4220,0.4238,0.4269,0.4309,0.4344,0.4402,0.4491
2730.0000,0.4225,0.4237,0.4290,0.4293,0.4393,0.4333,0.4777
2735.0000,0.4234,0.4245,0.4290,0.4306,0.4385,0.4373,0.4992
2740.0000,0.4237,0.4258,0.4285,0.4324,0.4367,0.4448,0.5286
2745.0000,0.4229,0.4282,0.4266,0.4358,0.4317,0.4618,0.5561
2750.0000,0.4248,0.4291,0.4252,0.4395,0.4253,0.4877,0.5834
2755.0000,0.4240,0.4311,0.4243,0.4416,0.4226,0.5153,0.6210
2760.0000,0.4237,0.4315,0.4256,0.4409,0.4252,0.5443,0.6746
2765.0000,0.4268,0.4296,0.4289,0.4384,0.4317,0.5796,0.7357
2770.0000,0.4274,0.4292,0.4313,0.4363,0.4402,0.6260,0.7999
2775.0000,0.4286,0.4283,0.4340,0.4337,0.4528,0.6827,0.8630
2780.0000,0.4294,0.4263,0.4395,0.4268,0.4796,0.7321,0.9628
2785.0000,0.4308,0.4254,0.4423,0.4236,0.5063,0.8008,1.0600
2790.0000,0.4333,0.4243,0.4450,0.4206,0.5425,0.8733,1.1861
2795.0000,0.4305,0.4291,0.4401,0.4272,0.5721,0.9813,1.2772
2800.0000,0.4305,0.4317,0.4371,0.4326,0.6176,1.0876,1.3912
2805.0000,0.4298,0.4342,0.4349,0.4389,0.6781,1.1921,1.5436
2810.0000,0.4256,0.4388,0.4300,0.4512,0.7451,1.3132,1.6953
2815.0000,0.4302,0.4394,0.4263,0.4690,0.8198,1.4510,1.8445
2820.0000,0.4281,0.4439,0.4191,0.4965,0.8979,1.6153,1.9441
2825.0000,0.4295,0.4418,0.4211,0.5209,1.0051,1.7571,2.0937
2830.0000,0.4346,0.4367,0.4267,0.5512,1.1255,1.9028,2.2368
2835.0000,0.4386,0.4320,0.4340,0.5912,1.2543,2.0577,2.3601
2840.0000,0.4452,0.4262,0.4451,0.6400,1.3945,2.2129,2.4587
2880.0000,0.4784,0.5356,0.6624,1.4850,2.6591,2.9247,2.8931
2885.0000,0.4950,0.5673,0.7267,1.6457,2.7770,2.9391,2.8844
2890.0000,0.5256,0.5990,0.8082,1.8099,2.8780,2.9351,2.8679
2895.0000,0.5494,0.6468,0.8974,1.9811,2.9523,2.9246,2.8328
2900.0000,0.5902,0.6940,1.0073,2.1467,3.0105,2.8937,2.8088
2905.0000,0.6362,0.7507,1.1303,2.3096,3.0412,2.8647,2.7593
2910.0000,0.6867,0.8188,1.2672,2.4622,3.0533,2.8252,2.7098
2915.0000,0.7314,0.9079,1.4103,2.6052,3.0439,2.7825,2.6529
2920.0000,0.8098,0.9940,1.5720,2.7262,3.0253,2.7256,2.6112
2925.0000,0.9004,1.0865,1.7431,2.8289,2.9897,2.6732,2.5606
2930.0000,0.9959,1.1931,1.9164,2.9119,2.9425,2.6208,2.5097
2935.0000,1.0617,1.3342,2.0759,2.9807,2.8814,2.5728,2.4575
2940.0000,1.1826,1.4658,2.2396,3.0250,2.8157,2.5288,2.3978
2945.0000,1.3210,1.5940,2.4036,3.0420,2.7568,2.4707,2.3762
2950.0000,1.4596,1.7318,2.5521,3.0434,2.6908,2.4266,2.3366
2955.0000,1.5788,1.8855,2.6785,3.0312,2.6225,2.3892,2.2945
2960.0000,1.6937,2.0509,2.7793,3.0085,2.5531,2.3590,2.2465
2965.0000,1.8512,2.1884,2.8761,2.9629,2.5000,2.3148,2.2265
2970.0000,1.9904,2.3270,2.9478,2.9108,2.4473,2.2795,2.1980
2975.0000,2.1301,2.4542,2.9993,2.8524,2.3970,2.2521,2.1603
2980.0000,2.2333,2.5877,3.0221,2.7914,2.3552,2.2146,2.1532
2985.0000,2.3732,2.6857,3.0361,2.7239,2.3199,2.1802,2.1475
2990.0000,2.5002,2.7656,3.0328,2.6581,2.2839,2.1571,2.1358
2995.0000,2.5927,2.8416,3.0063,2.5983,2.2474,2.1408,2.1247
3000.0000,2.6866,2.8924,2.9709,2.5396,2.2148,2.1291,2.1130
3005.0000,2.7456,2.9414,2.9157,2.4896,2.1809,2.1248,2.0977
3010.0000,2.8129,2.9561,2.8640,2.4365,2.1576,2.1153,2.0941
3015.0000,2.8631,2.9531,2.8089,2.3863,2.1383,2.1086,2.0879
3020.0000,2.8851,2.9454,2.7453,2.3437,2.1182,2.1095,2.0702
3025.0000,2.8876,2.9270,2.6818,2.3023,2.1077,2.1000,2.0742
3030.0000,2.8980,2.8851,2.6265,2.2611,2.1027,2.0906,2.0753
3035.0000,2.8878,2.8402,2.5692,2.2269,2.0955,2.0891,2.0642
3040.0000,2.8714,2.7854,2.5177,2.1937,2.0955,2.0789,2.0714
3045.0000,2.8357,2.7326,2.4654,2.1670,2.0942,2.0720,2.0750
3050.0000,2.7904,2.6832,2.4117,2.1478,2.0894,2.0712,2.0725
3055.0000,2.7400,2.6344,2.3605,2.1328,2.0855,2.0685,2.0791
3060.0000,2.6905,2.5835,2.3137,2.1214,2.0808,2.0688,2.0842
3065.0000,2.6483,2.5283,2.2734,2.1126,2.0747,2.0742,2.0831
3070.0000,2.5875,2.4856,2.2320,2.1083,2.0686,2.0785,2.0908
3075.0000,2.5290,2.4425,2.1970,2.1046,2.0638,2.0838,2.0992
3080.0000,2.4955,2.3883,2.1750,2.0974,2.0635,2.0878,2.1105
3085.0000,2.4561,2.3385,2.1568,2.0918,2.0619,2.0981,2.1153
3090.0000,2.4113,2.2946,2.1431,2.0850,2.0647,2.1042,2.1301
3095.0000,2.3686,2.2553,2.1327,2.0784,2.0691,2.1118,2.1453
3100.0000,2.3254,2.2247,2.1215,2.0748,2.0715,2.1258,2.1547
3105.0000,2.2883,2.1973,2.1137,2.0699,2.0792,2.1340,2.1799
3110.0000,2.2555,2.1740,2.1066,2.0667,2.0863,2.1476,2.2009
3115.0000,2.2178,2.1627,2.0945,2.0683,2.0907,2.1677,2.2180
3120.0000,2.1923,2.1485,2.0872,2.0679,2.1007,2.1831,2.2514
3125.0000,2.1768,2.1320,2.0836,2.0669,2.1140,2.1986,2.2937
3130.0000,2.1594,2.1207,2.0777,2.0704,2.1230,2.2264,2.3298
3135.0000,2.1385,2.1144,2.0709,2.0757,2.1332,2.2582,2.3707
3140.0000,2.1303,2.1033,2.0685,2.0801,2.1468,2.2938,2.4162
3145.0000,2.1173,2.0980,2.0641,2.0878,2.1598,2.3386,2.4582
3150.0000,2.1052,2.0934,2.0614,2.0958,2.1765,2.3885,2.4957
3155.0000,2.1019,2.0834,2.0656,2.0994,2.2053,2.4297,2.5528
3160.0000,2.0934,2.0799,2.0664,2.1080,2.2320,2.4850,2.5924
3165.0000,2.0868,2.0756,2.0711,2.1142,2.2704,2.5295,2.6609
3170.0000,2.0843,2.0712,2.0760,2.1242,2.3088,2.5863,2.7078
3175.0000,2.0803,2.0702,2.0800,2.1377,2.3503,2.6469,2.7454
3180.0000,2.0763,2.0706,2.0853,2.1522,2.4005,2.6995,2.7960
3185.0000,2.0687,2.0754,2.0888,2.1721,2.4521,2.7556,2.8291
3190.0000,2.0740,2.0760,2.0948,2.1957,2.5058,2.8139,2.8389
3195.0000,2.0728,2.0814,2.1007,2.2228,2.5662,2.8597,2.8469
3235.0000,2.1231,2.1480,2.2422,2.5971,3.0206,2.6238,2.3143
3240.0000,2.1336,2.1686,2.2705,2.6689,3.0201,2.5087,2.1918
3245.0000,2.1422,2.1949,2.3012,2.7438,2.9945,2.3802,2.0668
3250.0000,2.1644,2.2186,2.3393,2.8179,2.9406,2.2475,1.9319
3255.0000,2.1720,2.2579,2.3767,2.8902,2.8601,2.1062,1.8068
3260.0000,2.1876,2.2941,2.4261,2.9492,2.7612,1.9518,1.7208
3265.0000,2.2311,2.3187,2.4880,2.9966,2.6297,1.8239,1.6052
3270.0000,2.2647,2.3501,2.5573,3.0237,2.4858,1.6923,1.5237
3275.0000,2.2958,2.3884,2.6287,3.0342,2.3183,1.5918,1.4084
3280.0000,2.3381,2.4224,2.7121,3.0118,2.1571,1.4807,1.3475
3285.0000,2.3821,2.4615,2.7948,2.9648,1.9906,1.3901,1.2951
3290.0000,2.4195,2.5133,2.8679,2.8954,1.8225,1.3238,1.2351
3295.0000,2.4654,2.5659,2.9349,2.7987,1.6667,1.2682,1.1920
3300.0000,2.5226,2.6146,2.9926,2.6773,1.5257,1.2267,1.1549
3305.0000,2.5793,2.6674,3.0312,2.5372,1.4030,1.1945,1.1296
3310.0000,2.6223,2.7284,3.0434,2.3842,1.3009,1.1675,1.1185
3315.0000,2.6708,2.7849,3.0297,2.2248,1.2136,1.1597,1.0876
3320.0000,2.7237,2.8292,2.9945,2.0567,1.1566,1.1387,1.1042
3325.0000,2.7632,2.8694,2.9277,1.8946,1.1137,1.1287,1.1117
3330.0000,2.8034,2.8914,2.8383,1.7374,1.0920,1.1140,1.1368
3335.0000,2.8242,2.9050,2.7183,1.5992,1.0726,1.1183,1.1491
3340.0000,2.8348,2.8971,2.5811,1.4740,1.0677,1.1177,1.1876
3345.0000,2.8489,2.8591,2.4336,1.3655,1.0682,1.1275,1.2247
3350.0000,2.8220,2.8163,2.2666,1.2812,1.0686,1.1469,1.2688
3355.0000,2.7865,2.7458,2.1002,1.2134,1.0729,1.1737,1.3220
3360.0000,2.7563,2.6427,1.9420,1.1613,1.0761,1.2193,1.3605
3365.0000,2.6849,2.5349,1.7868,1.1240,1.0859,1.2644,1.4148
3370.0000,2.5841,2.4204,1.6401,1.1002,1.0981,1.3185,1.4689
3375.0000,2.5080,2.2746,1.5214,1.0782,1.1232,1.3705,1.5361
3380.0000,2.4125,2.1240,1.4194,1.0644,1.1521,1.4326,1.5982
3385.0000,2.2856,1.9856,1.3285,1.0589,1.1873,1.4968,1.6678
3390.0000,2.1646,1.8448,1.2591,1.0547,1.2351,1.5561,1.7560
3395.0000,2.0358,1.7185,1.1986,1.0609,1.2817,1.6302,1.8336
3400.0000,1.9410,1.5804,1.1650,1.0637,1.3435,1.6967,1.9392
3405.0000,1.8024,1.4829,1.1246,1.0844,1.3955,1.7889,2.0131
3410.0000,1.6788,1.3992,1.0935,1.1097,1.4557,1.8797,2.0947
3415.0000,1.5579,1.3364,1.0661,1.1427,1.5209,1.9713,2.1835
3420.0000,1.4773,1.2699,1.0542,1.1783,1.5911,2.0714,2.2494
3425.0000,1.3993,1.2159,1.0500,1.2183,1.6686,2.1702,2.3032
3430.0000,1.3210,1.1787,1.0512,1.2615,1.7580,2.2532,2.3748
3435.0000,1.2628,1.1459,1.0616,1.3090,1.8522,2.3344,2.4236
3475.0000,1.1244,1.1716,1.3296,1.9094,2.5963,2.4472,2.2247
3480.0000,1.1262,1.2158,1.3753,2.0187,2.6342,2.3825,2.1333
3485.0000,1.1637,1.2474,1.4386,2.1228,2.6599,2.2887,2.0571
3490.0000,1.1912,1.2922,1.5030,2.2315,2.6541,2.1942,1.9658
3495.0000,1.2317,1.3342,1.5800,2.3345,2.6238,2.0950,1.8636
3500.0000,1.2757,1.3804,1.6658,2.4299,2.5678,1.9950,1.7531
3505.0000,1.3135,1.4393,1.7565,2.5136,2.4927,1.8869,1.6533
3510.0000,1.3652,1.4968,1.8596,2.5777,2.4043,1.7700,1.5793
3515.0000,1.4232,1.5600,1.9663,2.6268,2.2915,1.6734,1.4820
3520.0000,1.4848,1.6290,2.0778,2.6521,2.1719,1.5745,1.4042
3525.0000,1.5401,1.7130,2.1829,2.6592,2.0382,1.4941,1.3053
3530.0000,1.6169,1.7911,2.2936,2.6345,1.9148,1.3998,1.2498
3535.0000,1.7011,1.8701,2.3977,2.5881,1.7875,1.3233,1.1881
3540.0000,1.7908,1.9511,2.4915,2.5194,1.6651,1.2556,1.1303
3545.0000,1.8654,2.0455,2.5632,2.4352,1.5472,1.1984,1.0737
3550.0000,1.9453,2.1399,2.6150,2.3360,1.4376,1.1508,1.0138
3555.0000,2.0368,2.2237,2.6510,2.2194,1.3478,1.0928,0.9977
3560.0000,2.1013,2.3168,2.6540,2.1014,1.2614,1.0517,0.9682
3565.0000,2.1882,2.3896,2.6381,1.9777,1.1855,1.0206,0.9304
3570.0000,2.2668,2.4484,2.6016,1.8504,1.1265,0.9827,0.9240
3575.0000,2.3252,2.4986,2.5389,1.7294,1.0727,0.9562,0.9092
3580.0000,2.3888,2.5230,2.4624,1.6108,1.0314,0.9295,0.9044
3585.0000,2.4223,2.5399,2.3625,1.5048,0.9916,0.9146,0.8951
3590.0000,2.4535,2.5287,2.2560,1.4040,0.9631,0.8976,0.9015
3595.0000,2.4741,2.4944,2.1426,1.3132,0.9383,0.8890,0.9051
3600.0000,2.4575,2.4563,2.0155,1.2374,0.9145,0.8870,0.9122
3605.0000,2.4346,2.3945,1.8912,1.1695,0.8964,0.8883,0.9249
3610.0000,2.4092,2.3094,1.7735,1.1093,0.8823,0.8962,0.9349
3615.0000,2.3550,2.2198,1.6570,1.0588,0.8720,0.9070,0.9491
3620.0000,2.2763,2.1276,1.5439,1.0178,0.8643,0.9223,0.9633
3625.0000,2.2102,2.0166,1.4463,0.9794,0.8643,0.9371,0.9817
3630.0000,2.1337,1.9001,1.3597,0.9465,0.8682,0.9558,0.9965
3635.0000,2.0309,1.7951,1.2765,0.9214,0.8753,0.9749,1.0147
3640.0000,1.9353,1.6866,1.2062,0.8992,0.8884,0.9926,1.0348
3645.0000,1.8312,1.5891,1.1399,0.8850,0.9012,1.0153,1.0470
