150.0000,0.5409,0.5409,0.5357,0.5313,0.5261,0.5241,0.5217
155.0000,0.5412,0.5394,0.5354,0.5304,0.5258,0.5233,0.5215
160.0000,0.5401,0.5389,0.5343,0.5301,0.5247,0.5237,0.5192
165.0000,0.5387,0.5384,0.5335,0.5294,0.5245,0.5224,0.5202
170.0000,0.5388,0.5369,0.5332,0.5286,0.5242,0.5216,0.5202
175.0000,0.5377,0.5364,0.5322,0.5283,0.5231,0.5221,0.5180
180.0000,0.5363,0.5360,0.5314,0.5278,0.5227,0.5212,0.5185
185.0000,0.5365,0.5346,0.5312,0.5269,0.5226,0.5202,0.5188
190.0000,0.5354,0.5342,0.5303,0.5267,0.5215,0.5207,0.5166
195.0000,0.5342,0.5338,0.5295,0.5261,0.5211,0.5199,0.5173
200.0000,0.5321,0.5337,0.5286,0.5256,0.5206,0.5192,0.5174
205.0000,0.5333,0.5321,0.5284,0.5251,0.5197,0.5199,0.5145
210.0000,0.5321,0.5316,0.5278,0.5244,0.5197,0.5186,0.5161
215.0000,0.5301,0.5316,0.5270,0.5239,0.5193,0.5180,0.5163
220.0000,0.5313,0.5301,0.5267,0.5234,0.5184,0.5187,0.5135
225.0000,0.5301,0.5297,0.5261,0.5227,0.5184,0.5175,0.5152
230.0000,0.5285,0.5295,0.5254,0.5222,0.5181,0.5169,0.5154
235.0000,0.5294,0.5282,0.5253,0.5214,0.5179,0.5163,0.5154
240.0000,0.5283,0.5280,0.5244,0.5213,0.5171,0.5168,0.5138
245.0000,0.5268,0.5278,0.5237,0.5208,0.5169,0.5160,0.5146
250.0000,0.5276,0.5264,0.5236,0.5200,0.5168,0.5155,0.5146
255.0000,0.5267,0.5262,0.5228,0.5199,0.5160,0.5160,0.5130
260.0000,0.5251,0.5261,0.5220,0.5195,0.5158,0.5154,0.5135
265.0000,0.5259,0.5247,0.5220,0.5187,0.5159,0.5146,0.5138
270.0000,0.5250,0.5244,0.5212,0.5185,0.5152,0.5151,0.5123
275.0000,0.5239,0.5242,0.5206,0.5181,0.5151,0.5145,0.5129
280.0000,0.5243,0.5230,0.5206,0.5175,0.5151,0.5139,0.5131
285.0000,0.5234,0.5228,0.5197,0.5175,0.5143,0.5147,0.5111
290.0000,0.5222,0.5226,0.5192,0.5171,0.5143,0.5138,0.5123
295.0000,0.5227,0.5215,0.5192,0.5165,0.5143,0.5133,0.5125
300.0000,0.5219,0.5213,0.5184,0.5166,0.5135,0.5140,0.5106
305.0000,0.5207,0.5212,0.5178,0.5163,0.5134,0.5134,0.5114
310.0000,0.5212,0.5200,0.5179,0.5157,0.5136,0.5127,0.5120
315.0000,0.5205,0.5199,0.5173,0.5157,0.5128,0.5135,0.5102
320.0000,0.5195,0.5196,0.5168,0.5154,0.5127,0.5129,0.5111
325.0000,0.5177,0.5199,0.5162,0.5152,0.5126,0.5126,0.5115
330.0000,0.5191,0.5186,0.5162,0.5150,0.5120,0.5135,0.5089
335.0000,0.5183,0.5183,0.5160,0.5146,0.5122,0.5125,0.5108
340.0000,0.5170,0.5184,0.5155,0.5144,0.5122,0.5122,0.5112
345.0000,0.5179,0.5174,0.5154,0.5142,0.5116,0.5132,0.5087
350.0000,0.5171,0.5173,0.5151,0.5139,0.5118,0.5122,0.5106
355.0000,0.5159,0.5174,0.5146,0.5137,0.5118,0.5119,0.5111
360.0000,0.5169,0.5163,0.5148,0.5132,0.5119,0.5116,0.5112
365.0000,0.5160,0.5165,0.5141,0.5134,0.5113,0.5124,0.5098
370.0000,0.5148,0.5165,0.5138,0.5131,0.5114,0.5118,0.5106
375.0000,0.5159,0.5154,0.5140,0.5127,0.5117,0.5114,0.5109
380.0000,0.5153,0.5154,0.5135,0.5128,0.5112,0.5121,0.5095
385.0000,0.5141,0.5156,0.5131,0.5127,0.5113,0.5116,0.5103
390.0000,0.5151,0.5145,0.5134,0.5122,0.5116,0.5110,0.5108
395.0000,0.5145,0.5146,0.5129,0.5124,0.5111,0.5116,0.5097
400.0000,0.5136,0.5147,0.5126,0.5123,0.5111,0.5113,0.5104
405.0000,0.5143,0.5138,0.5127,0.5120,0.5112,0.5110,0.5108
410.0000,0.5137,0.5140,0.5122,0.5123,0.5105,0.5120,0.5092
415.0000,0.5129,0.5140,0.5120,0.5122,0.5107,0.5114,0.5105
420.0000,0.5136,0.5132,0.5122,0.5119,0.5108,0.5112,0.5109
425.0000,0.5131,0.5132,0.5118,0.5121,0.5102,0.5122,0.5092
430.0000,0.5122,0.5134,0.5116,0.5120,0.5104,0.5118,0.5103
435.0000,0.5130,0.5125,0.5120,0.5115,0.5108,0.5113,0.5112
440.0000,0.5126,0.5126,0.5117,0.5117,0.5103,0.5123,0.5096
445.0000,0.5120,0.5127,0.5116,0.5115,0.5106,0.5120,0.5110
450.0000,0.5105,0.5132,0.5112,0.5115,0.5107,0.5118,0.5117
455.0000,0.5121,0.5123,0.5114,0.5115,0.5103,0.5130,0.5097
460.0000,0.5116,0.5124,0.5113,0.5113,0.5108,0.5125,0.5117
465.0000,0.5106,0.5127,0.5110,0.5113,0.5109,0.5125,0.5124
470.0000,0.5118,0.5120,0.5111,0.5114,0.5105,0.5139,0.5102
475.0000,0.5111,0.5123,0.5109,0.5113,0.5110,0.5133,0.5124
480.0000,0.5102,0.5126,0.5106,0.5114,0.5113,0.5133,0.5133
485.0000,0.5116,0.5117,0.5110,0.5111,0.5118,0.5133,0.5140
490.0000,0.5110,0.5119,0.5106,0.5115,0.5116,0.5144,0.5130
495.0000,0.5102,0.5121,0.5105,0.5115,0.5121,0.5142,0.5143
500.0000,0.5114,0.5112,0.5110,0.5113,0.5126,0.5142,0.5151
505.0000,0.5109,0.5114,0.5107,0.5116,0.5124,0.5154,0.5142
510.0000,0.5098,0.5119,0.5104,0.5118,0.5128,0.5154,0.5153
515.0000,0.5111,0.5111,0.5109,0.5117,0.5135,0.5154,0.5162
520.0000,0.5106,0.5114,0.5106,0.5122,0.5134,0.5166,0.5153
525.0000,0.5100,0.5116,0.5105,0.5124,0.5139,0.5166,0.5166
530.0000,0.5109,0.5110,0.5110,0.5124,0.5145,0.5167,0.5174
535.0000,0.5105,0.5114,0.5107,0.5130,0.5143,0.5181,0.5161
540.0000,0.5100,0.5116,0.5108,0.5132,0.5150,0.5179,0.5178
545.0000,0.5109,0.5110,0.5114,0.5132,0.5157,0.5180,0.5188
550.0000,0.5107,0.5112,0.5113,0.5138,0.5156,0.5194,0.5174
555.0000,0.5101,0.5117,0.5113,0.5141,0.5162,0.5194,0.5189
560.0000,0.5110,0.5111,0.5119,0.5141,0.5170,0.5194,0.5200
565.0000,0.5108,0.5115,0.5119,0.5148,0.5169,0.5208,0.5186
570.0000,0.5104,0.5119,0.5120,0.5151,0.5175,0.5207,0.5201
575.0000,0.5090,0.5128,0.5119,0.5156,0.5180,0.5209,0.5212
580.0000,0.5111,0.5121,0.5125,0.5161,0.5181,0.5224,0.5192
585.0000,0.5109,0.5125,0.5129,0.5164,0.5189,0.5219,0.5215
590.0000,0.5103,0.5130,0.5130,0.5168,0.5194,0.5221,0.5226
595.0000,0.5118,0.5124,0.5139,0.5170,0.5202,0.5223,0.5234
600.0000,0.5115,0.5132,0.5138,0.5177,0.5201,0.5235,0.5226
605.0000,0.5109,0.5138,0.5141,0.5182,0.5207,0.5236,0.5240
610.0000,0.5125,0.5133,0.5149,0.5183,0.5214,0.5237,0.5249
615.0000,0.5122,0.5141,0.5149,0.5191,0.5213,0.5251,0.5241
620.0000,0.5117,0.5148,0.5153,0.5195,0.5220,0.5251,0.5256
625.0000,0.5134,0.5143,0.5162,0.5196,0.5228,0.5252,0.5267
630.0000,0.5133,0.5149,0.5164,0.5203,0.5227,0.5265,0.5261
635.0000,0.5127,0.5159,0.5166,0.5208,0.5233,0.5268,0.5276
640.0000,0.5144,0.5154,0.5175,0.5209,0.5241,0.5271,0.5287
645.0000,0.5145,0.5161,0.5177,0.5216,0.5241,0.5285,0.5282
650.0000,0.5142,0.5168,0.5180,0.5221,0.5248,0.5289,0.5298
655.0000,0.5156,0.5166,0.5189,0.5222,0.5256,0.5293,0.5311
660.0000,0.5155,0.5175,0.5189,0.5230,0.5256,0.5311,0.5300
665.0000,0.5154,0.5182,0.5193,0.5234,0.5265,0.5313,0.5321
670.0000,0.5168,0.5179,0.5202,0.5236,0.5275,0.5318,0.5335
675.0000,0.5170,0.5186,0.5203,0.5243,0.5276,0.5336,0.5326
680.0000,0.5167,0.5195,0.5206,0.5248,0.5286,0.5340,0.5347
685.0000,0.5181,0.5192,0.5215,0.5250,0.5298,0.5344,0.5363
690.0000,0.5184,0.5199,0.5217,0.5258,0.5300,0.5363,0.5354
695.0000,0.5184,0.5205,0.5221,0.5263,0.5312,0.5366,0.5377
700.0000,0.5172,0.5218,0.5221,0.5271,0.5320,0.5373,0.5394
705.0000,0.5196,0.5214,0.5228,0.5278,0.5325,0.5395,0.5380
710.0000,0.5196,0.5220,0.5232,0.5284,0.5337,0.5398,0.5408
715.0000,0.5193,0.5228,0.5236,0.5291,0.5347,0.5405,0.5425
720.0000,0.5211,0.5224,0.5245,0.5296,0.5360,0.5413,0.5441
725.0000,0.5209,0.5234,0.5247,0.5308,0.5364,0.5432,0.5439
730.0000,0.5207,0.5242,0.5252,0.5315,0.5376,0.5439,0.5459
735.0000,0.5225,0.5238,0.5263,0.5321,0.5390,0.5447,0.5475
740.0000,0.5227,0.5245,0.5267,0.5332,0.5396,0.5467,0.5473
745.0000,0.5221,0.5255,0.5272,0.5341,0.5409,0.5473,0.5495
750.0000,0.5239,0.5253,0.5285,0.5346,0.5424,0.5481,0.5514
755.0000,0.5241,0.5262,0.5289,0.5359,0.5431,0.5501,0.5515
760.0000,0.5235,0.5274,0.5294,0.5369,0.5443,0.5509,0.5539
765.0000,0.5255,0.5273,0.5306,0.5377,0.5457,0.5520,0.5558
770.0000,0.5258,0.5282,0.5311,0.5390,0.5463,0.5542,0.5561
775.0000,0.5259,0.5292,0.5319,0.5401,0.5476,0.5553,0.5588
780.0000,0.5276,0.5293,0.5332,0.5409,0.5491,0.5566,0.5611
785.0000,0.5278,0.5306,0.5337,0.5424,0.5496,0.5594,0.5612
790.0000,0.5280,0.5316,0.5346,0.5435,0.5511,0.5608,0.5638
795.0000,0.5298,0.5317,0.5361,0.5442,0.5529,0.5621,0.5664
800.0000,0.5303,0.5327,0.5368,0.5456,0.5538,0.5651,0.5663
805.0000,0.5303,0.5340,0.5378,0.5466,0.5558,0.5663,0.5700
810.0000,0.5322,0.5342,0.5393,0.5474,0.5578,0.5678,0.5727
815.0000,0.5329,0.5354,0.5401,0.5489,0.5590,0.5709,0.5729
820.0000,0.5334,0.5365,0.5412,0.5500,0.5612,0.5723,0.5766
825.0000,0.5325,0.5384,0.5418,0.5515,0.5631,0.5742,0.5799
830.0000,0.5354,0.5386,0.5431,0.5529,0.5645,0.5776,0.5800
835.0000,0.5361,0.5399,0.5441,0.5544,0.5668,0.5794,0.5840
840.0000,0.5363,0.5413,0.5450,0.5559,0.5690,0.5815,0.5875
845.0000,0.5387,0.5416,0.5467,0.5573,0.5714,0.5836,0.5909
850.0000,0.5390,0.5433,0.5473,0.5594,0.5730,0.5872,0.5925
855.0000,0.5394,0.5447,0.5484,0.5612,0.5754,0.5897,0.5960
860.0000,0.5420,0.5448,0.5504,0.5626,0.5781,0.5921,0.5996
865.0000,0.5429,0.5461,0.5516,0.5647,0.5801,0.5959,0.6013
870.0000,0.5429,0.5478,0.5529,0.5667,0.5829,0.5983,0.6060
875.0000,0.5453,0.5482,0.5549,0.5684,0.5858,0.6013,0.6097
880.0000,0.5462,0.5498,0.5562,0.5707,0.5880,0.6054,0.6117
885.0000,0.5461,0.5518,0.5576,0.5729,0.5910,0.6083,0.6167
890.0000,0.5489,0.5524,0.5598,0.5749,0.5942,0.6116,0.6207
895.0000,0.5499,0.5542,0.5613,0.5775,0.5967,0.6162,0.6229
900.0000,0.5507,0.5559,0.5631,0.5798,0.6003,0.6191,0.6289
905.0000,0.5532,0.5569,0.5654,0.5820,0.6040,0.6223,0.6345
910.0000,0.5541,0.5591,0.5669,0.5851,0.6066,0.6276,0.6376
915.0000,0.5554,0.5610,0.5688,0.5878,0.6100,0.6319,0.6430
920.0000,0.5580,0.5621,0.5715,0.5902,0.6140,0.6359,0.6492
925.0000,0.5595,0.5641,0.5734,0.5935,0.6170,0.6420,0.6527
930.0000,0.5600,0.5668,0.5754,0.5965,0.6212,0.6463,0.6607
935.0000,0.5631,0.5680,0.5782,0.5994,0.6253,0.6519,0.6666
940.0000,0.5649,0.5703,0.5804,0.6029,0.6288,0.6590,0.6703
945.0000,0.5666,0.5725,0.5831,0.6059,0.6339,0.6640,0.6795
950.0000,0.5666,0.5756,0.5855,0.6092,0.6391,0.6695,0.6888
955.0000,0.5709,0.5770,0.5885,0.6128,0.6435,0.6775,0.6943
960.0000,0.5729,0.5795,0.5914,0.6164,0.6489,0.6845,0.7034
965.0000,0.5746,0.5821,0.5943,0.6200,0.6550,0.6913,0.7140
970.0000,0.5782,0.5839,0.5980,0.6235,0.6616,0.6982,0.7259
975.0000,0.5797,0.5874,0.6004,0.6282,0.6671,0.7079,0.7360
980.0000,0.5815,0.5907,0.6032,0.6329,0.6733,0.7177,0.7480
985.0000,0.5857,0.5925,0.6072,0.6370,0.6809,0.7268,0.7632
990.0000,0.5882,0.5958,0.6102,0.6424,0.6874,0.7393,0.7769
995.0000,0.5892,0.5997,0.6137,0.6472,0.6963,0.7488,0.8023
1000.0000,0.5940,0.6019,0.6178,0.6526,0.7046,0.7623,0.8275
1005.0000,0.5968,0.6055,0.6212,0.6590,0.7120,0.7800,0.8546
1010.0000,0.5995,0.6093,0.6249,0.6657,0.7202,0.8003,0.8870
1015.0000,0.6036,0.6130,0.6278,0.6746,0.7249,0.8325,0.9066
1020.0000,0.6058,0.6177,0.6316,0.6820,0.7344,0.8629,0.9321
1025.0000,0.6087,0.6213,0.6371,0.6881,0.7481,0.8934,0.9605
1030.0000,0.6142,0.6232,0.6448,0.6925,0.7674,0.9219,0.9934
1035.0000,0.6175,0.6273,0.6512,0.6987,0.7872,0.9567,1.0168
1040.0000,0.6228,0.6299,0.6596,0.7033,0.8137,0.9862,1.0494
1045.0000,0.6269,0.6332,0.6684,0.7079,0.8460,1.0107,1.0910
1050.0000,0.6319,0.6377,0.6752,0.7167,0.8762,1.0431,1.1222
1055.0000,0.6364,0.6431,0.6817,0.7267,0.9112,1.0689,1.1734
1060.0000,0.6400,0.6510,0.6848,0.7430,0.9409,1.1063,1.2080
1065.0000,0.6448,0.6590,0.6879,0.7621,0.9721,1.1433,1.2469
1070.0000,0.6483,0.6682,0.6906,0.7842,1.0042,1.1799,1.2940
1075.0000,0.6454,0.6809,0.6918,0.8106,1.0349,1.2205,1.3409
1080.0000,0.6589,0.6859,0.6983,0.8382,1.0658,1.2657,1.3844
1085.0000,0.6632,0.6950,0.7045,0.8689,1.0957,1.3164,1.4170
1090.0000,0.6699,0.7006,0.7172,0.8973,1.1326,1.3598,1.4643
1095.0000,0.6827,0.7025,0.7357,0.9248,1.1731,1.4025,1.5123
1100.0000,0.6906,0.7080,0.7552,0.9548,1.2124,1.4509,1.5521
1105.0000,0.7039,0.7112,0.7801,0.9836,1.2558,1.4977,1.5898
1110.0000,0.7097,0.7199,0.8064,1.0125,1.3038,1.5383,1.6342
1115.0000,0.7213,0.7297,0.8341,1.0440,1.3504,1.5832,1.6685
1120.0000,0.7280,0.7468,0.8606,1.0773,1.3999,1.6214,1.7127
1125.0000,0.7378,0.7680,0.8856,1.1150,1.4458,1.6649,1.7423
1130.0000,0.7481,0.7939,0.9096,1.1557,1.4912,1.7067,1.7667
1135.0000,0.7619,0.8204,0.9356,1.1968,1.5392,1.7400,1.8002
1140.0000,0.7864,0.8433,0.9651,1.2393,1.5860,1.7724,1.8251
1145.0000,0.8069,0.8708,0.9935,1.2853,1.6288,1.8057,1.8395
1150.0000,0.8352,0.8936,1.0281,1.3293,1.6743,1.8289,1.8613
1155.0000,0.8603,0.9192,1.0638,1.3748,1.7168,1.8496,1.8772
1195.0000,1.1039,1.1889,1.4025,1.7356,1.9234,1.8850,1.8218
1200.0000,1.1277,1.2364,1.4463,1.7744,1.9293,1.8703,1.7946
1205.0000,1.1742,1.2760,1.4943,1.8086,1.9302,1.8540,1.7547
1210.0000,1.2181,1.3164,1.5436,1.8366,1.9323,1.8218,1.7390
1215.0000,1.2618,1.3585,1.5906,1.8629,1.9255,1.7932,1.7066
1220.0000,1.3035,1.4028,1.6351,1.8863,1.9122,1.7641,1.6669
1225.0000,1.3381,1.4541,1.6737,1.9076,1.8923,1.7336,1.6220
1230.0000,1.3850,1.4973,1.7156,1.9205,1.8738,1.6913,1.5922
1235.0000,1.4321,1.5398,1.7542,1.9302,1.8473,1.6537,1.5500
1240.0000,1.4769,1.5822,1.7896,1.9354,1.8165,1.6152,1.5050
1245.0000,1.5074,1.6316,1.8174,1.9379,1.7808,1.5760,1.4579
1250.0000,1.5587,1.6674,1.8491,1.9302,1.7482,1.5273,1.4227
1255.0000,1.6040,1.7030,1.8751,1.9199,1.7087,1.4847,1.3790
1260.0000,1.6461,1.7363,1.8973,1.9045,1.6673,1.4418,1.3351
1265.0000,1.6836,1.7683,1.9145,1.8848,1.6239,1.3994,1.2895
1270.0000,1.7140,1.8022,1.9238,1.8626,1.5773,1.3592,1.2401
1275.0000,1.7491,1.8274,1.9324,1.8326,1.5358,1.3089,1.2134
1280.0000,1.7808,1.8497,1.9346,1.8013,1.4890,1.2681,1.1728
1285.0000,1.8043,1.8723,1.9291,1.7681,1.4408,1.2296,1.1315
1290.0000,1.8268,1.8884,1.9208,1.7302,1.3958,1.1870,1.1030
1295.0000,1.8508,1.8971,1.9086,1.6902,1.3489,1.1514,1.0656
1300.0000,1.8669,1.9035,1.8906,1.6488,1.3024,1.1179,1.0274
1305.0000,1.8767,1.9063,1.8681,1.6052,1.2584,1.0838,0.9926
1310.0000,1.8876,1.9003,1.8450,1.5575,1.2201,1.0443,0.9698
1315.0000,1.8892,1.8940,1.8146,1.5120,1.1788,1.0133,0.9383
1320.0000,1.8857,1.8836,1.7806,1.4659,1.1398,0.9823,0.9107
1325.0000,1.8795,1.8676,1.7442,1.4195,1.1029,0.9524,0.8838
1330.0000,1.8743,1.8444,1.7066,1.3731,1.0672,0.9255,0.8535
1335.0000,1.8573,1.8215,1.6650,1.3275,1.0352,0.8943,0.8395
1340.0000,1.8316,1.7983,1.6188,1.2854,1.0009,0.8710,0.8148
1345.0000,1.8169,1.7644,1.5753,1.2424,0.9699,0.8474,0.7919
1350.0000,1.7936,1.7293,1.5298,1.2014,0.9399,0.8259,0.7677
1355.0000,1.7594,1.6947,1.4830,1.1614,0.9136,0.8002,0.7562
1360.0000,1.7325,1.6530,1.4383,1.1226,0.8875,0.7790,0.7405
1365.0000,1.6937,1.6156,1.3901,1.0877,0.8607,0.7611,0.7245
1370.0000,1.6615,1.5707,1.3463,1.0522,0.8370,0.7427,0.7133
1375.0000,1.6248,1.5248,1.3037,1.0182,0.8147,0.7259,0.7045
1380.0000,1.5807,1.4830,1.2593,0.9875,0.7916,0.7130,0.6958
1385.0000,1.5342,1.4418,1.2155,0.9589,0.7688,0.7040,0.6845
1390.0000,1.4966,1.3954,1.1765,0.9298,0.7489,0.6958,0.6737
1395.0000,1.4585,1.3476,1.1404,0.9010,0.7316,0.6886,0.6619
1400.0000,1.4088,1.3077,1.1024,0.8745,0.7167,0.6799,0.6566
1405.0000,1.3683,1.2644,1.0682,0.8482,0.7042,0.6721,0.6492
1410.0000,1.3228,1.2268,1.0324,0.8252,0.6915,0.6676,0.6366
1415.0000,1.2863,1.1837,1.0027,0.8001,0.6850,0.6569,0.6350
1420.0000,1.2460,1.1441,0.9730,0.7777,0.6784,0.6484,0.6296
1425.0000,1.2039,1.1090,0.9421,0.7588,0.6710,0.6423,0.6208
1430.0000,1.1699,1.0707,0.9152,0.7400,0.6664,0.6333,0.6171
1435.0000,1.1310,1.0372,0.8875,0.7242,0.6612,0.6250,0.6135
1440.0000,1.0914,1.0083,0.8586,0.7122,0.6542,0.6190,0.6081
1445.0000,1.0527,0.9815,0.8304,0.7025,0.6466,0.6138,0.6028
1450.0000,1.0209,0.9523,0.8056,0.6935,0.6393,0.6089,0.5975
1455.0000,0.9938,0.9215,0.7844,0.6850,0.6321,0.6049,0.5905
1460.0000,0.9597,0.8966,0.7629,0.6782,0.6250,0.5997,0.5882
1465.0000,0.9292,0.8710,0.7448,0.6715,0.6180,0.5957,0.5838
1470.0000,0.9065,0.8430,0.7311,0.6638,0.6124,0.5911,0.5797
1475.0000,0.8850,0.8153,0.7202,0.6558,0.6070,0.5875,0.5740
1480.0000,0.8562,0.7940,0.7090,0.6486,0.6024,0.5823,0.5722
1485.0000,0.8327,0.7734,0.6995,0.6414,0.5979,0.5781,0.5688
1490.0000,0.8086,0.7571,0.6895,0.6353,0.5926,0.5753,0.5637
1495.0000,0.7898,0.7404,0.6816,0.6285,0.5887,0.5711,0.5609
1500.0000,0.7713,0.7259,0.6741,0.6219,0.5851,0.5667,0.5587
1505.0000,0.7517,0.7156,0.6650,0.6169,0.5803,0.5642,0.5542
1510.0000,0.7350,0.7057,0.6568,0.6117,0.5763,0.5607,0.5516
1515.0000,0.7239,0.6943,0.6502,0.6061,0.5729,0.5572,0.5487
1520.0000,0.7130,0.6839,0.6438,0.6010,0.5690,0.5549,0.5436
1525.0000,0.6996,0.6761,0.6368,0.5962,0.5660,0.5508,0.5429
1530.0000,0.6906,0.6671,0.6309,0.5914,0.5628,0.5476,0.5404
1535.0000,0.6801,0.6604,0.6239,0.5877,0.5587,0.5458,0.5357
1540.0000,0.6717,0.6528,0.6182,0.5834,0.5557,0.5426,0.5336
1545.0000,0.6646,0.6448,0.6133,0.5790,0.5532,0.5389,0.5322
1550.0000,0.6560,0.6387,0.6075,0.5756,0.5496,0.5372,0.5278
1555.0000,0.6486,0.6323,0.6025,0.5718,0.5468,0.5341,0.5262
1560.0000,0.6424,0.6253,0.5982,0.5679,0.5444,0.5308,0.5248
1565.0000,0.6351,0.6201,0.5931,0.5648,0.5409,0.5292,0.5209
1570.0000,0.6279,0.6151,0.5883,0.5617,0.5381,0.5266,0.5192
1575.0000,0.6214,0.6099,0.5840,0.5585,0.5354,0.5240,0.5171
1580.0000,0.6175,0.6038,0.5804,0.5553,0.5323,0.5227,0.5122
1585.0000,0.6110,0.5994,0.5764,0.5521,0.5302,0.5193,0.5125
1590.0000,0.6044,0.5953,0.5724,0.5492,0.5277,0.5169,0.5108
1595.0000,0.6012,0.5899,0.5693,0.5459,0.5254,0.5145,0.5089
1600.0000,0.5965,0.5856,0.5657,0.5432,0.5226,0.5131,0.5054
1605.0000,0.5903,0.5822,0.5621,0.5404,0.5206,0.5102,0.5049
1610.0000,0.5875,0.5773,0.5593,0.5373,0.5185,0.5079,0.5033
1615.0000,0.5827,0.5740,0.5557,0.5350,0.5157,0.5067,0.5004
1620.0000,0.5783,0.5706,0.5525,0.5324,0.5136,0.5046,0.4991
1625.0000,0.5757,0.5661,0.5500,0.5294,0.5119,0.5022,0.4981
1630.0000,0.5712,0.5632,0.5466,0.5272,0.5093,0.5012,0.4954
1635.0000,0.5666,0.5605,0.5434,0.5249,0.5072,0.4993,0.4943
1640.0000,0.5644,0.5565,0.5410,0.5223,0.5055,0.4975,0.4930
1645.0000,0.5611,0.5534,0.5381,0.5201,0.5031,0.4968,0.4896
1650.0000,0.5568,0.5508,0.5353,0.5177,0.5016,0.4944,0.4898
1655.0000,0.5546,0.5471,0.5331,0.5152,0.5001,0.4926,0.4887
1660.0000,0.5511,0.5446,0.5301,0.5134,0.4979,0.4921,0.4855
1665.0000,0.5481,0.5417,0.5277,0.5111,0.4965,0.4902,0.4849
1670.0000,0.5458,0.5382,0.5257,0.5086,0.4954,0.4881,0.4845
1675.0000,0.5425,0.5359,0.5229,0.5070,0.4934,0.4875,0.4816
1680.0000,0.5389,0.5338,0.5203,0.5051,0.4919,0.4859,0.4810
1685.0000,0.5350,0.5318,0.5176,0.5033,0.4906,0.4841,0.4805
1690.0000,0.5342,0.5283,0.5157,0.5015,0.4889,0.4835,0.4777
1695.0000,0.5310,0.5262,0.5133,0.4999,0.4875,0.4819,0.4771
1700.0000,0.5274,0.5243,0.5109,0.4983,0.4862,0.4805,0.4761
1705.0000,0.5267,0.5210,0.5092,0.4967,0.4844,0.4802,0.4723
1710.0000,0.5236,0.5189,0.5072,0.4949,0.4836,0.4779,0.4732
1715.0000,0.5202,0.5171,0.5050,0.4935,0.4823,0.4763,0.4724
1720.0000,0.5194,0.5141,0.5036,0.4917,0.4812,0.4748,0.4713
1725.0000,0.5169,0.5121,0.5016,0.4905,0.4795,0.4742,0.4688
1730.0000,0.5136,0.5105,0.4997,0.4890,0.4785,0.4723,0.4686
1735.0000,0.5127,0.5077,0.4985,0.4874,0.4774,0.4708,0.4676
1740.0000,0.5102,0.5062,0.4965,0.4863,0.4756,0.4703,0.4652
1745.0000,0.5075,0.5047,0.4947,0.4850,0.4744,0.4688,0.4644
1750.0000,0.5068,0.5020,0.4937,0.4834,0.4735,0.4670,0.4638
1755.0000,0.5044,0.5006,0.4919,0.4823,0.4718,0.4664,0.4616
1760.0000,0.5018,0.4993,0.4903,0.4811,0.4705,0.4649,0.4610
1765.0000,0.5011,0.4970,0.4892,0.4795,0.4695,0.4634,0.4602
1770.0000,0.4992,0.4956,0.4876,0.4785,0.4677,0.4631,0.4575
1775.0000,0.4968,0.4943,0.4862,0.4771,0.4667,0.4612,0.4578
1780.0000,0.4961,0.4922,0.4852,0.4756,0.4656,0.4599,0.4570
1785.0000,0.4942,0.4910,0.4835,0.4746,0.4638,0.4597,0.4544
1790.0000,0.4922,0.4898,0.4822,0.4732,0.4627,0.4583,0.4541
1795.0000,0.4915,0.4877,0.4813,0.4716,0.4620,0.4566,0.4541
1800.0000,0.4897,0.4867,0.4797,0.4705,0.4604,0.4564,0.4517
1805.0000,0.4877,0.4856,0.4783,0.4693,0.4593,0.4552,0.4517
1810.0000,0.4852,0.4848,0.4767,0.4680,0.4583,0.4539,0.4514
1815.0000,0.4855,0.4826,0.4758,0.4667,0.4570,0.4537,0.4492
1820.0000,0.4837,0.4816,0.4743,0.4654,0.4560,0.4526,0.4490
1825.0000,0.4813,0.4807,0.4728,0.4643,0.4551,0.4516,0.4485
1830.0000,0.4815,0.4786,0.4718,0.4631,0.4538,0.4517,0.4454
1835.0000,0.4797,0.4775,0.4705,0.4617,0.4533,0.4500,0.4466
1840.0000,0.4775,0.4767,0.4690,0.4606,0.4525,0.4489,0.4462
1845.0000,0.4775,0.4746,0.4681,0.4592,0.4519,0.4478,0.4457
1850.0000,0.4759,0.4736,0.4666,0.4584,0.4506,0.4477,0.4438
1855.0000,0.4737,0.4727,0.4651,0.4573,0.4500,0.4464,0.4441
1860.0000,0.4736,0.4707,0.4643,0.4561,0.4494,0.4454,0.4436
1865.0000,0.4720,0.4698,0.4628,0.4554,0.4482,0.4454,0.4418
1870.0000,0.4700,0.4688,0.4614,0.4545,0.4474,0.4445,0.4415
1875.0000,0.4699,0.4668,0.4607,0.4533,0.4470,0.4433,0.4413
1880.0000,0.4682,0.4659,0.4593,0.4527,0.4458,0.4432,0.4395
1885.0000,0.4663,0.4650,0.4581,0.4519,0.4451,0.4422,0.4395
1890.0000,0.4660,0.4632,0.4574,0.4508,0.4446,0.4412,0.4391
1895.0000,0.4646,0.4622,0.4561,0.4502,0.4434,0.4413,0.4369
1900.0000,0.4628,0.4613,0.4551,0.4493,0.4430,0.4400,0.4376
1905.0000,0.4624,0.4596,0.4545,0.4483,0.4425,0.4391,0.4373
1910.0000,0.4611,0.4588,0.4534,0.4478,0.4412,0.4392,0.4353
1915.0000,0.4595,0.4579,0.4524,0.4470,0.4407,0.4383,0.4355
1920.0000,0.4591,0.4564,0.4519,0.4459,0.4403,0.4372,0.4356
1925.0000,0.4577,0.4557,0.4508,0.4455,0.4392,0.4374,0.4335
1930.0000,0.4561,0.4551,0.4498,0.4447,0.4386,0.4366,0.4338
1935.0000,0.4541,0.4547,0.4487,0.4441,0.4379,0.4358,0.4335
1940.0000,0.4548,0.4530,0.4482,0.4433,0.4370,0.4362,0.4308
1945.0000,0.4535,0.4522,0.4475,0.4424,0.4368,0.4348,0.4320
1950.0000,0.4516,0.4518,0.4465,0.4417,0.4363,0.4340,0.4319
1955.0000,0.4522,0.4502,0.4460,0.4411,0.4354,0.4344,0.4294
1960.0000,0.4508,0.4496,0.4452,0.4402,0.4352,0.4330,0.4306
1965.0000,0.4491,0.4492,0.4443,0.4396,0.4346,0.4323,0.4305
1970.0000,0.4495,0.4478,0.4439,0.4388,0.4343,0.4315,0.4303
1975.0000,0.4483,0.4474,0.4428,0.4384,0.4333,0.4317,0.4288
1980.0000,0.4466,0.4470,0.4419,0.4378,0.4329,0.4308,0.4292
1985.0000,0.4471,0.4455,0.4416,0.4370,0.4326,0.4302,0.4289
1990.0000,0.4460,0.4450,0.4406,0.4367,0.4316,0.4304,0.4274
1995.0000,0.4446,0.4446,0.4398,0.4361,0.4311,0.4297,0.4276
2000.0000,0.4449,0.4431,0.4396,0.4352,0.4310,0.4288,0.4277
2005.0000,0.4438,0.4426,0.4388,0.4349,0.4302,0.4290,0.4262
2010.0000,0.4425,0.4422,0.4380,0.4343,0.4298,0.4283,0.4265
2015.0000,0.4426,0.4409,0.4378,0.4335,0.4296,0.4277,0.4265
2020.0000,0.4417,0.4405,0.4369,0.4332,0.4287,0.4281,0.4246
2025.0000,0.4404,0.4401,0.4363,0.4326,0.4285,0.4271,0.4255
2030.0000,0.4405,0.4389,0.4360,0.4319,0.4283,0.4265,0.4256
2035.0000,0.4396,0.4386,0.4351,0.4317,0.4274,0.4270,0.4238
2040.0000,0.4384,0.4383,0.4344,0.4312,0.4271,0.4264,0.4242
2045.0000,0.4386,0.4371,0.4342,0.4305,0.4271,0.4257,0.4245
2050.0000,0.4377,0.4368,0.4334,0.4303,0.4263,0.4261,0.4227
2055.0000,0.4367,0.4364,0.4327,0.4298,0.4261,0.4255,0.4232
2060.0000,0.4351,0.4363,0.4320,0.4294,0.4258,0.4249,0.4233
2065.0000,0.4360,0.4349,0.4318,0.4290,0.4252,0.4255,0.4209
2070.0000,0.4351,0.4345,0.4313,0.4284,0.4253,0.4244,0.4223
2075.0000,0.4337,0.4343,0.4307,0.4280,0.4251,0.4238,0.4225
2080.0000,0.4343,0.4332,0.4303,0.4277,0.4244,0.4243,0.4203
2085.0000,0.4333,0.4329,0.4298,0.4273,0.4244,0.4234,0.4215
2090.0000,0.4320,0.4327,0.4292,0.4270,0.4240,0.4230,0.4215
2095.0000,0.4326,0.4316,0.4291,0.4265,0.4239,0.4225,0.4213
2100.0000,0.4317,0.4315,0.4283,0.4265,0.4231,0.4229,0.4198
2105.0000,0.4304,0.4313,0.4278,0.4261,0.4231,0.4221,0.4204
2110.0000,0.4311,0.4301,0.4278,0.4255,0.4230,0.4214,0.4203
2115.0000,0.4304,0.4299,0.4273,0.4254,0.4223,0.4217,0.4188
2120.0000,0.4292,0.4298,0.4268,0.4251,0.4222,0.4210,0.4190
2125.0000,0.4298,0.4287,0.4269,0.4245,0.4222,0.4202,0.4191
2130.0000,0.4290,0.4285,0.4263,0.4244,0.4215,0.4204,0.4177
2135.0000,0.4281,0.4284,0.4259,0.4241,0.4213,0.4197,0.4179
2140.0000,0.4284,0.4275,0.4259,0.4236,0.4211,0.4190,0.4178
2145.0000,0.4277,0.4275,0.4252,0.4236,0.4203,0.4194,0.4160
2150.0000,0.4268,0.4274,0.4248,0.4233,0.4201,0.4185,0.4168
2155.0000,0.4272,0.4265,0.4248,0.4228,0.4199,0.4179,0.4168
2160.0000,0.4266,0.4265,0.4242,0.4228,0.4189,0.4183,0.4150
2165.0000,0.4258,0.4264,0.4238,0.4225,0.4186,0.4177,0.4154
2170.0000,0.4263,0.4255,0.4239,0.4218,0.4186,0.4168,0.4157
2175.0000,0.4258,0.4253,0.4234,0.4217,0.4177,0.4172,0.4139
2180.0000,0.4251,0.4251,0.4232,0.4212,0.4175,0.4165,0.4146
2185.0000,0.4237,0.4253,0.4226,0.4209,0.4172,0.4160,0.4148
2190.0000,0.4248,0.4243,0.4226,0.4205,0.4164,0.4166,0.4126
2195.0000,0.4241,0.4242,0.4223,0.4200,0.4164,0.4156,0.4139
2200.0000,0.4230,0.4243,0.4218,0.4196,0.4161,0.4152,0.4141
2205.0000,0.4238,0.4233,0.4218,0.4190,0.4159,0.4148,0.4141
2210.0000,0.4231,0.4234,0.4211,0.4188,0.4152,0.4152,0.4129
2215.0000,0.4221,0.4234,0.4207,0.4184,0.4151,0.4146,0.4135
2220.0000,0.4230,0.4224,0.4207,0.4177,0.4151,0.4141,0.4136
2225.0000,0.4223,0.4224,0.4200,0.4176,0.4144,0.4146,0.4125
2230.0000,0.4212,0.4223,0.4195,0.4172,0.4144,0.4141,0.4131
2235.0000,0.4220,0.4213,0.4194,0.4166,0.4144,0.4137,0.4132
2240.0000,0.4213,0.4212,0.4188,0.4165,0.4138,0.4142,0.4121
2245.0000,0.4202,0.4212,0.4182,0.4162,0.4137,0.4138,0.4125
2250.0000,0.4210,0.4202,0.4182,0.4156,0.4139,0.4133,0.4129
2255.0000,0.4203,0.4200,0.4176,0.4155,0.4134,0.4137,0.4118
2260.0000,0.4194,0.4199,0.4171,0.4153,0.4134,0.4134,0.4123
2265.0000,0.4198,0.4190,0.4170,0.4149,0.4135,0.4130,0.4125
2270.0000,0.4191,0.4189,0.4163,0.4149,0.4129,0.4137,0.4110
2275.0000,0.4182,0.4187,0.4159,0.4147,0.4130,0.4131,0.4120
2280.0000,0.4187,0.4178,0.4159,0.4143,0.4131,0.4128,0.4124
2285.0000,0.4181,0.4176,0.4154,0.4144,0.4126,0.4135,0.4109
2290.0000,0.4172,0.4175,0.4150,0.4142,0.4126,0.4131,0.4117
2295.0000,0.4176,0.4166,0.4151,0.4138,0.4128,0.4126,0.4121
2300.0000,0.4170,0.4165,0.4146,0.4139,0.4123,0.4133,0.4106
2305.0000,0.4162,0.4164,0.4144,0.4138,0.4124,0.4129,0.4113
2310.0000,0.4147,0.4166,0.4139,0.4137,0.4123,0.4126,0.4116
2315.0000,0.4159,0.4156,0.4140,0.4136,0.4120,0.4134,0.4095
2320.0000,0.4153,0.4155,0.4138,0.4134,0.4123,0.4125,0.4110
2325.0000,0.4144,0.4155,0.4136,0.4133,0.4123,0.4122,0.4113
2330.0000,0.4152,0.4147,0.4138,0.4130,0.4125,0.4119,0.4114
2335.0000,0.4145,0.4148,0.4133,0.4132,0.4120,0.4124,0.4102
2340.0000,0.4136,0.4150,0.4131,0.4131,0.4121,0.4118,0.4109
2345.0000,0.4145,0.4141,0.4133,0.4128,0.4122,0.4114,0.4110
2350.0000,0.4140,0.4142,0.4130,0.4130,0.4117,0.4119,0.4099
2355.0000,0.4130,0.4145,0.4127,0.4130,0.4117,0.4114,0.4106
2360.0000,0.4139,0.4137,0.4130,0.4127,0.4118,0.4110,0.4108
2365.0000,0.4135,0.4138,0.4127,0.4129,0.4112,0.4115,0.4098
2370.0000,0.4125,0.4141,0.4124,0.4128,0.4111,0.4113,0.4103
2375.0000,0.4135,0.4132,0.4128,0.4125,0.4113,0.4109,0.4108
2380.0000,0.4131,0.4134,0.4125,0.4126,0.4107,0.4115,0.4098
2385.0000,0.4125,0.4135,0.4124,0.4125,0.4107,0.4112,0.4104
2390.0000,0.4131,0.4129,0.4127,0.4121,0.4108,0.4110,0.4107
2395.0000,0.4127,0.4131,0.4124,0.4122,0.4103,0.4118,0.4093
2400.0000,0.4122,0.4132,0.4123,0.4120,0.4105,0.4112,0.4105
2405.0000,0.4128,0.4126,0.4125,0.4116,0.4107,0.4110,0.4110
2410.0000,0.4125,0.4128,0.4122,0.4117,0.4103,0.4118,0.4098
2415.0000,0.4119,0.4131,0.4119,0.4116,0.4104,0.4116,0.4107
2420.0000,0.4126,0.4125,0.4122,0.4112,0.4107,0.4113,0.4114
2425.0000,0.4124,0.4126,0.4118,0.4113,0.4103,0.4122,0.4102
2430.0000,0.4120,0.4127,0.4116,0.4112,0.4105,0.4120,0.4112
2435.0000,0.4106,0.4133,0.4111,0.4112,0.4106,0.4120,0.4117
2440.0000,0.4121,0.4124,0.4112,0.4112,0.4104,0.4131,0.4099
2445.0000,0.4117,0.4125,0.4111,0.4111,0.4108,0.4126,0.4115
2450.0000,0.4109,0.4126,0.4108,0.4111,0.4111,0.4125,0.4122
2455.0000,0.4119,0.4118,0.4111,0.4108,0.4115,0.4123,0.4127
2460.0000,0.4115,0.4120,0.4108,0.4111,0.4113,0.4131,0.4119
2465.0000,0.4107,0.4121,0.4106,0.4111,0.4116,0.4129,0.4128
2470.0000,0.4116,0.4114,0.4109,0.4110,0.4120,0.4129,0.4133
2475.0000,0.4112,0.4115,0.4106,0.4113,0.4118,0.4137,0.4125
2480.0000,0.4102,0.4119,0.4103,0.4115,0.4121,0.4135,0.4134
2485.0000,0.4112,0.4111,0.4107,0.4114,0.4125,0.4134,0.4139
2490.0000,0.4108,0.4113,0.4104,0.4118,0.4123,0.4143,0.4131
2495.0000,0.4099,0.4117,0.4103,0.4120,0.4126,0.4142,0.4140
2500.0000,0.4109,0.4109,0.4107,0.4119,0.4130,0.4141,0.4148
2505.0000,0.4106,0.4111,0.4106,0.4123,0.4129,0.4150,0.4141
2510.0000,0.4101,0.4113,0.4107,0.4124,0.4132,0.4150,0.4150
2515.0000,0.4108,0.4108,0.4111,0.4124,0.4136,0.4151,0.4157
2520.0000,0.4105,0.4111,0.4110,0.4129,0.4133,0.4162,0.4146
2525.0000,0.4101,0.4113,0.4111,0.4129,0.4138,0.4160,0.4160
2530.0000,0.4108,0.4109,0.4116,0.4129,0.4143,0.4160,0.4169
2535.0000,0.4106,0.4112,0.4115,0.4133,0.4141,0.4172,0.4159
2540.0000,0.4101,0.4117,0.4115,0.4135,0.4145,0.4173,0.4172
2545.0000,0.4110,0.4113,0.4120,0.4134,0.4151,0.4173,0.4182
2550.0000,0.4109,0.4116,0.4120,0.4139,0.4150,0.4185,0.4172
2555.0000,0.4107,0.4119,0.4121,0.4140,0.4156,0.4186,0.4187
2560.0000,0.4096,0.4126,0.4120,0.4143,0.4160,0.4189,0.4197
2565.0000,0.4113,0.4121,0.4124,0.4146,0.4160,0.4203,0.4183
2570.0000,0.4111,0.4124,0.4126,0.4148,0.4168,0.4202,0.4203
2575.0000,0.4106,0.4128,0.4127,0.4151,0.4173,0.4205,0.4214
2580.0000,0.4118,0.4124,0.4132,0.4151,0.4181,0.4209,0.4223
2585.0000,0.4115,0.4130,0.4131,0.4157,0.4181,0.4221,0.4218
2590.0000,0.4111,0.4134,0.4132,0.4160,0.4188,0.4223,0.4231
2595.0000,0.4123,0.4129,0.4138,0.4162,0.4196,0.4227,0.4240
2600.0000,0.4123,0.4133,0.4139,0.4168,0.4198,0.4239,0.4235
2605.0000,0.4117,0.4139,0.4139,0.4172,0.4205,0.4242,0.4249
2610.0000,0.4129,0.4135,0.4146,0.4174,0.4214,0.4245,0.4258
2615.0000,0.4128,0.4139,0.4147,0.4181,0.4216,0.4257,0.4254
2620.0000,0.4121,0.4147,0.4148,0.4187,0.4223,0.4260,0.4267
2625.0000,0.4135,0.4142,0.4155,0.4189,0.4233,0.4262,0.4279
2630.0000,0.4135,0.4147,0.4156,0.4197,0.4235,0.4274,0.4277
2635.0000,0.4134,0.4151,0.4162,0.4200,0.4249,0.4266,0.4326
2640.0000,0.4143,0.4148,0.4171,0.4201,0.4261,0.4258,0.4391
2645.0000,0.4143,0.4155,0.4171,0.4212,0.4259,0.4277,0.4448
2650.0000,0.4142,0.4161,0.4174,0.4219,0.4263,0.4289,0.4573
2655.0000,0.4152,0.4162,0.4178,0.4229,0.4260,0.4324,0.4719
2660.0000,0.4152,0.4171,0.4176,0.4244,0.4245,0.4395,0.4891
2665.0000,0.4142,0.4187,0.4168,0.4266,0.4217,0.4522,0.5032
2670.0000,0.4159,0.4188,0.4167,0.4287,0.4183,0.4709,0.5111
2675.0000,0.4160,0.4195,0.4173,0.4292,0.4186,0.4886,0.5230
2680.0000,0.4162,0.4194,0.4192,0.4279,0.4228,0.5054,0.5397
2685.0000,0.4166,0.4187,0.4222,0.4250,0.4314,0.5205,0.5609
2690.0000,0.4184,0.4176,0.4250,0.4226,0.4408,0.5407,0.5737
2695.0000,0.4199,0.4165,0.4283,0.4191,0.4554,0.5567,0.5964
2700.0000,0.4217,0.4156,0.4312,0.4158,0.4737,0.5705,0.6254
2705.0000,0.4204,0.4170,0.4318,0.4150,0.4927,0.5861,0.6561
2710.0000,0.4213,0.4184,0.4308,0.4173,0.5106,0.6063,0.6866
2715.0000,0.4199,0.4220,0.4268,0.4236,0.5267,0.6324,0.7120
2720.0000,0.4207,0.4245,0.4230,0.4315,0.5450,0.6576,0.7451
2725.0000,0.4195,0.4283,0.4179,0.4428,0.5627,0.6864,0.7800
2730.0000,0.4153,0.4329,0.4128,0.4562,0.5816,0.7163,0.8225
2735.0000,0.4212,0.4316,0.4109,0.4713,0.5992,0.7552,0.8560
2740.0000,0.4206,0.4326,0.4100,0.4875,0.6197,0.7944,0.8936
2745.0000,0.4217,0.4305,0.4137,0.5026,0.6449,0.8322,0.9402
2750.0000,0.4251,0.4264,0.4208,0.5181,0.6721,0.8746,0.9827
2755.0000,0.4272,0.4227,0.4305,0.5341,0.7020,0.9199,1.0229
2760.0000,0.4306,0.4184,0.4446,0.5480,0.7401,0.9579,1.0829
2765.0000,0.4275,0.4203,0.4572,0.5654,0.7783,1.0011,1.1413
2770.0000,0.4292,0.4228,0.4707,0.5853,0.8167,1.0505,1.1975
2775.0000,0.4284,0.4310,0.4818,0.6097,0.8540,1.1081,1.2415
2780.0000,0.4308,0.4400,0.4954,0.6338,0.8987,1.1586,1.3024
2785.0000,0.4333,0.4529,0.5073,0.6627,0.9418,1.2168,1.3555
2790.0000,0.4367,0.4671,0.5210,0.6927,0.9904,1.2705,1.4240
2795.0000,0.4493,0.4784,0.5369,0.7261,1.0372,1.3345,1.4743
2800.0000,0.4609,0.4908,0.5548,0.7613,1.0875,1.3981,1.5228
2805.0000,0.4737,0.5027,0.5770,0.7961,1.1453,1.4526,1.5919
2810.0000,0.4818,0.5189,0.5994,0.8342,1.2042,1.5085,1.6592
2815.0000,0.4981,0.5339,0.6241,0.8760,1.2612,1.5718,1.7139
2820.0000,0.5146,0.5505,0.6509,0.9203,1.3198,1.6354,1.7628
2825.0000,0.5319,0.5681,0.6814,0.9649,1.3840,1.6901,1.8253
2830.0000,0.5484,0.5891,0.7129,1.0130,1.4476,1.7455,1.8848
2835.0000,0.5628,0.6158,0.7434,1.0661,1.5079,1.8054,1.9362
2840.0000,0.5846,0.6413,0.7779,1.1210,1.5682,1.8652,1.9800
2880.0000,0.8234,0.9177,1.1515,1.6019,2.0326,2.2297,2.2865
2885.0000,0.8638,0.9624,1.2086,1.6638,2.0815,2.2627,2.3080
2890.0000,0.9062,1.0090,1.2682,1.7237,2.1299,2.2881,2.3324
2895.0000,0.9448,1.0640,1.3242,1.7867,2.1694,2.3183,2.3405
2900.0000,0.9967,1.1127,1.3870,1.8440,2.2116,2.3361,2.3608
2905.0000,1.0461,1.1652,1.4495,1.9005,2.2491,2.3524,2.3738
2910.0000,1.0979,1.2192,1.5120,1.9563,2.2803,2.3706,2.3745
2915.0000,1.1388,1.2832,1.5703,2.0110,2.3088,2.3805,2.3852
2920.0000,1.1991,1.3390,1.6335,2.0609,2.3350,2.3873,2.3916
2925.0000,1.2587,1.3957,1.6954,2.1092,2.3545,2.3970,2.3856
2930.0000,1.3178,1.4530,1.7576,2.1531,2.3730,2.3994,2.3865
2935.0000,1.3567,1.5226,1.8122,2.1969,2.3856,2.4011,2.3831
2940.0000,1.4260,1.5795,1.8709,2.2356,2.3939,2.4056,2.3640
2945.0000,1.4903,1.6360,1.9298,2.2676,2.4053,2.3960,2.3691
2950.0000,1.5525,1.6926,1.9859,2.2969,2.4117,2.3889,2.3632
2955.0000,1.6116,1.7497,2.0390,2.3229,2.4147,2.3812,2.3536
2960.0000,1.6603,1.8144,2.0835,2.3489,2.4110,2.3770,2.3358
2965.0000,1.7238,1.8676,2.1316,2.3666,2.4111,2.3626,2.3318
2970.0000,1.7838,1.9197,2.1757,2.3818,2.4071,2.3508,2.3212
2975.0000,1.8404,1.9710,2.2153,2.3949,2.3989,2.3420,2.3045
2980.0000,1.8800,2.0295,2.2464,2.4066,2.3889,2.3302,2.2932
2985.0000,1.9413,2.0732,2.2807,2.4116,2.3810,2.3145,2.2853
2990.0000,1.9953,2.1160,2.3095,2.4156,2.3682,2.3047,2.2692
2995.0000,2.0416,2.1579,2.3342,2.4164,2.3562,2.2914,2.2603
3000.0000,2.0891,2.1943,2.3566,2.4141,2.3438,2.2785,2.2503
3005.0000,2.1241,2.2357,2.3699,2.4133,2.3263,2.2721,2.2309
3010.0000,2.1678,2.2645,2.3863,2.4055,2.3153,2.2559,2.2311
3015.0000,2.2071,2.2897,2.3993,2.3965,2.3024,2.2445,2.2243
3020.0000,2.2401,2.3138,2.4074,2.3876,2.2868,2.2386,2.2100
3025.0000,2.2614,2.3399,2.4103,2.3773,2.2741,2.2276,2.2097
3030.0000,2.2929,2.3553,2.4140,2.3646,2.2617,2.2199,2.2039
3035.0000,2.3168,2.3701,2.4131,2.3528,2.2474,2.2175,2.1903
3040.0000,2.3311,2.3851,2.4086,2.3399,2.2363,2.2111,2.1862
3045.0000,2.3528,2.3904,2.4061,2.3240,2.2290,2.2020,2.1851
3050.0000,2.3651,2.3977,2.3978,2.3112,2.2181,2.2010,2.1710
3055.0000,2.3750,2.4004,2.3903,2.2954,2.2142,2.1889,2.1841
3060.0000,2.3781,2.4027,2.3800,2.2809,2.2102,2.1782,2.2011
3065.0000,2.3893,2.3980,2.3692,2.2687,2.2017,2.1787,2.2082
3070.0000,2.3881,2.3970,2.3543,2.2586,2.1931,2.1807,2.2247
3075.0000,2.3816,2.3959,2.3369,2.2515,2.1812,2.1930,2.2310
3080.0000,2.3874,2.3851,2.3238,2.2424,2.1727,2.2069,2.2391
3085.0000,2.3807,2.3785,2.3079,2.2349,2.1650,2.2250,2.2435
3090.0000,2.3693,2.3704,2.2939,2.2254,2.1637,2.2393,2.2546
3095.0000,2.3707,2.3525,2.2865,2.2120,2.1703,2.2495,2.2699
3100.0000,2.3602,2.3409,2.2748,2.2027,2.1747,2.2686,2.2704
3105.0000,2.3516,2.3256,2.2675,2.1898,2.1902,2.2741,2.2952
3110.0000,2.3437,2.3091,2.2605,2.1789,2.2065,2.2827,2.3134
3115.0000,2.3318,2.2964,2.2504,2.1727,2.2206,2.2975,2.3224
3120.0000,2.3174,2.2859,2.2393,2.1687,2.2381,2.3067,2.3433
3125.0000,2.3064,2.2749,2.2276,2.1686,2.2543,2.3189,2.3604
3130.0000,2.2937,2.2665,2.2136,2.1737,2.2673,2.3358,2.3715
3135.0000,2.2739,2.2633,2.1973,2.1831,2.2796,2.3527,2.3824
3140.0000,2.2696,2.2513,2.1872,2.1924,2.2941,2.3672,2.3946
3145.0000,2.2547,2.2471,2.1735,2.2075,2.3039,2.3878,2.3950
3150.0000,2.2393,2.2412,2.1648,2.2213,2.3183,2.3999,2.4069
3155.0000,2.2401,2.2241,2.1660,2.2324,2.3356,2.4096,2.4149
3160.0000,2.2310,2.2134,2.1666,2.2470,2.3486,2.4250,2.4071
3165.0000,2.2278,2.1981,2.1751,2.2576,2.3680,2.4282,2.4148
3170.0000,2.2188,2.1874,2.1851,2.2690,2.3868,2.4293,2.4179
3175.0000,2.2122,2.1792,2.1960,2.2827,2.4013,2.4345,2.4059
3180.0000,2.2016,2.1784,2.2058,2.2972,2.4159,2.4323,2.4013
3185.0000,2.1789,2.1897,2.2109,2.3157,2.4260,2.4297,2.3889
3190.0000,2.1859,2.1915,2.2217,2.3332,2.4330,2.4285,2.3603
3195.0000,2.1808,2.2021,2.2307,2.3504,2.4418,2.4129,2.3546
3235.0000,2.2491,2.2798,2.3575,2.4466,2.3838,2.1983,2.0942
3240.0000,2.2607,2.2954,2.3724,2.4507,2.3570,2.1602,2.0485
3245.0000,2.2723,2.3113,2.3870,2.4512,2.3272,2.1185,2.0040
3250.0000,2.2898,2.3240,2.4026,2.4473,2.2942,2.0753,1.9564
3255.0000,2.3004,2.3424,2.4130,2.4421,2.2550,2.0343,1.9014
3260.0000,2.3148,2.3564,2.4258,2.4290,2.2197,1.9794,1.8742
3265.0000,2.3332,2.3678,2.4366,2.4134,2.1773,1.9330,1.8334
3270.0000,2.3475,2.3809,2.4433,2.3951,2.1305,1.8897,1.7906
3275.0000,2.3559,2.3964,2.4457,2.3731,2.0821,1.8460,1.7544
3280.0000,2.3734,2.4039,2.4496,2.3437,2.0368,1.7971,1.7355
3285.0000,2.3852,2.4138,2.4467,2.3139,1.9847,1.7603,1.7105
3290.0000,2.3910,2.4247,2.4381,2.2819,1.9301,1.7314,1.6805
3295.0000,2.4050,2.4270,2.4297,2.2439,1.8781,1.7058,1.6529
3300.0000,2.4111,2.4305,2.4156,2.2034,1.8274,1.6850,1.6246
3305.0000,2.4145,2.4307,2.3986,2.1586,1.7816,1.6652,1.5992
3310.0000,2.4135,2.4276,2.3790,2.1090,1.7437,1.6414,1.5840
3315.0000,2.4208,2.4160,2.3573,2.0577,1.7074,1.6270,1.5525
3320.0000,2.4168,2.4045,2.3315,2.0027,1.6832,1.5979,1.5624
3325.0000,2.4070,2.3922,2.2988,1.9506,1.6587,1.5779,1.5618
3330.0000,2.4017,2.3732,2.2629,1.8996,1.6373,1.5611,1.5649
3335.0000,2.3901,2.3528,2.2207,1.8531,1.6153,1.5519,1.5680
3340.0000,2.3664,2.3339,2.1718,1.8116,1.5942,1.5476,1.5750
3345.0000,2.3521,2.3051,2.1230,1.7726,1.5750,1.5491,1.5828
3350.0000,2.3230,2.2802,2.0677,1.7396,1.5564,1.5561,1.5938
3355.0000,2.2930,2.2489,2.0138,1.7088,1.5416,1.5662,1.6093
3360.0000,2.2731,2.2052,1.9656,1.6785,1.5316,1.5806,1.6237
3365.0000,2.2358,2.1668,1.9147,1.6531,1.5234,1.6007,1.6352
3370.0000,2.1950,2.1243,1.8684,1.6279,1.5232,1.6178,1.6573
3375.0000,2.1653,2.0717,1.8303,1.6018,1.5307,1.6344,1.6816
3380.0000,2.1314,2.0178,1.7952,1.5793,1.5400,1.6581,1.6955
3385.0000,2.0868,1.9691,1.7612,1.5595,1.5556,1.6780,1.7173
3390.0000,2.0411,1.9228,1.7291,1.5433,1.5755,1.6970,1.7392
3395.0000,1.9945,1.8814,1.6962,1.5336,1.5947,1.7214,1.7501
3400.0000,1.9538,1.8390,1.6677,1.5260,1.6204,1.7377,1.7746
3405.0000,1.9092,1.8020,1.6395,1.5239,1.6474,1.7520,1.8016
3410.0000,1.8609,1.7746,1.6077,1.5313,1.6688,1.7739,1.8173
3415.0000,1.8143,1.7495,1.5788,1.5426,1.6919,1.7909,1.8459
3420.0000,1.7838,1.7174,1.5575,1.5572,1.7123,1.8142,1.8604
3425.0000,1.7586,1.6829,1.5434,1.5736,1.7332,1.8368,1.8729
3430.0000,1.7238,1.6567,1.5310,1.5937,1.7528,1.8594,1.8809
3435.0000,1.6922,1.6318,1.5249,1.6147,1.7733,1.8797,1.8841
3475.0000,1.5656,1.5579,1.6247,1.7880,1.9309,1.8590,1.8037
3480.0000,1.5590,1.5723,1.6409,1.8150,1.9317,1.8412,1.7769
3485.0000,1.5666,1.5838,1.6612,1.8395,1.9295,1.8174,1.7526
3490.0000,1.5694,1.6032,1.6786,1.8653,1.9187,1.7949,1.7222
3495.0000,1.5762,1.6226,1.6984,1.8882,1.9033,1.7703,1.6892
3500.0000,1.5959,1.6362,1.7236,1.9057,1.8853,1.7429,1.6534
3505.0000,1.6067,1.6577,1.7460,1.9215,1.8608,1.7168,1.6090
3510.0000,1.6268,1.6726,1.7753,1.9278,1.8404,1.6775,1.5856
3515.0000,1.6476,1.6880,1.8047,1.9301,1.8142,1.6428,1.5495
3520.0000,1.6698,1.7036,1.8340,1.9274,1.7850,1.6089,1.5081
3525.0000,1.6880,1.7239,1.8599,1.9202,1.7545,1.5713,1.4718
3530.0000,1.7056,1.7463,1.8829,1.9077,1.7245,1.5280,1.4459
3535.0000,1.7244,1.7711,1.8999,1.8939,1.6881,1.4921,1.4112
3540.0000,1.7391,1.7999,1.9100,1.8778,1.6490,1.4574,1.3776
3545.0000,1.7530,1.8282,1.9152,1.8588,1.6079,1.4249,1.3420
3550.0000,1.7845,1.8454,1.9209,1.8342,1.5673,1.3943,1.3025
3555.0000,1.8070,1.8625,1.9222,1.8053,1.5303,1.3566,1.2837
3560.0000,1.8198,1.8807,1.9164,1.7759,1.4898,1.3270,1.2530
3565.0000,1.8451,1.8882,1.9103,1.7423,1.4507,1.2999,1.2179
3570.0000,1.8599,1.8952,1.8997,1.7055,1.4160,1.2668,1.2011
3575.0000,1.8679,1.9007,1.8832,1.6689,1.3796,1.2406,1.1739
3580.0000,1.8811,1.8981,1.8656,1.6293,1.3469,1.2131,1.1503
3585.0000,1.8846,1.8955,1.8418,1.5908,1.3136,1.1899,1.1223
3590.0000,1.8851,1.8879,1.8164,1.5499,1.2862,1.1600,1.1106
3595.0000,1.8858,1.8750,1.7878,1.5105,1.2573,1.1370,1.0913
3600.0000,1.8764,1.8634,1.7533,1.4737,1.2280,1.1169,1.0716
3605.0000,1.8646,1.8473,1.7170,1.4375,1.2005,1.0978,1.0535
3610.0000,1.8567,1.8229,1.6820,1.4006,1.1765,1.0773,1.0399
3615.0000,1.8385,1.7999,1.6428,1.3671,1.1513,1.0615,1.0230
3620.0000,1.8135,1.7759,1.6018,1.3355,1.1271,1.0472,1.0053
3625.0000,1.7969,1.7427,1.5645,1.3031,1.1061,1.0327,0.9873
3630.0000,1.7730,1.7091,1.5264,1.2728,1.0857,1.0202,0.9644
3635.0000,1.7414,1.6760,1.4887,1.2429,1.0696,1.0021,0.9517
3640.0000,1.7145,1.6378,1.4536,1.2138,1.0546,0.9855,0.9335
3645.0000,1.6808,1.6027,1.4168,1.1880,1.0387,0.9710,0.9088
