150.0000,0.5319,0.5414,0.5342,0.5106,0.5380,0.5212,0.5218
155.0000,0.5353,0.5418,0.5287,0.5128,0.5392,0.5177,0.5226
160.0000,0.5343,0.5438,0.5215,0.5172,0.5379,0.5154,0.5248
165.0000,0.5337,0.5438,0.5152,0.5226,0.5341,0.5160,0.5228
170.0000,0.5369,0.5397,0.5117,0.5273,0.5297,0.5177,0.5201
175.0000,0.5361,0.5362,0.5093,0.5316,0.5250,0.5193,0.5183
180.0000,0.5339,0.5323,0.5087,0.5349,0.5206,0.5212,0.5156
185.0000,0.5333,0.5266,0.5113,0.5356,0.5186,0.5205,0.5164
190.0000,0.5304,0.5227,0.5141,0.5361,0.5156,0.5225,0.5119
195.0000,0.5281,0.5185,0.5189,0.5341,0.5158,0.5201,0.5167
200.0000,0.5286,0.5139,0.5248,0.5309,0.5168,0.5178,0.5213
205.0000,0.5246,0.5130,0.5289,0.5284,0.5163,0.5186,0.5220
210.0000,0.5231,0.5126,0.5326,0.5253,0.5168,0.5184,0.5264
215.0000,0.5202,0.5151,0.5341,0.5233,0.5163,0.5205,0.5281
220.0000,0.5190,0.5182,0.5343,0.5217,0.5157,0.5236,0.5291
225.0000,0.5165,0.5236,0.5323,0.5211,0.5147,0.5277,0.5275
230.0000,0.5148,0.5286,0.5298,0.5205,0.5147,0.5309,0.5265
235.0000,0.5202,0.5294,0.5290,0.5187,0.5166,0.5324,0.5253
240.0000,0.5205,0.5325,0.5261,0.5184,0.5177,0.5353,0.5196
245.0000,0.5231,0.5323,0.5252,0.5164,0.5220,0.5330,0.5197
250.0000,0.5271,0.5302,0.5252,0.5144,0.5269,0.5296,0.5187
255.0000,0.5294,0.5280,0.5246,0.5136,0.5303,0.5274,0.5138
260.0000,0.5314,0.5254,0.5243,0.5128,0.5347,0.5213,0.5148
265.0000,0.5296,0.5247,0.5225,0.5139,0.5369,0.5164,0.5146
270.0000,0.5280,0.5245,0.5200,0.5163,0.5370,0.5122,0.5145
275.0000,0.5233,0.5266,0.5157,0.5207,0.5343,0.5103,0.5121
280.0000,0.5244,0.5257,0.5132,0.5251,0.5302,0.5098,0.5083
285.0000,0.5210,0.5274,0.5097,0.5300,0.5249,0.5094,0.5050
290.0000,0.5189,0.5273,0.5083,0.5338,0.5198,0.5088,0.5023
295.0000,0.5220,0.5231,0.5107,0.5348,0.5165,0.5063,0.5025
300.0000,0.5220,0.5202,0.5133,0.5356,0.5120,0.5063,0.4989
305.0000,0.5234,0.5159,0.5183,0.5337,0.5103,0.5025,0.5046
310.0000,0.5214,0.5140,0.5228,0.5316,0.5079,0.5008,0.5088
315.0000,0.5207,0.5125,0.5272,0.5289,0.5051,0.5014,0.5119
320.0000,0.5193,0.5130,0.5304,0.5260,0.5023,0.5032,0.5159
325.0000,0.5161,0.5163,0.5316,0.5237,0.4987,0.5080,0.5165
330.0000,0.5170,0.5185,0.5327,0.5207,0.4964,0.5131,0.5165
335.0000,0.5163,0.5224,0.5322,0.5177,0.4949,0.5187,0.5139
340.0000,0.5159,0.5260,0.5313,0.5140,0.4957,0.5225,0.5120
345.0000,0.5201,0.5270,0.5306,0.5101,0.4973,0.5275,0.5024
350.0000,0.5214,0.5286,0.5297,0.5052,0.5033,0.5246,0.5054
355.0000,0.5239,0.5286,0.5286,0.5005,0.5102,0.5204,0.5064
360.0000,0.5263,0.5278,0.5269,0.4968,0.5173,0.5147,0.5075
365.0000,0.5279,0.5271,0.5237,0.4954,0.5219,0.5109,0.5055
370.0000,0.5288,0.5260,0.5199,0.4952,0.5262,0.5047,0.5091
375.0000,0.5278,0.5258,0.5144,0.4978,0.5268,0.5018,0.5098
380.0000,0.5257,0.5259,0.5084,0.5019,0.5257,0.4989,0.5141
385.0000,0.5191,0.5284,0.5004,0.5088,0.5200,0.5014,0.5117
390.0000,0.5218,0.5251,0.4962,0.5145,0.5141,0.5051,0.5083
395.0000,0.5179,0.5246,0.4918,0.5202,0.5081,0.5082,0.5065
400.0000,0.5152,0.5215,0.4908,0.5238,0.5033,0.5110,0.5045
405.0000,0.5174,0.5142,0.4945,0.5239,0.5017,0.5110,0.5054
410.0000,0.5174,0.5076,0.4994,0.5231,0.4998,0.5136,0.5002
415.0000,0.5185,0.4998,0.5073,0.5188,0.5026,0.5096,0.5074
420.0000,0.5127,0.4976,0.5128,0.5154,0.5042,0.5080,0.5111
425.0000,0.5107,0.4954,0.5183,0.5117,0.5055,0.5081,0.5126
430.0000,0.5081,0.4963,0.5215,0.5087,0.5068,0.5082,0.5159
435.0000,0.5046,0.5003,0.5220,0.5072,0.5067,0.5107,0.5157
440.0000,0.5026,0.5056,0.5206,0.5065,0.5065,0.5133,0.5159
445.0000,0.5006,0.5118,0.5174,0.5068,0.5059,0.5166,0.5141
450.0000,0.4968,0.5185,0.5133,0.5074,0.5060,0.5189,0.5126
455.0000,0.5052,0.5185,0.5119,0.5071,0.5067,0.5218,0.5063
460.0000,0.5078,0.5195,0.5103,0.5062,0.5099,0.5194,0.5101
465.0000,0.5113,0.5181,0.5098,0.5050,0.5136,0.5162,0.5136
470.0000,0.5143,0.5160,0.5092,0.5049,0.5156,0.5157,0.5120
475.0000,0.5165,0.5131,0.5095,0.5044,0.5188,0.5122,0.5183
480.0000,0.5166,0.5114,0.5086,0.5054,0.5194,0.5119,0.5200
485.0000,0.5149,0.5108,0.5070,0.5077,0.5182,0.5139,0.5193
490.0000,0.5126,0.5109,0.5052,0.5102,0.5170,0.5154,0.5202
495.0000,0.5072,0.5132,0.5022,0.5137,0.5144,0.5190,0.5171
500.0000,0.5095,0.5113,0.5024,0.5153,0.5137,0.5204,0.5159
505.0000,0.5072,0.5121,0.5014,0.5175,0.5121,0.5233,0.5111
510.0000,0.5063,0.5111,0.5026,0.5178,0.5133,0.5219,0.5119
515.0000,0.5088,0.5077,0.5061,0.5165,0.5160,0.5188,0.5136
520.0000,0.5100,0.5049,0.5093,0.5157,0.5174,0.5181,0.5109
525.0000,0.5115,0.5022,0.5131,0.5140,0.5201,0.5144,0.5137
530.0000,0.5089,0.5027,0.5150,0.5135,0.5215,0.5118,0.5160
535.0000,0.5083,0.5032,0.5163,0.5136,0.5216,0.5104,0.5180
540.0000,0.5055,0.5066,0.5156,0.5150,0.5204,0.5101,0.5209
545.0000,0.5062,0.5089,0.5148,0.5167,0.5181,0.5116,0.5232
550.0000,0.5051,0.5129,0.5126,0.5192,0.5149,0.5144,0.5263
555.0000,0.5029,0.5174,0.5100,0.5219,0.5108,0.5196,0.5261
560.0000,0.5083,0.5165,0.5106,0.5226,0.5085,0.5245,0.5251
565.0000,0.5097,0.5170,0.5109,0.5230,0.5066,0.5302,0.5211
570.0000,0.5123,0.5153,0.5134,0.5212,0.5077,0.5332,0.5186
575.0000,0.5162,0.5119,0.5176,0.5176,0.5118,0.5328,0.5178
580.0000,0.5159,0.5108,0.5203,0.5150,0.5150,0.5346,0.5081
585.0000,0.5173,0.5087,0.5242,0.5105,0.5226,0.5279,0.5138
590.0000,0.5161,0.5095,0.5255,0.5078,0.5287,0.5217,0.5167
595.0000,0.5144,0.5118,0.5248,0.5070,0.5333,0.5158,0.5200
600.0000,0.5124,0.5159,0.5216,0.5087,0.5347,0.5121,0.5234
605.0000,0.5099,0.5206,0.5167,0.5126,0.5332,0.5110,0.5256
610.0000,0.5137,0.5218,0.5129,0.5171,0.5295,0.5127,0.5264
615.0000,0.5124,0.5250,0.5082,0.5224,0.5251,0.5144,0.5311
620.0000,0.5112,0.5268,0.5041,0.5282,0.5180,0.5215,0.5269
625.0000,0.5169,0.5231,0.5046,0.5309,0.5137,0.5266,0.5251
630.0000,0.5169,0.5212,0.5054,0.5329,0.5100,0.5325,0.5201
635.0000,0.5170,0.5178,0.5091,0.5318,0.5102,0.5339,0.5201
640.0000,0.5184,0.5130,0.5154,0.5280,0.5140,0.5313,0.5234
645.0000,0.5193,0.5091,0.5213,0.5245,0.5166,0.5324,0.5189
650.0000,0.5206,0.5056,0.5279,0.5191,0.5230,0.5271,0.5261
655.0000,0.5163,0.5072,0.5308,0.5159,0.5275,0.5236,0.5311
660.0000,0.5164,0.5082,0.5329,0.5138,0.5306,0.5219,0.5360
665.0000,0.5134,0.5134,0.5310,0.5144,0.5309,0.5233,0.5378
670.0000,0.5138,0.5181,0.5278,0.5164,0.5295,0.5269,0.5379
675.0000,0.5126,0.5244,0.5227,0.5197,0.5275,0.5304,0.5401
680.0000,0.5091,0.5315,0.5164,0.5242,0.5242,0.5364,0.5375
685.0000,0.5171,0.5303,0.5151,0.5258,0.5239,0.5395,0.5379
690.0000,0.5188,0.5311,0.5129,0.5282,0.5228,0.5446,0.5332
695.0000,0.5220,0.5281,0.5142,0.5278,0.5254,0.5447,0.5364
700.0000,0.5273,0.5223,0.5181,0.5258,0.5301,0.5427,0.5410
705.0000,0.5268,0.5189,0.5209,0.5250,0.5329,0.5440,0.5392
710.0000,0.5280,0.5146,0.5251,0.5229,0.5381,0.5410,0.5473
715.0000,0.5264,0.5134,0.5272,0.5225,0.5414,0.5404,0.5522
720.0000,0.5223,0.5154,0.5267,0.5242,0.5421,0.5430,0.5541
725.0000,0.5185,0.5190,0.5251,0.5268,0.5424,0.5456,0.5578
730.0000,0.5122,0.5252,0.5212,0.5312,0.5403,0.5519,0.5547
735.0000,0.5170,0.5256,0.5206,0.5339,0.5399,0.5567,0.5517
740.0000,0.5166,0.5284,0.5190,0.5372,0.5395,0.5617,0.5454
745.0000,0.5168,0.5291,0.5195,0.5385,0.5421,0.5623,0.5422
750.0000,0.5221,0.5257,0.5233,0.5376,0.5477,0.5585,0.5407
755.0000,0.5251,0.5230,0.5268,0.5375,0.5515,0.5570,0.5318
760.0000,0.5290,0.5192,0.5321,0.5355,0.5591,0.5469,0.5374
765.0000,0.5265,0.5194,0.5349,0.5355,0.5641,0.5379,0.5427
770.0000,0.5265,0.5199,0.5366,0.5372,0.5658,0.5317,0.5477
775.0000,0.5238,0.5238,0.5355,0.5415,0.5634,0.5290,0.5522
780.0000,0.5240,0.5274,0.5334,0.5476,0.5569,0.5318,0.5531
785.0000,0.5213,0.5336,0.5302,0.5539,0.5498,0.5344,0.5603
790.0000,0.5191,0.5394,0.5270,0.5607,0.5399,0.5437,0.5566
795.0000,0.5264,0.5380,0.5292,0.5634,0.5336,0.5505,0.5579
800.0000,0.5281,0.5388,0.5313,0.5651,0.5278,0.5597,0.5551
805.0000,0.5307,0.5372,0.5368,0.5629,0.5269,0.5646,0.5588
810.0000,0.5340,0.5342,0.5445,0.5577,0.5300,0.5668,0.5639
815.0000,0.5370,0.5314,0.5521,0.5520,0.5333,0.5726,0.5598
820.0000,0.5406,0.5288,0.5602,0.5441,0.5415,0.5715,0.5675
825.0000,0.5445,0.5280,0.5663,0.5370,0.5504,0.5701,0.5738
830.0000,0.5398,0.5335,0.5669,0.5333,0.5568,0.5718,0.5753
835.0000,0.5391,0.5391,0.5654,0.5311,0.5635,0.5718,0.5804
840.0000,0.5353,0.5481,0.5595,0.5324,0.5678,0.5737,0.5833
845.0000,0.5400,0.5531,0.5536,0.5351,0.5710,0.5763,0.5852
850.0000,0.5371,0.5619,0.5442,0.5409,0.5720,0.5799,0.5871
855.0000,0.5371,0.5667,0.5364,0.5470,0.5727,0.5838,0.5876
860.0000,0.5477,0.5628,0.5337,0.5514,0.5747,0.5863,0.5890
865.0000,0.5505,0.5602,0.5311,0.5566,0.5756,0.5901,0.5877
870.0000,0.5547,0.5538,0.5325,0.5599,0.5786,0.5908,0.5906
875.0000,0.5549,0.5478,0.5354,0.5626,0.5819,0.5909,0.5936
880.0000,0.5550,0.5418,0.5395,0.5652,0.5844,0.5925,0.5939
885.0000,0.5523,0.5384,0.5436,0.5675,0.5874,0.5924,0.5981
890.0000,0.5480,0.5375,0.5472,0.5704,0.5893,0.5935,0.6010
895.0000,0.5439,0.5388,0.5499,0.5738,0.5901,0.5958,0.6031
900.0000,0.5403,0.5415,0.5524,0.5771,0.5911,0.5973,0.6085
905.0000,0.5414,0.5429,0.5560,0.5797,0.5921,0.5995,0.6145
910.0000,0.5413,0.5460,0.5585,0.5829,0.5919,0.6040,0.6191
915.0000,0.5421,0.5490,0.5614,0.5855,0.5922,0.6087,0.6255
920.0000,0.5453,0.5509,0.5652,0.5874,0.5930,0.6144,0.6318
925.0000,0.5472,0.5540,0.5682,0.5894,0.5935,0.6220,0.6364
930.0000,0.5485,0.5576,0.5712,0.5908,0.5952,0.6297,0.6413
935.0000,0.5526,0.5594,0.5753,0.5911,0.5984,0.6374,0.6446
940.0000,0.5558,0.5619,0.5788,0.5915,0.6023,0.6460,0.6436
945.0000,0.5589,0.5642,0.5827,0.5907,0.6094,0.6504,0.6488
950.0000,0.5604,0.5674,0.5859,0.5899,0.6182,0.6523,0.6561
955.0000,0.5641,0.5702,0.5880,0.5907,0.6254,0.6575,0.6555
960.0000,0.5670,0.5733,0.5898,0.5914,0.6350,0.6573,0.6665
965.0000,0.5690,0.5770,0.5901,0.5939,0.6431,0.6583,0.6761
970.0000,0.5726,0.5801,0.5898,0.5981,0.6495,0.6609,0.6854
975.0000,0.5735,0.5846,0.5879,0.6044,0.6537,0.6654,0.6958
980.0000,0.5739,0.5891,0.5855,0.6124,0.6555,0.6739,0.7021
985.0000,0.5796,0.5898,0.5855,0.6198,0.6575,0.6827,0.7104
990.0000,0.5809,0.5920,0.5854,0.6277,0.6589,0.6928,0.7195
995.0000,0.5801,0.5944,0.5863,0.6353,0.6605,0.7044,0.7271
1000.0000,0.5859,0.5924,0.5911,0.6408,0.6642,0.7161,0.7337
1005.0000,0.5874,0.5924,0.5963,0.6458,0.6686,0.7289,0.7368
1010.0000,0.5903,0.5909,0.6043,0.6481,0.6774,0.7368,0.7475
1015.0000,0.5917,0.5906,0.6130,0.6495,0.6885,0.7427,0.7592
1020.0000,0.5950,0.5904,0.6216,0.6515,0.6988,0.7520,0.7645
1025.0000,0.5977,0.5920,0.6300,0.6527,0.7123,0.7553,0.7824
1030.0000,0.5970,0.5977,0.6352,0.6567,0.7234,0.7621,0.7970
1035.0000,0.5984,0.6046,0.6386,0.6627,0.7329,0.7713,0.8116
1040.0000,0.5985,0.6141,0.6393,0.6714,0.7397,0.7848,0.8198
1045.0000,0.6049,0.6203,0.6418,0.6795,0.7484,0.7957,0.8353
1050.0000,0.6080,0.6288,0.6422,0.6899,0.7549,0.8101,0.8485
1055.0000,0.6100,0.6368,0.6437,0.6996,0.7637,0.8215,0.8742
1060.0000,0.6203,0.6391,0.6485,0.7089,0.7720,0.8370,0.8970
1065.0000,0.6264,0.6426,0.6533,0.7188,0.7796,0.8564,0.9197
1070.0000,0.6328,0.6443,0.6607,0.7271,0.7902,0.8745,0.9546
1075.0000,0.6368,0.6473,0.6683,0.7361,0.7997,0.8993,0.9860
1080.0000,0.6423,0.6498,0.6771,0.7446,0.8104,0.9284,1.0180
1085.0000,0.6464,0.6539,0.6857,0.7536,0.8215,0.9647,1.0377
1090.0000,0.6506,0.6583,0.6962,0.7600,0.8399,0.9949,1.0725
1095.0000,0.6553,0.6627,0.7085,0.7639,0.8663,1.0180,1.1240
1100.0000,0.6589,0.6709,0.7171,0.7721,0.8889,1.0535,1.1674
1105.0000,0.6644,0.6786,0.7266,0.7796,0.9177,1.0844,1.2333
1110.0000,0.6715,0.6863,0.7359,0.7883,0.9494,1.1170,1.3163
1115.0000,0.6787,0.6959,0.7418,0.8024,0.9766,1.1643,1.4051
1120.0000,0.6842,0.7062,0.7482,0.8169,1.0100,1.2083,1.5484
1125.0000,0.6932,0.7169,0.7510,0.8396,1.0328,1.2849,1.6912
1130.0000,0.7007,0.7279,0.7542,0.8642,1.0577,1.3775,1.8700
1135.0000,0.7061,0.7395,0.7582,0.8907,1.0856,1.4910,2.0950
1140.0000,0.7180,0.7500,0.7597,0.9267,1.0993,1.6682,2.2926
1145.0000,0.7197,0.7641,0.7657,0.9567,1.1347,1.8556,2.5458
1150.0000,0.7254,0.7723,0.7807,0.9807,1.1902,2.0677,2.8420
1155.0000,0.7430,0.7757,0.7982,1.0094,1.2468,2.3528,3.0785
1195.0000,0.8752,0.8132,1.1298,1.1442,3.4416,3.5683,2.3392
1200.0000,0.9195,0.8346,1.1468,1.2562,3.8664,3.1543,2.1840
1205.0000,0.8856,0.9201,1.0936,1.4848,4.1412,2.7496,1.9054
1210.0000,0.8939,0.9920,1.0399,1.7718,4.3325,2.2098,1.9417
1215.0000,0.8547,1.1092,0.9348,2.1799,4.2852,1.8202,1.7874
1220.0000,0.9244,1.1713,0.8630,2.6416,4.0485,1.5365,1.6189
1225.0000,0.8626,1.2911,0.8131,3.1041,3.7212,1.2096,1.7310
1230.0000,0.7902,1.4093,0.7957,3.5930,3.1690,1.1869,1.4785
1235.0000,1.0003,1.3395,0.9743,3.9490,2.6071,1.2012,1.3102
1240.0000,1.0373,1.3255,1.2423,4.1775,2.0815,1.1987,1.2844
1245.0000,1.1111,1.2815,1.6267,4.2638,1.5785,1.3020,1.1096
1250.0000,1.2154,1.2213,2.1278,4.1601,1.2201,1.3285,1.0574
1255.0000,1.3646,1.1672,2.6850,3.9165,0.9415,1.4142,0.8653
1260.0000,1.5933,1.1283,3.2809,3.5109,0.8486,1.3583,0.8777
1265.0000,1.4975,1.3688,3.7091,3.0771,0.8311,1.2708,0.9013
1270.0000,1.7089,1.5343,4.1039,2.5909,0.8741,1.2245,0.7748
1275.0000,1.8620,1.8581,4.3084,2.1277,0.9898,1.0658,0.8851
1280.0000,1.9118,2.3273,4.2839,1.7629,1.0651,0.9688,0.8976
1285.0000,2.0360,2.8130,4.0934,1.4814,1.1214,0.8822,0.9199
1290.0000,2.1902,3.2718,3.7609,1.2965,1.1311,0.8398,0.8947
1295.0000,2.5749,3.5218,3.4109,1.1558,1.1311,0.8085,0.8651
1300.0000,2.7826,3.7588,2.9674,1.0994,1.0992,0.7732,0.8948
1305.0000,2.9312,3.8756,2.5192,1.0965,1.0261,0.7945,0.8320
1310.0000,3.2349,3.7383,2.1813,1.0769,0.9785,0.7943,0.7990
1315.0000,3.3290,3.5681,1.8620,1.0829,0.9218,0.7936,0.7851
1320.0000,3.3634,3.2953,1.6243,1.0786,0.8749,0.7946,0.7609
1325.0000,3.4232,2.9170,1.4848,1.0473,0.8533,0.7803,0.7496
1330.0000,3.2215,2.6105,1.3555,1.0292,0.8234,0.7761,0.7277
1335.0000,3.0160,2.3026,1.2750,0.9989,0.8077,0.7606,0.7241
1340.0000,2.7628,2.0456,1.2087,0.9723,0.7904,0.7506,0.7113
1345.0000,2.4905,1.8361,1.1538,0.9470,0.7755,0.7389,0.7014
1350.0000,2.2868,1.6265,1.1312,0.9113,0.7698,0.7251,0.6877
1355.0000,2.0067,1.5107,1.0825,0.8922,0.7562,0.7118,0.6858
1360.0000,1.8202,1.3964,1.0504,0.8690,0.7466,0.6990,0.6819
1365.0000,1.6533,1.3099,1.0172,0.8503,0.7342,0.6909,0.6749
1370.0000,1.5343,1.2257,0.9951,0.8284,0.7262,0.6803,0.6732
1375.0000,1.4183,1.1636,0.9701,0.8107,0.7154,0.6747,0.6674
1380.0000,1.3117,1.1217,0.9403,0.7974,0.7030,0.6709,0.6626
1385.0000,1.2318,1.0816,0.9147,0.7840,0.6915,0.6695,0.6530
1390.0000,1.1746,1.0411,0.8943,0.7692,0.6833,0.6660,0.6448
1395.0000,1.1256,1.0042,0.8758,0.7548,0.6762,0.6633,0.6324
1400.0000,1.0689,0.9805,0.8538,0.7425,0.6711,0.6556,0.6306
1405.0000,1.0347,0.9511,0.8372,0.7290,0.6683,0.6472,0.6269
1410.0000,0.9975,0.9296,0.8177,0.7191,0.6628,0.6425,0.6168
1415.0000,0.9742,0.9016,0.8047,0.7064,0.6620,0.6313,0.6183
1420.0000,0.9465,0.8788,0.7901,0.6968,0.6583,0.6241,0.6138
1425.0000,0.9204,0.8586,0.7754,0.6889,0.6537,0.6176,0.6096
1430.0000,0.8984,0.8389,0.7616,0.6822,0.6479,0.6126,0.6028
1435.0000,0.8754,0.8222,0.7475,0.6768,0.6415,0.6076,0.5969
1440.0000,0.8514,0.8098,0.7321,0.6735,0.6335,0.6039,0.5901
1445.0000,0.8282,0.7987,0.7174,0.6707,0.6255,0.5999,0.5845
1450.0000,0.8088,0.7860,0.7055,0.6668,0.6185,0.5949,0.5806
1455.0000,0.8003,0.7683,0.6979,0.6617,0.6116,0.5917,0.5720
1460.0000,0.7860,0.7534,0.6913,0.6556,0.6068,0.5847,0.5728
1465.0000,0.7752,0.7373,0.6870,0.6489,0.6018,0.5797,0.5697
1470.0000,0.7615,0.7239,0.6827,0.6421,0.5969,0.5753,0.5662
1475.0000,0.7519,0.7096,0.6801,0.6346,0.5924,0.5714,0.5620
1480.0000,0.7343,0.7025,0.6744,0.6284,0.5878,0.5669,0.5606
1485.0000,0.7226,0.6952,0.6689,0.6223,0.5831,0.5633,0.5587
1490.0000,0.7094,0.6914,0.6612,0.6176,0.5773,0.5615,0.5557
1495.0000,0.6978,0.6878,0.6537,0.6125,0.5726,0.5585,0.5564
1500.0000,0.6941,0.6803,0.6483,0.6067,0.5686,0.5560,0.5573
1505.0000,0.6865,0.6753,0.6414,0.6019,0.5638,0.5558,0.5568
1510.0000,0.6811,0.6686,0.6357,0.5966,0.5599,0.5559,0.5568
1515.0000,0.6764,0.6612,0.6306,0.5912,0.5563,0.5573,0.5546
1520.0000,0.6716,0.6535,0.6259,0.5856,0.5536,0.5590,0.5508
1525.0000,0.6635,0.6480,0.6203,0.5804,0.5518,0.5603,0.5452
1530.0000,0.6577,0.6415,0.6154,0.5747,0.5520,0.5595,0.5396
1535.0000,0.6501,0.6371,0.6092,0.5703,0.5517,0.5598,0.5275
1540.0000,0.6436,0.6317,0.6041,0.5648,0.5550,0.5532,0.5240
1545.0000,0.6392,0.6249,0.6000,0.5592,0.5597,0.5430,0.5235
1550.0000,0.6333,0.6199,0.5939,0.5564,0.5608,0.5363,0.5157
1555.0000,0.6292,0.6135,0.5888,0.5538,0.5626,0.5256,0.5161
1560.0000,0.6233,0.6083,0.5826,0.5534,0.5614,0.5167,0.5153
1565.0000,0.6170,0.6039,0.5758,0.5546,0.5575,0.5091,0.5164
1570.0000,0.6091,0.6011,0.5680,0.5577,0.5500,0.5050,0.5156
1575.0000,0.5986,0.5996,0.5600,0.5618,0.5398,0.5044,0.5139
1580.0000,0.5986,0.5926,0.5563,0.5638,0.5302,0.5037,0.5158
1585.0000,0.5913,0.5894,0.5517,0.5662,0.5185,0.5077,0.5114
1590.0000,0.5857,0.5840,0.5504,0.5659,0.5087,0.5118,0.5080
1595.0000,0.5854,0.5753,0.5532,0.5619,0.5025,0.5142,0.5055
1600.0000,0.5831,0.5675,0.5570,0.5560,0.4978,0.5180,0.4981
1605.0000,0.5814,0.5594,0.5631,0.5465,0.4988,0.5153,0.4996
1610.0000,0.5747,0.5556,0.5673,0.5368,0.5012,0.5121,0.4996
1615.0000,0.5718,0.5521,0.5703,0.5275,0.5035,0.5109,0.4937
1620.0000,0.5695,0.5504,0.5716,0.5179,0.5086,0.5044,0.4966
1625.0000,0.5634,0.5531,0.5684,0.5113,0.5118,0.4994,0.4973
1630.0000,0.5590,0.5572,0.5619,0.5073,0.5131,0.4959,0.4973
1635.0000,0.5539,0.5626,0.5523,0.5062,0.5122,0.4939,0.4959
1640.0000,0.5568,0.5632,0.5436,0.5060,0.5101,0.4932,0.4929
1645.0000,0.5538,0.5661,0.5325,0.5080,0.5065,0.4928,0.4908
1650.0000,0.5519,0.5657,0.5228,0.5101,0.5025,0.4928,0.4872
1655.0000,0.5562,0.5589,0.5175,0.5106,0.4999,0.4916,0.4848
1660.0000,0.5550,0.5529,0.5125,0.5116,0.4962,0.4918,0.4794
1665.0000,0.5532,0.5449,0.5104,0.5108,0.4948,0.4886,0.4799
1670.0000,0.5501,0.5365,0.5102,0.5089,0.4941,0.4843,0.4824
1675.0000,0.5461,0.5286,0.5105,0.5072,0.4921,0.4828,0.4813
1680.0000,0.5414,0.5219,0.5114,0.5049,0.4908,0.4803,0.4841
1685.0000,0.5365,0.5169,0.5118,0.5032,0.4882,0.4803,0.4836
1690.0000,0.5298,0.5141,0.5114,0.5015,0.4856,0.4809,0.4838
1695.0000,0.5230,0.5136,0.5099,0.5004,0.4822,0.4833,0.4801
1700.0000,0.5147,0.5151,0.5074,0.4993,0.4795,0.4850,0.4768
1705.0000,0.5153,0.5132,0.5067,0.4972,0.4776,0.4872,0.4693
1710.0000,0.5120,0.5132,0.5054,0.4943,0.4784,0.4846,0.4710
1715.0000,0.5112,0.5117,0.5049,0.4909,0.4800,0.4813,0.4715
1720.0000,0.5120,0.5091,0.5048,0.4873,0.4821,0.4773,0.4717
1725.0000,0.5121,0.5068,0.5039,0.4847,0.4830,0.4750,0.4695
1730.0000,0.5115,0.5048,0.5027,0.4824,0.4839,0.4716,0.4693
1735.0000,0.5094,0.5040,0.5001,0.4816,0.4831,0.4700,0.4665
1740.0000,0.5071,0.5038,0.4968,0.4814,0.4819,0.4680,0.4645
1745.0000,0.5026,0.5050,0.4923,0.4824,0.4793,0.4670,0.4607
1750.0000,0.5034,0.5030,0.4896,0.4826,0.4776,0.4643,0.4592
1755.0000,0.5003,0.5034,0.4855,0.4839,0.4742,0.4632,0.4558
1760.0000,0.4979,0.5023,0.4827,0.4844,0.4715,0.4608,0.4547
1765.0000,0.4994,0.4983,0.4822,0.4838,0.4693,0.4583,0.4535
1770.0000,0.4984,0.4951,0.4816,0.4833,0.4662,0.4572,0.4502
1775.0000,0.4982,0.4907,0.4827,0.4815,0.4645,0.4541,0.4513
1780.0000,0.4958,0.4877,0.4836,0.4796,0.4623,0.4522,0.4509
1785.0000,0.4941,0.4848,0.4845,0.4775,0.4598,0.4512,0.4496
1790.0000,0.4918,0.4831,0.4850,0.4753,0.4574,0.4502,0.4493
1795.0000,0.4890,0.4827,0.4846,0.4732,0.4548,0.4501,0.4477
1800.0000,0.4858,0.4838,0.4830,0.4716,0.4519,0.4509,0.4445
1805.0000,0.4824,0.4855,0.4810,0.4697,0.4498,0.4507,0.4429
1810.0000,0.4800,0.4864,0.4793,0.4671,0.4490,0.4490,0.4430
1815.0000,0.4830,0.4843,0.4787,0.4642,0.4480,0.4489,0.4391
1820.0000,0.4837,0.4827,0.4781,0.4607,0.4486,0.4459,0.4412
1825.0000,0.4848,0.4804,0.4774,0.4574,0.4494,0.4428,0.4437
1830.0000,0.4837,0.4791,0.4756,0.4551,0.4488,0.4419,0.4439
1835.0000,0.4820,0.4783,0.4730,0.4534,0.4481,0.4409,0.4458
1840.0000,0.4781,0.4791,0.4691,0.4529,0.4459,0.4420,0.4452
1845.0000,0.4785,0.4776,0.4660,0.4523,0.4439,0.4436,0.4440
1850.0000,0.4753,0.4779,0.4618,0.4523,0.4417,0.4455,0.4422
1855.0000,0.4727,0.4771,0.4585,0.4517,0.4406,0.4463,0.4417
1860.0000,0.4744,0.4730,0.4575,0.4499,0.4410,0.4458,0.4418
1865.0000,0.4735,0.4699,0.4560,0.4487,0.4407,0.4468,0.4386
1870.0000,0.4728,0.4660,0.4557,0.4464,0.4425,0.4445,0.4409
1875.0000,0.4707,0.4627,0.4553,0.4446,0.4440,0.4428,0.4417
1880.0000,0.4681,0.4603,0.4543,0.4434,0.4445,0.4423,0.4409
1885.0000,0.4649,0.4587,0.4528,0.4427,0.4450,0.4415,0.4409
1890.0000,0.4629,0.4570,0.4513,0.4424,0.4450,0.4410,0.4401
1895.0000,0.4607,0.4558,0.4495,0.4426,0.4445,0.4411,0.4384
1900.0000,0.4570,0.4559,0.4471,0.4433,0.4438,0.4407,0.4375
1905.0000,0.4566,0.4543,0.4457,0.4437,0.4432,0.4403,0.4356
1910.0000,0.4540,0.4543,0.4433,0.4449,0.4416,0.4408,0.4316
1915.0000,0.4516,0.4538,0.4419,0.4454,0.4410,0.4395,0.4298
1920.0000,0.4526,0.4508,0.4425,0.4447,0.4417,0.4362,0.4301
1925.0000,0.4518,0.4487,0.4426,0.4447,0.4409,0.4350,0.4266
1930.0000,0.4517,0.4459,0.4439,0.4436,0.4416,0.4307,0.4303
1935.0000,0.4509,0.4439,0.4448,0.4429,0.4412,0.4276,0.4332
1940.0000,0.4489,0.4432,0.4449,0.4429,0.4393,0.4265,0.4356
1945.0000,0.4465,0.4436,0.4442,0.4435,0.4364,0.4271,0.4371
1950.0000,0.4415,0.4461,0.4422,0.4448,0.4322,0.4300,0.4367
1955.0000,0.4435,0.4454,0.4421,0.4448,0.4289,0.4331,0.4367
1960.0000,0.4415,0.4470,0.4408,0.4451,0.4254,0.4374,0.4334
1965.0000,0.4415,0.4467,0.4412,0.4437,0.4243,0.4398,0.4319
1970.0000,0.4440,0.4445,0.4432,0.4406,0.4256,0.4398,0.4314
1975.0000,0.4449,0.4430,0.4446,0.4378,0.4266,0.4415,0.4259
1980.0000,0.4463,0.4407,0.4470,0.4334,0.4311,0.4375,0.4289
1985.0000,0.4450,0.4403,0.4478,0.4300,0.4350,0.4341,0.4295
1990.0000,0.4447,0.4402,0.4475,0.4278,0.4376,0.4319,0.4280
1995.0000,0.4433,0.4413,0.4458,0.4267,0.4398,0.4287,0.4290
2000.0000,0.4429,0.4425,0.4430,0.4270,0.4403,0.4268,0.4285
2005.0000,0.4414,0.4445,0.4389,0.4286,0.4397,0.4251,0.4291
2010.0000,0.4395,0.4465,0.4343,0.4312,0.4374,0.4249,0.4285
2015.0000,0.4419,0.4455,0.4313,0.4337,0.4348,0.4252,0.4278
2020.0000,0.4398,0.4466,0.4273,0.4369,0.4310,0.4265,0.4267
2025.0000,0.4384,0.4459,0.4250,0.4391,0.4278,0.4276,0.4262
2030.0000,0.4410,0.4415,0.4259,0.4395,0.4259,0.4280,0.4262
2035.0000,0.4408,0.4381,0.4272,0.4395,0.4237,0.4299,0.4231
2040.0000,0.4421,0.4330,0.4307,0.4375,0.4240,0.4288,0.4252
2045.0000,0.4393,0.4303,0.4336,0.4352,0.4246,0.4276,0.4276
2050.0000,0.4383,0.4276,0.4368,0.4328,0.4249,0.4281,0.4269
2055.0000,0.4357,0.4273,0.4386,0.4306,0.4257,0.4275,0.4293
2060.0000,0.4311,0.4298,0.4384,0.4293,0.4257,0.4281,0.4302
2065.0000,0.4311,0.4311,0.4381,0.4282,0.4256,0.4295,0.4294
2070.0000,0.4292,0.4342,0.4363,0.4277,0.4257,0.4304,0.4301
2075.0000,0.4281,0.4368,0.4342,0.4276,0.4254,0.4321,0.4285
2080.0000,0.4315,0.4367,0.4331,0.4271,0.4256,0.4340,0.4243
2085.0000,0.4322,0.4372,0.4317,0.4265,0.4270,0.4334,0.4236
2090.0000,0.4334,0.4364,0.4310,0.4256,0.4290,0.4317,0.4227
2095.0000,0.4349,0.4348,0.4307,0.4245,0.4316,0.4285,0.4226
2100.0000,0.4349,0.4340,0.4297,0.4246,0.4326,0.4269,0.4199
2105.0000,0.4342,0.4330,0.4289,0.4246,0.4344,0.4226,0.4225
2110.0000,0.4341,0.4320,0.4279,0.4255,0.4344,0.4203,0.4228
2115.0000,0.4328,0.4317,0.4263,0.4271,0.4332,0.4185,0.4241
2120.0000,0.4305,0.4322,0.4242,0.4295,0.4302,0.4191,0.4224
2125.0000,0.4312,0.4309,0.4233,0.4316,0.4268,0.4207,0.4194
2130.0000,0.4296,0.4308,0.4224,0.4334,0.4236,0.4217,0.4168
2135.0000,0.4277,0.4306,0.4222,0.4345,0.4210,0.4224,0.4142
2140.0000,0.4289,0.4283,0.4241,0.4338,0.4202,0.4209,0.4137
2145.0000,0.4282,0.4274,0.4255,0.4333,0.4184,0.4215,0.4085
2150.0000,0.4286,0.4253,0.4285,0.4307,0.4198,0.4170,0.4133
2155.0000,0.4280,0.4243,0.4309,0.4284,0.4202,0.4143,0.4152
2160.0000,0.4282,0.4235,0.4329,0.4264,0.4198,0.4131,0.4158
2165.0000,0.4281,0.4236,0.4340,0.4247,0.4192,0.4123,0.4171
2170.0000,0.4269,0.4251,0.4337,0.4238,0.4175,0.4132,0.4166
2175.0000,0.4262,0.4273,0.4325,0.4231,0.4158,0.4142,0.4167
2180.0000,0.4248,0.4302,0.4304,0.4230,0.4137,0.4159,0.4157
2185.0000,0.4217,0.4337,0.4276,0.4229,0.4121,0.4173,0.4155
2190.0000,0.4264,0.4330,0.4266,0.4220,0.4109,0.4196,0.4119
2195.0000,0.4265,0.4336,0.4252,0.4208,0.4113,0.4191,0.4142
2200.0000,0.4277,0.4326,0.4246,0.4191,0.4121,0.4189,0.4144
2205.0000,0.4300,0.4302,0.4249,0.4170,0.4137,0.4182,0.4142
2210.0000,0.4320,0.4272,0.4254,0.4151,0.4151,0.4181,0.4118
2215.0000,0.4320,0.4250,0.4255,0.4131,0.4172,0.4160,0.4125
2220.0000,0.4299,0.4244,0.4245,0.4122,0.4187,0.4143,0.4121
2225.0000,0.4281,0.4242,0.4227,0.4121,0.4193,0.4133,0.4108
2230.0000,0.4236,0.4260,0.4197,0.4129,0.4193,0.4116,0.4114
2235.0000,0.4245,0.4253,0.4177,0.4138,0.4188,0.4105,0.4111
2240.0000,0.4222,0.4264,0.4145,0.4158,0.4172,0.4103,0.4106
2245.0000,0.4202,0.4266,0.4120,0.4176,0.4152,0.4104,0.4099
2250.0000,0.4228,0.4237,0.4117,0.4184,0.4137,0.4104,0.4090
2255.0000,0.4228,0.4213,0.4116,0.4191,0.4120,0.4109,0.4071
2260.0000,0.4229,0.4184,0.4127,0.4189,0.4110,0.4105,0.4063
2265.0000,0.4215,0.4162,0.4140,0.4183,0.4105,0.4097,0.4058
2270.0000,0.4202,0.4146,0.4152,0.4177,0.4095,0.4099,0.4027
2275.0000,0.4178,0.4141,0.4164,0.4164,0.4098,0.4076,0.4051
2280.0000,0.4168,0.4136,0.4176,0.4151,0.4100,0.4057,0.4067
2285.0000,0.4155,0.4142,0.4177,0.4145,0.4091,0.4056,0.4066
2290.0000,0.4149,0.4147,0.4179,0.4135,0.4086,0.4046,0.4094
2295.0000,0.4152,0.4150,0.4179,0.4128,0.4077,0.4049,0.4114
2300.0000,0.4151,0.4157,0.4173,0.4124,0.4063,0.4062,0.4134
2305.0000,0.4146,0.4167,0.4164,0.4121,0.4049,0.4080,0.4160
2310.0000,0.4123,0.4187,0.4145,0.4123,0.4029,0.4117,0.4162
2315.0000,0.4150,0.4179,0.4141,0.4116,0.4019,0.4156,0.4152
2320.0000,0.4143,0.4186,0.4130,0.4110,0.4015,0.4193,0.4130
2325.0000,0.4143,0.4182,0.4126,0.4097,0.4025,0.4220,0.4094
2330.0000,0.4162,0.4161,0.4137,0.4070,0.4062,0.4212,0.4073
2335.0000,0.4171,0.4144,0.4142,0.4050,0.4092,0.4216,0.3997
2340.0000,0.4179,0.4122,0.4155,0.4018,0.4157,0.4148,0.4027
2345.0000,0.4164,0.4116,0.4153,0.4002,0.4207,0.4087,0.4035
2350.0000,0.4156,0.4115,0.4139,0.4003,0.4235,0.4039,0.4028
2355.0000,0.4134,0.4127,0.4110,0.4021,0.4245,0.3992,0.4044
2360.0000,0.4131,0.4134,0.4076,0.4055,0.4224,0.3973,0.4038
2365.0000,0.4110,0.4151,0.4036,0.4097,0.4193,0.3952,0.4067
2370.0000,0.4070,0.4175,0.3991,0.4151,0.4131,0.3972,0.4046
2375.0000,0.4106,0.4151,0.3980,0.4188,0.4077,0.3991,0.4041
2380.0000,0.4095,0.4144,0.3970,0.4221,0.4020,0.4017,0.4040
2385.0000,0.4090,0.4121,0.3984,0.4234,0.3974,0.4042,0.4043
2390.0000,0.4103,0.4082,0.4022,0.4224,0.3948,0.4063,0.4049
2395.0000,0.4105,0.4048,0.4067,0.4204,0.3928,0.4099,0.4015
2400.0000,0.4114,0.4010,0.4128,0.4159,0.3941,0.4097,0.4041
2405.0000,0.4085,0.4004,0.4174,0.4112,0.3964,0.4091,0.4062
2410.0000,0.4083,0.3999,0.4214,0.4066,0.3985,0.4102,0.4042
2415.0000,0.4086,0.4006,0.4244,0.4017,0.4027,0.4076,0.4098
2420.0000,0.4065,0.4044,0.4241,0.3988,0.4055,0.4069,0.4130
2425.0000,0.4059,0.4088,0.4217,0.3974,0.4071,0.4074,0.4155
2430.0000,0.4042,0.4147,0.4170,0.3979,0.4074,0.4095,0.4164
2435.0000,0.3998,0.4214,0.4105,0.3999,0.4066,0.4127,0.4160
2440.0000,0.4077,0.4211,0.4071,0.4008,0.4068,0.4155,0.4148
2445.0000,0.4096,0.4218,0.4030,0.4024,0.4071,0.4176,0.4145
2450.0000,0.4123,0.4197,0.4010,0.4032,0.4085,0.4186,0.4146
2455.0000,0.4152,0.4158,0.4005,0.4034,0.4108,0.4184,0.4150
2460.0000,0.4166,0.4116,0.4006,0.4039,0.4126,0.4191,0.4126
2465.0000,0.4151,0.4083,0.4011,0.4040,0.4155,0.4170,0.4150
2470.0000,0.4130,0.4058,0.4016,0.4045,0.4179,0.4152,0.4166
2475.0000,0.4105,0.4042,0.4016,0.4059,0.4190,0.4145,0.4173
2480.0000,0.4077,0.4035,0.4014,0.4077,0.4194,0.4140,0.4187
2485.0000,0.4065,0.4027,0.4015,0.4098,0.4188,0.4150,0.4185
2490.0000,0.4046,0.4029,0.4013,0.4122,0.4178,0.4159,0.4191
2495.0000,0.4019,0.4039,0.4009,0.4148,0.4160,0.4182,0.4167
2500.0000,0.4029,0.4031,0.4021,0.4163,0.4153,0.4193,0.4152
2505.0000,0.4013,0.4043,0.4026,0.4181,0.4140,0.4212,0.4112
2510.0000,0.4006,0.4046,0.4044,0.4183,0.4148,0.4198,0.4121
2515.0000,0.4025,0.4034,0.4076,0.4174,0.4168,0.4169,0.4145
2520.0000,0.4040,0.4026,0.4104,0.4170,0.4174,0.4163,0.4132
2525.0000,0.4059,0.4016,0.4137,0.4158,0.4191,0.4134,0.4174
2530.0000,0.4049,0.4031,0.4152,0.4159,0.4189,0.4131,0.4183
2535.0000,0.4053,0.4045,0.4163,0.4160,0.4184,0.4132,0.4202
2540.0000,0.4037,0.4081,0.4157,0.4172,0.4166,0.4151,0.4197
2545.0000,0.4056,0.4100,0.4157,0.4180,0.4151,0.4170,0.4196
2550.0000,0.4055,0.4133,0.4145,0.4192,0.4132,0.4197,0.4182
2555.0000,0.4063,0.4155,0.4141,0.4195,0.4127,0.4207,0.4206
2560.0000,0.4069,0.4169,0.4142,0.4193,0.4129,0.4214,0.4233
2565.0000,0.4113,0.4159,0.4154,0.4186,0.4129,0.4239,0.4223
2570.0000,0.4132,0.4152,0.4168,0.4173,0.4144,0.4242,0.4263
2575.0000,0.4150,0.4143,0.4183,0.4160,0.4158,0.4256,0.4279
2580.0000,0.4154,0.4142,0.4191,0.4149,0.4173,0.4274,0.4283
2585.0000,0.4163,0.4139,0.4198,0.4141,0.4190,0.4294,0.4275
2590.0000,0.4155,0.4148,0.4197,0.4135,0.4211,0.4303,0.4275
2595.0000,0.4156,0.4156,0.4192,0.4133,0.4234,0.4309,0.4265
2600.0000,0.4144,0.4177,0.4174,0.4142,0.4249,0.4321,0.4231
2605.0000,0.4116,0.4205,0.4152,0.4153,0.4270,0.4310,0.4220
2610.0000,0.4152,0.4194,0.4151,0.4156,0.4303,0.4278,0.4225
2615.0000,0.4158,0.4196,0.4139,0.4173,0.4316,0.4265,0.4198
2620.0000,0.4172,0.4185,0.4138,0.4185,0.4335,0.4227,0.4217
2625.0000,0.4180,0.4170,0.4140,0.4201,0.4346,0.4189,0.4248
2630.0000,0.4185,0.4158,0.4141,0.4223,0.4339,0.4168,0.4282
2635.0000,0.4170,0.4159,0.4136,0.4254,0.4315,0.4166,0.4320
2640.0000,0.4167,0.4158,0.4133,0.4289,0.4272,0.4196,0.4335
2645.0000,0.4142,0.4175,0.4127,0.4321,0.4228,0.4229,0.4375
2650.0000,0.4118,0.4193,0.4123,0.4353,0.4173,0.4302,0.4340
2655.0000,0.4147,0.4175,0.4151,0.4357,0.4146,0.4357,0.4320
2660.0000,0.4152,0.4170,0.4180,0.4352,0.4128,0.4420,0.4255
2665.0000,0.4171,0.4150,0.4232,0.4317,0.4157,0.4424,0.4266
2670.0000,0.4172,0.4140,0.4285,0.4270,0.4214,0.4392,0.4311
2675.0000,0.4185,0.4133,0.4328,0.4232,0.4255,0.4397,0.4271
2680.0000,0.4196,0.4137,0.4363,0.4189,0.4322,0.4346,0.4340
2685.0000,0.4191,0.4165,0.4370,0.4167,0.4369,0.4316,0.4380
2690.0000,0.4188,0.4204,0.4354,0.4165,0.4396,0.4300,0.4421
2695.0000,0.4184,0.4253,0.4317,0.4186,0.4399,0.4312,0.4423
2700.0000,0.4167,0.4309,0.4264,0.4224,0.4383,0.4341,0.4411
2705.0000,0.4217,0.4322,0.4229,0.4258,0.4367,0.4368,0.4405
2710.0000,0.4205,0.4359,0.4179,0.4303,0.4344,0.4400,0.4395
2715.0000,0.4203,0.4371,0.4150,0.4337,0.4333,0.4416,0.4412
2720.0000,0.4266,0.4329,0.4161,0.4348,0.4340,0.4417,0.4443
2725.0000,0.4278,0.4301,0.4172,0.4363,0.4336,0.4442,0.4442
2730.0000,0.4311,0.4249,0.4211,0.4358,0.4355,0.4439,0.4492
2735.0000,0.4296,0.4219,0.4244,0.4356,0.4366,0.4458,0.4512
2740.0000,0.4299,0.4183,0.4286,0.4347,0.4382,0.4478,0.4528
2745.0000,0.4285,0.4173,0.4317,0.4342,0.4396,0.4505,0.4530
2750.0000,0.4250,0.4190,0.4332,0.4343,0.4409,0.4534,0.4520
2755.0000,0.4227,0.4219,0.4337,0.4348,0.4423,0.4562,0.4493
2760.0000,0.4186,0.4268,0.4329,0.4357,0.4445,0.4569,0.4491
2765.0000,0.4220,0.4281,0.4338,0.4356,0.4483,0.4552,0.4504
2770.0000,0.4219,0.4318,0.4325,0.4373,0.4499,0.4561,0.4469
2775.0000,0.4248,0.4325,0.4332,0.4376,0.4538,0.4523,0.4519
2780.0000,0.4282,0.4312,0.4361,0.4358,0.4619,0.4394,0.4784
2785.0000,0.4312,0.4305,0.4368,0.4376,0.4631,0.4369,0.5017
2790.0000,0.4340,0.4290,0.4390,0.4376,0.4679,0.4252,0.5756
2795.0000,0.4324,0.4322,0.4355,0.4449,0.4585,0.4400,0.6405
2800.0000,0.4311,0.4358,0.4319,0.4523,0.4477,0.4634,0.7369
2805.0000,0.4295,0.4375,0.4326,0.4540,0.4472,0.4761,0.9519
2810.0000,0.4250,0.4417,0.4306,0.4591,0.4380,0.5221,1.2293
2815.0000,0.4304,0.4429,0.4276,0.4687,0.4159,0.6245,1.5705
2820.0000,0.4247,0.4548,0.4119,0.4935,0.3614,0.8454,1.8157
2825.0000,0.4226,0.4557,0.4136,0.4960,0.3481,1.0658,2.2490
2830.0000,0.4329,0.4535,0.4129,0.5044,0.3236,1.4062,2.6612
2835.0000,0.4306,0.4519,0.4230,0.4922,0.3512,1.7797,3.1729
2840.0000,0.4173,0.4664,0.4102,0.5067,0.3446,2.3785,3.3172
2880.0000,0.4861,0.3687,0.5900,0.2736,4.0361,3.8728,3.0787
2885.0000,0.4642,0.4344,0.4606,0.5460,4.5394,3.4485,3.1493
2890.0000,0.4417,0.5224,0.2700,0.9832,4.8126,3.1209,3.0448
2895.0000,0.3758,0.6366,0.0654,1.5217,4.9367,2.7280,3.1724
2900.0000,0.2525,0.7855,-0.1656,2.2001,4.7593,2.5949,2.9363
2905.0000,0.4070,0.7321,-0.2212,2.8520,4.4605,2.5133,2.7516
2910.0000,0.3597,0.7462,-0.1969,3.4633,4.1034,2.3766,2.8344
2915.0000,0.2820,0.7432,-0.0536,4.0244,3.6059,2.4624,2.5790
2920.0000,0.4413,0.5641,0.3432,4.3910,3.1720,2.5065,2.4480
2925.0000,0.4942,0.4335,0.8651,4.6051,2.7777,2.5687,2.3182
2930.0000,0.6256,0.2803,1.5407,4.6223,2.4943,2.5896,2.2576
2935.0000,0.8853,0.1457,2.3070,4.4622,2.3360,2.5557,2.2414
2940.0000,0.7071,0.3443,2.9335,4.2639,2.1803,2.6082,2.0392
2945.0000,0.9090,0.4728,3.6121,3.9060,2.2035,2.4844,2.1485
2950.0000,1.0674,0.8091,4.1099,3.5516,2.2413,2.3920,2.1708
2955.0000,1.0421,1.3799,4.3762,3.2447,2.2766,2.3125,2.1744
2960.0000,1.1622,2.0068,4.4687,2.9875,2.2976,2.2650,2.1342
2965.0000,1.4075,2.6116,4.4266,2.7722,2.3272,2.1946,2.1518
2970.0000,1.8638,3.0820,4.3089,2.5956,2.3471,2.1433,2.1445
2975.0000,2.2229,3.5246,4.0785,2.4848,2.3423,2.0993,2.1599
2980.0000,2.4715,3.9096,3.7715,2.4360,2.2989,2.0945,2.1380
2985.0000,2.9823,4.0209,3.5321,2.3789,2.2714,2.0861,2.1208
2990.0000,3.3348,4.0431,3.2975,2.3414,2.2442,2.0686,2.1367
2995.0000,3.5024,4.0299,3.0549,2.3364,2.1917,2.0846,2.1111
3000.0000,3.6703,3.9036,2.8704,2.3229,2.1514,2.0965,2.0923
3005.0000,3.7286,3.7443,2.7151,2.3117,2.1153,2.1087,2.0715
3010.0000,3.7485,3.5334,2.6119,2.2862,2.0977,2.1073,2.0651
3015.0000,3.6539,3.3453,2.5235,2.2633,2.0841,2.1039,2.0595
3020.0000,3.5318,3.1643,2.4562,2.2403,2.0710,2.1098,2.0283
3025.0000,3.4382,2.9636,2.4302,2.1985,2.0847,2.0831,2.0498
3030.0000,3.2588,2.8269,2.3905,2.1711,2.0885,2.0675,2.0564
3035.0000,3.1043,2.7064,2.3579,2.1473,2.0892,2.0595,2.0527
3040.0000,2.9745,2.6008,2.3314,2.1251,2.0922,2.0475,2.0612
3045.0000,2.8345,2.5296,2.2957,2.1137,2.0861,2.0462,2.0581
3050.0000,2.7092,2.4811,2.2548,2.1096,2.0761,2.0476,2.0571
3055.0000,2.5965,2.4471,2.2122,2.1108,2.0622,2.0540,2.0504
3060.0000,2.5190,2.4054,2.1815,2.1083,2.0534,2.0562,2.0500
3065.0000,2.4766,2.3539,2.1623,2.1032,2.0456,2.0636,2.0357
3070.0000,2.4228,2.3136,2.1457,2.0964,2.0446,2.0586,2.0506
3075.0000,2.3741,2.2761,2.1339,2.0887,2.0449,2.0549,2.0639
3080.0000,2.3389,2.2381,2.1278,2.0794,2.0468,2.0524,2.0782
3085.0000,2.3072,2.2040,2.1232,2.0714,2.0465,2.0568,2.0881
3090.0000,2.2683,2.1809,2.1164,2.0654,2.0459,2.0633,2.1012
3095.0000,2.2373,2.1613,2.1099,2.0604,2.0450,2.0736,2.1133
3100.0000,2.2074,2.1487,2.1010,2.0576,2.0435,2.0879,2.1247
3105.0000,2.1773,2.1416,2.0908,2.0558,2.0438,2.1028,2.1401
3110.0000,2.1648,2.1288,2.0849,2.0522,2.0475,2.1184,2.1546
3115.0000,2.1422,2.1266,2.0734,2.0528,2.0495,2.1403,2.1614
3120.0000,2.1274,2.1196,2.0672,2.0497,2.0600,2.1530,2.1870
3125.0000,2.1254,2.1056,2.0665,2.0443,2.0759,2.1634,2.2177
3130.0000,2.1187,2.0950,2.0634,2.0430,2.0879,2.1848,2.2356
3135.0000,2.1131,2.0836,2.0627,2.0409,2.1054,2.2007,2.2696
3140.0000,2.1035,2.0757,2.0603,2.0418,2.1226,2.2206,2.3033
3145.0000,2.0946,2.0705,2.0559,2.0467,2.1375,2.2480,2.3330
3150.0000,2.0814,2.0704,2.0489,2.0550,2.1526,2.2783,2.3638
3155.0000,2.0780,2.0653,2.0465,2.0617,2.1743,2.3023,2.4138
3160.0000,2.0674,2.0680,2.0387,2.0755,2.1899,2.3404,2.4537
3165.0000,2.0568,2.0697,2.0345,2.0877,2.2133,2.3695,2.5335
3170.0000,2.0621,2.0623,2.0357,2.1014,2.2344,2.4138,2.6048
3175.0000,2.0596,2.0595,2.0361,2.1183,2.2542,2.4699,2.6803
3180.0000,2.0596,2.0520,2.0455,2.1285,2.2908,2.5065,2.8496
3185.0000,2.0572,2.0482,2.0528,2.1451,2.3193,2.5733,3.0262
3190.0000,2.0566,2.0463,2.0597,2.1665,2.3426,2.6721,3.2257
3195.0000,2.0486,2.0549,2.0584,2.2001,2.3480,2.8395,3.3357
3235.0000,2.1088,2.0460,2.3220,2.2173,3.5115,3.7623,2.4427
3240.0000,2.1375,2.0458,2.3575,2.2424,3.7973,3.5240,1.8743
3245.0000,2.1720,2.0479,2.3957,2.2719,4.1384,2.9850,1.6534
3250.0000,2.1370,2.1108,2.3729,2.3836,4.3813,2.3602,1.4722
3255.0000,2.1430,2.1767,2.3100,2.5906,4.4507,1.7630,1.2917
3260.0000,2.1119,2.2792,2.2093,2.8747,4.3618,1.1514,1.3569
3265.0000,2.1578,2.3575,2.0911,3.2536,4.0031,0.7876,1.2569
3270.0000,2.1371,2.4561,2.0003,3.6228,3.5597,0.3783,1.6164
3275.0000,2.0242,2.6118,1.8768,4.0675,2.8024,0.4587,1.3469
3280.0000,2.2124,2.5460,1.9562,4.3693,2.0351,0.6472,1.1191
3285.0000,2.2201,2.5311,2.1297,4.5134,1.3668,0.7719,1.1843
3290.0000,2.2501,2.4737,2.4196,4.5039,0.7396,1.0642,0.9797
3295.0000,2.3538,2.3443,2.8652,4.2585,0.3396,1.2433,0.9464
3300.0000,2.4652,2.2185,3.3694,3.8583,0.0688,1.4944,0.6591
3305.0000,2.6426,2.0935,3.9266,3.2645,0.0846,1.4871,0.7607
3310.0000,2.9525,1.9992,4.4405,2.5758,0.2775,1.3726,0.9007
3315.0000,2.6789,2.3050,4.6363,1.9992,0.4306,1.3959,0.7187
3320.0000,2.8264,2.4898,4.7878,1.3789,0.7672,1.1716,0.9874
3325.0000,2.8596,2.8639,4.6469,0.9259,1.0285,1.0322,1.0876
3330.0000,2.8673,3.3070,4.2735,0.6415,1.2032,0.9573,1.1259
3335.0000,2.8264,3.7947,3.7011,0.5166,1.3113,0.8783,1.2535
3340.0000,2.7924,4.2092,3.0078,0.5485,1.2917,0.9348,1.1974
3345.0000,3.2485,4.2139,2.4434,0.5931,1.2800,0.9701,1.1909
3350.0000,3.3204,4.2392,1.8282,0.7320,1.2185,1.0004,1.2646
3355.0000,3.3688,4.0643,1.3251,0.8892,1.1193,1.0986,1.2284
3360.0000,3.5710,3.6147,1.0266,0.9879,1.0666,1.1630,1.2287
3365.0000,3.5807,3.0955,0.8546,1.0544,1.0368,1.2171,1.2319
3370.0000,3.4353,2.5782,0.7800,1.0899,1.0333,1.2518,1.2614
3375.0000,3.0973,2.1531,0.7478,1.1145,1.0416,1.2776,1.3037
3380.0000,2.8853,1.6618,0.8391,1.0850,1.0849,1.2998,1.3205
3385.0000,2.5028,1.3554,0.8993,1.0687,1.1293,1.3059,1.3955
3390.0000,2.0832,1.1788,0.9357,1.0654,1.1657,1.3219,1.4745
3395.0000,1.7517,1.0660,0.9659,1.0689,1.1937,1.3578,1.5454
3400.0000,1.5398,0.9693,1.0100,1.0645,1.2326,1.3877,1.6606
3405.0000,1.3344,0.9417,1.0280,1.0759,1.2595,1.4391,1.7923
3410.0000,1.1687,0.9612,1.0234,1.1017,1.2756,1.5151,1.9474
3415.0000,1.0553,0.9919,1.0156,1.1306,1.2932,1.6072,2.1574
3420.0000,1.0044,1.0129,1.0093,1.1676,1.2933,1.7679,2.3162
3425.0000,1.0082,1.0122,1.0223,1.1902,1.3202,1.9298,2.5359
3430.0000,0.9973,1.0221,1.0349,1.2109,1.3621,2.1141,2.8006
3435.0000,0.9953,1.0307,1.0496,1.2333,1.4092,2.3557,3.0265
3475.0000,1.1109,1.0681,1.3308,1.3228,3.2902,3.5733,2.3103
3480.0000,1.1476,1.0824,1.3497,1.4059,3.6867,3.2098,2.1297
3485.0000,1.1291,1.1379,1.3300,1.5595,4.0207,2.7261,2.0361
3490.0000,1.1378,1.2034,1.2699,1.8178,4.1846,2.2900,1.8691
3495.0000,1.1192,1.2941,1.1834,2.1589,4.1933,1.8664,1.7365
3500.0000,1.1694,1.3502,1.1113,2.5644,4.0131,1.5476,1.5575
3505.0000,1.1306,1.4501,1.0552,2.9808,3.7373,1.1856,1.6602
3510.0000,1.0785,1.5524,1.0223,3.4301,3.2480,1.0904,1.4359
3515.0000,1.2330,1.5042,1.1486,3.7820,2.7108,1.0661,1.2627
3520.0000,1.2492,1.5072,1.3519,4.0262,2.1918,1.0232,1.2845
3525.0000,1.2846,1.4905,1.6519,4.1581,1.6519,1.1400,1.0664
3530.0000,1.3804,1.4317,2.0803,4.1051,1.2433,1.1896,0.9952
3535.0000,1.4873,1.3856,2.5687,3.9131,0.9140,1.2901,0.8118
3540.0000,1.6496,1.3517,3.1044,3.5616,0.7545,1.2788,0.8116
3545.0000,1.9540,1.3293,3.6369,3.0950,0.7347,1.2001,0.8492
3550.0000,1.7921,1.6390,3.9285,2.6768,0.6987,1.2199,0.6807
3555.0000,1.9600,1.8736,4.1838,2.1919,0.8112,1.0730,0.8247
3560.0000,2.0255,2.2621,4.2219,1.7886,0.9041,0.9755,0.8664
3565.0000,2.1259,2.6907,4.0908,1.4649,0.9815,0.9001,0.8807
3570.0000,2.2735,3.1058,3.8168,1.2279,1.0349,0.8383,0.9015
3575.0000,2.3921,3.4827,3.4245,1.0858,1.0431,0.8157,0.8894
3580.0000,2.7642,3.6317,3.0453,0.9808,1.0451,0.8021,0.8751
3585.0000,2.8651,3.8075,2.5746,0.9640,1.0087,0.7919,0.9025
3590.0000,3.0747,3.7602,2.1794,0.9607,0.9618,0.8137,0.8700
3595.0000,3.2866,3.5492,1.8680,0.9548,0.9281,0.8233,0.8616
3600.0000,3.2960,3.3225,1.5818,0.9709,0.8857,0.8361,0.8651
3605.0000,3.3148,2.9854,1.3920,0.9677,0.8604,0.8456,0.8665
3610.0000,3.1694,2.6650,1.2419,0.9662,0.8379,0.8558,0.8726
3615.0000,3.0043,2.3249,1.1549,0.9501,0.8281,0.8648,0.8767
3620.0000,2.7534,2.0457,1.0836,0.9376,0.8201,0.8733,0.8911
3625.0000,2.4812,1.8108,1.0317,0.9241,0.8164,0.8823,0.9088
3630.0000,2.2809,1.5642,1.0265,0.8936,0.8272,0.8898,0.9231
3635.0000,2.0087,1.4166,0.9974,0.8793,0.8313,0.9006,0.9504
3640.0000,1.7875,1.2966,0.9766,0.8642,0.8412,0.9085,0.9923
3645.0000,1.5926,1.2148,0.9500,0.8576,0.8447,0.9309,1.0274
