 0.000000e+00  2.352472e+00
 7.351643e+00  2.376452e+00
 1.470329e+01  2.391006e+00
 2.205493e+01  2.398148e+00
 2.940657e+01  2.401055e+00
 3.675822e+01  2.399763e+00
 4.410986e+01  2.394572e+00
 5.146150e+01  2.384059e+00
 5.881314e+01  2.362101e+00
 6.616479e+01  2.319498e+00
 7.351643e+01  2.257609e+00
 8.086807e+01  2.176465e+00
 8.821972e+01  2.067531e+00
 9.557136e+01  1.947895e+00
 1.029230e+02  1.823262e+00
 1.102746e+02  1.699524e+00
 1.176263e+02  1.586268e+00
 1.249779e+02  1.487083e+00
 1.323296e+02  1.403763e+00
 1.396812e+02  1.336743e+00
 1.470329e+02  1.282359e+00
 1.543845e+02  1.238281e+00
 1.617361e+02  1.202398e+00
 1.690878e+02  1.172228e+00
 1.764394e+02  1.145276e+00
 1.837911e+02  1.119673e+00
 1.911427e+02  1.094745e+00
 1.984944e+02  1.070325e+00
 2.058460e+02  1.045913e+00
 2.131976e+02  1.023301e+00
 2.205493e+02  1.002038e+00
 2.279009e+02  9.816912e-01
 2.352526e+02  9.630276e-01
 2.426042e+02  9.463268e-01
 2.499559e+02  9.306490e-01
 2.573075e+02  9.155180e-01
 2.646591e+02  9.034567e-01
 2.720108e+02  8.918669e-01
 2.793624e+02  8.807319e-01
 2.867141e+02  8.718247e-01
 2.940657e+02  8.641371e-01
 3.014174e+02  8.574659e-01
 3.087690e+02  8.517988e-01
 3.161206e+02  8.481663e-01
 3.234723e+02  8.451851e-01
 3.308239e+02  8.427599e-01
 3.381756e+02  8.425283e-01
 3.455272e+02  8.427357e-01
 3.528789e+02  8.434800e-01
 3.602305e+02  8.453313e-01
 3.675822e+02  8.481149e-01
 3.749338e+02  8.513038e-01
 3.822854e+02  8.548105e-01
 3.896371e+02  8.595271e-01
 3.969887e+02  8.643309e-01
 4.043404e+02  8.694452e-01
 4.116920e+02  8.751706e-01
 4.190437e+02  8.813529e-01
 4.263953e+02  8.879068e-01
 4.337469e+02  8.948876e-01
 4.410986e+02  9.026660e-01
 4.484502e+02  9.110603e-01
 4.558019e+02  9.200775e-01
 4.631535e+02  9.301581e-01
 4.705052e+02  9.409863e-01
 4.778568e+02  9.523652e-01
 4.852084e+02  9.642891e-01
 4.925601e+02  9.771176e-01
 4.999117e+02  9.905789e-01
 5.072634e+02  1.004664e+00
 5.146150e+02  1.020340e+00
 5.219667e+02  1.037272e+00
 5.293183e+02  1.055815e+00
 5.366699e+02  1.076969e+00
 5.440216e+02  1.101653e+00
 5.513732e+02  1.130109e+00
 5.587249e+02  1.163378e+00
 5.660765e+02  1.208656e+00
 5.734282e+02  1.254850e+00
 5.807798e+02  1.302126e+00
 5.881314e+02  1.355005e+00
 5.954831e+02  1.410438e+00
 6.028347e+02  1.466110e+00
 6.101864e+02  1.520307e+00
 6.175380e+02  1.565875e+00
 6.248897e+02  1.600918e+00
 6.322413e+02  1.623698e+00
 6.395929e+02  1.619700e+00
 6.469446e+02  1.593670e+00
 6.542962e+02  1.547165e+00
 6.616479e+02  1.473345e+00
 6.689995e+02  1.375598e+00
 6.763512e+02  1.264526e+00
 6.837028e+02  1.141788e+00
 6.910544e+02  1.013461e+00
 6.984061e+02  8.888663e-01
 7.057577e+02  7.699647e-01
 7.131094e+02  6.654676e-01
 7.204610e+02  5.772832e-01
 7.278127e+02  5.024061e-01
 7.351643e+02  4.429254e-01
 7.425159e+02  4.011124e-01
 7.498676e+02  3.686045e-01
 7.572192e+02  3.442885e-01
 7.645709e+02  3.267807e-01
 7.719225e+02  3.184707e-01
 7.792742e+02  3.162448e-01
 7.866258e+02  3.161619e-01
 7.939774e+02  3.160802e-01
 8.013291e+02  3.160787e-01
 8.086807e+02  3.160408e-01
 8.160324e+02  3.160210e-01
 8.233840e+02  3.160413e-01
 8.307357e+02  3.161228e-01
 8.380873e+02  3.163771e-01
 8.454389e+02  3.166789e-01
 8.527906e+02  3.170238e-01
 8.601422e+02  3.173138e-01
 8.674939e+02  3.175009e-01
 8.748455e+02  3.174899e-01
 8.821972e+02  3.171687e-01
 8.895488e+02  3.165328e-01
 8.969004e+02  3.157024e-01
 9.042521e+02  3.146728e-01
 9.116037e+02  3.135829e-01
 9.189554e+02  3.124868e-01
 9.263070e+02  3.114037e-01
 9.336587e+02  3.104062e-01
 9.410103e+02  3.096902e-01
 9.483619e+02  3.092244e-01
 9.557136e+02  3.089631e-01
 9.630652e+02  3.089371e-01
 9.704169e+02  3.090777e-01
 9.777685e+02  3.092297e-01
 9.851202e+02  3.093189e-01
 9.924718e+02  3.092657e-01
 9.998234e+02  3.090085e-01
 1.007175e+03  3.085391e-01
 1.014527e+03  3.079156e-01
 1.021878e+03  3.071622e-01
 1.029230e+03  3.064093e-01
 1.036582e+03  3.057003e-01
 1.043933e+03  3.050746e-01
 1.051285e+03  3.046161e-01
 1.058637e+03  3.044490e-01
 1.065988e+03  3.045937e-01
 1.073340e+03  3.050052e-01
 1.080692e+03  3.056244e-01
 1.088043e+03  3.063835e-01
 1.095395e+03  3.071871e-01
 1.102746e+03  3.078588e-01
 1.110098e+03  3.084015e-01
 1.117450e+03  3.088092e-01
 1.124801e+03  3.090074e-01
 1.132153e+03  3.089837e-01
 1.139505e+03  3.087849e-01
 1.146856e+03  3.084796e-01
 1.154208e+03  3.080402e-01
 1.161560e+03  3.075172e-01
 1.168911e+03  3.069291e-01
 1.176263e+03  3.063184e-01
 1.183615e+03  3.057146e-01
 1.190966e+03  3.052098e-01
 1.198318e+03  3.048111e-01
 1.205669e+03  3.044578e-01
 1.213021e+03  3.041444e-01
 1.220373e+03  3.038900e-01
 1.227724e+03  3.036242e-01
 1.235076e+03  3.033118e-01
 1.242428e+03  3.029113e-01
 1.249779e+03  3.024345e-01
 1.257131e+03  3.019026e-01
 1.264483e+03  3.012442e-01
 1.271834e+03  3.006182e-01
 1.279186e+03  3.000998e-01
 1.286538e+03  2.997536e-01
 1.293889e+03  2.996518e-01
 1.301241e+03  2.996948e-01
 1.308592e+03  2.999713e-01
 1.315944e+03  3.004209e-01
 1.323296e+03  3.009241e-01
 1.330647e+03  3.014962e-01
 1.337999e+03  3.020786e-01
 1.345351e+03  3.025460e-01
 1.352702e+03  3.028913e-01
 1.360054e+03  3.030920e-01
 1.367406e+03  3.030841e-01
 1.374757e+03  3.029063e-01
 1.382109e+03  3.025419e-01
 1.389461e+03  3.020661e-01
 1.396812e+03  3.015473e-01
 1.404164e+03  3.009871e-01
 1.411515e+03  3.004716e-01
 1.418867e+03  3.001191e-01
 1.426219e+03  2.999487e-01
 1.433570e+03  3.000221e-01
 1.440922e+03  3.002584e-01
 1.448274e+03  3.005497e-01
 1.455625e+03  3.009248e-01
 1.462977e+03  3.012848e-01
 1.470329e+03  3.015515e-01
 1.477680e+03  3.017416e-01
 1.485032e+03  3.018047e-01
 1.492384e+03  3.017274e-01
 1.499735e+03  3.016082e-01
 1.507087e+03  3.014627e-01
 1.514438e+03  3.013917e-01
 1.521790e+03  3.013523e-01
 1.529142e+03  3.013681e-01
 1.536493e+03  3.015333e-01
 1.543845e+03  3.019154e-01
 1.551197e+03  3.024686e-01
 1.558548e+03  3.031270e-01
 1.565900e+03  3.038043e-01
 1.573252e+03  3.044144e-01
 1.580603e+03  3.047953e-01
 1.587955e+03  3.049985e-01
 1.595307e+03  3.050381e-01
 1.602658e+03  3.048645e-01
 1.610010e+03  3.046059e-01
 1.617361e+03  3.043431e-01
 1.624713e+03  3.041264e-01
 1.632065e+03  3.039970e-01
 1.639416e+03  3.039531e-01
 1.646768e+03  3.040082e-01
 1.654120e+03  3.041040e-01
 1.661471e+03  3.041659e-01
 1.668823e+03  3.041505e-01
 1.676175e+03  3.040720e-01
 1.683526e+03  3.040130e-01
 1.690878e+03  3.038567e-01
 1.698230e+03  3.036338e-01
 1.705581e+03  3.034021e-01
 1.712933e+03  3.031955e-01
 1.720284e+03  3.030471e-01
 1.727636e+03  3.030192e-01
 1.734988e+03  3.031270e-01
 1.742339e+03  3.033906e-01
 1.749691e+03  3.037729e-01
 1.757043e+03  3.043250e-01
 1.764394e+03  3.049521e-01
 1.771746e+03  3.057422e-01
 1.779098e+03  3.065936e-01
 1.786449e+03  3.075114e-01
 1.793801e+03  3.084484e-01
 1.801153e+03  3.093810e-01
 1.808504e+03  3.102887e-01
 1.815856e+03  3.111862e-01
 1.823207e+03  3.118945e-01
 1.830559e+03  3.123712e-01
 1.837911e+03  3.125677e-01
 1.845262e+03  3.124393e-01
 1.852614e+03  3.121071e-01
 1.859966e+03  3.116323e-01
 1.867317e+03  3.110569e-01
 1.874669e+03  3.104981e-01
 1.882021e+03  3.101953e-01
 1.889372e+03  3.100553e-01
 1.896724e+03  3.100988e-01
 1.904076e+03  3.104082e-01
 1.911427e+03  3.109754e-01
 1.918779e+03  3.117538e-01
 1.926130e+03  3.126713e-01
 1.933482e+03  3.137066e-01
 1.940834e+03  3.148392e-01
 1.948185e+03  3.160162e-01
 1.955537e+03  3.171526e-01
 1.962889e+03  3.182462e-01
 1.970240e+03  3.192958e-01
 1.977592e+03  3.203138e-01
 1.984944e+03  3.213684e-01
 1.992295e+03  3.224674e-01
 1.999647e+03  3.235720e-01
 2.006999e+03  3.248124e-01
 2.014350e+03  3.261306e-01
 2.021702e+03  3.275360e-01
 2.029053e+03  3.290407e-01
 2.036405e+03  3.306345e-01
 2.043757e+03  3.322488e-01
 2.051108e+03  3.338938e-01
 2.058460e+03  3.355386e-01
 2.065812e+03  3.372299e-01
 2.073163e+03  3.389906e-01
 2.080515e+03  3.408585e-01
 2.087867e+03  3.428488e-01
 2.095218e+03  3.450949e-01
 2.102570e+03  3.476831e-01
 2.109922e+03  3.506797e-01
 2.117273e+03  3.540268e-01
 2.124625e+03  3.577625e-01
 2.131976e+03  3.621387e-01
 2.139328e+03  3.670167e-01
 2.146680e+03  3.723323e-01
 2.154031e+03  3.783203e-01
 2.161383e+03  3.853197e-01
 2.168735e+03  3.936088e-01
 2.176086e+03  4.033080e-01
 2.183438e+03  4.180948e-01
 2.190790e+03  4.336124e-01
 2.198141e+03  4.500696e-01
 2.205493e+03  4.689549e-01
 2.212845e+03  4.895668e-01
 2.220196e+03  5.106094e-01
 2.227548e+03  5.318974e-01
 2.234899e+03  5.528029e-01
 2.242251e+03  5.714178e-01
 2.249603e+03  5.875623e-01
 2.256954e+03  5.998103e-01
 2.264306e+03  6.076232e-01
 2.271658e+03  6.117932e-01
 2.279009e+03  6.115811e-01
 2.286361e+03  6.065896e-01
 2.293713e+03  5.990130e-01
 2.301064e+03  5.894486e-01
 2.308416e+03  5.766098e-01
 2.315768e+03  5.630893e-01
 2.323119e+03  5.493368e-01
 2.330471e+03  5.348477e-01
 2.337822e+03  5.203440e-01
 2.345174e+03  5.063520e-01
 2.352526e+03  4.928378e-01
 2.359877e+03  4.799158e-01
 2.367229e+03  4.678295e-01
 2.374581e+03  4.565322e-01
 2.381932e+03  4.461772e-01
 2.389284e+03  4.367447e-01
 2.396636e+03  4.281127e-01
 2.403987e+03  4.203621e-01
 2.411339e+03  4.133660e-01
 2.418691e+03  4.069447e-01
 2.426042e+03  4.009954e-01
 2.433394e+03  3.956870e-01
 2.440745e+03  3.908248e-01
 2.448097e+03  3.863365e-01
 2.455449e+03  3.822661e-01
 2.462800e+03  3.786116e-01
 2.470152e+03  3.752241e-01
 2.477504e+03  3.720423e-01
 2.484855e+03  3.690868e-01
 2.492207e+03  3.662247e-01
 2.499559e+03  3.633305e-01
 2.506910e+03  3.604700e-01
 2.514262e+03  3.576441e-01
 2.521614e+03  3.548681e-01
 2.528965e+03  3.523127e-01
 2.536317e+03  3.500049e-01
 2.543668e+03  3.479544e-01
 2.551020e+03  3.462660e-01
 2.558372e+03  3.449646e-01
 2.565723e+03  3.439186e-01
 2.573075e+03  3.432079e-01
 2.580427e+03  3.427065e-01
 2.587778e+03  3.423167e-01
 2.595130e+03  3.420324e-01
 2.602482e+03  3.418025e-01
 2.609833e+03  3.415900e-01
 2.617185e+03  3.413299e-01
 2.624537e+03  3.409050e-01
 2.631888e+03  3.403063e-01
 2.639240e+03  3.396204e-01
 2.646591e+03  3.387961e-01
 2.653943e+03  3.378751e-01
 2.661295e+03  3.368689e-01
 2.668646e+03  3.357820e-01
 2.675998e+03  3.346763e-01
 2.683350e+03  3.336166e-01
 2.690701e+03  3.325981e-01
 2.698053e+03  3.316355e-01
 2.705405e+03  3.307608e-01
 2.712756e+03  3.300503e-01
 2.720108e+03  3.294472e-01
 2.727460e+03  3.289223e-01
 2.734811e+03  3.284649e-01
 2.742163e+03  3.281617e-01
 2.749514e+03  3.278639e-01
 2.756866e+03  3.275294e-01
 2.764218e+03  3.272010e-01
 2.771569e+03  3.267811e-01
 2.778921e+03  3.263340e-01
 2.786273e+03  3.258582e-01
 2.793624e+03  3.254034e-01
 2.800976e+03  3.250399e-01
 2.808328e+03  3.247598e-01
 2.815679e+03  3.246026e-01
 2.823031e+03  3.245191e-01
 2.830383e+03  3.244282e-01
 2.837734e+03  3.242910e-01
 2.845086e+03  3.241143e-01
 2.852437e+03  3.238555e-01
 2.859789e+03  3.235331e-01
 2.867141e+03  3.231508e-01
 2.874492e+03  3.227154e-01
 2.881844e+03  3.222307e-01
 2.889196e+03  3.216662e-01
 2.896547e+03  3.210769e-01
 2.903899e+03  3.205118e-01
 2.911251e+03  3.199519e-01
 2.918602e+03  3.193957e-01
 2.925954e+03  3.190117e-01
 2.933306e+03  3.186322e-01
 2.940657e+03  3.183233e-01
 2.948009e+03  3.181085e-01
 2.955360e+03  3.179342e-01
 2.962712e+03  3.178413e-01
 2.970064e+03  3.178080e-01
 2.977415e+03  3.178239e-01
 2.984767e+03  3.179545e-01
 2.992119e+03  3.180916e-01
 2.999470e+03  3.182964e-01
 3.006822e+03  3.185010e-01
 3.014174e+03  3.186574e-01
 3.021525e+03  3.188501e-01
 3.028877e+03  3.191307e-01
 3.036229e+03  3.194440e-01
 3.043580e+03  3.198232e-01
 3.050932e+03  3.202857e-01
 3.058283e+03  3.207480e-01
 3.065635e+03  3.211916e-01
 3.072987e+03  3.215891e-01
 3.080338e+03  3.218820e-01
 3.087690e+03  3.220228e-01
 3.095042e+03  3.220339e-01
 3.102393e+03  3.219042e-01
 3.109745e+03  3.216784e-01
 3.117097e+03  3.214529e-01
 3.124448e+03  3.212588e-01
 3.131800e+03  3.211688e-01
 3.139152e+03  3.212944e-01
 3.146503e+03  3.216681e-01
 3.153855e+03  3.223197e-01
 3.161206e+03  3.231788e-01
 3.168558e+03  3.241870e-01
 3.175910e+03  3.253217e-01
 3.183261e+03  3.264288e-01
 3.190613e+03  3.274063e-01
 3.197965e+03  3.281556e-01
 3.205316e+03  3.288304e-01
 3.212668e+03  3.294258e-01
 3.220020e+03  3.299146e-01
 3.227371e+03  3.304533e-01
 3.234723e+03  3.309777e-01
 3.242075e+03  3.316000e-01
 3.249426e+03  3.323553e-01
 3.256778e+03  3.332892e-01
 3.264129e+03  3.344023e-01
 3.271481e+03  3.356017e-01
 3.278833e+03  3.368122e-01
 3.286184e+03  3.379593e-01
 3.293536e+03  3.390224e-01
 3.300888e+03  3.399457e-01
 3.308239e+03  3.407953e-01
 3.315591e+03  3.416056e-01
 3.322943e+03  3.424659e-01
 3.330294e+03  3.434330e-01
 3.337646e+03  3.445023e-01
 3.344998e+03  3.457096e-01
 3.352349e+03  3.470743e-01
 3.359701e+03  3.485636e-01
 3.367052e+03  3.501765e-01
 3.374404e+03  3.519364e-01
 3.381756e+03  3.538180e-01
 3.389107e+03  3.558348e-01
 3.396459e+03  3.579823e-01
 3.403811e+03  3.601265e-01
 3.411162e+03  3.622269e-01
 3.418514e+03  3.642469e-01
 3.425866e+03  3.661206e-01
 3.433217e+03  3.698051e-01
 3.440569e+03  3.755252e-01
 3.447921e+03  3.877168e-01
 3.455272e+03  4.033926e-01
 3.462624e+03  4.231324e-01
 3.469975e+03  4.480955e-01
 3.477327e+03  4.846393e-01
 3.484679e+03  5.297456e-01
 3.492030e+03  5.837342e-01
 3.499382e+03  6.517631e-01
 3.506734e+03  7.309265e-01
 3.514085e+03  8.180843e-01
 3.521437e+03  9.135201e-01
 3.528789e+03  1.013502e+00
 3.536140e+03  1.112912e+00
 3.543492e+03  1.210557e+00
 3.550844e+03  1.297729e+00
 3.558195e+03  1.374027e+00
 3.565547e+03  1.440243e+00
 3.572899e+03  1.491203e+00
 3.580250e+03  1.526138e+00
 3.587602e+03  1.552217e+00
 3.594953e+03  1.570081e+00
 3.602305e+03  1.579257e+00
 3.609657e+03  1.589648e+00
 3.617008e+03  1.603077e+00
 3.624360e+03  1.623272e+00
 3.631712e+03  1.650881e+00
 3.639063e+03  1.684297e+00
 3.646415e+03  1.723672e+00
