150.0000,2.3143,2.3479,2.3514,2.1330,1.6054,1.3470,1.2681
155.0000,2.3282,2.3467,2.3418,2.0746,1.5338,1.3105,1.2325
160.0000,2.3344,2.3457,2.3256,2.0112,1.4659,1.2804,1.1948
165.0000,2.3391,2.3391,2.3070,1.9396,1.4096,1.2442,1.1805
170.0000,2.3401,2.3299,2.2811,1.8656,1.3570,1.2168,1.1586
175.0000,2.3379,2.3179,2.2474,1.7904,1.3092,1.1959,1.1314
180.0000,2.3308,2.3031,2.2064,1.7140,1.2707,1.1722,1.1161
185.0000,2.3196,2.2843,2.1579,1.6386,1.2396,1.1476,1.1077
190.0000,2.3018,2.2649,2.0983,1.5697,1.2086,1.1326,1.0895
195.0000,2.2778,2.2417,2.0318,1.5048,1.1835,1.1160,1.0799
200.0000,2.2491,2.2120,1.9604,1.4452,1.1618,1.1018,1.0688
205.0000,2.2316,2.1675,1.8899,1.3895,1.1434,1.0906,1.0528
210.0000,2.1911,2.1265,1.8125,1.3416,1.1277,1.0769,1.0479
215.0000,2.1548,2.0736,1.7380,1.2985,1.1138,1.0660,1.0374
220.0000,2.1196,2.0109,1.6675,1.2598,1.1016,1.0569,1.0227
225.0000,2.0658,1.9514,1.5963,1.2274,1.0912,1.0446,1.0175
230.0000,2.0013,1.8923,1.5266,1.2011,1.0797,1.0354,1.0069
235.0000,1.9554,1.8201,1.4677,1.1757,1.0713,1.0244,0.9971
240.0000,1.9029,1.7470,1.4143,1.1539,1.0626,1.0147,0.9846
245.0000,1.8314,1.6833,1.3623,1.1365,1.0543,1.0019,0.9799
250.0000,1.7724,1.6154,1.3185,1.1206,1.0456,0.9912,0.9716
255.0000,1.7047,1.5566,1.2760,1.1091,1.0344,0.9827,0.9622
260.0000,1.6520,1.4923,1.2437,1.0965,1.0249,0.9732,0.9539
265.0000,1.5901,1.4365,1.2142,1.0855,1.0152,0.9634,0.9476
270.0000,1.5262,1.3900,1.1857,1.0774,1.0030,0.9566,0.9392
275.0000,1.4654,1.3487,1.1605,1.0696,0.9910,0.9500,0.9320
280.0000,1.4202,1.3053,1.1424,1.0600,0.9806,0.9432,0.9248
285.0000,1.3792,1.2643,1.1285,1.0497,0.9705,0.9379,0.9144
290.0000,1.3315,1.2336,1.1141,1.0397,0.9619,0.9295,0.9127
295.0000,1.2945,1.2037,1.1029,1.0289,0.9538,0.9227,0.9081
300.0000,1.2580,1.1805,1.0908,1.0194,0.9443,0.9189,0.8992
305.0000,1.2314,1.1560,1.0825,1.0078,0.9380,0.9120,0.8963
310.0000,1.2034,1.1365,1.0736,0.9966,0.9321,0.9052,0.8939
315.0000,1.1767,1.1221,1.0626,0.9873,0.9245,0.9019,0.8868
320.0000,1.1526,1.1100,1.0516,0.9779,0.9186,0.8964,0.8858
325.0000,1.1340,1.0975,1.0413,0.9686,0.9130,0.8917,0.8837
330.0000,1.1208,1.0841,1.0316,0.9598,0.9069,0.8896,0.8774
335.0000,1.1036,1.0747,1.0204,0.9518,0.9019,0.8854,0.8778
340.0000,1.0868,1.0661,1.0088,0.9446,0.8968,0.8823,0.8769
345.0000,1.0790,1.0537,0.9993,0.9373,0.8915,0.8818,0.8713
350.0000,1.0676,1.0431,0.9897,0.9299,0.8882,0.8782,0.8740
355.0000,1.0540,1.0338,0.9797,0.9236,0.8844,0.8766,0.8737
360.0000,1.0465,1.0216,0.9717,0.9167,0.8817,0.8750,0.8737
365.0000,1.0365,1.0111,0.9631,0.9110,0.8783,0.8754,0.8713
370.0000,1.0228,1.0028,0.9542,0.9056,0.8764,0.8739,0.8737
375.0000,1.0155,0.9916,0.9472,0.8999,0.8750,0.8731,0.8750
380.0000,1.0043,0.9836,0.9387,0.8959,0.8725,0.8747,0.8738
385.0000,0.9951,0.9745,0.9317,0.8915,0.8717,0.8748,0.8759
390.0000,0.9876,0.9644,0.9258,0.8870,0.8717,0.8745,0.8787
395.0000,0.9773,0.9571,0.9187,0.8841,0.8705,0.8769,0.8785
400.0000,0.9664,0.9505,0.9119,0.8814,0.8705,0.8778,0.8823
405.0000,0.9605,0.9417,0.9070,0.8784,0.8711,0.8791,0.8855
410.0000,0.9530,0.9344,0.9015,0.8767,0.8709,0.8828,0.8855
415.0000,0.9434,0.9286,0.8962,0.8751,0.8719,0.8845,0.8903
420.0000,0.9379,0.9210,0.8926,0.8732,0.8738,0.8864,0.8948
425.0000,0.9301,0.9159,0.8878,0.8729,0.8741,0.8913,0.8953
430.0000,0.9238,0.9101,0.8845,0.8720,0.8766,0.8934,0.9019
435.0000,0.9189,0.9037,0.8821,0.8713,0.8791,0.8966,0.9067
440.0000,0.9125,0.8994,0.8789,0.8719,0.8806,0.9023,0.9079
445.0000,0.9058,0.8957,0.8764,0.8721,0.8839,0.9052,0.9160
450.0000,0.8988,0.8928,0.8741,0.8729,0.8871,0.9090,0.9232
455.0000,0.8974,0.8877,0.8731,0.8740,0.8897,0.9158,0.9257
460.0000,0.8928,0.8849,0.8718,0.8754,0.8934,0.9206,0.9332
465.0000,0.8873,0.8829,0.8707,0.8770,0.8977,0.9255,0.9414
470.0000,0.8863,0.8795,0.8706,0.8792,0.9009,0.9337,0.9440
475.0000,0.8823,0.8783,0.8702,0.8814,0.9059,0.9391,0.9536
480.0000,0.8787,0.8770,0.8705,0.8837,0.9115,0.9447,0.9634
485.0000,0.8789,0.8744,0.8720,0.8859,0.9176,0.9509,0.9730
490.0000,0.8766,0.8741,0.8725,0.8895,0.9224,0.9598,0.9801
495.0000,0.8733,0.8746,0.8732,0.8932,0.9282,0.9678,0.9898
500.0000,0.8747,0.8731,0.8756,0.8964,0.9352,0.9754,1.0009
505.0000,0.8734,0.8739,0.8769,0.9011,0.9410,0.9859,1.0090
510.0000,0.8718,0.8751,0.8787,0.9055,0.9484,0.9946,1.0224
515.0000,0.8740,0.8748,0.8818,0.9099,0.9561,1.0047,1.0344
520.0000,0.8737,0.8766,0.8839,0.9156,0.9630,1.0171,1.0441
525.0000,0.8729,0.8788,0.8868,0.9208,0.9722,1.0267,1.0620
530.0000,0.8759,0.8795,0.8910,0.9259,0.9820,1.0374,1.0806
535.0000,0.8769,0.8821,0.8940,0.9328,0.9900,1.0526,1.0960
540.0000,0.8779,0.8850,0.8977,0.9395,0.9995,1.0672,1.1163
545.0000,0.8815,0.8862,0.9034,0.9450,1.0121,1.0791,1.1474
550.0000,0.8833,0.8898,0.9073,0.9532,1.0215,1.0988,1.1745
555.0000,0.8841,0.8946,0.9111,0.9619,1.0316,1.1209,1.2069
560.0000,0.8887,0.8982,0.9150,0.9726,1.0381,1.1556,1.2206
565.0000,0.8915,0.9028,0.9199,0.9820,1.0497,1.1872,1.2389
570.0000,0.8942,0.9071,0.9267,0.9897,1.0665,1.2158,1.2639
575.0000,0.8949,0.9122,0.9347,0.9963,1.0888,1.2404,1.2942
580.0000,0.9034,0.9147,0.9436,1.0041,1.1108,1.2722,1.3081
585.0000,0.9094,0.9179,0.9539,1.0105,1.1400,1.2944,1.3399
590.0000,0.9158,0.9216,0.9641,1.0182,1.1718,1.3148,1.3724
595.0000,0.9199,0.9279,0.9722,1.0293,1.2028,1.3375,1.4003
600.0000,0.9245,0.9359,0.9786,1.0443,1.2320,1.3630,1.4241
605.0000,0.9286,0.9456,0.9834,1.0631,1.2598,1.3904,1.4411
610.0000,0.9361,0.9539,0.9894,1.0837,1.2887,1.4147,1.4590
615.0000,0.9387,0.9664,0.9931,1.1086,1.3149,1.4401,1.4712
620.0000,0.9418,0.9785,0.9982,1.1356,1.3406,1.4643,1.4759
625.0000,0.9564,0.9834,1.0097,1.1610,1.3694,1.4812,1.4800
630.0000,0.9634,0.9925,1.0208,1.1894,1.3950,1.4985,1.4714
635.0000,0.9690,1.0014,1.0360,1.2164,1.4237,1.5040,1.4695
675.0000,1.0634,1.1152,1.2253,1.4436,1.5298,1.3345,1.1891
680.0000,1.0704,1.1477,1.2460,1.4738,1.5113,1.2876,1.1274
685.0000,1.1019,1.1661,1.2772,1.4948,1.4926,1.2247,1.0817
690.0000,1.1293,1.1864,1.3081,1.5141,1.4613,1.1659,1.0246
695.0000,1.1564,1.2070,1.3401,1.5289,1.4210,1.1075,0.9585
700.0000,1.1673,1.2375,1.3675,1.5403,1.3715,1.0483,0.8914
705.0000,1.1980,1.2604,1.3993,1.5428,1.3178,0.9860,0.8245
710.0000,1.2246,1.2848,1.4309,1.5361,1.2630,0.9139,0.7850
715.0000,1.2500,1.3116,1.4584,1.5248,1.1973,0.8543,0.7263
720.0000,1.2771,1.3376,1.4838,1.5052,1.1285,0.7964,0.6706
725.0000,1.2985,1.3679,1.5032,1.4784,1.0573,0.7403,0.6189
730.0000,1.3278,1.3918,1.5220,1.4409,0.9891,0.6812,0.5835
735.0000,1.3555,1.4150,1.5341,1.3978,0.9168,0.6338,0.5398
740.0000,1.3820,1.4358,1.5409,1.3468,0.8477,0.5884,0.5023
745.0000,1.4018,1.4571,1.5395,1.2895,0.7824,0.5440,0.4770
750.0000,1.4248,1.4733,1.5303,1.2284,0.7173,0.5105,0.4459
755.0000,1.4449,1.4854,1.5135,1.1628,0.6574,0.4801,0.4192
760.0000,1.4529,1.4979,1.4858,1.0957,0.6015,0.4550,0.3919
765.0000,1.4701,1.4973,1.4555,1.0228,0.5568,0.4251,0.3792
770.0000,1.4780,1.4937,1.4149,0.9520,0.5138,0.4046,0.3607
775.0000,1.4819,1.4824,1.3681,0.8813,0.4779,0.3845,0.3491
780.0000,1.4798,1.4646,1.3145,0.8131,0.4464,0.3684,0.3363
785.0000,1.4685,1.4425,1.2536,0.7492,0.4187,0.3556,0.3228
790.0000,1.4476,1.4157,1.1872,0.6896,0.3958,0.3431,0.3134
795.0000,1.4311,1.3759,1.1216,0.6318,0.3804,0.3268,0.3144
800.0000,1.4023,1.3342,1.0505,0.5821,0.3643,0.3171,0.3115
805.0000,1.3718,1.2830,0.9811,0.5361,0.3524,0.3059,0.3201
810.0000,1.3326,1.2285,0.9106,0.4979,0.3382,0.3042,0.3199
815.0000,1.2816,1.1756,0.8387,0.4662,0.3255,0.3032,0.3270
820.0000,1.2272,1.1190,0.7695,0.4401,0.3115,0.3107,0.3211
825.0000,1.1833,1.0505,0.7103,0.4145,0.3027,0.3170,0.3174
830.0000,1.1288,0.9826,0.6559,0.3917,0.2973,0.3231,0.3123
835.0000,1.0626,0.9209,0.6039,0.3724,0.2951,0.3265,0.3115
840.0000,0.9978,0.8589,0.5585,0.3543,0.2972,0.3267,0.3129
845.0000,0.9424,0.7940,0.5210,0.3369,0.3033,0.3239,0.3152
850.0000,0.8927,0.7274,0.4906,0.3213,0.3101,0.3225,0.3125
855.0000,0.8273,0.6747,0.4590,0.3106,0.3170,0.3179,0.3164
860.0000,0.7679,0.6264,0.4299,0.3037,0.3221,0.3150,0.3173
865.0000,0.7107,0.5846,0.4022,0.3009,0.3255,0.3124,0.3196
870.0000,0.6639,0.5431,0.3790,0.3003,0.3270,0.3115,0.3193
875.0000,0.6166,0.5074,0.3577,0.3028,0.3260,0.3125,0.3174
880.0000,0.5678,0.4798,0.3370,0.3078,0.3236,0.3130,0.3183
885.0000,0.5325,0.4495,0.3229,0.3122,0.3208,0.3146,0.3165
890.0000,0.4999,0.4215,0.3130,0.3162,0.3181,0.3160,0.3155
895.0000,0.4641,0.4011,0.3039,0.3212,0.3143,0.3185,0.3128
900.0000,0.4340,0.3814,0.2997,0.3240,0.3123,0.3191,0.3126
905.0000,0.4141,0.3599,0.3013,0.3239,0.3123,0.3182,0.3130
910.0000,0.4003,0.3374,0.3076,0.3216,0.3134,0.3179,0.3103
915.0000,0.3850,0.3206,0.3143,0.3184,0.3159,0.3151,0.3123
920.0000,0.3619,0.3144,0.3170,0.3173,0.3166,0.3139,0.3122
925.0000,0.3462,0.3104,0.3193,0.3162,0.3170,0.3131,0.3112
930.0000,0.3270,0.3145,0.3175,0.3172,0.3159,0.3128,0.3108
935.0000,0.3227,0.3140,0.3181,0.3168,0.3158,0.3117,0.3109
940.0000,0.3180,0.3160,0.3171,0.3174,0.3146,0.3118,0.3095
945.0000,0.3163,0.3168,0.3169,0.3174,0.3139,0.3111,0.3098
950.0000,0.3153,0.3173,0.3168,0.3173,0.3132,0.3106,0.3098
955.0000,0.3164,0.3168,0.3171,0.3171,0.3123,0.3108,0.3082
960.0000,0.3162,0.3170,0.3172,0.3167,0.3118,0.3101,0.3091
965.0000,0.3158,0.3173,0.3171,0.3163,0.3111,0.3098,0.3092
970.0000,0.3167,0.3170,0.3174,0.3157,0.3106,0.3096,0.3091
975.0000,0.3163,0.3174,0.3171,0.3153,0.3097,0.3100,0.3082
980.0000,0.3159,0.3176,0.3170,0.3147,0.3094,0.3096,0.3086
985.0000,0.3169,0.3171,0.3172,0.3138,0.3093,0.3094,0.3086
990.0000,0.3167,0.3172,0.3168,0.3132,0.3088,0.3098,0.3075
995.0000,0.3163,0.3174,0.3164,0.3125,0.3089,0.3094,0.3078
1000.0000,0.3170,0.3168,0.3164,0.3115,0.3091,0.3089,0.3080
1005.0000,0.3168,0.3168,0.3158,0.3111,0.3089,0.3091,0.3070
1010.0000,0.3163,0.3169,0.3151,0.3105,0.3090,0.3086,0.3072
1015.0000,0.3167,0.3164,0.3147,0.3100,0.3092,0.3081,0.3072
1020.0000,0.3162,0.3165,0.3137,0.3099,0.3089,0.3082,0.3062
1025.0000,0.3154,0.3165,0.3127,0.3097,0.3088,0.3077,0.3062
1030.0000,0.3159,0.3156,0.3123,0.3094,0.3088,0.3072,0.3061
1035.0000,0.3154,0.3154,0.3113,0.3096,0.3083,0.3074,0.3046
1040.0000,0.3147,0.3149,0.3107,0.3095,0.3082,0.3066,0.3052
1045.0000,0.3149,0.3138,0.3105,0.3093,0.3082,0.3059,0.3053
1050.0000,0.3143,0.3133,0.3100,0.3094,0.3075,0.3061,0.3042
1055.0000,0.3134,0.3129,0.3096,0.3094,0.3072,0.3055,0.3048
1060.0000,0.3134,0.3119,0.3096,0.3091,0.3069,0.3050,0.3053
1065.0000,0.3126,0.3115,0.3093,0.3092,0.3061,0.3054,0.3045
1070.0000,0.3118,0.3112,0.3091,0.3091,0.3057,0.3053,0.3051
1075.0000,0.3105,0.3112,0.3088,0.3089,0.3052,0.3053,0.3056
1080.0000,0.3111,0.3103,0.3090,0.3087,0.3045,0.3061,0.3044
1085.0000,0.3104,0.3101,0.3090,0.3082,0.3044,0.3060,0.3057
1090.0000,0.3096,0.3101,0.3089,0.3078,0.3043,0.3062,0.3062
1095.0000,0.3101,0.3094,0.3092,0.3071,0.3044,0.3063,0.3067
1100.0000,0.3096,0.3095,0.3089,0.3068,0.3042,0.3072,0.3061
1105.0000,0.3089,0.3095,0.3088,0.3062,0.3046,0.3071,0.3070
1110.0000,0.3094,0.3090,0.3088,0.3055,0.3051,0.3072,0.3075
1115.0000,0.3091,0.3090,0.3084,0.3053,0.3052,0.3079,0.3068
1120.0000,0.3083,0.3093,0.3079,0.3050,0.3057,0.3080,0.3074
1125.0000,0.3089,0.3087,0.3077,0.3046,0.3064,0.3079,0.3077
1130.0000,0.3085,0.3088,0.3070,0.3048,0.3066,0.3085,0.3070
1135.0000,0.3079,0.3089,0.3063,0.3048,0.3071,0.3083,0.3074
1140.0000,0.3084,0.3083,0.3060,0.3048,0.3077,0.3080,0.3076
1145.0000,0.3080,0.3082,0.3053,0.3053,0.3077,0.3084,0.3067
1150.0000,0.3073,0.3081,0.3048,0.3056,0.3080,0.3081,0.3069
1155.0000,0.3077,0.3072,0.3048,0.3059,0.3084,0.3078,0.3069
1160.0000,0.3073,0.3070,0.3044,0.3065,0.3082,0.3082,0.3055
1165.0000,0.3067,0.3066,0.3044,0.3068,0.3084,0.3075,0.3060
1170.0000,0.3068,0.3059,0.3046,0.3071,0.3085,0.3070,0.3060
1175.0000,0.3063,0.3057,0.3046,0.3077,0.3081,0.3072,0.3047
1180.0000,0.3055,0.3057,0.3047,0.3081,0.3079,0.3066,0.3049
1185.0000,0.3058,0.3052,0.3053,0.3082,0.3079,0.3059,0.3050
1190.0000,0.3055,0.3052,0.3055,0.3086,0.3073,0.3061,0.3038
1195.0000,0.3051,0.3053,0.3059,0.3087,0.3070,0.3055,0.3041
1200.0000,0.3041,0.3058,0.3061,0.3089,0.3066,0.3051,0.3041
1205.0000,0.3052,0.3054,0.3067,0.3089,0.3059,0.3055,0.3024
1210.0000,0.3050,0.3057,0.3071,0.3087,0.3057,0.3047,0.3033
1215.0000,0.3046,0.3062,0.3074,0.3085,0.3054,0.3044,0.3034
1220.0000,0.3055,0.3060,0.3080,0.3081,0.3052,0.3040,0.3034
1225.0000,0.3054,0.3066,0.3080,0.3080,0.3045,0.3043,0.3024
1230.0000,0.3052,0.3072,0.3081,0.3076,0.3043,0.3038,0.3029
1235.0000,0.3062,0.3070,0.3085,0.3071,0.3042,0.3035,0.3028
1240.0000,0.3063,0.3075,0.3084,0.3068,0.3037,0.3038,0.3019
1245.0000,0.3060,0.3081,0.3082,0.3065,0.3035,0.3035,0.3020
1250.0000,0.3071,0.3078,0.3083,0.3058,0.3036,0.3030,0.3021
1255.0000,0.3071,0.3081,0.3080,0.3056,0.3032,0.3032,0.3011
1260.0000,0.3069,0.3084,0.3076,0.3052,0.3032,0.3027,0.3013
1265.0000,0.3077,0.3081,0.3075,0.3047,0.3033,0.3022,0.3014
1270.0000,0.3075,0.3083,0.3069,0.3046,0.3028,0.3025,0.3001
1275.0000,0.3072,0.3083,0.3065,0.3043,0.3029,0.3018,0.3008
1280.0000,0.3078,0.3078,0.3063,0.3040,0.3028,0.3013,0.3009
1285.0000,0.3075,0.3078,0.3057,0.3041,0.3022,0.3017,0.2998
1290.0000,0.3070,0.3077,0.3052,0.3039,0.3021,0.3011,0.3004
1295.0000,0.3074,0.3070,0.3051,0.3036,0.3020,0.3008,0.3006
1300.0000,0.3070,0.3069,0.3046,0.3037,0.3013,0.3012,0.2996
1305.0000,0.3063,0.3067,0.3042,0.3036,0.3011,0.3009,0.3002
1310.0000,0.3066,0.3059,0.3042,0.3032,0.3010,0.3006,0.3007
1315.0000,0.3062,0.3057,0.3039,0.3032,0.3004,0.3012,0.2998
1320.0000,0.3056,0.3055,0.3037,0.3029,0.3003,0.3010,0.3007
1325.0000,0.3046,0.3055,0.3034,0.3026,0.3002,0.3010,0.3012
1330.0000,0.3053,0.3047,0.3035,0.3024,0.2999,0.3019,0.3000
1335.0000,0.3048,0.3045,0.3034,0.3020,0.3000,0.3017,0.3011
1340.0000,0.3039,0.3045,0.3031,0.3017,0.3001,0.3018,0.3016
1345.0000,0.3044,0.3039,0.3032,0.3012,0.3004,0.3018,0.3019
1350.0000,0.3039,0.3040,0.3028,0.3011,0.3002,0.3025,0.3012
1355.0000,0.3031,0.3041,0.3025,0.3009,0.3006,0.3023,0.3019
1360.0000,0.3037,0.3034,0.3025,0.3005,0.3011,0.3023,0.3022
1365.0000,0.3034,0.3034,0.3020,0.3006,0.3011,0.3028,0.3015
1370.0000,0.3026,0.3035,0.3016,0.3005,0.3015,0.3027,0.3019
1375.0000,0.3032,0.3028,0.3015,0.3004,0.3020,0.3024,0.3022
1380.0000,0.3028,0.3028,0.3011,0.3006,0.3020,0.3028,0.3014
1385.0000,0.3022,0.3028,0.3007,0.3008,0.3023,0.3026,0.3016
1390.0000,0.3026,0.3022,0.3007,0.3009,0.3025,0.3024,0.3016
1395.0000,0.3021,0.3022,0.3002,0.3014,0.3023,0.3029,0.3003
1400.0000,0.3015,0.3021,0.3000,0.3016,0.3026,0.3023,0.3009
1405.0000,0.3019,0.3014,0.3003,0.3017,0.3028,0.3018,0.3010
1410.0000,0.3015,0.3013,0.3001,0.3021,0.3024,0.3021,0.2997
1415.0000,0.3010,0.3012,0.3002,0.3023,0.3025,0.3013,0.3005
1420.0000,0.3013,0.3007,0.3006,0.3024,0.3025,0.3009,0.3007
1425.0000,0.3009,0.3007,0.3006,0.3028,0.3020,0.3012,0.2998
1430.0000,0.3004,0.3009,0.3007,0.3030,0.3017,0.3009,0.3002
1435.0000,0.3008,0.3006,0.3012,0.3029,0.3016,0.3006,0.3005
1440.0000,0.3006,0.3008,0.3013,0.3031,0.3009,0.3011,0.2995
1445.0000,0.3003,0.3010,0.3015,0.3031,0.3006,0.3009,0.3001
1450.0000,0.2993,0.3016,0.3015,0.3031,0.3004,0.3008,0.3004
1455.0000,0.3006,0.3012,0.3020,0.3029,0.2999,0.3016,0.2990
1460.0000,0.3006,0.3014,0.3023,0.3025,0.3001,0.3011,0.3004
1465.0000,0.3004,0.3017,0.3025,0.3022,0.3001,0.3010,0.3008
1470.0000,0.3012,0.3015,0.3029,0.3017,0.3002,0.3010,0.3011
1475.0000,0.3010,0.3020,0.3027,0.3016,0.2999,0.3016,0.3003
1480.0000,0.3007,0.3024,0.3026,0.3013,0.3002,0.3015,0.3009
1485.0000,0.3016,0.3021,0.3028,0.3008,0.3005,0.3013,0.3011
1490.0000,0.3016,0.3025,0.3024,0.3008,0.3004,0.3019,0.3003
1495.0000,0.3010,0.3030,0.3020,0.3007,0.3007,0.3017,0.3008
1500.0000,0.3020,0.3026,0.3020,0.3004,0.3011,0.3014,0.3012
1505.0000,0.3019,0.3028,0.3015,0.3005,0.3010,0.3018,0.3004
1510.0000,0.3016,0.3029,0.3011,0.3006,0.3012,0.3016,0.3008
1515.0000,0.3022,0.3024,0.3011,0.3005,0.3015,0.3013,0.3010
1520.0000,0.3021,0.3024,0.3006,0.3008,0.3012,0.3018,0.2999
1525.0000,0.3017,0.3023,0.3004,0.3009,0.3015,0.3013,0.3009
1530.0000,0.3021,0.3017,0.3005,0.3009,0.3016,0.3010,0.3012
1535.0000,0.3017,0.3016,0.3002,0.3013,0.3012,0.3016,0.3004
1540.0000,0.3010,0.3017,0.3000,0.3015,0.3012,0.3013,0.3012
1545.0000,0.3014,0.3011,0.3002,0.3015,0.3012,0.3012,0.3017
1550.0000,0.3011,0.3011,0.3001,0.3018,0.3007,0.3019,0.3010
1555.0000,0.3006,0.3011,0.3002,0.3019,0.3007,0.3020,0.3017
1560.0000,0.3010,0.3006,0.3006,0.3017,0.3008,0.3020,0.3022
1565.0000,0.3008,0.3006,0.3007,0.3018,0.3005,0.3028,0.3013
1570.0000,0.3004,0.3006,0.3009,0.3017,0.3007,0.3028,0.3022
1575.0000,0.2995,0.3010,0.3009,0.3016,0.3009,0.3029,0.3028
1580.0000,0.3005,0.3006,0.3012,0.3015,0.3009,0.3038,0.3015
1585.0000,0.3002,0.3009,0.3013,0.3013,0.3014,0.3035,0.3028
1590.0000,0.2997,0.3012,0.3013,0.3012,0.3018,0.3035,0.3033
1595.0000,0.3006,0.3009,0.3016,0.3010,0.3022,0.3035,0.3035
1600.0000,0.3004,0.3013,0.3013,0.3012,0.3023,0.3042,0.3028
1605.0000,0.3001,0.3016,0.3011,0.3012,0.3027,0.3040,0.3034
1610.0000,0.3009,0.3013,0.3013,0.3012,0.3032,0.3038,0.3036
1615.0000,0.3007,0.3016,0.3010,0.3015,0.3032,0.3043,0.3028
1620.0000,0.3000,0.3020,0.3006,0.3018,0.3035,0.3040,0.3032
1625.0000,0.3010,0.3015,0.3009,0.3019,0.3039,0.3037,0.3036
1630.0000,0.3009,0.3016,0.3007,0.3024,0.3038,0.3040,0.3028
1635.0000,0.3007,0.3017,0.3006,0.3027,0.3039,0.3038,0.3033
1640.0000,0.3012,0.3012,0.3009,0.3029,0.3041,0.3036,0.3036
1645.0000,0.3010,0.3013,0.3009,0.3034,0.3037,0.3041,0.3026
1650.0000,0.3006,0.3015,0.3010,0.3037,0.3037,0.3038,0.3033
1655.0000,0.3011,0.3011,0.3015,0.3037,0.3038,0.3037,0.3035
1660.0000,0.3009,0.3013,0.3016,0.3041,0.3033,0.3043,0.3024
1665.0000,0.3006,0.3016,0.3018,0.3042,0.3033,0.3040,0.3030
1670.0000,0.3012,0.3013,0.3024,0.3041,0.3035,0.3037,0.3034
1675.0000,0.3011,0.3016,0.3026,0.3043,0.3032,0.3043,0.3023
1680.0000,0.3010,0.3018,0.3029,0.3042,0.3033,0.3041,0.3029
1685.0000,0.3004,0.3023,0.3031,0.3041,0.3034,0.3038,0.3033
1690.0000,0.3015,0.3021,0.3035,0.3040,0.3032,0.3043,0.3022
1695.0000,0.3015,0.3025,0.3036,0.3039,0.3034,0.3039,0.3028
1700.0000,0.3007,0.3032,0.3035,0.3039,0.3035,0.3038,0.3031
1705.0000,0.3020,0.3030,0.3037,0.3039,0.3032,0.3043,0.3017
1710.0000,0.3020,0.3034,0.3037,0.3038,0.3035,0.3037,0.3029
1715.0000,0.3017,0.3039,0.3036,0.3038,0.3035,0.3035,0.3032
1720.0000,0.3028,0.3036,0.3038,0.3037,0.3037,0.3033,0.3034
1725.0000,0.3027,0.3040,0.3035,0.3039,0.3033,0.3038,0.3027
1730.0000,0.3025,0.3042,0.3034,0.3039,0.3034,0.3035,0.3034
1735.0000,0.3034,0.3038,0.3036,0.3038,0.3035,0.3034,0.3037
1740.0000,0.3033,0.3039,0.3035,0.3040,0.3031,0.3039,0.3032
1745.0000,0.3027,0.3043,0.3033,0.3040,0.3031,0.3038,0.3039
1750.0000,0.3036,0.3037,0.3036,0.3038,0.3033,0.3038,0.3044
1755.0000,0.3034,0.3039,0.3035,0.3039,0.3030,0.3044,0.3040
1760.0000,0.3031,0.3040,0.3034,0.3039,0.3030,0.3045,0.3048
1765.0000,0.3036,0.3036,0.3037,0.3036,0.3032,0.3046,0.3055
1770.0000,0.3034,0.3038,0.3035,0.3038,0.3030,0.3055,0.3049
1775.0000,0.3031,0.3039,0.3035,0.3036,0.3033,0.3056,0.3060
1780.0000,0.3036,0.3036,0.3038,0.3034,0.3037,0.3058,0.3067
1785.0000,0.3035,0.3037,0.3036,0.3035,0.3036,0.3069,0.3060
1790.0000,0.3030,0.3040,0.3035,0.3035,0.3040,0.3070,0.3072
1795.0000,0.3036,0.3036,0.3037,0.3033,0.3046,0.3072,0.3081
1800.0000,0.3034,0.3038,0.3034,0.3035,0.3047,0.3082,0.3076
1805.0000,0.3032,0.3039,0.3033,0.3035,0.3053,0.3084,0.3088
1810.0000,0.3024,0.3043,0.3030,0.3037,0.3058,0.3088,0.3095
1815.0000,0.3034,0.3037,0.3032,0.3039,0.3062,0.3098,0.3089
1820.0000,0.3032,0.3038,0.3031,0.3041,0.3068,0.3100,0.3099
1825.0000,0.3022,0.3043,0.3028,0.3045,0.3073,0.3103,0.3104
1830.0000,0.3033,0.3037,0.3030,0.3048,0.3076,0.3114,0.3091
1835.0000,0.3031,0.3038,0.3030,0.3051,0.3084,0.3112,0.3104
1840.0000,0.3025,0.3039,0.3030,0.3055,0.3091,0.3113,0.3109
1845.0000,0.3033,0.3034,0.3034,0.3058,0.3098,0.3113,0.3112
1850.0000,0.3030,0.3036,0.3033,0.3065,0.3100,0.3119,0.3104
1855.0000,0.3026,0.3038,0.3035,0.3070,0.3106,0.3116,0.3109
1860.0000,0.3033,0.3034,0.3041,0.3074,0.3112,0.3114,0.3110
1865.0000,0.3032,0.3037,0.3042,0.3081,0.3113,0.3118,0.3102
1870.0000,0.3026,0.3042,0.3044,0.3087,0.3115,0.3115,0.3105
1875.0000,0.3035,0.3039,0.3051,0.3091,0.3119,0.3110,0.3108
1880.0000,0.3034,0.3043,0.3053,0.3099,0.3117,0.3113,0.3101
1885.0000,0.3032,0.3047,0.3057,0.3104,0.3117,0.3110,0.3105
1890.0000,0.3040,0.3046,0.3064,0.3107,0.3117,0.3107,0.3108
1895.0000,0.3040,0.3052,0.3068,0.3114,0.3112,0.3112,0.3099
1900.0000,0.3040,0.3057,0.3073,0.3117,0.3111,0.3108,0.3109
1905.0000,0.3049,0.3057,0.3082,0.3118,0.3110,0.3107,0.3115
1910.0000,0.3051,0.3062,0.3087,0.3121,0.3105,0.3114,0.3109
1915.0000,0.3050,0.3069,0.3091,0.3122,0.3103,0.3115,0.3119
1920.0000,0.3060,0.3070,0.3100,0.3120,0.3103,0.3116,0.3127
1925.0000,0.3063,0.3077,0.3103,0.3121,0.3099,0.3127,0.3121
1930.0000,0.3066,0.3083,0.3107,0.3118,0.3100,0.3129,0.3134
1935.0000,0.3062,0.3093,0.3109,0.3117,0.3101,0.3133,0.3144
1940.0000,0.3078,0.3093,0.3114,0.3114,0.3101,0.3146,0.3136
1945.0000,0.3081,0.3098,0.3117,0.3111,0.3107,0.3148,0.3153
1950.0000,0.3077,0.3107,0.3116,0.3109,0.3112,0.3153,0.3164
1955.0000,0.3092,0.3106,0.3117,0.3107,0.3115,0.3167,0.3155
1960.0000,0.3094,0.3110,0.3116,0.3105,0.3124,0.3169,0.3173
1965.0000,0.3092,0.3116,0.3114,0.3105,0.3132,0.3173,0.3186
1970.0000,0.3104,0.3113,0.3114,0.3104,0.3141,0.3177,0.3196
1975.0000,0.3102,0.3118,0.3109,0.3108,0.3146,0.3189,0.3197
1980.0000,0.3100,0.3121,0.3105,0.3111,0.3154,0.3194,0.3209
1985.0000,0.3110,0.3116,0.3106,0.3114,0.3164,0.3200,0.3218
1990.0000,0.3109,0.3117,0.3102,0.3121,0.3168,0.3212,0.3218
1995.0000,0.3102,0.3120,0.3099,0.3127,0.3176,0.3218,0.3231
2000.0000,0.3111,0.3113,0.3102,0.3132,0.3185,0.3223,0.3242
2005.0000,0.3109,0.3113,0.3101,0.3140,0.3190,0.3236,0.3242
2010.0000,0.3105,0.3113,0.3102,0.3147,0.3198,0.3241,0.3257
2015.0000,0.3110,0.3108,0.3108,0.3153,0.3208,0.3246,0.3270
2020.0000,0.3107,0.3109,0.3110,0.3162,0.3212,0.3261,0.3269
2025.0000,0.3104,0.3110,0.3114,0.3169,0.3220,0.3267,0.3284
2030.0000,0.3108,0.3107,0.3122,0.3175,0.3229,0.3275,0.3297
2035.0000,0.3107,0.3111,0.3126,0.3185,0.3233,0.3291,0.3295
2040.0000,0.3103,0.3116,0.3132,0.3192,0.3243,0.3297,0.3314
2045.0000,0.3111,0.3116,0.3142,0.3197,0.3253,0.3305,0.3328
2050.0000,0.3112,0.3121,0.3147,0.3206,0.3259,0.3321,0.3326
2055.0000,0.3113,0.3127,0.3155,0.3213,0.3270,0.3328,0.3345
2060.0000,0.3106,0.3138,0.3160,0.3221,0.3280,0.3336,0.3362
2065.0000,0.3123,0.3139,0.3169,0.3229,0.3287,0.3354,0.3359
2070.0000,0.3126,0.3146,0.3176,0.3236,0.3299,0.3361,0.3381
2075.0000,0.3128,0.3154,0.3183,0.3244,0.3311,0.3370,0.3399
2080.0000,0.3141,0.3158,0.3191,0.3253,0.3318,0.3390,0.3397
2085.0000,0.3144,0.3167,0.3198,0.3261,0.3331,0.3397,0.3423
2090.0000,0.3146,0.3176,0.3205,0.3270,0.3343,0.3407,0.3446
2095.0000,0.3160,0.3179,0.3215,0.3278,0.3356,0.3418,0.3468
2100.0000,0.3162,0.3190,0.3219,0.3290,0.3364,0.3438,0.3481
2105.0000,0.3166,0.3200,0.3225,0.3301,0.3375,0.3455,0.3503
2110.0000,0.3182,0.3202,0.3237,0.3309,0.3389,0.3471,0.3529
2115.0000,0.3188,0.3210,0.3244,0.3321,0.3398,0.3496,0.3545
2120.0000,0.3188,0.3222,0.3251,0.3332,0.3412,0.3514,0.3580
2125.0000,0.3204,0.3224,0.3263,0.3341,0.3428,0.3538,0.3609
2130.0000,0.3210,0.3233,0.3272,0.3353,0.3440,0.3569,0.3629
2135.0000,0.3215,0.3242,0.3282,0.3362,0.3461,0.3590,0.3677
2140.0000,0.3228,0.3247,0.3295,0.3370,0.3483,0.3614,0.3728
2145.0000,0.3233,0.3259,0.3302,0.3385,0.3499,0.3654,0.3767
2150.0000,0.3240,0.3269,0.3312,0.3397,0.3521,0.3690,0.3824
2155.0000,0.3254,0.3274,0.3325,0.3407,0.3550,0.3722,0.3906
2160.0000,0.3262,0.3285,0.3333,0.3424,0.3571,0.3776,0.3976
2165.0000,0.3265,0.3298,0.3343,0.3438,0.3604,0.3815,0.4125
2170.0000,0.3280,0.3308,0.3349,0.3463,0.3618,0.3910,0.4208
2175.0000,0.3287,0.3322,0.3356,0.3486,0.3641,0.4006,0.4318
2180.0000,0.3292,0.3337,0.3362,0.3512,0.3664,0.4130,0.4394
2185.0000,0.3288,0.3354,0.3373,0.3531,0.3708,0.4245,0.4498
2190.0000,0.3318,0.3353,0.3393,0.3548,0.3762,0.4380,0.4563
2195.0000,0.3330,0.3359,0.3418,0.3559,0.3844,0.4490,0.4671
2200.0000,0.3346,0.3359,0.3449,0.3564,0.3952,0.4582,0.4806
2205.0000,0.3359,0.3365,0.3478,0.3574,0.4073,0.4670,0.4944
2210.0000,0.3373,0.3375,0.3499,0.3600,0.4186,0.4782,0.5052
2215.0000,0.3383,0.3393,0.3513,0.3637,0.4307,0.4890,0.5166
2220.0000,0.3392,0.3415,0.3524,0.3687,0.4431,0.4996,0.5284
2225.0000,0.3398,0.3444,0.3526,0.3756,0.4549,0.5111,0.5391
2230.0000,0.3397,0.3480,0.3523,0.3842,0.4659,0.5236,0.5473
2235.0000,0.3429,0.3497,0.3536,0.3931,0.4780,0.5343,0.5568
2240.0000,0.3438,0.3528,0.3545,0.4036,0.4891,0.5460,0.5638
2245.0000,0.3432,0.3563,0.3561,0.4147,0.5006,0.5561,0.5717
2250.0000,0.3483,0.3565,0.3607,0.4256,0.5124,0.5656,0.5772
2255.0000,0.3506,0.3582,0.3657,0.4373,0.5236,0.5752,0.5792
2260.0000,0.3538,0.3590,0.3731,0.4482,0.5360,0.5814,0.5835
2265.0000,0.3565,0.3604,0.3817,0.4592,0.5483,0.5861,0.5859
2270.0000,0.3597,0.3626,0.3911,0.4708,0.5592,0.5909,0.5835
2275.0000,0.3639,0.3653,0.4018,0.4817,0.5708,0.5913,0.5854
2280.0000,0.3655,0.3713,0.4116,0.4938,0.5804,0.5914,0.5842
2285.0000,0.3690,0.3784,0.4214,0.5065,0.5877,0.5914,0.5797
2290.0000,0.3695,0.3894,0.4299,0.5201,0.5932,0.5897,0.5754
2295.0000,0.3779,0.3971,0.4409,0.5323,0.5982,0.5853,0.5720
2300.0000,0.3844,0.4073,0.4510,0.5452,0.6000,0.5820,0.5649
2305.0000,0.3945,0.4152,0.4633,0.5563,0.6013,0.5761,0.5601
2310.0000,0.4011,0.4255,0.4750,0.5673,0.6000,0.5709,0.5522
2315.0000,0.4118,0.4345,0.4880,0.5768,0.5971,0.5654,0.5422
2320.0000,0.4210,0.4446,0.5011,0.5846,0.5941,0.5569,0.5378
2325.0000,0.4312,0.4550,0.5143,0.5911,0.5890,0.5495,0.5301
2330.0000,0.4417,0.4657,0.5273,0.5960,0.5828,0.5421,0.5215
2335.0000,0.4500,0.4788,0.5386,0.6000,0.5751,0.5353,0.5116
2340.0000,0.4617,0.4900,0.5509,0.6011,0.5683,0.5259,0.5060
2345.0000,0.4740,0.5009,0.5623,0.6008,0.5603,0.5178,0.4980
2350.0000,0.4863,0.5117,0.5727,0.5990,0.5518,0.5103,0.4891
2355.0000,0.4958,0.5241,0.5811,0.5959,0.5435,0.5014,0.4835
2360.0000,0.5078,0.5350,0.5882,0.5916,0.5345,0.4942,0.4755
2365.0000,0.5192,0.5456,0.5937,0.5863,0.5253,0.4874,0.4668
2370.0000,0.5268,0.5575,0.5964,0.5804,0.5163,0.4802,0.4592
2375.0000,0.5393,0.5654,0.5993,0.5726,0.5089,0.4713,0.4543
2380.0000,0.5494,0.5731,0.5998,0.5650,0.5003,0.4647,0.4467
2385.0000,0.5580,0.5797,0.5989,0.5566,0.4925,0.4574,0.4411
2390.0000,0.5666,0.5843,0.5968,0.5479,0.4849,0.4505,0.4352
2395.0000,0.5722,0.5889,0.5924,0.5398,0.4766,0.4449,0.4278
2400.0000,0.5773,0.5914,0.5875,0.5309,0.4697,0.4375,0.4250
2405.0000,0.5826,0.5916,0.5819,0.5221,0.4625,0.4318,0.4200
2410.0000,0.5850,0.5916,0.5747,0.5139,0.4549,0.4271,0.4141
2415.0000,0.5857,0.5903,0.5670,0.5057,0.4480,0.4222,0.4096
2420.0000,0.5871,0.5864,0.5597,0.4971,0.4420,0.4166,0.4066
2425.0000,0.5857,0.5826,0.5511,0.4893,0.4354,0.4129,0.4015
2430.0000,0.5822,0.5782,0.5422,0.4817,0.4294,0.4087,0.3981
2435.0000,0.5785,0.5724,0.5337,0.4740,0.4240,0.4047,0.3945
2440.0000,0.5762,0.5646,0.5257,0.4664,0.4187,0.4018,0.3888
2445.0000,0.5708,0.5572,0.5175,0.4588,0.4146,0.3969,0.3882
2450.0000,0.5629,0.5505,0.5087,0.4520,0.4101,0.3935,0.3854
2455.0000,0.5580,0.5418,0.5009,0.4451,0.4063,0.3901,0.3827
2460.0000,0.5516,0.5333,0.4928,0.4388,0.4022,0.3874,0.3790
2465.0000,0.5426,0.5260,0.4845,0.4329,0.3988,0.3839,0.3778
2470.0000,0.5361,0.5173,0.4769,0.4273,0.3954,0.3811,0.3755
2475.0000,0.5271,0.5103,0.4684,0.4226,0.3915,0.3792,0.3724
2480.0000,0.5190,0.5024,0.4609,0.4178,0.3885,0.3765,0.3711
2485.0000,0.5126,0.4935,0.4543,0.4130,0.3856,0.3742,0.3690
2490.0000,0.5040,0.4861,0.4472,0.4090,0.3823,0.3728,0.3660
2495.0000,0.4968,0.4778,0.4412,0.4048,0.3799,0.3706,0.3642
2500.0000,0.4896,0.4696,0.4358,0.4005,0.3779,0.3680,0.3630
2505.0000,0.4809,0.4631,0.4297,0.3971,0.3753,0.3666,0.3601
2510.0000,0.4723,0.4568,0.4241,0.3938,0.3731,0.3644,0.3588
2515.0000,0.4663,0.4495,0.4195,0.3903,0.3714,0.3622,0.3573
2520.0000,0.4599,0.4428,0.4149,0.3873,0.3692,0.3608,0.3544
2525.0000,0.4521,0.4374,0.4102,0.3844,0.3675,0.3584,0.3542
2530.0000,0.4464,0.4313,0.4063,0.3817,0.3657,0.3564,0.3529
2535.0000,0.4399,0.4264,0.4018,0.3795,0.3634,0.3554,0.3505
2540.0000,0.4343,0.4212,0.3981,0.3772,0.3616,0.3536,0.3499
2545.0000,0.4293,0.4160,0.3949,0.3747,0.3599,0.3518,0.3493
2550.0000,0.4235,0.4120,0.3912,0.3730,0.3576,0.3512,0.3472
2555.0000,0.4179,0.4081,0.3878,0.3711,0.3557,0.3500,0.3467
2560.0000,0.4132,0.4041,0.3849,0.3690,0.3541,0.3488,0.3462
2565.0000,0.4100,0.3995,0.3826,0.3670,0.3522,0.3486,0.3437
2570.0000,0.4053,0.3961,0.3801,0.3649,0.3510,0.3471,0.3444
2575.0000,0.4005,0.3930,0.3777,0.3630,0.3497,0.3462,0.3442
2580.0000,0.3979,0.3892,0.3758,0.3608,0.3488,0.3454,0.3439
2585.0000,0.3946,0.3861,0.3737,0.3589,0.3475,0.3452,0.3425
2590.0000,0.3902,0.3838,0.3714,0.3571,0.3467,0.3443,0.3429
2595.0000,0.3880,0.3808,0.3696,0.3552,0.3461,0.3437,0.3427
2600.0000,0.3846,0.3788,0.3672,0.3539,0.3449,0.3438,0.3415
2605.0000,0.3814,0.3768,0.3650,0.3524,0.3444,0.3433,0.3415
2610.0000,0.3799,0.3739,0.3634,0.3508,0.3441,0.3426,0.3415
2615.0000,0.3770,0.3721,0.3611,0.3498,0.3433,0.3429,0.3402
2620.0000,0.3743,0.3702,0.3591,0.3487,0.3430,0.3423,0.3403
2625.0000,0.3729,0.3675,0.3577,0.3474,0.3430,0.3416,0.3403
2630.0000,0.3704,0.3658,0.3557,0.3467,0.3424,0.3417,0.3390
2635.0000,0.3677,0.3641,0.3540,0.3459,0.3423,0.3410,0.3390
2640.0000,0.3664,0.3617,0.3527,0.3451,0.3422,0.3403,0.3388
2645.0000,0.3644,0.3600,0.3511,0.3447,0.3416,0.3405,0.3371
2650.0000,0.3619,0.3585,0.3497,0.3442,0.3415,0.3396,0.3374
2655.0000,0.3607,0.3564,0.3488,0.3436,0.3413,0.3389,0.3370
2660.0000,0.3587,0.3551,0.3475,0.3436,0.3405,0.3390,0.3351
2665.0000,0.3567,0.3537,0.3465,0.3432,0.3403,0.3381,0.3350
2670.0000,0.3557,0.3518,0.3460,0.3427,0.3402,0.3369,0.3350
2675.0000,0.3539,0.3508,0.3451,0.3426,0.3393,0.3368,0.3333
2680.0000,0.3522,0.3498,0.3444,0.3424,0.3389,0.3358,0.3333
2685.0000,0.3502,0.3490,0.3438,0.3422,0.3383,0.3350,0.3329
2690.0000,0.3501,0.3475,0.3435,0.3419,0.3374,0.3350,0.3306
2695.0000,0.3487,0.3467,0.3432,0.3414,0.3369,0.3337,0.3314
2700.0000,0.3471,0.3463,0.3427,0.3411,0.3362,0.3329,0.3312
2705.0000,0.3470,0.3451,0.3427,0.3405,0.3356,0.3322,0.3308
2710.0000,0.3460,0.3448,0.3422,0.3402,0.3345,0.3321,0.3295
2715.0000,0.3446,0.3446,0.3419,0.3397,0.3339,0.3312,0.3296
2720.0000,0.3449,0.3436,0.3419,0.3389,0.3333,0.3306,0.3293
2725.0000,0.3440,0.3434,0.3414,0.3385,0.3323,0.3307,0.3280
2730.0000,0.3430,0.3433,0.3410,0.3378,0.3317,0.3300,0.3280
2735.0000,0.3434,0.3424,0.3410,0.3368,0.3314,0.3292,0.3281
2740.0000,0.3428,0.3422,0.3405,0.3362,0.3306,0.3292,0.3270
2745.0000,0.3420,0.3420,0.3400,0.3354,0.3301,0.3286,0.3271
2750.0000,0.3422,0.3413,0.3397,0.3345,0.3299,0.3280,0.3272
2755.0000,0.3416,0.3412,0.3389,0.3339,0.3291,0.3281,0.3261
2760.0000,0.3408,0.3411,0.3381,0.3333,0.3287,0.3276,0.3263
2765.0000,0.3410,0.3403,0.3377,0.3325,0.3285,0.3271,0.3263
2770.0000,0.3404,0.3401,0.3367,0.3321,0.3278,0.3275,0.3249
2775.0000,0.3395,0.3398,0.3359,0.3315,0.3276,0.3269,0.3255
2780.0000,0.3398,0.3388,0.3354,0.3307,0.3275,0.3264,0.3256
2785.0000,0.3392,0.3383,0.3345,0.3304,0.3268,0.3268,0.3242
2790.0000,0.3382,0.3379,0.3338,0.3299,0.3267,0.3262,0.3247
2795.0000,0.3383,0.3368,0.3334,0.3292,0.3267,0.3257,0.3250
2800.0000,0.3374,0.3363,0.3325,0.3290,0.3262,0.3260,0.3237
2805.0000,0.3365,0.3358,0.3318,0.3286,0.3260,0.3255,0.3241
2810.0000,0.3351,0.3354,0.3310,0.3283,0.3258,0.3252,0.3243
2815.0000,0.3356,0.3342,0.3307,0.3280,0.3254,0.3257,0.3226
2820.0000,0.3346,0.3337,0.3301,0.3276,0.3254,0.3250,0.3237
2825.0000,0.3332,0.3334,0.3295,0.3274,0.3252,0.3247,0.3239
2830.0000,0.3335,0.3322,0.3293,0.3270,0.3251,0.3243,0.3240
2835.0000,0.3326,0.3319,0.3286,0.3269,0.3246,0.3247,0.3231
2840.0000,0.3315,0.3315,0.3282,0.3267,0.3246,0.3243,0.3236
2845.0000,0.3318,0.3305,0.3281,0.3263,0.3245,0.3241,0.3237
2850.0000,0.3310,0.3301,0.3277,0.3262,0.3241,0.3245,0.3227
2855.0000,0.3299,0.3300,0.3272,0.3260,0.3240,0.3242,0.3229
2860.0000,0.3302,0.3290,0.3273,0.3255,0.3241,0.3238,0.3230
2865.0000,0.3295,0.3288,0.3268,0.3255,0.3238,0.3242,0.3219
2870.0000,0.3286,0.3286,0.3265,0.3253,0.3238,0.3238,0.3221
2875.0000,0.3288,0.3279,0.3265,0.3249,0.3240,0.3233,0.3220
2880.0000,0.3282,0.3278,0.3261,0.3249,0.3236,0.3236,0.3205
2885.0000,0.3275,0.3276,0.3258,0.3247,0.3238,0.3227,0.3213
2890.0000,0.3277,0.3270,0.3258,0.3244,0.3238,0.3221,0.3213
2895.0000,0.3272,0.3270,0.3253,0.3245,0.3233,0.3224,0.3200
2900.0000,0.3265,0.3269,0.3250,0.3244,0.3232,0.3217,0.3205
2905.0000,0.3268,0.3263,0.3250,0.3243,0.3231,0.3211,0.3205
2910.0000,0.3264,0.3263,0.3246,0.3244,0.3224,0.3214,0.3193
2915.0000,0.3256,0.3263,0.3242,0.3244,0.3220,0.3210,0.3195
2920.0000,0.3261,0.3256,0.3244,0.3242,0.3219,0.3205,0.3196
2925.0000,0.3257,0.3256,0.3241,0.3242,0.3211,0.3209,0.3183
2930.0000,0.3252,0.3254,0.3241,0.3240,0.3209,0.3204,0.3187
2935.0000,0.3242,0.3255,0.3239,0.3238,0.3206,0.3200,0.3188
2940.0000,0.3251,0.3248,0.3241,0.3235,0.3201,0.3204,0.3170
2945.0000,0.3247,0.3247,0.3241,0.3230,0.3201,0.3196,0.3181
2950.0000,0.3241,0.3248,0.3240,0.3226,0.3199,0.3192,0.3183
2955.0000,0.3246,0.3242,0.3242,0.3221,0.3199,0.3188,0.3183
2960.0000,0.3241,0.3245,0.3238,0.3220,0.3193,0.3191,0.3173
2965.0000,0.3234,0.3247,0.3235,0.3216,0.3193,0.3185,0.3179
2970.0000,0.3242,0.3241,0.3235,0.3211,0.3192,0.3182,0.3181
2975.0000,0.3238,0.3243,0.3230,0.3211,0.3187,0.3185,0.3173
2980.0000,0.3230,0.3245,0.3224,0.3209,0.3185,0.3183,0.3177
2985.0000,0.3239,0.3238,0.3224,0.3204,0.3185,0.3180,0.3181
2990.0000,0.3235,0.3238,0.3219,0.3203,0.3180,0.3185,0.3174
2995.0000,0.3230,0.3237,0.3216,0.3201,0.3179,0.3183,0.3179
3000.0000,0.3235,0.3230,0.3215,0.3197,0.3179,0.3182,0.3182
3005.0000,0.3231,0.3229,0.3210,0.3196,0.3175,0.3189,0.3171
3010.0000,0.3224,0.3228,0.3208,0.3193,0.3176,0.3186,0.3181
3015.0000,0.3227,0.3220,0.3208,0.3188,0.3178,0.3185,0.3185
3020.0000,0.3223,0.3219,0.3203,0.3188,0.3175,0.3192,0.3175
3025.0000,0.3217,0.3218,0.3200,0.3185,0.3178,0.3188,0.3186
3030.0000,0.3219,0.3212,0.3200,0.3182,0.3181,0.3187,0.3191
3035.0000,0.3214,0.3211,0.3195,0.3183,0.3179,0.3195,0.3183
3040.0000,0.3207,0.3211,0.3191,0.3182,0.3180,0.3194,0.3191
3045.0000,0.3210,0.3204,0.3191,0.3180,0.3183,0.3194,0.3196
3050.0000,0.3206,0.3204,0.3186,0.3182,0.3181,0.3202,0.3187
3055.0000,0.3200,0.3203,0.3183,0.3182,0.3184,0.3201,0.3196
3060.0000,0.3188,0.3205,0.3179,0.3183,0.3186,0.3202,0.3202
3065.0000,0.3198,0.3196,0.3180,0.3184,0.3186,0.3210,0.3189
3070.0000,0.3194,0.3194,0.3179,0.3183,0.3190,0.3207,0.3202
3075.0000,0.3186,0.3194,0.3177,0.3184,0.3193,0.3208,0.3208
3080.0000,0.3192,0.3187,0.3180,0.3184,0.3197,0.3208,0.3212
3085.0000,0.3187,0.3188,0.3177,0.3187,0.3196,0.3215,0.3206
3090.0000,0.3180,0.3188,0.3177,0.3189,0.3200,0.3214,0.3213
3095.0000,0.3186,0.3182,0.3180,0.3189,0.3204,0.3214,0.3215
3100.0000,0.3181,0.3184,0.3178,0.3192,0.3203,0.3221,0.3208
3105.0000,0.3174,0.3186,0.3177,0.3195,0.3206,0.3220,0.3213
3110.0000,0.3182,0.3181,0.3181,0.3194,0.3211,0.3218,0.3217
3115.0000,0.3179,0.3183,0.3181,0.3198,0.3210,0.3224,0.3209
3120.0000,0.3175,0.3185,0.3181,0.3200,0.3214,0.3221,0.3215
3125.0000,0.3181,0.3181,0.3185,0.3201,0.3218,0.3219,0.3220
3130.0000,0.3179,0.3184,0.3185,0.3206,0.3215,0.3225,0.3210
3135.0000,0.3176,0.3185,0.3187,0.3207,0.3218,0.3221,0.3221
3140.0000,0.3182,0.3183,0.3191,0.3209,0.3220,0.3219,0.3227
3145.0000,0.3181,0.3186,0.3191,0.3213,0.3217,0.3226,0.3221
3150.0000,0.3176,0.3191,0.3191,0.3216,0.3217,0.3226,0.3231
3155.0000,0.3184,0.3188,0.3196,0.3217,0.3218,0.3227,0.3238
3160.0000,0.3183,0.3192,0.3196,0.3221,0.3214,0.3237,0.3231
3165.0000,0.3181,0.3196,0.3198,0.3222,0.3215,0.3239,0.3243
3170.0000,0.3189,0.3193,0.3204,0.3221,0.3218,0.3241,0.3252
3175.0000,0.3190,0.3196,0.3206,0.3222,0.3216,0.3253,0.3245
3180.0000,0.3189,0.3198,0.3209,0.3221,0.3220,0.3256,0.3258
3185.0000,0.3182,0.3205,0.3210,0.3221,0.3224,0.3260,0.3267
3190.0000,0.3195,0.3202,0.3214,0.3221,0.3226,0.3273,0.3256
3195.0000,0.3195,0.3205,0.3216,0.3219,0.3234,0.3273,0.3273
3200.0000,0.3192,0.3210,0.3216,0.3219,0.3241,0.3276,0.3282
3205.0000,0.3202,0.3208,0.3219,0.3219,0.3249,0.3279,0.3289
3210.0000,0.3200,0.3214,0.3216,0.3223,0.3252,0.3290,0.3285
3215.0000,0.3197,0.3219,0.3215,0.3225,0.3260,0.3291,0.3295
3220.0000,0.3208,0.3216,0.3217,0.3226,0.3269,0.3294,0.3301
3225.0000,0.3208,0.3219,0.3215,0.3232,0.3272,0.3302,0.3296
3230.0000,0.3202,0.3224,0.3213,0.3238,0.3279,0.3303,0.3306
3235.0000,0.3213,0.3219,0.3216,0.3241,0.3287,0.3304,0.3314
3240.0000,0.3212,0.3221,0.3215,0.3249,0.3289,0.3311,0.3311
3245.0000,0.3210,0.3222,0.3216,0.3255,0.3294,0.3312,0.3322
3250.0000,0.3217,0.3219,0.3221,0.3260,0.3300,0.3315,0.3331
3255.0000,0.3215,0.3222,0.3222,0.3269,0.3299,0.3326,0.3327
3260.0000,0.3211,0.3225,0.3225,0.3276,0.3302,0.3329,0.3338
3265.0000,0.3218,0.3221,0.3232,0.3280,0.3307,0.3333,0.3347
3270.0000,0.3218,0.3224,0.3236,0.3287,0.3306,0.3347,0.3341
3275.0000,0.3215,0.3229,0.3241,0.3292,0.3311,0.3350,0.3356
3280.0000,0.3223,0.3227,0.3251,0.3294,0.3318,0.3353,0.3367
3285.0000,0.3224,0.3232,0.3256,0.3299,0.3320,0.3367,0.3361
3290.0000,0.3223,0.3238,0.3262,0.3302,0.3327,0.3370,0.3376
3295.0000,0.3231,0.3239,0.3271,0.3303,0.3336,0.3374,0.3387
3300.0000,0.3234,0.3246,0.3275,0.3308,0.3339,0.3387,0.3381
3305.0000,0.3236,0.3252,0.3281,0.3311,0.3348,0.3390,0.3397
3310.0000,0.3230,0.3264,0.3283,0.3315,0.3356,0.3395,0.3409
3315.0000,0.3247,0.3265,0.3288,0.3320,0.3360,0.3409,0.3401
3320.0000,0.3250,0.3272,0.3291,0.3325,0.3369,0.3411,0.3418
3325.0000,0.3249,0.3281,0.3293,0.3331,0.3377,0.3416,0.3429
3330.0000,0.3264,0.3281,0.3299,0.3335,0.3386,0.3421,0.3439
3335.0000,0.3265,0.3289,0.3300,0.3344,0.3390,0.3434,0.3438
3340.0000,0.3267,0.3295,0.3303,0.3350,0.3399,0.3438,0.3452
3345.0000,0.3281,0.3293,0.3311,0.3355,0.3408,0.3442,0.3463
3350.0000,0.3284,0.3298,0.3314,0.3364,0.3412,0.3455,0.3464
3355.0000,0.3281,0.3306,0.3317,0.3371,0.3419,0.3460,0.3479
3360.0000,0.3294,0.3304,0.3326,0.3377,0.3428,0.3467,0.3490
3365.0000,0.3296,0.3311,0.3330,0.3386,0.3431,0.3481,0.3492
3370.0000,0.3296,0.3317,0.3335,0.3393,0.3440,0.3488,0.3509
3375.0000,0.3306,0.3318,0.3345,0.3398,0.3449,0.3495,0.3525
3380.0000,0.3308,0.3326,0.3349,0.3408,0.3452,0.3513,0.3526
3385.0000,0.3310,0.3332,0.3356,0.3414,0.3462,0.3521,0.3544
3390.0000,0.3321,0.3333,0.3366,0.3419,0.3472,0.3531,0.3560
3395.0000,0.3325,0.3340,0.3371,0.3427,0.3478,0.3550,0.3560
3400.0000,0.3325,0.3350,0.3377,0.3434,0.3489,0.3559,0.3582
3405.0000,0.3337,0.3352,0.3387,0.3439,0.3502,0.3569,0.3598
3410.0000,0.3342,0.3360,0.3393,0.3448,0.3510,0.3589,0.3598
3415.0000,0.3347,0.3366,0.3402,0.3452,0.3530,0.3586,0.3659
3420.0000,0.3345,0.3377,0.3408,0.3459,0.3546,0.3591,0.3722
3425.0000,0.3361,0.3381,0.3415,0.3469,0.3553,0.3615,0.3778
3430.0000,0.3366,0.3388,0.3423,0.3475,0.3573,0.3616,0.3947
3435.0000,0.3358,0.3406,0.3418,0.3497,0.3565,0.3676,0.4076
3440.0000,0.3379,0.3409,0.3422,0.3515,0.3559,0.3755,0.4246
3445.0000,0.3378,0.3428,0.3413,0.3546,0.3529,0.3912,0.4295
3450.0000,0.3376,0.3439,0.3418,0.3560,0.3532,0.4047,0.4435
3455.0000,0.3403,0.3429,0.3443,0.3555,0.3570,0.4173,0.4627
3460.0000,0.3406,0.3434,0.3459,0.3555,0.3611,0.4343,0.4798
3465.0000,0.3417,0.3431,0.3486,0.3544,0.3684,0.4511,0.5006
3470.0000,0.3430,0.3425,0.3518,0.3523,0.3795,0.4670,0.5271
3475.0000,0.3442,0.3426,0.3540,0.3516,0.3907,0.4878,0.5515
3480.0000,0.3461,0.3423,0.3567,0.3503,0.4066,0.5052,0.5908
3485.0000,0.3453,0.3447,0.3561,0.3528,0.4196,0.5329,0.6210
3490.0000,0.3460,0.3466,0.3555,0.3562,0.4355,0.5614,0.6569
3495.0000,0.3455,0.3496,0.3538,0.3614,0.4532,0.5922,0.6983
3500.0000,0.3471,0.3514,0.3523,0.3682,0.4730,0.6260,0.7442
3505.0000,0.3462,0.3552,0.3494,0.3779,0.4931,0.6659,0.7907
3510.0000,0.3449,0.3588,0.3463,0.3902,0.5137,0.7138,0.8270
3515.0000,0.3499,0.3571,0.3483,0.4005,0.5424,0.7569,0.8772
3520.0000,0.3508,0.3575,0.3498,0.4139,0.5719,0.8069,0.9211
3525.0000,0.3528,0.3558,0.3550,0.4265,0.6089,0.8523,0.9796
3530.0000,0.3544,0.3548,0.3607,0.4426,0.6460,0.9069,1.0223
3535.0000,0.3568,0.3531,0.3689,0.4597,0.6881,0.9610,1.0628
3540.0000,0.3594,0.3520,0.3796,0.4774,0.7377,1.0075,1.1190
3545.0000,0.3598,0.3546,0.3898,0.4989,0.7896,1.0541,1.1741
3550.0000,0.3587,0.3613,0.3983,0.5264,0.8398,1.1066,1.2179
3590.0000,0.4159,0.4522,0.5425,0.8679,1.2620,1.4242,1.4850
3595.0000,0.4318,0.4691,0.5758,0.9217,1.3070,1.4493,1.5140
3600.0000,0.4485,0.4890,0.6120,0.9775,1.3459,1.4763,1.5374
3605.0000,0.4598,0.5161,0.6498,1.0340,1.3813,1.5001,1.5658
3610.0000,0.4841,0.5410,0.6933,1.0894,1.4119,1.5266,1.5866
3615.0000,0.5076,0.5702,0.7396,1.1434,1.4393,1.5524,1.6065
3620.0000,0.5368,0.5996,0.7913,1.1932,1.4663,1.5744,1.6325
3625.0000,0.5648,0.6340,0.8446,1.2406,1.4901,1.5981,1.6546
3630.0000,0.5923,0.6751,0.8972,1.2864,1.5102,1.6252,1.6704
3635.0000,0.6301,0.7141,0.9543,1.3263,1.5321,1.6491,1.6867
3640.0000,0.6672,0.7571,1.0115,1.3617,1.5555,1.6690,1.7062
3645.0000,0.7098,0.8009,1.0684,1.3944,1.5765,1.6931,1.7137
