150.0000,2.2536,2.2739,2.2482,2.0105,1.5930,1.3686,1.2875
155.0000,2.2617,2.2686,2.2303,1.9607,1.5373,1.3324,1.2533
160.0000,2.2611,2.2642,2.2059,1.9094,1.4825,1.3013,1.2166
165.0000,2.2581,2.2546,2.1796,1.8529,1.4355,1.2641,1.2011
170.0000,2.2566,2.2392,2.1496,1.7953,1.3895,1.2352,1.1774
175.0000,2.2485,2.2226,2.1138,1.7377,1.3457,1.2114,1.1512
180.0000,2.2366,2.2023,2.0741,1.6793,1.3073,1.1871,1.1315
185.0000,2.2223,2.1772,2.0313,1.6204,1.2747,1.1616,1.1192
190.0000,2.2004,2.1530,1.9809,1.5661,1.2413,1.1443,1.0996
195.0000,2.1732,2.1261,1.9267,1.5138,1.2123,1.1264,1.0868
200.0000,2.1444,2.0935,1.8710,1.4636,1.1869,1.1100,1.0743
205.0000,2.1231,2.0508,1.8166,1.4154,1.1640,1.0974,1.0565
210.0000,2.0842,2.0123,1.7573,1.3716,1.1447,1.0812,1.0536
215.0000,2.0506,1.9653,1.7004,1.3306,1.1271,1.0687,1.0454
220.0000,2.0157,1.9134,1.6451,1.2929,1.1108,1.0595,1.0334
225.0000,1.9673,1.8655,1.5879,1.2598,1.0964,1.0486,1.0300
230.0000,1.9117,1.8188,1.5308,1.2314,1.0816,1.0416,1.0216
235.0000,1.8732,1.7613,1.4813,1.2034,1.0703,1.0339,1.0138
240.0000,1.8291,1.7037,1.4348,1.1783,1.0597,1.0280,1.0033
245.0000,1.7696,1.6536,1.3882,1.1568,1.0509,1.0194,0.9995
250.0000,1.7233,1.5977,1.3485,1.1361,1.0437,1.0116,0.9933
255.0000,1.6682,1.5495,1.3081,1.1199,1.0347,1.0066,0.9835
260.0000,1.6251,1.4955,1.2759,1.1028,1.0294,0.9982,0.9783
265.0000,1.5747,1.4469,1.2457,1.0879,1.0244,0.9892,0.9744
270.0000,1.5213,1.4057,1.2151,1.0768,1.0170,0.9835,0.9668
275.0000,1.4693,1.3682,1.1870,1.0671,1.0099,0.9768,0.9620
280.0000,1.4297,1.3282,1.1643,1.0574,1.0036,0.9704,0.9566
285.0000,1.3923,1.2900,1.1448,1.0486,0.9966,0.9654,0.9487
290.0000,1.3471,1.2608,1.1246,1.0416,0.9897,0.9587,0.9466
295.0000,1.3137,1.2298,1.1088,1.0342,0.9830,0.9533,0.9422
300.0000,1.2779,1.2054,1.0924,1.0288,0.9744,0.9506,0.9344
305.0000,1.2508,1.1788,1.0811,1.0214,0.9684,0.9452,0.9313
310.0000,1.2235,1.1551,1.0713,1.0138,0.9631,0.9394,0.9292
315.0000,1.1959,1.1365,1.0608,1.0077,0.9559,0.9371,0.9220
320.0000,1.1707,1.1199,1.0517,1.0008,0.9506,0.9323,0.9209
325.0000,1.1517,1.1028,1.0447,0.9933,0.9461,0.9278,0.9189
330.0000,1.1342,1.0876,1.0379,0.9864,0.9406,0.9261,0.9119
335.0000,1.1148,1.0765,1.0304,0.9795,0.9367,0.9214,0.9129
340.0000,1.0955,1.0680,1.0221,0.9735,0.9323,0.9182,0.9119
345.0000,1.0856,1.0570,1.0155,0.9675,0.9275,0.9175,0.9058
350.0000,1.0731,1.0485,1.0084,0.9613,0.9246,0.9136,0.9082
355.0000,1.0595,1.0416,1.0006,0.9560,0.9209,0.9116,0.9075
360.0000,1.0531,1.0319,0.9947,0.9501,0.9183,0.9096,0.9070
365.0000,1.0441,1.0244,0.9877,0.9453,0.9146,0.9097,0.9038
370.0000,1.0327,1.0183,0.9806,0.9405,0.9126,0.9076,0.9055
375.0000,1.0277,1.0094,0.9753,0.9354,0.9110,0.9063,0.9061
380.0000,1.0190,1.0034,0.9684,0.9318,0.9082,0.9072,0.9040
385.0000,1.0113,0.9966,0.9624,0.9277,0.9069,0.9064,0.9055
390.0000,1.0062,0.9884,0.9578,0.9234,0.9065,0.9054,0.9075
395.0000,0.9981,0.9828,0.9516,0.9206,0.9047,0.9069,0.9065
400.0000,0.9893,0.9777,0.9459,0.9178,0.9040,0.9070,0.9095
405.0000,0.9851,0.9704,0.9416,0.9148,0.9039,0.9075,0.9119
410.0000,0.9789,0.9646,0.9366,0.9129,0.9027,0.9105,0.9109
415.0000,0.9710,0.9598,0.9318,0.9110,0.9031,0.9112,0.9151
420.0000,0.9670,0.9532,0.9286,0.9087,0.9040,0.9123,0.9189
425.0000,0.9605,0.9489,0.9241,0.9079,0.9035,0.9163,0.9188
430.0000,0.9549,0.9440,0.9208,0.9065,0.9049,0.9178,0.9245
435.0000,0.9511,0.9382,0.9185,0.9051,0.9066,0.9203,0.9287
440.0000,0.9454,0.9346,0.9152,0.9051,0.9071,0.9253,0.9291
445.0000,0.9396,0.9311,0.9126,0.9045,0.9096,0.9275,0.9365
450.0000,0.9334,0.9283,0.9101,0.9044,0.9121,0.9307,0.9431
455.0000,0.9324,0.9233,0.9088,0.9047,0.9138,0.9368,0.9448
460.0000,0.9279,0.9206,0.9071,0.9051,0.9169,0.9409,0.9522
465.0000,0.9225,0.9187,0.9055,0.9058,0.9204,0.9451,0.9602
470.0000,0.9217,0.9152,0.9047,0.9072,0.9230,0.9527,0.9625
475.0000,0.9178,0.9137,0.9037,0.9085,0.9274,0.9575,0.9723
480.0000,0.9139,0.9123,0.9031,0.9100,0.9321,0.9629,0.9820
485.0000,0.9141,0.9093,0.9038,0.9114,0.9375,0.9688,0.9919
490.0000,0.9115,0.9085,0.9033,0.9143,0.9416,0.9777,0.9994
495.0000,0.9078,0.9084,0.9032,0.9172,0.9469,0.9856,1.0102
500.0000,0.9089,0.9061,0.9048,0.9195,0.9535,0.9932,1.0231
505.0000,0.9071,0.9062,0.9052,0.9235,0.9587,1.0043,1.0333
510.0000,0.9049,0.9067,0.9062,0.9271,0.9658,1.0136,1.0503
515.0000,0.9065,0.9054,0.9087,0.9305,0.9739,1.0236,1.0696
520.0000,0.9054,0.9065,0.9099,0.9356,0.9804,1.0381,1.0873
525.0000,0.9037,0.9084,0.9112,0.9413,0.9874,1.0544,1.1063
530.0000,0.9061,0.9085,0.9137,0.9471,0.9945,1.0747,1.1215
535.0000,0.9060,0.9105,0.9159,0.9534,1.0028,1.0965,1.1349
540.0000,0.9060,0.9124,0.9193,0.9590,1.0141,1.1175,1.1482
545.0000,0.9093,0.9120,0.9255,0.9625,1.0310,1.1330,1.1691
550.0000,0.9105,0.9142,0.9299,0.9686,1.0460,1.1546,1.1784
555.0000,0.9121,0.9160,0.9361,0.9730,1.0675,1.1666,1.2071
560.0000,0.9148,0.9183,0.9416,0.9797,1.0877,1.1828,1.2276
565.0000,0.9175,0.9218,0.9461,0.9889,1.1066,1.2020,1.2432
570.0000,0.9196,0.9263,0.9504,0.9993,1.1275,1.2174,1.2684
575.0000,0.9179,0.9339,0.9528,1.0130,1.1461,1.2360,1.2899
580.0000,0.9250,0.9381,0.9569,1.0282,1.1638,1.2572,1.3074
585.0000,0.9275,0.9451,0.9601,1.0456,1.1804,1.2799,1.3209
590.0000,0.9289,0.9521,0.9648,1.0635,1.1984,1.3002,1.3371
595.0000,0.9385,0.9548,0.9736,1.0808,1.2177,1.3193,1.3515
600.0000,0.9407,0.9623,0.9811,1.1003,1.2352,1.3408,1.3587
605.0000,0.9465,0.9668,0.9931,1.1178,1.2563,1.3565,1.3691
610.0000,0.9560,0.9696,1.0085,1.1341,1.2791,1.3687,1.3777
615.0000,0.9627,0.9753,1.0237,1.1523,1.2994,1.3828,1.3762
620.0000,0.9723,0.9801,1.0420,1.1689,1.3226,1.3892,1.3788
625.0000,0.9779,0.9890,1.0595,1.1867,1.3443,1.3929,1.3766
630.0000,0.9861,0.9995,1.0766,1.2062,1.3629,1.3961,1.3658
635.0000,0.9897,1.0156,1.0919,1.2270,1.3804,1.3926,1.3582
675.0000,1.1062,1.1448,1.2403,1.3877,1.3911,1.2381,1.1284
680.0000,1.1179,1.1661,1.2604,1.4012,1.3728,1.2021,1.0834
685.0000,1.1386,1.1825,1.2844,1.4086,1.3546,1.1556,1.0496
690.0000,1.1576,1.2013,1.3059,1.4149,1.3276,1.1134,1.0059
695.0000,1.1760,1.2211,1.3262,1.4180,1.2951,1.0713,0.9563
700.0000,1.1861,1.2459,1.3428,1.4183,1.2576,1.0280,0.9054
705.0000,1.2120,1.2634,1.3617,1.4124,1.2177,0.9832,0.8512
710.0000,1.2329,1.2817,1.3793,1.4001,1.1789,0.9283,0.8215
715.0000,1.2520,1.3008,1.3926,1.3855,1.1322,0.8827,0.7745
720.0000,1.2730,1.3176,1.4042,1.3657,1.0838,0.8374,0.7284
725.0000,1.2881,1.3370,1.4104,1.3421,1.0332,0.7930,0.6827
730.0000,1.3066,1.3515,1.4157,1.3116,0.9853,0.7432,0.6525
735.0000,1.3256,1.3635,1.4164,1.2783,0.9332,0.7022,0.6131
740.0000,1.3406,1.3744,1.4126,1.2409,0.8818,0.6621,0.5772
745.0000,1.3506,1.3843,1.4038,1.1996,0.8325,0.6211,0.5515
750.0000,1.3643,1.3888,1.3908,1.1561,0.7815,0.5884,0.5194
755.0000,1.3728,1.3913,1.3725,1.1099,0.7329,0.5573,0.4908
760.0000,1.3730,1.3934,1.3478,1.0625,0.6858,0.5301,0.4608
765.0000,1.3806,1.3851,1.3232,1.0100,0.6466,0.4976,0.4442
770.0000,1.3795,1.3763,1.2916,0.9589,0.6067,0.4729,0.4229
775.0000,1.3754,1.3625,1.2564,0.9072,0.5706,0.4493,0.4062
780.0000,1.3688,1.3436,1.2177,0.8559,0.5373,0.4288,0.3896
785.0000,1.3561,1.3222,1.1748,0.8062,0.5064,0.4111,0.3735
790.0000,1.3359,1.2987,1.1281,0.7582,0.4795,0.3928,0.3659
795.0000,1.3189,1.2675,1.0808,0.7118,0.4547,0.3785,0.3559
800.0000,1.2939,1.2355,1.0298,0.6690,0.4316,0.3671,0.3466
805.0000,1.2686,1.1973,0.9795,0.6280,0.4116,0.3572,0.3377
810.0000,1.2381,1.1563,0.9291,0.5894,0.3947,0.3477,0.3316
815.0000,1.1993,1.1172,0.8760,0.5557,0.3782,0.3415,0.3238
820.0000,1.1584,1.0753,0.8242,0.5245,0.3640,0.3364,0.3145
825.0000,1.1268,1.0240,0.7788,0.4929,0.3558,0.3268,0.3137
830.0000,1.0851,0.9745,0.7337,0.4656,0.3471,0.3211,0.3085
835.0000,1.0359,0.9288,0.6888,0.4414,0.3410,0.3120,0.3174
840.0000,0.9858,0.8839,0.6450,0.4217,0.3328,0.3092,0.3192
845.0000,0.9444,0.8353,0.6056,0.4042,0.3245,0.3103,0.3184
850.0000,0.9045,0.7849,0.5714,0.3874,0.3191,0.3101,0.3218
855.0000,0.8499,0.7448,0.5348,0.3758,0.3111,0.3157,0.3174
860.0000,0.8077,0.7011,0.5045,0.3638,0.3069,0.3188,0.3162
865.0000,0.7600,0.6639,0.4746,0.3545,0.3030,0.3235,0.3117
870.0000,0.7223,0.6227,0.4520,0.3434,0.3041,0.3234,0.3125
875.0000,0.6835,0.5840,0.4327,0.3327,0.3075,0.3212,0.3146
880.0000,0.6424,0.5516,0.4133,0.3252,0.3094,0.3220,0.3110
885.0000,0.6153,0.5146,0.4007,0.3162,0.3152,0.3179,0.3139
890.0000,0.5769,0.4873,0.3860,0.3107,0.3191,0.3152,0.3149
895.0000,0.5421,0.4640,0.3716,0.3077,0.3217,0.3130,0.3156
900.0000,0.5083,0.4455,0.3568,0.3075,0.3225,0.3121,0.3154
905.0000,0.4838,0.4262,0.3446,0.3083,0.3223,0.3117,0.3145
910.0000,0.4618,0.4081,0.3343,0.3098,0.3217,0.3110,0.3153
915.0000,0.4353,0.3962,0.3231,0.3136,0.3189,0.3123,0.3134
920.0000,0.4196,0.3808,0.3165,0.3161,0.3168,0.3128,0.3125
925.0000,0.4005,0.3702,0.3097,0.3196,0.3135,0.3147,0.3100
930.0000,0.3875,0.3570,0.3076,0.3209,0.3121,0.3146,0.3100
935.0000,0.3760,0.3442,0.3082,0.3208,0.3118,0.3137,0.3107
940.0000,0.3654,0.3327,0.3104,0.3201,0.3113,0.3141,0.3084
945.0000,0.3569,0.3225,0.3141,0.3182,0.3122,0.3125,0.3096
950.0000,0.3509,0.3142,0.3180,0.3160,0.3133,0.3110,0.3102
955.0000,0.3377,0.3125,0.3190,0.3152,0.3129,0.3110,0.3089
960.0000,0.3255,0.3147,0.3181,0.3153,0.3123,0.3105,0.3094
965.0000,0.3175,0.3171,0.3169,0.3154,0.3115,0.3103,0.3093
970.0000,0.3177,0.3166,0.3171,0.3148,0.3113,0.3099,0.3093
975.0000,0.3166,0.3171,0.3166,0.3145,0.3106,0.3102,0.3082
980.0000,0.3161,0.3173,0.3164,0.3140,0.3104,0.3096,0.3086
985.0000,0.3168,0.3167,0.3165,0.3133,0.3103,0.3093,0.3086
990.0000,0.3165,0.3169,0.3160,0.3130,0.3097,0.3095,0.3077
995.0000,0.3158,0.3172,0.3154,0.3126,0.3095,0.3092,0.3078
1000.0000,0.3166,0.3165,0.3153,0.3120,0.3095,0.3087,0.3079
1005.0000,0.3163,0.3165,0.3147,0.3117,0.3091,0.3089,0.3069
1010.0000,0.3157,0.3165,0.3142,0.3113,0.3090,0.3085,0.3071
1015.0000,0.3162,0.3158,0.3140,0.3108,0.3091,0.3079,0.3072
1020.0000,0.3158,0.3157,0.3133,0.3107,0.3086,0.3081,0.3062
1025.0000,0.3151,0.3155,0.3128,0.3104,0.3085,0.3077,0.3065
1030.0000,0.3154,0.3147,0.3125,0.3100,0.3085,0.3072,0.3066
1035.0000,0.3149,0.3145,0.3119,0.3100,0.3079,0.3075,0.3054
1040.0000,0.3142,0.3143,0.3114,0.3097,0.3079,0.3069,0.3060
1045.0000,0.3144,0.3135,0.3112,0.3094,0.3078,0.3065,0.3062
1050.0000,0.3138,0.3132,0.3107,0.3095,0.3071,0.3069,0.3051
1055.0000,0.3129,0.3130,0.3102,0.3093,0.3069,0.3066,0.3056
1060.0000,0.3131,0.3122,0.3102,0.3089,0.3069,0.3062,0.3060
1065.0000,0.3126,0.3119,0.3098,0.3089,0.3063,0.3067,0.3049
1070.0000,0.3119,0.3116,0.3096,0.3086,0.3062,0.3064,0.3056
1075.0000,0.3108,0.3116,0.3093,0.3084,0.3060,0.3063,0.3060
1080.0000,0.3115,0.3108,0.3093,0.3082,0.3056,0.3070,0.3046
1085.0000,0.3108,0.3106,0.3091,0.3078,0.3057,0.3065,0.3058
1090.0000,0.3100,0.3105,0.3089,0.3075,0.3057,0.3064,0.3063
1095.0000,0.3105,0.3098,0.3089,0.3071,0.3058,0.3064,0.3066
1100.0000,0.3099,0.3099,0.3085,0.3070,0.3055,0.3070,0.3060
1105.0000,0.3091,0.3099,0.3082,0.3068,0.3057,0.3068,0.3066
1110.0000,0.3097,0.3092,0.3082,0.3064,0.3059,0.3068,0.3069
1115.0000,0.3092,0.3093,0.3077,0.3064,0.3058,0.3075,0.3062
1120.0000,0.3084,0.3094,0.3073,0.3063,0.3060,0.3074,0.3066
1125.0000,0.3090,0.3086,0.3074,0.3060,0.3064,0.3072,0.3069
1130.0000,0.3086,0.3086,0.3069,0.3061,0.3063,0.3077,0.3061
1135.0000,0.3080,0.3085,0.3066,0.3060,0.3066,0.3075,0.3065
1140.0000,0.3084,0.3078,0.3067,0.3059,0.3071,0.3072,0.3067
1145.0000,0.3079,0.3078,0.3063,0.3061,0.3070,0.3075,0.3059
1150.0000,0.3073,0.3078,0.3060,0.3062,0.3072,0.3072,0.3062
1155.0000,0.3077,0.3072,0.3061,0.3063,0.3074,0.3069,0.3062
1160.0000,0.3072,0.3072,0.3057,0.3066,0.3071,0.3073,0.3050
1165.0000,0.3066,0.3072,0.3056,0.3068,0.3073,0.3067,0.3056
1170.0000,0.3070,0.3066,0.3058,0.3069,0.3074,0.3063,0.3056
1175.0000,0.3066,0.3066,0.3056,0.3073,0.3069,0.3067,0.3044
1180.0000,0.3060,0.3067,0.3056,0.3075,0.3068,0.3062,0.3047
1185.0000,0.3065,0.3061,0.3060,0.3074,0.3069,0.3057,0.3049
1190.0000,0.3062,0.3062,0.3060,0.3077,0.3063,0.3060,0.3036
1195.0000,0.3059,0.3062,0.3061,0.3077,0.3062,0.3055,0.3041
1200.0000,0.3050,0.3066,0.3062,0.3077,0.3060,0.3051,0.3041
1205.0000,0.3060,0.3062,0.3065,0.3077,0.3055,0.3056,0.3025
1210.0000,0.3057,0.3063,0.3068,0.3075,0.3055,0.3048,0.3034
1215.0000,0.3053,0.3066,0.3069,0.3074,0.3053,0.3045,0.3035
1220.0000,0.3061,0.3063,0.3072,0.3071,0.3052,0.3041,0.3035
1225.0000,0.3058,0.3068,0.3071,0.3071,0.3046,0.3044,0.3025
1230.0000,0.3054,0.3071,0.3071,0.3068,0.3045,0.3039,0.3029
1235.0000,0.3064,0.3068,0.3074,0.3064,0.3045,0.3035,0.3029
1240.0000,0.3063,0.3071,0.3072,0.3063,0.3040,0.3037,0.3020
1245.0000,0.3058,0.3075,0.3070,0.3061,0.3038,0.3033,0.3022
1250.0000,0.3067,0.3071,0.3072,0.3057,0.3038,0.3029,0.3023
1255.0000,0.3067,0.3073,0.3069,0.3056,0.3034,0.3031,0.3015
1260.0000,0.3064,0.3075,0.3066,0.3053,0.3033,0.3027,0.3018
1265.0000,0.3070,0.3071,0.3067,0.3049,0.3032,0.3024,0.3018
1270.0000,0.3067,0.3073,0.3062,0.3049,0.3027,0.3028,0.3006
1275.0000,0.3064,0.3073,0.3059,0.3046,0.3027,0.3023,0.3013
1280.0000,0.3069,0.3068,0.3059,0.3043,0.3027,0.3019,0.3015
1285.0000,0.3066,0.3069,0.3055,0.3042,0.3021,0.3024,0.3003
1290.0000,0.3062,0.3069,0.3052,0.3040,0.3021,0.3018,0.3011
1295.0000,0.3066,0.3063,0.3052,0.3036,0.3022,0.3015,0.3013
1300.0000,0.3063,0.3062,0.3048,0.3036,0.3017,0.3020,0.3003
1305.0000,0.3058,0.3062,0.3045,0.3034,0.3016,0.3017,0.3009
1310.0000,0.3061,0.3056,0.3045,0.3031,0.3016,0.3014,0.3013
1315.0000,0.3058,0.3055,0.3041,0.3030,0.3012,0.3020,0.3003
1320.0000,0.3052,0.3054,0.3038,0.3028,0.3012,0.3017,0.3010
1325.0000,0.3042,0.3056,0.3034,0.3027,0.3011,0.3016,0.3013
1330.0000,0.3051,0.3049,0.3034,0.3026,0.3008,0.3023,0.3000
1335.0000,0.3046,0.3047,0.3032,0.3023,0.3010,0.3019,0.3012
1340.0000,0.3039,0.3047,0.3030,0.3021,0.3011,0.3018,0.3016
1345.0000,0.3045,0.3040,0.3031,0.3018,0.3012,0.3018,0.3019
1350.0000,0.3040,0.3041,0.3027,0.3018,0.3010,0.3023,0.3012
1355.0000,0.3033,0.3041,0.3024,0.3017,0.3012,0.3021,0.3018
1360.0000,0.3038,0.3034,0.3025,0.3014,0.3015,0.3021,0.3020
1365.0000,0.3034,0.3034,0.3021,0.3015,0.3013,0.3026,0.3012
1370.0000,0.3026,0.3036,0.3018,0.3015,0.3015,0.3025,0.3016
1375.0000,0.3032,0.3029,0.3019,0.3013,0.3019,0.3022,0.3019
1380.0000,0.3028,0.3029,0.3016,0.3015,0.3017,0.3026,0.3011
1385.0000,0.3023,0.3029,0.3014,0.3015,0.3019,0.3024,0.3015
1390.0000,0.3027,0.3023,0.3015,0.3014,0.3022,0.3021,0.3017
1395.0000,0.3023,0.3024,0.3012,0.3017,0.3020,0.3026,0.3006
1400.0000,0.3018,0.3024,0.3011,0.3018,0.3022,0.3021,0.3013
1405.0000,0.3022,0.3018,0.3013,0.3018,0.3023,0.3018,0.3014
1410.0000,0.3019,0.3019,0.3011,0.3021,0.3020,0.3022,0.3004
1415.0000,0.3013,0.3020,0.3010,0.3022,0.3020,0.3018,0.3010
1420.0000,0.3018,0.3015,0.3012,0.3022,0.3021,0.3015,0.3012
1425.0000,0.3015,0.3016,0.3011,0.3025,0.3017,0.3020,0.3001
1430.0000,0.3010,0.3018,0.3011,0.3026,0.3016,0.3017,0.3006
1435.0000,0.3015,0.3013,0.3015,0.3024,0.3017,0.3013,0.3010
1440.0000,0.3013,0.3014,0.3015,0.3026,0.3013,0.3018,0.3000
1445.0000,0.3011,0.3016,0.3016,0.3025,0.3013,0.3015,0.3006
1450.0000,0.3002,0.3020,0.3016,0.3025,0.3012,0.3013,0.3009
1455.0000,0.3013,0.3016,0.3019,0.3025,0.3008,0.3019,0.2995
1460.0000,0.3011,0.3018,0.3020,0.3023,0.3010,0.3014,0.3006
1465.0000,0.3006,0.3021,0.3020,0.3022,0.3009,0.3013,0.3010
1470.0000,0.3015,0.3017,0.3023,0.3019,0.3010,0.3012,0.3012
1475.0000,0.3012,0.3022,0.3021,0.3020,0.3007,0.3017,0.3004
1480.0000,0.3008,0.3025,0.3020,0.3018,0.3008,0.3015,0.3010
1485.0000,0.3017,0.3020,0.3022,0.3015,0.3010,0.3013,0.3012
1490.0000,0.3016,0.3023,0.3020,0.3016,0.3008,0.3018,0.3004
1495.0000,0.3011,0.3026,0.3018,0.3015,0.3009,0.3016,0.3009
1500.0000,0.3019,0.3021,0.3020,0.3012,0.3012,0.3014,0.3012
1505.0000,0.3018,0.3023,0.3017,0.3013,0.3010,0.3018,0.3004
1510.0000,0.3014,0.3024,0.3015,0.3012,0.3012,0.3015,0.3009
1515.0000,0.3020,0.3020,0.3016,0.3011,0.3014,0.3013,0.3012
1520.0000,0.3017,0.3022,0.3013,0.3013,0.3011,0.3019,0.3003
1525.0000,0.3014,0.3023,0.3011,0.3013,0.3012,0.3015,0.3010
1530.0000,0.3019,0.3018,0.3012,0.3012,0.3014,0.3014,0.3013
1535.0000,0.3017,0.3019,0.3009,0.3015,0.3010,0.3020,0.3003
1540.0000,0.3012,0.3020,0.3008,0.3016,0.3011,0.3018,0.3009
1545.0000,0.3017,0.3015,0.3010,0.3014,0.3013,0.3015,0.3014
1550.0000,0.3015,0.3015,0.3009,0.3016,0.3010,0.3021,0.3005
1555.0000,0.3010,0.3016,0.3008,0.3016,0.3011,0.3018,0.3013
1560.0000,0.3014,0.3012,0.3011,0.3014,0.3013,0.3016,0.3018
1565.0000,0.3012,0.3013,0.3010,0.3016,0.3010,0.3023,0.3009
1570.0000,0.3009,0.3013,0.3010,0.3016,0.3011,0.3022,0.3017
1575.0000,0.3000,0.3017,0.3009,0.3016,0.3012,0.3022,0.3021
1580.0000,0.3010,0.3012,0.3011,0.3017,0.3010,0.3030,0.3008
1585.0000,0.3007,0.3014,0.3011,0.3016,0.3013,0.3027,0.3020
1590.0000,0.3002,0.3016,0.3010,0.3016,0.3014,0.3027,0.3024
1595.0000,0.3010,0.3012,0.3013,0.3014,0.3018,0.3026,0.3027
1600.0000,0.3007,0.3015,0.3011,0.3016,0.3016,0.3032,0.3020
1605.0000,0.3003,0.3017,0.3011,0.3015,0.3020,0.3030,0.3027
1610.0000,0.3011,0.3013,0.3014,0.3014,0.3023,0.3029,0.3029
1615.0000,0.3010,0.3014,0.3012,0.3016,0.3022,0.3034,0.3022
1620.0000,0.3004,0.3018,0.3010,0.3018,0.3025,0.3033,0.3027
1625.0000,0.3012,0.3013,0.3013,0.3017,0.3028,0.3031,0.3030
1630.0000,0.3010,0.3015,0.3011,0.3020,0.3027,0.3035,0.3024
1635.0000,0.3006,0.3017,0.3010,0.3021,0.3029,0.3034,0.3028
1640.0000,0.3012,0.3013,0.3013,0.3022,0.3031,0.3032,0.3031
1645.0000,0.3009,0.3016,0.3010,0.3026,0.3028,0.3038,0.3020
1650.0000,0.3006,0.3018,0.3011,0.3027,0.3030,0.3035,0.3029
1655.0000,0.3013,0.3014,0.3014,0.3027,0.3032,0.3033,0.3031
1660.0000,0.3012,0.3015,0.3014,0.3030,0.3029,0.3039,0.3021
1665.0000,0.3008,0.3017,0.3015,0.3031,0.3030,0.3036,0.3027
1670.0000,0.3013,0.3013,0.3019,0.3030,0.3033,0.3033,0.3031
1675.0000,0.3012,0.3015,0.3019,0.3033,0.3030,0.3039,0.3021
1680.0000,0.3010,0.3018,0.3021,0.3033,0.3031,0.3036,0.3027
1685.0000,0.3002,0.3023,0.3020,0.3034,0.3031,0.3034,0.3031
1690.0000,0.3013,0.3019,0.3024,0.3035,0.3029,0.3039,0.3021
1695.0000,0.3012,0.3021,0.3025,0.3035,0.3031,0.3036,0.3028
1700.0000,0.3004,0.3027,0.3024,0.3036,0.3031,0.3035,0.3031
1705.0000,0.3017,0.3024,0.3027,0.3036,0.3028,0.3042,0.3017
1710.0000,0.3016,0.3026,0.3028,0.3035,0.3031,0.3037,0.3029
1715.0000,0.3013,0.3029,0.3028,0.3035,0.3031,0.3035,0.3033
1720.0000,0.3022,0.3026,0.3031,0.3034,0.3033,0.3034,0.3036
1725.0000,0.3019,0.3030,0.3029,0.3036,0.3030,0.3040,0.3030
1730.0000,0.3016,0.3033,0.3029,0.3036,0.3031,0.3038,0.3037
1735.0000,0.3025,0.3029,0.3032,0.3034,0.3033,0.3037,0.3041
1740.0000,0.3024,0.3032,0.3031,0.3036,0.3030,0.3043,0.3035
1745.0000,0.3019,0.3035,0.3030,0.3036,0.3031,0.3043,0.3042
1750.0000,0.3028,0.3031,0.3033,0.3034,0.3034,0.3042,0.3047
1755.0000,0.3027,0.3033,0.3031,0.3035,0.3032,0.3049,0.3042
1760.0000,0.3024,0.3035,0.3031,0.3035,0.3034,0.3049,0.3050
1765.0000,0.3030,0.3032,0.3033,0.3034,0.3037,0.3050,0.3056
1770.0000,0.3028,0.3034,0.3031,0.3036,0.3035,0.3058,0.3049
1775.0000,0.3026,0.3036,0.3031,0.3035,0.3039,0.3058,0.3060
1780.0000,0.3031,0.3032,0.3033,0.3034,0.3042,0.3059,0.3067
1785.0000,0.3030,0.3034,0.3031,0.3036,0.3041,0.3068,0.3060
1790.0000,0.3026,0.3036,0.3030,0.3037,0.3045,0.3070,0.3071
1795.0000,0.3032,0.3033,0.3033,0.3036,0.3050,0.3071,0.3078
1800.0000,0.3031,0.3034,0.3031,0.3039,0.3050,0.3081,0.3071
1805.0000,0.3028,0.3036,0.3031,0.3040,0.3055,0.3082,0.3081
1810.0000,0.3020,0.3040,0.3029,0.3042,0.3059,0.3084,0.3087
1815.0000,0.3031,0.3034,0.3032,0.3044,0.3062,0.3093,0.3079
1820.0000,0.3029,0.3035,0.3032,0.3046,0.3068,0.3093,0.3090
1825.0000,0.3020,0.3040,0.3031,0.3049,0.3072,0.3094,0.3096
1830.0000,0.3031,0.3035,0.3033,0.3052,0.3074,0.3104,0.3084
1835.0000,0.3029,0.3036,0.3034,0.3054,0.3081,0.3102,0.3097
1840.0000,0.3024,0.3039,0.3034,0.3058,0.3085,0.3102,0.3102
1845.0000,0.3032,0.3035,0.3039,0.3060,0.3091,0.3103,0.3105
1850.0000,0.3030,0.3039,0.3038,0.3066,0.3091,0.3110,0.3099
1855.0000,0.3026,0.3042,0.3039,0.3071,0.3096,0.3108,0.3105
1860.0000,0.3034,0.3038,0.3045,0.3073,0.3100,0.3108,0.3108
1865.0000,0.3033,0.3041,0.3046,0.3079,0.3100,0.3113,0.3101
1870.0000,0.3028,0.3046,0.3047,0.3084,0.3103,0.3112,0.3107
1875.0000,0.3038,0.3042,0.3054,0.3086,0.3107,0.3110,0.3111
1880.0000,0.3038,0.3046,0.3056,0.3091,0.3106,0.3115,0.3105
1885.0000,0.3036,0.3050,0.3060,0.3095,0.3108,0.3113,0.3112
1890.0000,0.3044,0.3049,0.3066,0.3097,0.3110,0.3112,0.3117
1895.0000,0.3043,0.3054,0.3068,0.3102,0.3107,0.3119,0.3109
1900.0000,0.3043,0.3059,0.3072,0.3105,0.3109,0.3117,0.3119
1905.0000,0.3051,0.3059,0.3079,0.3106,0.3110,0.3118,0.3124
1910.0000,0.3053,0.3064,0.3081,0.3109,0.3107,0.3126,0.3117
1915.0000,0.3051,0.3071,0.3084,0.3111,0.3108,0.3127,0.3128
1920.0000,0.3061,0.3070,0.3091,0.3110,0.3111,0.3127,0.3136
1925.0000,0.3064,0.3075,0.3093,0.3113,0.3109,0.3137,0.3130
1930.0000,0.3066,0.3080,0.3097,0.3112,0.3112,0.3139,0.3142
1935.0000,0.3060,0.3088,0.3098,0.3113,0.3115,0.3142,0.3152
1940.0000,0.3075,0.3087,0.3102,0.3113,0.3115,0.3153,0.3144
1945.0000,0.3076,0.3091,0.3104,0.3113,0.3121,0.3155,0.3161
1950.0000,0.3070,0.3100,0.3103,0.3114,0.3125,0.3159,0.3171
1955.0000,0.3085,0.3098,0.3106,0.3115,0.3127,0.3173,0.3162
1960.0000,0.3086,0.3102,0.3107,0.3115,0.3134,0.3174,0.3180
1965.0000,0.3085,0.3106,0.3107,0.3116,0.3141,0.3179,0.3192
1970.0000,0.3095,0.3104,0.3110,0.3116,0.3149,0.3183,0.3202
1975.0000,0.3094,0.3109,0.3107,0.3121,0.3152,0.3195,0.3203
1980.0000,0.3092,0.3112,0.3107,0.3124,0.3160,0.3200,0.3214
1985.0000,0.3102,0.3108,0.3110,0.3126,0.3168,0.3206,0.3224
1990.0000,0.3102,0.3111,0.3109,0.3132,0.3172,0.3219,0.3224
1995.0000,0.3097,0.3115,0.3108,0.3137,0.3180,0.3224,0.3238
2000.0000,0.3107,0.3111,0.3113,0.3141,0.3190,0.3230,0.3248
2005.0000,0.3106,0.3113,0.3113,0.3148,0.3195,0.3242,0.3249
2010.0000,0.3103,0.3116,0.3115,0.3154,0.3203,0.3248,0.3263
2015.0000,0.3110,0.3113,0.3121,0.3159,0.3213,0.3254,0.3276
2020.0000,0.3108,0.3117,0.3122,0.3168,0.3217,0.3268,0.3275
2025.0000,0.3107,0.3120,0.3125,0.3175,0.3226,0.3274,0.3290
2030.0000,0.3114,0.3118,0.3133,0.3180,0.3236,0.3281,0.3303
2035.0000,0.3114,0.3121,0.3136,0.3189,0.3241,0.3296,0.3302
2040.0000,0.3112,0.3127,0.3141,0.3196,0.3251,0.3302,0.3321
2045.0000,0.3120,0.3127,0.3149,0.3202,0.3261,0.3310,0.3336
2050.0000,0.3121,0.3132,0.3154,0.3212,0.3266,0.3326,0.3336
2055.0000,0.3123,0.3138,0.3160,0.3219,0.3277,0.3334,0.3356
2060.0000,0.3116,0.3148,0.3165,0.3228,0.3286,0.3343,0.3374
2065.0000,0.3132,0.3148,0.3173,0.3236,0.3292,0.3363,0.3373
2070.0000,0.3135,0.3154,0.3181,0.3244,0.3304,0.3371,0.3396
2075.0000,0.3137,0.3162,0.3188,0.3251,0.3315,0.3382,0.3417
2080.0000,0.3149,0.3164,0.3197,0.3261,0.3323,0.3404,0.3417
2085.0000,0.3152,0.3173,0.3204,0.3268,0.3336,0.3413,0.3446
2090.0000,0.3153,0.3181,0.3211,0.3276,0.3350,0.3424,0.3473
2095.0000,0.3167,0.3184,0.3222,0.3283,0.3365,0.3438,0.3500
2100.0000,0.3170,0.3195,0.3227,0.3295,0.3374,0.3461,0.3519
2105.0000,0.3172,0.3205,0.3233,0.3306,0.3386,0.3482,0.3548
2110.0000,0.3188,0.3207,0.3245,0.3313,0.3404,0.3499,0.3588
2115.0000,0.3194,0.3216,0.3252,0.3326,0.3415,0.3529,0.3619
2120.0000,0.3194,0.3228,0.3259,0.3336,0.3432,0.3552,0.3681
2125.0000,0.3210,0.3232,0.3269,0.3348,0.3447,0.3588,0.3732
2130.0000,0.3216,0.3242,0.3275,0.3362,0.3461,0.3635,0.3786
2135.0000,0.3221,0.3251,0.3286,0.3373,0.3485,0.3671,0.3888
2140.0000,0.3234,0.3256,0.3295,0.3388,0.3501,0.3736,0.3964
2145.0000,0.3239,0.3269,0.3302,0.3405,0.3519,0.3813,0.4046
2150.0000,0.3243,0.3281,0.3308,0.3424,0.3536,0.3915,0.4080
2155.0000,0.3260,0.3283,0.3326,0.3432,0.3580,0.3994,0.4155
2160.0000,0.3268,0.3291,0.3340,0.3445,0.3625,0.4093,0.4192
2165.0000,0.3275,0.3298,0.3360,0.3448,0.3700,0.4152,0.4307
2170.0000,0.3288,0.3303,0.3381,0.3455,0.3780,0.4221,0.4399
2175.0000,0.3299,0.3312,0.3395,0.3473,0.3857,0.4307,0.4460
2180.0000,0.3310,0.3323,0.3410,0.3492,0.3951,0.4368,0.4579
2185.0000,0.3311,0.3341,0.3417,0.3524,0.4042,0.4436,0.4696
2190.0000,0.3327,0.3357,0.3421,0.3570,0.4123,0.4524,0.4796
2195.0000,0.3332,0.3380,0.3420,0.3629,0.4199,0.4626,0.4872
2200.0000,0.3331,0.3406,0.3419,0.3695,0.4277,0.4721,0.4968
2205.0000,0.3360,0.3415,0.3432,0.3764,0.4359,0.4819,0.5064
2210.0000,0.3360,0.3441,0.3439,0.3845,0.4434,0.4928,0.5145
2215.0000,0.3365,0.3458,0.3460,0.3926,0.4514,0.5036,0.5215
2220.0000,0.3404,0.3455,0.3505,0.3997,0.4612,0.5126,0.5300
2225.0000,0.3418,0.3467,0.3550,0.4077,0.4702,0.5230,0.5349
2230.0000,0.3448,0.3469,0.3615,0.4148,0.4811,0.5306,0.5423
2235.0000,0.3466,0.3482,0.3685,0.4220,0.4924,0.5371,0.5492
2240.0000,0.3492,0.3501,0.3758,0.4299,0.5029,0.5445,0.5527
2245.0000,0.3510,0.3537,0.3830,0.4381,0.5138,0.5495,0.5587
2250.0000,0.3529,0.3587,0.3897,0.4472,0.5236,0.5549,0.5622
2255.0000,0.3555,0.3649,0.3961,0.4572,0.5322,0.5601,0.5636
2260.0000,0.3575,0.3725,0.4021,0.4677,0.5403,0.5639,0.5654
2265.0000,0.3638,0.3784,0.4096,0.4780,0.5479,0.5666,0.5660
2270.0000,0.3672,0.3872,0.4156,0.4895,0.5534,0.5701,0.5630
2275.0000,0.3757,0.3925,0.4246,0.4992,0.5601,0.5698,0.5639
2280.0000,0.3829,0.3984,0.4340,0.5090,0.5655,0.5692,0.5624
2285.0000,0.3898,0.4048,0.4436,0.5187,0.5692,0.5690,0.5578
2290.0000,0.3945,0.4133,0.4528,0.5281,0.5721,0.5670,0.5544
2295.0000,0.4026,0.4204,0.4634,0.5363,0.5748,0.5631,0.5517
2300.0000,0.4103,0.4283,0.4736,0.5444,0.5753,0.5603,0.5455
2305.0000,0.4185,0.4365,0.4843,0.5514,0.5755,0.5555,0.5416
2310.0000,0.4230,0.4472,0.4935,0.5584,0.5737,0.5512,0.5353
2315.0000,0.4335,0.4558,0.5037,0.5641,0.5710,0.5471,0.5264
2320.0000,0.4424,0.4652,0.5136,0.5683,0.5685,0.5399,0.5234
2325.0000,0.4518,0.4745,0.5231,0.5718,0.5646,0.5337,0.5172
2330.0000,0.4616,0.4836,0.5323,0.5742,0.5598,0.5275,0.5103
2335.0000,0.4689,0.4946,0.5396,0.5762,0.5537,0.5220,0.5018
2340.0000,0.4788,0.5035,0.5475,0.5761,0.5485,0.5141,0.4972
2345.0000,0.4893,0.5117,0.5549,0.5751,0.5423,0.5074,0.4905
2350.0000,0.4990,0.5199,0.5611,0.5733,0.5355,0.5011,0.4828
2355.0000,0.5058,0.5291,0.5658,0.5705,0.5289,0.4936,0.4781
2360.0000,0.5156,0.5363,0.5699,0.5669,0.5217,0.4873,0.4713
2365.0000,0.5238,0.5434,0.5727,0.5628,0.5141,0.4816,0.4636
2370.0000,0.5291,0.5512,0.5737,0.5582,0.5066,0.4754,0.4571
2375.0000,0.5382,0.5557,0.5752,0.5519,0.5004,0.4677,0.4527
2380.0000,0.5447,0.5604,0.5747,0.5460,0.4931,0.4620,0.4459
2385.0000,0.5501,0.5642,0.5734,0.5394,0.4864,0.4556,0.4407
2390.0000,0.5558,0.5664,0.5714,0.5324,0.4798,0.4495,0.4352
2395.0000,0.5591,0.5688,0.5678,0.5258,0.4726,0.4446,0.4281
2400.0000,0.5616,0.5699,0.5638,0.5185,0.4667,0.4378,0.4255
2405.0000,0.5648,0.5691,0.5594,0.5113,0.4604,0.4324,0.4208
2410.0000,0.5656,0.5685,0.5536,0.5046,0.4537,0.4280,0.4151
2415.0000,0.5652,0.5670,0.5475,0.4977,0.4476,0.4232,0.4108
2420.0000,0.5657,0.5634,0.5417,0.4903,0.4423,0.4177,0.4080
2425.0000,0.5639,0.5602,0.5348,0.4838,0.4361,0.4140,0.4030
2430.0000,0.5606,0.5566,0.5276,0.4772,0.4305,0.4100,0.3995
2435.0000,0.5570,0.5521,0.5206,0.4706,0.4254,0.4060,0.3961
2440.0000,0.5552,0.5456,0.5141,0.4640,0.4202,0.4031,0.3904
2445.0000,0.5505,0.5397,0.5073,0.4574,0.4162,0.3983,0.3898
2450.0000,0.5440,0.5344,0.4999,0.4514,0.4117,0.3950,0.3869
2455.0000,0.5402,0.5271,0.4934,0.4451,0.4078,0.3916,0.3841
2460.0000,0.5349,0.5203,0.4866,0.4394,0.4037,0.3890,0.3803
2465.0000,0.5275,0.5142,0.4795,0.4339,0.4003,0.3855,0.3789
2470.0000,0.5223,0.5068,0.4731,0.4285,0.3969,0.3826,0.3765
2475.0000,0.5149,0.5009,0.4658,0.4239,0.3931,0.3807,0.3731
2480.0000,0.5081,0.4944,0.4593,0.4192,0.3901,0.3777,0.3719
2485.0000,0.5028,0.4868,0.4535,0.4144,0.3873,0.3752,0.3698
2490.0000,0.4955,0.4806,0.4470,0.4105,0.3840,0.3736,0.3667
2495.0000,0.4893,0.4736,0.4414,0.4063,0.3815,0.3712,0.3651
2500.0000,0.4833,0.4664,0.4364,0.4021,0.3794,0.3685,0.3639
2505.0000,0.4758,0.4608,0.4306,0.3988,0.3765,0.3670,0.3614
2510.0000,0.4683,0.4553,0.4252,0.3955,0.3742,0.3650,0.3601
2515.0000,0.4633,0.4487,0.4207,0.3921,0.3721,0.3630,0.3586
2520.0000,0.4576,0.4426,0.4162,0.3891,0.3697,0.3619,0.3558
2525.0000,0.4505,0.4376,0.4116,0.3861,0.3679,0.3596,0.3555
2530.0000,0.4456,0.4318,0.4078,0.3832,0.3661,0.3579,0.3544
2535.0000,0.4395,0.4272,0.4035,0.3809,0.3637,0.3571,0.3518
2540.0000,0.4345,0.4222,0.3999,0.3783,0.3621,0.3554,0.3512
2545.0000,0.4298,0.4171,0.3968,0.3757,0.3607,0.3536,0.3508
2550.0000,0.4243,0.4131,0.3931,0.3737,0.3586,0.3530,0.3486
2555.0000,0.4190,0.4093,0.3897,0.3716,0.3570,0.3516,0.3482
2560.0000,0.4144,0.4054,0.3868,0.3694,0.3556,0.3504,0.3476
2565.0000,0.4113,0.4010,0.3842,0.3674,0.3540,0.3501,0.3451
2570.0000,0.4065,0.3978,0.3815,0.3654,0.3529,0.3485,0.3458
2575.0000,0.4017,0.3949,0.3787,0.3636,0.3516,0.3476,0.3454
2580.0000,0.3993,0.3910,0.3766,0.3616,0.3506,0.3466,0.3449
2585.0000,0.3959,0.3879,0.3742,0.3601,0.3493,0.3464,0.3435
2590.0000,0.3916,0.3855,0.3718,0.3584,0.3484,0.3455,0.3436
2595.0000,0.3895,0.3822,0.3700,0.3567,0.3477,0.3447,0.3433
2600.0000,0.3860,0.3800,0.3676,0.3555,0.3465,0.3448,0.3418
2605.0000,0.3829,0.3777,0.3656,0.3541,0.3458,0.3440,0.3418
2610.0000,0.3812,0.3747,0.3641,0.3525,0.3455,0.3431,0.3418
2615.0000,0.3782,0.3728,0.3621,0.3515,0.3446,0.3431,0.3405
2620.0000,0.3754,0.3708,0.3603,0.3504,0.3442,0.3424,0.3405
2625.0000,0.3738,0.3682,0.3590,0.3491,0.3439,0.3417,0.3404
2630.0000,0.3712,0.3665,0.3571,0.3484,0.3431,0.3417,0.3391
2635.0000,0.3684,0.3650,0.3554,0.3476,0.3427,0.3411,0.3389
2640.0000,0.3672,0.3627,0.3543,0.3467,0.3425,0.3404,0.3386
2645.0000,0.3653,0.3611,0.3528,0.3462,0.3417,0.3406,0.3367
2650.0000,0.3628,0.3597,0.3515,0.3455,0.3415,0.3395,0.3372
2655.0000,0.3618,0.3577,0.3506,0.3447,0.3413,0.3387,0.3368
2660.0000,0.3598,0.3564,0.3493,0.3444,0.3405,0.3387,0.3350
2665.0000,0.3580,0.3551,0.3483,0.3439,0.3402,0.3378,0.3351
2670.0000,0.3571,0.3533,0.3477,0.3432,0.3400,0.3367,0.3351
2675.0000,0.3554,0.3523,0.3467,0.3430,0.3391,0.3366,0.3335
2680.0000,0.3537,0.3514,0.3459,0.3427,0.3385,0.3358,0.3335
2685.0000,0.3516,0.3507,0.3450,0.3423,0.3379,0.3351,0.3330
2690.0000,0.3516,0.3491,0.3447,0.3419,0.3370,0.3352,0.3308
2695.0000,0.3501,0.3484,0.3441,0.3414,0.3366,0.3340,0.3316
2700.0000,0.3485,0.3478,0.3435,0.3410,0.3360,0.3333,0.3314
2705.0000,0.3485,0.3465,0.3433,0.3403,0.3355,0.3325,0.3310
2710.0000,0.3474,0.3460,0.3427,0.3399,0.3345,0.3325,0.3296
2715.0000,0.3460,0.3456,0.3423,0.3393,0.3341,0.3315,0.3298
2720.0000,0.3462,0.3445,0.3422,0.3385,0.3336,0.3308,0.3295
2725.0000,0.3452,0.3441,0.3416,0.3381,0.3327,0.3308,0.3283
2730.0000,0.3441,0.3439,0.3411,0.3375,0.3322,0.3301,0.3283
2735.0000,0.3443,0.3429,0.3409,0.3366,0.3318,0.3293,0.3283
2740.0000,0.3434,0.3427,0.3402,0.3361,0.3309,0.3293,0.3272
2745.0000,0.3424,0.3426,0.3395,0.3355,0.3304,0.3288,0.3272
2750.0000,0.3426,0.3417,0.3392,0.3347,0.3301,0.3281,0.3272
2755.0000,0.3420,0.3414,0.3384,0.3342,0.3293,0.3283,0.3261
2760.0000,0.3411,0.3411,0.3378,0.3336,0.3289,0.3278,0.3263
2765.0000,0.3413,0.3402,0.3374,0.3328,0.3287,0.3272,0.3262
2770.0000,0.3406,0.3398,0.3366,0.3324,0.3279,0.3276,0.3248
2775.0000,0.3397,0.3394,0.3360,0.3317,0.3278,0.3268,0.3255
2780.0000,0.3397,0.3384,0.3356,0.3310,0.3276,0.3263,0.3255
2785.0000,0.3390,0.3381,0.3347,0.3307,0.3270,0.3267,0.3241
2790.0000,0.3380,0.3377,0.3340,0.3301,0.3268,0.3261,0.3246
2795.0000,0.3381,0.3367,0.3336,0.3295,0.3268,0.3255,0.3249
2800.0000,0.3373,0.3363,0.3328,0.3292,0.3262,0.3259,0.3237
2805.0000,0.3364,0.3358,0.3321,0.3288,0.3260,0.3254,0.3242
2810.0000,0.3350,0.3356,0.3313,0.3285,0.3257,0.3251,0.3243
2815.0000,0.3356,0.3344,0.3309,0.3282,0.3252,0.3257,0.3226
2820.0000,0.3346,0.3339,0.3304,0.3278,0.3252,0.3250,0.3236
2825.0000,0.3334,0.3336,0.3297,0.3275,0.3250,0.3247,0.3238
2830.0000,0.3337,0.3324,0.3296,0.3270,0.3250,0.3244,0.3238
2835.0000,0.3329,0.3321,0.3290,0.3269,0.3245,0.3248,0.3228
2840.0000,0.3317,0.3317,0.3285,0.3266,0.3246,0.3243,0.3233
2845.0000,0.3320,0.3307,0.3284,0.3261,0.3246,0.3239,0.3234
2850.0000,0.3312,0.3304,0.3279,0.3260,0.3242,0.3242,0.3224
2855.0000,0.3301,0.3302,0.3274,0.3258,0.3241,0.3239,0.3226
2860.0000,0.3304,0.3292,0.3274,0.3254,0.3242,0.3234,0.3228
2865.0000,0.3297,0.3291,0.3268,0.3254,0.3238,0.3237,0.3218
2870.0000,0.3288,0.3289,0.3264,0.3252,0.3238,0.3233,0.3220
2875.0000,0.3290,0.3281,0.3264,0.3249,0.3238,0.3228,0.3221
2880.0000,0.3284,0.3280,0.3259,0.3250,0.3233,0.3232,0.3208
2885.0000,0.3276,0.3278,0.3256,0.3248,0.3233,0.3226,0.3214
2890.0000,0.3279,0.3271,0.3256,0.3246,0.3232,0.3222,0.3214
2895.0000,0.3273,0.3270,0.3252,0.3246,0.3227,0.3226,0.3200
2900.0000,0.3266,0.3268,0.3250,0.3244,0.3227,0.3220,0.3206
2905.0000,0.3269,0.3262,0.3251,0.3241,0.3226,0.3216,0.3206
2910.0000,0.3264,0.3261,0.3247,0.3242,0.3221,0.3219,0.3192
2915.0000,0.3257,0.3260,0.3245,0.3240,0.3220,0.3213,0.3197
2920.0000,0.3261,0.3254,0.3247,0.3236,0.3220,0.3207,0.3199
2925.0000,0.3256,0.3254,0.3244,0.3236,0.3215,0.3210,0.3186
2930.0000,0.3251,0.3254,0.3242,0.3234,0.3213,0.3205,0.3191
2935.0000,0.3241,0.3256,0.3238,0.3233,0.3211,0.3201,0.3192
2940.0000,0.3250,0.3249,0.3239,0.3231,0.3205,0.3205,0.3176
2945.0000,0.3246,0.3249,0.3237,0.3228,0.3205,0.3198,0.3186
2950.0000,0.3239,0.3250,0.3234,0.3227,0.3202,0.3195,0.3188
2955.0000,0.3246,0.3243,0.3236,0.3223,0.3201,0.3192,0.3189
2960.0000,0.3241,0.3245,0.3232,0.3222,0.3195,0.3196,0.3180
2965.0000,0.3234,0.3246,0.3229,0.3220,0.3194,0.3192,0.3185
2970.0000,0.3241,0.3239,0.3231,0.3215,0.3194,0.3189,0.3186
2975.0000,0.3237,0.3239,0.3227,0.3214,0.3189,0.3194,0.3177
2980.0000,0.3230,0.3240,0.3224,0.3211,0.3188,0.3190,0.3181
2985.0000,0.3237,0.3233,0.3225,0.3206,0.3190,0.3187,0.3185
2990.0000,0.3233,0.3233,0.3222,0.3205,0.3186,0.3191,0.3177
2995.0000,0.3228,0.3233,0.3218,0.3202,0.3186,0.3188,0.3182
3000.0000,0.3231,0.3227,0.3218,0.3198,0.3187,0.3185,0.3185
3005.0000,0.3227,0.3228,0.3213,0.3198,0.3183,0.3192,0.3175
3010.0000,0.3221,0.3228,0.3209,0.3196,0.3184,0.3188,0.3184
3015.0000,0.3225,0.3222,0.3209,0.3193,0.3185,0.3186,0.3187
3020.0000,0.3222,0.3221,0.3204,0.3194,0.3181,0.3193,0.3177
3025.0000,0.3216,0.3221,0.3201,0.3192,0.3182,0.3190,0.3187
3030.0000,0.3220,0.3214,0.3201,0.3189,0.3184,0.3189,0.3191
3035.0000,0.3215,0.3213,0.3197,0.3191,0.3181,0.3197,0.3182
3040.0000,0.3209,0.3213,0.3194,0.3190,0.3182,0.3195,0.3190
3045.0000,0.3212,0.3206,0.3195,0.3187,0.3185,0.3194,0.3196
3050.0000,0.3208,0.3205,0.3191,0.3188,0.3183,0.3201,0.3186
3055.0000,0.3203,0.3204,0.3190,0.3187,0.3185,0.3200,0.3195
3060.0000,0.3192,0.3206,0.3187,0.3187,0.3187,0.3200,0.3201
3065.0000,0.3201,0.3198,0.3187,0.3187,0.3186,0.3209,0.3188
3070.0000,0.3196,0.3198,0.3186,0.3187,0.3190,0.3206,0.3200
3075.0000,0.3189,0.3199,0.3184,0.3187,0.3192,0.3206,0.3206
3080.0000,0.3195,0.3192,0.3186,0.3186,0.3196,0.3206,0.3210
3085.0000,0.3190,0.3194,0.3183,0.3189,0.3195,0.3213,0.3204
3090.0000,0.3184,0.3195,0.3182,0.3190,0.3198,0.3212,0.3211
3095.0000,0.3191,0.3189,0.3184,0.3189,0.3202,0.3212,0.3214
3100.0000,0.3188,0.3190,0.3182,0.3192,0.3202,0.3218,0.3208
3105.0000,0.3180,0.3192,0.3181,0.3194,0.3205,0.3218,0.3214
3110.0000,0.3188,0.3186,0.3185,0.3194,0.3209,0.3216,0.3220
3115.0000,0.3184,0.3188,0.3183,0.3198,0.3208,0.3222,0.3214
3120.0000,0.3180,0.3189,0.3183,0.3200,0.3211,0.3222,0.3221
3125.0000,0.3186,0.3185,0.3187,0.3200,0.3214,0.3221,0.3226
3130.0000,0.3183,0.3188,0.3185,0.3205,0.3211,0.3229,0.3218
3135.0000,0.3179,0.3190,0.3186,0.3207,0.3214,0.3228,0.3228
3140.0000,0.3185,0.3186,0.3191,0.3207,0.3218,0.3228,0.3234
3145.0000,0.3184,0.3188,0.3191,0.3211,0.3215,0.3237,0.3226
3150.0000,0.3180,0.3191,0.3192,0.3212,0.3219,0.3236,0.3237
3155.0000,0.3187,0.3188,0.3197,0.3212,0.3222,0.3237,0.3244
3160.0000,0.3186,0.3191,0.3197,0.3216,0.3221,0.3246,0.3237
3165.0000,0.3183,0.3195,0.3199,0.3217,0.3224,0.3247,0.3249
3170.0000,0.3189,0.3193,0.3203,0.3217,0.3229,0.3248,0.3257
3175.0000,0.3190,0.3196,0.3204,0.3220,0.3228,0.3258,0.3251
3180.0000,0.3188,0.3199,0.3205,0.3221,0.3232,0.3260,0.3262
3185.0000,0.3180,0.3206,0.3205,0.3223,0.3236,0.3264,0.3270
3190.0000,0.3194,0.3203,0.3208,0.3225,0.3237,0.3275,0.3259
3195.0000,0.3194,0.3205,0.3210,0.3226,0.3243,0.3275,0.3275
3200.0000,0.3191,0.3209,0.3211,0.3228,0.3248,0.3278,0.3283
3205.0000,0.3201,0.3206,0.3215,0.3228,0.3255,0.3280,0.3290
3210.0000,0.3199,0.3211,0.3214,0.3233,0.3257,0.3290,0.3286
3215.0000,0.3196,0.3215,0.3215,0.3235,0.3264,0.3291,0.3296
3220.0000,0.3206,0.3212,0.3219,0.3237,0.3271,0.3293,0.3304
3225.0000,0.3206,0.3215,0.3219,0.3242,0.3273,0.3302,0.3300
3230.0000,0.3201,0.3220,0.3219,0.3247,0.3279,0.3304,0.3310
3235.0000,0.3211,0.3217,0.3224,0.3250,0.3285,0.3307,0.3317
3240.0000,0.3211,0.3221,0.3224,0.3256,0.3287,0.3316,0.3314
3245.0000,0.3209,0.3225,0.3226,0.3261,0.3292,0.3318,0.3325
3250.0000,0.3217,0.3222,0.3231,0.3265,0.3298,0.3321,0.3333
3255.0000,0.3216,0.3227,0.3232,0.3272,0.3298,0.3332,0.3327
3260.0000,0.3215,0.3230,0.3236,0.3276,0.3304,0.3334,0.3340
3265.0000,0.3223,0.3228,0.3243,0.3279,0.3311,0.3336,0.3350
3270.0000,0.3224,0.3232,0.3246,0.3286,0.3312,0.3348,0.3344
3275.0000,0.3222,0.3237,0.3250,0.3290,0.3317,0.3351,0.3358
3280.0000,0.3230,0.3236,0.3257,0.3293,0.3324,0.3354,0.3369
3285.0000,0.3231,0.3241,0.3260,0.3299,0.3326,0.3367,0.3364
3290.0000,0.3229,0.3248,0.3264,0.3303,0.3332,0.3371,0.3378
3295.0000,0.3239,0.3248,0.3271,0.3306,0.3339,0.3375,0.3388
3300.0000,0.3241,0.3254,0.3274,0.3312,0.3342,0.3389,0.3382
3305.0000,0.3243,0.3260,0.3279,0.3316,0.3350,0.3392,0.3398
3310.0000,0.3237,0.3269,0.3281,0.3321,0.3357,0.3397,0.3410
3315.0000,0.3253,0.3268,0.3287,0.3325,0.3361,0.3411,0.3401
3320.0000,0.3256,0.3274,0.3292,0.3329,0.3370,0.3412,0.3420
3325.0000,0.3256,0.3280,0.3296,0.3334,0.3379,0.3417,0.3432
3330.0000,0.3268,0.3280,0.3303,0.3338,0.3388,0.3422,0.3443
3335.0000,0.3269,0.3288,0.3304,0.3346,0.3391,0.3435,0.3443
3340.0000,0.3268,0.3295,0.3307,0.3353,0.3399,0.3440,0.3456
3345.0000,0.3282,0.3295,0.3315,0.3357,0.3408,0.3446,0.3468
3350.0000,0.3284,0.3301,0.3317,0.3366,0.3412,0.3460,0.3468
3355.0000,0.3281,0.3309,0.3320,0.3373,0.3420,0.3466,0.3484
3360.0000,0.3295,0.3308,0.3329,0.3378,0.3429,0.3473,0.3495
3365.0000,0.3298,0.3314,0.3333,0.3387,0.3434,0.3487,0.3496
3370.0000,0.3299,0.3320,0.3339,0.3393,0.3443,0.3494,0.3514
3375.0000,0.3310,0.3320,0.3348,0.3397,0.3455,0.3499,0.3534
3380.0000,0.3312,0.3328,0.3352,0.3407,0.3459,0.3516,0.3539
3385.0000,0.3315,0.3333,0.3361,0.3411,0.3475,0.3512,0.3600
3390.0000,0.3324,0.3335,0.3370,0.3416,0.3486,0.3518,0.3663
3395.0000,0.3328,0.3343,0.3373,0.3428,0.3488,0.3544,0.3724
3400.0000,0.3326,0.3355,0.3375,0.3440,0.3489,0.3577,0.3813
3405.0000,0.3339,0.3360,0.3377,0.3457,0.3478,0.3647,0.3865
3410.0000,0.3342,0.3370,0.3380,0.3470,0.3476,0.3719,0.3940
3415.0000,0.3344,0.3379,0.3385,0.3479,0.3481,0.3801,0.4019
3420.0000,0.3338,0.3390,0.3393,0.3485,0.3497,0.3894,0.4094
3425.0000,0.3363,0.3384,0.3410,0.3484,0.3526,0.3997,0.4150
3430.0000,0.3372,0.3382,0.3433,0.3471,0.3590,0.4063,0.4308
3435.0000,0.3381,0.3382,0.3455,0.3459,0.3664,0.4136,0.4477
3440.0000,0.3389,0.3387,0.3467,0.3460,0.3731,0.4249,0.4613
3445.0000,0.3397,0.3393,0.3476,0.3465,0.3808,0.4370,0.4762
3450.0000,0.3402,0.3404,0.3480,0.3476,0.3901,0.4487,0.4963
3455.0000,0.3407,0.3418,0.3478,0.3499,0.3997,0.4620,0.5186
3460.0000,0.3405,0.3440,0.3465,0.3539,0.4089,0.4787,0.5420
3465.0000,0.3392,0.3471,0.3442,0.3599,0.4171,0.5005,0.5608
3470.0000,0.3422,0.3473,0.3441,0.3651,0.4286,0.5207,0.5867
3475.0000,0.3421,0.3490,0.3433,0.3721,0.4401,0.5446,0.6120
3480.0000,0.3414,0.3502,0.3438,0.3788,0.4549,0.5673,0.6461
3485.0000,0.3449,0.3491,0.3457,0.3866,0.4694,0.5967,0.6732
3490.0000,0.3461,0.3486,0.3487,0.3948,0.4865,0.6270,0.7020
3495.0000,0.3482,0.3471,0.3539,0.4023,0.5081,0.6553,0.7392
3500.0000,0.3484,0.3471,0.3594,0.4108,0.5319,0.6849,0.7790
3505.0000,0.3501,0.3472,0.3653,0.4211,0.5561,0.7195,0.8159
3510.0000,0.3503,0.3497,0.3707,0.4336,0.5813,0.7579,0.8477
3515.0000,0.3508,0.3530,0.3772,0.4464,0.6114,0.7925,0.8891
3520.0000,0.3514,0.3585,0.3826,0.4626,0.6410,0.8324,0.9247
3525.0000,0.3522,0.3648,0.3891,0.4797,0.6748,0.8686,0.9719
3530.0000,0.3575,0.3699,0.3965,0.4998,0.7075,0.9120,1.0059
3535.0000,0.3619,0.3763,0.4048,0.5217,0.7426,0.9551,1.0385
3540.0000,0.3682,0.3815,0.4162,0.5438,0.7827,0.9920,1.0841
3545.0000,0.3730,0.3885,0.4283,0.5684,0.8238,1.0291,1.1294
3550.0000,0.3800,0.3962,0.4412,0.5965,0.8631,1.0714,1.1658
3590.0000,0.4636,0.5064,0.6111,0.8864,1.1911,1.3644,1.4402
3595.0000,0.4822,0.5260,0.6426,0.9279,1.2291,1.3967,1.4720
3600.0000,0.5016,0.5478,0.6757,0.9704,1.2642,1.4313,1.4978
3605.0000,0.5154,0.5757,0.7090,1.0132,1.2991,1.4630,1.5259
3610.0000,0.5413,0.6005,0.7466,1.0545,1.3334,1.4947,1.5475
3615.0000,0.5665,0.6281,0.7854,1.0955,1.3663,1.5261,1.5624
3620.0000,0.5957,0.6551,0.8282,1.1329,1.4033,1.5477,1.5899
3625.0000,0.6220,0.6865,0.8705,1.1702,1.4384,1.5685,1.6131
3630.0000,0.6479,0.7231,0.9104,1.2093,1.4686,1.5931,1.6258
3635.0000,0.6820,0.7572,0.9531,1.2459,1.4999,1.6122,1.6411
3640.0000,0.7145,0.7943,0.9947,1.2820,1.5296,1.6285,1.6551
3645.0000,0.7502,0.8319,1.0358,1.3184,1.5555,1.6465,1.6599
