150.0000,0.1824,0.1862,0.1917,0.1988,0.2156,0.2295,0.2476
155.0000,0.1840,0.1872,0.1928,0.2001,0.2190,0.2316,0.2601
160.0000,0.1850,0.1889,0.1930,0.2024,0.2210,0.2369,0.2731
165.0000,0.1860,0.1904,0.1933,0.2050,0.2226,0.2439,0.2895
170.0000,0.1878,0.1909,0.1945,0.2070,0.2257,0.2504,0.3164
175.0000,0.1887,0.1922,0.1950,0.2100,0.2270,0.2628,0.3465
180.0000,0.1891,0.1936,0.1959,0.2128,0.2293,0.2773,0.3918
185.0000,0.1908,0.1950,0.1958,0.2177,0.2274,0.3065,0.4285
190.0000,0.1915,0.1964,0.1969,0.2210,0.2293,0.3379,0.4795
195.0000,0.1921,0.1975,0.1987,0.2235,0.2337,0.3765,0.5392
200.0000,0.1918,0.1990,0.2009,0.2256,0.2407,0.4246,0.6039
205.0000,0.1950,0.1986,0.2048,0.2263,0.2528,0.4811,0.6749
210.0000,0.1959,0.2003,0.2069,0.2290,0.2652,0.5582,0.7103
215.0000,0.1979,0.2002,0.2123,0.2272,0.2927,0.6290,0.7627
220.0000,0.1999,0.2003,0.2179,0.2255,0.3289,0.7051,0.8002
260.0000,0.2119,0.2270,0.2223,0.3530,0.9379,0.8218,0.6191
265.0000,0.2160,0.2335,0.2155,0.4152,0.9971,0.7388,0.5793
270.0000,0.2142,0.2452,0.2058,0.4947,1.0247,0.6571,0.5286
275.0000,0.2092,0.2576,0.2002,0.5852,1.0230,0.5749,0.4755
280.0000,0.2241,0.2581,0.2082,0.6799,0.9909,0.4999,0.4198
285.0000,0.2192,0.2697,0.2236,0.7738,0.9373,0.4182,0.4003
290.0000,0.2190,0.2783,0.2535,0.8636,0.8524,0.3648,0.3522
295.0000,0.2403,0.2740,0.3081,0.9356,0.7525,0.3253,0.3091
300.0000,0.2497,0.2780,0.3791,0.9847,0.6511,0.2836,0.3016
305.0000,0.2625,0.2876,0.4623,1.0137,0.5389,0.2725,0.2593
310.0000,0.2787,0.3029,0.5588,1.0133,0.4374,0.2627,0.2346
315.0000,0.3074,0.3201,0.6658,0.9830,0.3499,0.2590,0.2109
320.0000,0.3456,0.3465,0.7732,0.9259,0.2813,0.2548,0.1959
325.0000,0.3871,0.3887,0.8698,0.8482,0.2339,0.2455,0.1918
330.0000,0.4016,0.4611,0.9376,0.7650,0.1930,0.2515,0.1587
335.0000,0.4561,0.5232,0.9961,0.6644,0.1820,0.2323,0.1780
340.0000,0.5148,0.5939,1.0256,0.5656,0.1796,0.2182,0.1842
345.0000,0.5516,0.6805,1.0180,0.4783,0.1784,0.2132,0.1738
350.0000,0.5963,0.7628,0.9833,0.3997,0.1857,0.1995,0.1850
355.0000,0.6494,0.8308,0.9259,0.3347,0.1925,0.1911,0.1869
360.0000,0.7134,0.8751,0.8543,0.2821,0.1990,0.1851,0.1861
365.0000,0.7407,0.9193,0.7600,0.2485,0.2004,0.1811,0.1880
370.0000,0.7713,0.9332,0.6648,0.2252,0.1996,0.1806,0.1842
375.0000,0.8226,0.9057,0.5818,0.2058,0.2012,0.1782,0.1822
380.0000,0.8346,0.8700,0.4988,0.1963,0.2001,0.1755,0.1843
385.0000,0.8335,0.8156,0.4264,0.1917,0.1969,0.1761,0.1809
390.0000,0.8188,0.7480,0.3661,0.1895,0.1937,0.1764,0.1783
395.0000,0.7824,0.6790,0.3148,0.1902,0.1900,0.1758,0.1783
400.0000,0.7373,0.6069,0.2750,0.1914,0.1862,0.1763,0.1764
405.0000,0.6836,0.5371,0.2449,0.1927,0.1826,0.1766,0.1752
410.0000,0.6362,0.4630,0.2288,0.1906,0.1817,0.1754,0.1746
415.0000,0.5709,0.4067,0.2134,0.1910,0.1790,0.1754,0.1739
420.0000,0.5079,0.3591,0.2026,0.1911,0.1766,0.1755,0.1733
425.0000,0.4510,0.3195,0.1952,0.1910,0.1741,0.1765,0.1710
430.0000,0.4076,0.2820,0.1940,0.1884,0.1741,0.1752,0.1719
435.0000,0.3608,0.2563,0.1921,0.1865,0.1736,0.1743,0.1723
440.0000,0.3213,0.2372,0.1906,0.1850,0.1727,0.1747,0.1708
445.0000,0.2897,0.2226,0.1900,0.1829,0.1726,0.1739,0.1714
450.0000,0.2679,0.2098,0.1908,0.1803,0.1732,0.1730,0.1716
455.0000,0.2465,0.2023,0.1902,0.1785,0.1731,0.1729,0.1706
460.0000,0.2281,0.1989,0.1884,0.1774,0.1729,0.1724,0.1707
465.0000,0.2150,0.1965,0.1865,0.1765,0.1727,0.1721,0.1702
470.0000,0.2082,0.1934,0.1852,0.1755,0.1726,0.1720,0.1688
475.0000,0.2016,0.1919,0.1835,0.1748,0.1726,0.1712,0.1690
480.0000,0.1961,0.1908,0.1815,0.1744,0.1724,0.1706,0.1687
485.0000,0.1942,0.1886,0.1804,0.1738,0.1725,0.1698,0.1684
490.0000,0.1919,0.1869,0.1790,0.1735,0.1721,0.1693,0.1676
495.0000,0.1892,0.1856,0.1777,0.1732,0.1719,0.1684,0.1677
500.0000,0.1879,0.1837,0.1768,0.1730,0.1715,0.1677,0.1677
505.0000,0.1859,0.1826,0.1757,0.1731,0.1708,0.1674,0.1675
510.0000,0.1841,0.1814,0.1748,0.1731,0.1700,0.1671,0.1675
515.0000,0.1831,0.1798,0.1743,0.1729,0.1692,0.1671,0.1675
520.0000,0.1816,0.1788,0.1737,0.1729,0.1683,0.1673,0.1672
525.0000,0.1800,0.1779,0.1732,0.1727,0.1675,0.1675,0.1671
530.0000,0.1793,0.1767,0.1732,0.1722,0.1669,0.1677,0.1670
535.0000,0.1782,0.1758,0.1731,0.1717,0.1663,0.1683,0.1659
540.0000,0.1772,0.1750,0.1732,0.1709,0.1663,0.1680,0.1661
545.0000,0.1765,0.1742,0.1733,0.1701,0.1665,0.1678,0.1658
550.0000,0.1758,0.1737,0.1732,0.1693,0.1665,0.1680,0.1643
555.0000,0.1751,0.1733,0.1732,0.1685,0.1670,0.1673,0.1642
560.0000,0.1746,0.1729,0.1730,0.1677,0.1676,0.1663,0.1641
565.0000,0.1739,0.1729,0.1723,0.1673,0.1677,0.1658,0.1629
570.0000,0.1732,0.1731,0.1716,0.1670,0.1679,0.1648,0.1627
575.0000,0.1722,0.1734,0.1705,0.1670,0.1678,0.1639,0.1621
580.0000,0.1727,0.1729,0.1698,0.1671,0.1674,0.1633,0.1609
585.0000,0.1722,0.1728,0.1688,0.1673,0.1670,0.1622,0.1609
590.0000,0.1715,0.1727,0.1679,0.1677,0.1663,0.1615,0.1603
595.0000,0.1720,0.1717,0.1675,0.1679,0.1655,0.1608,0.1598
600.0000,0.1714,0.1713,0.1670,0.1682,0.1644,0.1604,0.1590
605.0000,0.1708,0.1706,0.1668,0.1682,0.1634,0.1598,0.1588
610.0000,0.1708,0.1696,0.1669,0.1680,0.1625,0.1593,0.1584
615.0000,0.1704,0.1689,0.1671,0.1677,0.1614,0.1592,0.1576
620.0000,0.1697,0.1683,0.1674,0.1672,0.1606,0.1587,0.1576
625.0000,0.1694,0.1677,0.1678,0.1664,0.1600,0.1583,0.1575
630.0000,0.1688,0.1674,0.1680,0.1657,0.1591,0.1583,0.1567
635.0000,0.1681,0.1674,0.1681,0.1648,0.1587,0.1579,0.1568
640.0000,0.1681,0.1672,0.1682,0.1638,0.1584,0.1574,0.1569
645.0000,0.1677,0.1673,0.1680,0.1630,0.1579,0.1575,0.1564
650.0000,0.1673,0.1675,0.1676,0.1621,0.1576,0.1572,0.1565
655.0000,0.1675,0.1674,0.1672,0.1612,0.1575,0.1569,0.1566
660.0000,0.1672,0.1677,0.1664,0.1606,0.1571,0.1571,0.1560
665.0000,0.1669,0.1677,0.1656,0.1599,0.1570,0.1568,0.1563
670.0000,0.1673,0.1673,0.1649,0.1593,0.1570,0.1566,0.1564
675.0000,0.1671,0.1671,0.1639,0.1589,0.1567,0.1569,0.1558
680.0000,0.1667,0.1668,0.1630,0.1584,0.1566,0.1567,0.1560
685.0000,0.1667,0.1660,0.1623,0.1580,0.1567,0.1565,0.1562
690.0000,0.1663,0.1655,0.1614,0.1578,0.1564,0.1567,0.1555
695.0000,0.1656,0.1649,0.1607,0.1575,0.1564,0.1565,0.1557
700.0000,0.1648,0.1643,0.1599,0.1573,0.1565,0.1564,0.1557
705.0000,0.1648,0.1633,0.1594,0.1571,0.1563,0.1566,0.1548
710.0000,0.1640,0.1626,0.1589,0.1570,0.1564,0.1561,0.1554
715.0000,0.1630,0.1620,0.1584,0.1569,0.1564,0.1559,0.1556
720.0000,0.1627,0.1611,0.1581,0.1567,0.1565,0.1557,0.1557
725.0000,0.1619,0.1605,0.1577,0.1568,0.1562,0.1558,0.1554
730.0000,0.1609,0.1601,0.1573,0.1568,0.1561,0.1556,0.1557
735.0000,0.1607,0.1594,0.1572,0.1567,0.1560,0.1555,0.1559
740.0000,0.1600,0.1590,0.1569,0.1568,0.1557,0.1558,0.1556
745.0000,0.1593,0.1587,0.1567,0.1568,0.1556,0.1558,0.1559
750.0000,0.1592,0.1581,0.1568,0.1566,0.1555,0.1559,0.1561
755.0000,0.1586,0.1579,0.1566,0.1566,0.1552,0.1563,0.1557
760.0000,0.1580,0.1577,0.1565,0.1565,0.1552,0.1564,0.1559
765.0000,0.1580,0.1572,0.1567,0.1562,0.1554,0.1564,0.1560
770.0000,0.1576,0.1571,0.1566,0.1561,0.1553,0.1567,0.1554
775.0000,0.1572,0.1570,0.1567,0.1559,0.1556,0.1566,0.1555
780.0000,0.1573,0.1567,0.1568,0.1556,0.1559,0.1564,0.1555
785.0000,0.1570,0.1567,0.1566,0.1556,0.1560,0.1565,0.1547
790.0000,0.1567,0.1567,0.1565,0.1554,0.1563,0.1560,0.1551
795.0000,0.1568,0.1566,0.1564,0.1554,0.1566,0.1556,0.1552
800.0000,0.1566,0.1567,0.1561,0.1555,0.1565,0.1556,0.1547
805.0000,0.1562,0.1569,0.1558,0.1557,0.1565,0.1552,0.1551
810.0000,0.1565,0.1566,0.1557,0.1558,0.1564,0.1549,0.1553
815.0000,0.1564,0.1567,0.1554,0.1562,0.1561,0.1550,0.1551
820.0000,0.1561,0.1567,0.1552,0.1564,0.1557,0.1550,0.1555
825.0000,0.1556,0.1567,0.1550,0.1567,0.1553,0.1551,0.1557
830.0000,0.1562,0.1562,0.1551,0.1568,0.1549,0.1557,0.1552
835.0000,0.1560,0.1561,0.1553,0.1568,0.1547,0.1557,0.1560
840.0000,0.1557,0.1559,0.1555,0.1567,0.1545,0.1559,0.1564
845.0000,0.1560,0.1556,0.1559,0.1564,0.1546,0.1562,0.1569
850.0000,0.1558,0.1555,0.1561,0.1562,0.1544,0.1568,0.1568
855.0000,0.1556,0.1555,0.1563,0.1559,0.1547,0.1570,0.1572
860.0000,0.1557,0.1554,0.1566,0.1555,0.1550,0.1573,0.1576
865.0000,0.1556,0.1556,0.1566,0.1552,0.1552,0.1579,0.1572
870.0000,0.1553,0.1559,0.1566,0.1550,0.1557,0.1580,0.1576
875.0000,0.1557,0.1559,0.1566,0.1547,0.1563,0.1580,0.1579
880.0000,0.1556,0.1562,0.1563,0.1547,0.1566,0.1584,0.1574
885.0000,0.1553,0.1566,0.1559,0.1548,0.1571,0.1584,0.1575
890.0000,0.1559,0.1564,0.1557,0.1548,0.1577,0.1582,0.1575
895.0000,0.1558,0.1565,0.1553,0.1551,0.1579,0.1584,0.1568
900.0000,0.1557,0.1566,0.1550,0.1554,0.1583,0.1581,0.1567
905.0000,0.1561,0.1562,0.1549,0.1557,0.1586,0.1576,0.1565
910.0000,0.1560,0.1561,0.1546,0.1562,0.1586,0.1576,0.1556
915.0000,0.1557,0.1560,0.1545,0.1567,0.1588,0.1569,0.1558
920.0000,0.1559,0.1556,0.1546,0.1571,0.1588,0.1564,0.1555
925.0000,0.1557,0.1555,0.1546,0.1576,0.1584,0.1562,0.1547
930.0000,0.1553,0.1555,0.1547,0.1581,0.1581,0.1557,0.1546
935.0000,0.1555,0.1552,0.1551,0.1584,0.1577,0.1552,0.1545
940.0000,0.1553,0.1552,0.1554,0.1587,0.1571,0.1551,0.1538
945.0000,0.1551,0.1552,0.1558,0.1589,0.1566,0.1547,0.1537
950.0000,0.1547,0.1554,0.1562,0.1590,0.1560,0.1544,0.1535
955.0000,0.1552,0.1553,0.1568,0.1589,0.1554,0.1545,0.1524
960.0000,0.1552,0.1555,0.1573,0.1586,0.1550,0.1540,0.1528
965.0000,0.1551,0.1559,0.1577,0.1583,0.1546,0.1537,0.1527
970.0000,0.1556,0.1560,0.1583,0.1579,0.1543,0.1533,0.1525
975.0000,0.1556,0.1564,0.1585,0.1575,0.1539,0.1533,0.1518
980.0000,0.1558,0.1568,0.1587,0.1570,0.1537,0.1528,0.1521
985.0000,0.1563,0.1570,0.1589,0.1564,0.1536,0.1525,0.1521
990.0000,0.1566,0.1574,0.1587,0.1560,0.1532,0.1525,0.1516
995.0000,0.1564,0.1580,0.1584,0.1556,0.1530,0.1522,0.1518
1000.0000,0.1571,0.1580,0.1582,0.1551,0.1529,0.1519,0.1520
1005.0000,0.1572,0.1583,0.1577,0.1548,0.1525,0.1520,0.1517
1010.0000,0.1572,0.1586,0.1572,0.1545,0.1522,0.1519,0.1519
1015.0000,0.1578,0.1583,0.1569,0.1541,0.1521,0.1519,0.1519
1020.0000,0.1578,0.1583,0.1563,0.1539,0.1517,0.1522,0.1516
1025.0000,0.1576,0.1581,0.1559,0.1536,0.1516,0.1522,0.1518
1030.0000,0.1578,0.1576,0.1556,0.1532,0.1516,0.1521,0.1519
1035.0000,0.1576,0.1573,0.1552,0.1530,0.1514,0.1525,0.1513
1040.0000,0.1572,0.1570,0.1548,0.1527,0.1516,0.1523,0.1516
1045.0000,0.1572,0.1564,0.1546,0.1524,0.1518,0.1522,0.1517
1050.0000,0.1568,0.1561,0.1542,0.1522,0.1517,0.1524,0.1510
1055.0000,0.1564,0.1558,0.1539,0.1520,0.1519,0.1521,0.1514
1060.0000,0.1562,0.1552,0.1537,0.1518,0.1522,0.1518,0.1516
1065.0000,0.1557,0.1550,0.1533,0.1518,0.1521,0.1520,0.1510
1070.0000,0.1552,0.1548,0.1528,0.1518,0.1521,0.1518,0.1512
1075.0000,0.1544,0.1548,0.1524,0.1520,0.1521,0.1517,0.1511
1080.0000,0.1547,0.1542,0.1522,0.1520,0.1519,0.1519,0.1502
1085.0000,0.1542,0.1540,0.1519,0.1521,0.1519,0.1516,0.1505
1090.0000,0.1536,0.1538,0.1517,0.1522,0.1518,0.1513,0.1503
1095.0000,0.1538,0.1532,0.1518,0.1522,0.1518,0.1510,0.1502
1100.0000,0.1534,0.1529,0.1517,0.1523,0.1516,0.1510,0.1494
1105.0000,0.1529,0.1527,0.1517,0.1522,0.1516,0.1505,0.1497
1110.0000,0.1530,0.1523,0.1519,0.1521,0.1516,0.1500,0.1497
1115.0000,0.1527,0.1522,0.1519,0.1522,0.1513,0.1499,0.1493
1120.0000,0.1522,0.1522,0.1519,0.1522,0.1511,0.1496,0.1495
1125.0000,0.1523,0.1519,0.1520,0.1520,0.1509,0.1492,0.1499
1130.0000,0.1521,0.1520,0.1519,0.1521,0.1504,0.1493,0.1499
1135.0000,0.1517,0.1522,0.1519,0.1521,0.1500,0.1493,0.1506
1140.0000,0.1520,0.1520,0.1520,0.1520,0.1496,0.1495,0.1510
1145.0000,0.1518,0.1522,0.1518,0.1519,0.1491,0.1500,0.1513
1150.0000,0.1516,0.1523,0.1518,0.1518,0.1488,0.1505,0.1521
1155.0000,0.1519,0.1520,0.1520,0.1514,0.1486,0.1511,0.1528
1160.0000,0.1518,0.1521,0.1519,0.1512,0.1484,0.1522,0.1528
1165.0000,0.1518,0.1520,0.1520,0.1507,0.1486,0.1529,0.1535
1170.0000,0.1520,0.1518,0.1522,0.1501,0.1490,0.1535,0.1541
1175.0000,0.1520,0.1518,0.1521,0.1498,0.1494,0.1546,0.1536
1180.0000,0.1518,0.1518,0.1520,0.1493,0.1502,0.1550,0.1543
1185.0000,0.1519,0.1517,0.1519,0.1488,0.1513,0.1552,0.1547
1190.0000,0.1518,0.1518,0.1515,0.1487,0.1520,0.1558,0.1540
1195.0000,0.1516,0.1518,0.1511,0.1486,0.1531,0.1556,0.1544
1200.0000,0.1511,0.1521,0.1505,0.1488,0.1541,0.1555,0.1545
1205.0000,0.1516,0.1518,0.1501,0.1491,0.1548,0.1556,0.1536
1210.0000,0.1513,0.1518,0.1495,0.1497,0.1556,0.1550,0.1541
1215.0000,0.1508,0.1518,0.1489,0.1504,0.1560,0.1546,0.1540
1220.0000,0.1512,0.1512,0.1486,0.1512,0.1563,0.1542,0.1539
1225.0000,0.1508,0.1512,0.1482,0.1523,0.1562,0.1540,0.1535
1230.0000,0.1502,0.1510,0.1480,0.1532,0.1560,0.1537,0.1535
1235.0000,0.1506,0.1503,0.1483,0.1540,0.1557,0.1534,0.1534
1240.0000,0.1503,0.1500,0.1486,0.1549,0.1552,0.1534,0.1530
1245.0000,0.1499,0.1497,0.1492,0.1555,0.1547,0.1533,0.1530
1250.0000,0.1500,0.1493,0.1501,0.1559,0.1542,0.1531,0.1530
1255.0000,0.1498,0.1492,0.1510,0.1562,0.1536,0.1533,0.1525
1260.0000,0.1495,0.1493,0.1519,0.1562,0.1533,0.1533,0.1525
1265.0000,0.1497,0.1494,0.1530,0.1560,0.1531,0.1531,0.1526
1270.0000,0.1497,0.1499,0.1538,0.1558,0.1527,0.1534,0.1519
1275.0000,0.1499,0.1504,0.1546,0.1553,0.1528,0.1529,0.1529
1280.0000,0.1503,0.1509,0.1554,0.1547,0.1530,0.1522,0.1546
1285.0000,0.1505,0.1518,0.1557,0.1544,0.1528,0.1525,0.1556
1290.0000,0.1509,0.1526,0.1559,0.1540,0.1530,0.1520,0.1597
1295.0000,0.1517,0.1531,0.1561,0.1535,0.1531,0.1518,0.1655
1300.0000,0.1522,0.1540,0.1557,0.1536,0.1524,0.1534,0.1720
1305.0000,0.1523,0.1548,0.1553,0.1534,0.1524,0.1543,0.1862
1310.0000,0.1533,0.1552,0.1547,0.1538,0.1509,0.1595,0.1996
1315.0000,0.1536,0.1558,0.1538,0.1543,0.1494,0.1667,0.2177
1320.0000,0.1536,0.1563,0.1531,0.1547,0.1481,0.1767,0.2412
1325.0000,0.1530,0.1568,0.1524,0.1550,0.1473,0.1904,0.2707
1330.0000,0.1545,0.1560,0.1524,0.1548,0.1472,0.2092,0.3052
1335.0000,0.1541,0.1563,0.1516,0.1554,0.1464,0.2378,0.3312
1340.0000,0.1539,0.1558,0.1521,0.1543,0.1503,0.2673,0.3679
1345.0000,0.1548,0.1545,0.1531,0.1525,0.1572,0.3024,0.4054
1350.0000,0.1550,0.1534,0.1545,0.1499,0.1690,0.3411,0.4449
1355.0000,0.1550,0.1528,0.1551,0.1484,0.1830,0.3893,0.4673
1360.0000,0.1547,0.1516,0.1571,0.1448,0.2072,0.4318,0.4957
1365.0000,0.1551,0.1505,0.1585,0.1424,0.2367,0.4760,0.5133
1370.0000,0.1572,0.1483,0.1609,0.1396,0.2763,0.5110,0.5347
1375.0000,0.1547,0.1490,0.1606,0.1404,0.3205,0.5426,0.5446
1380.0000,0.1551,0.1490,0.1592,0.1457,0.3672,0.5711,0.5378
1385.0000,0.1555,0.1492,0.1573,0.1542,0.4207,0.5827,0.5393
1390.0000,0.1535,0.1512,0.1534,0.1690,0.4751,0.5829,0.5376
1395.0000,0.1529,0.1535,0.1472,0.1931,0.5222,0.5815,0.5186
1400.0000,0.1509,0.1563,0.1416,0.2229,0.5677,0.5629,0.5177
1405.0000,0.1521,0.1581,0.1363,0.2615,0.6015,0.5438,0.5055
1410.0000,0.1500,0.1619,0.1318,0.3073,0.6241,0.5203,0.4958
1415.0000,0.1442,0.1676,0.1294,0.3594,0.6325,0.4984,0.4830
1420.0000,0.1513,0.1656,0.1365,0.4126,0.6284,0.4803,0.4654
1425.0000,0.1502,0.1677,0.1498,0.4644,0.6165,0.4579,0.4621
1430.0000,0.1474,0.1718,0.1697,0.5148,0.5912,0.4472,0.4412
1435.0000,0.1567,0.1700,0.2030,0.5559,0.5626,0.4366,0.4260
1440.0000,0.1617,0.1730,0.2440,0.5878,0.5319,0.4260,0.4184
1445.0000,0.1720,0.1769,0.2937,0.6089,0.4999,0.4210,0.4038
1450.0000,0.1863,0.1849,0.3491,0.6177,0.4715,0.4153,0.3932
1455.0000,0.1924,0.2043,0.4032,0.6178,0.4445,0.4134,0.3769
1460.0000,0.2131,0.2238,0.4604,0.6050,0.4268,0.4041,0.3773
1465.0000,0.2381,0.2510,0.5118,0.5857,0.4124,0.3971,0.3733
1470.0000,0.2497,0.2932,0.5507,0.5635,0.4009,0.3905,0.3694
1475.0000,0.2746,0.3364,0.5811,0.5385,0.3916,0.3870,0.3597
1480.0000,0.3071,0.3798,0.6025,0.5111,0.3883,0.3776,0.3610
1485.0000,0.3378,0.4258,0.6110,0.4863,0.3847,0.3712,0.3583
1490.0000,0.3724,0.4679,0.6099,0.4640,0.3814,0.3663,0.3536
1495.0000,0.3939,0.5128,0.5961,0.4465,0.3774,0.3616,0.3508
1500.0000,0.4382,0.5387,0.5821,0.4290,0.3758,0.3558,0.3489
1505.0000,0.4702,0.5609,0.5611,0.4160,0.3725,0.3518,0.3463
1510.0000,0.4994,0.5723,0.5393,0.4050,0.3694,0.3480,0.3436
1515.0000,0.5247,0.5742,0.5176,0.3959,0.3661,0.3447,0.3407
1520.0000,0.5365,0.5742,0.4935,0.3901,0.3616,0.3424,0.3380
1525.0000,0.5453,0.5661,0.4723,0.3849,0.3575,0.3398,0.3359
1530.0000,0.5508,0.5516,0.4542,0.3801,0.3536,0.3375,0.3337
1535.0000,0.5485,0.5355,0.4377,0.3763,0.3494,0.3360,0.3310
1540.0000,0.5426,0.5167,0.4243,0.3724,0.3459,0.3340,0.3292
1545.0000,0.5316,0.4980,0.4131,0.3687,0.3427,0.3320,0.3280
1550.0000,0.5176,0.4805,0.4031,0.3654,0.3392,0.3311,0.3252
1555.0000,0.5057,0.4615,0.3964,0.3612,0.3370,0.3290,0.3246
1560.0000,0.4887,0.4463,0.3898,0.3576,0.3347,0.3273,0.3237
1565.0000,0.4721,0.4333,0.3837,0.3544,0.3321,0.3267,0.3212
1570.0000,0.4564,0.4219,0.3783,0.3512,0.3300,0.3254,0.3202
1575.0000,0.4446,0.4106,0.3744,0.3475,0.3287,0.3238,0.3191
1580.0000,0.4320,0.4013,0.3704,0.3444,0.3270,0.3232,0.3158
1585.0000,0.4191,0.3945,0.3661,0.3415,0.3260,0.3211,0.3161
1590.0000,0.4077,0.3887,0.3618,0.3389,0.3248,0.3195,0.3151
1595.0000,0.4007,0.3821,0.3585,0.3362,0.3240,0.3178,0.3141
1600.0000,0.3937,0.3764,0.3551,0.3340,0.3228,0.3167,0.3121
1605.0000,0.3854,0.3724,0.3514,0.3321,0.3218,0.3148,0.3118
1610.0000,0.3806,0.3675,0.3484,0.3301,0.3207,0.3132,0.3110
1615.0000,0.3746,0.3641,0.3448,0.3289,0.3190,0.3124,0.3096
1620.0000,0.3698,0.3603,0.3418,0.3276,0.3177,0.3111,0.3090
1625.0000,0.3663,0.3560,0.3394,0.3261,0.3164,0.3099,0.3087
1630.0000,0.3615,0.3530,0.3366,0.3252,0.3145,0.3095,0.3075
1635.0000,0.3570,0.3502,0.3341,0.3241,0.3130,0.3087,0.3073
1640.0000,0.3544,0.3465,0.3325,0.3227,0.3117,0.3081,0.3070
1645.0000,0.3513,0.3433,0.3308,0.3215,0.3101,0.3082,0.3056
1650.0000,0.3476,0.3408,0.3293,0.3200,0.3091,0.3075,0.3061
1655.0000,0.3451,0.3378,0.3282,0.3184,0.3083,0.3072,0.3059
1660.0000,0.3421,0.3357,0.3267,0.3171,0.3072,0.3077,0.3042
1665.0000,0.3396,0.3335,0.3256,0.3155,0.3068,0.3071,0.3042
1670.0000,0.3374,0.3313,0.3247,0.3137,0.3068,0.3063,0.3042
1675.0000,0.3350,0.3298,0.3232,0.3125,0.3063,0.3065,0.3023
1680.0000,0.3324,0.3286,0.3217,0.3112,0.3063,0.3057,0.3023
1685.0000,0.3298,0.3277,0.3200,0.3101,0.3064,0.3046,0.3022
1690.0000,0.3292,0.3258,0.3187,0.3091,0.3062,0.3043,0.3004
1695.0000,0.3273,0.3247,0.3170,0.3084,0.3061,0.3032,0.3002
1700.0000,0.3250,0.3237,0.3152,0.3079,0.3059,0.3023,0.2995
1705.0000,0.3248,0.3218,0.3139,0.3075,0.3053,0.3019,0.2972
1710.0000,0.3229,0.3207,0.3123,0.3073,0.3050,0.3004,0.2975
1715.0000,0.3208,0.3197,0.3108,0.3072,0.3043,0.2994,0.2967
1720.0000,0.3205,0.3177,0.3100,0.3069,0.3036,0.2983,0.2959
1725.0000,0.3189,0.3164,0.3089,0.3069,0.3024,0.2977,0.2942
1730.0000,0.3170,0.3152,0.3081,0.3067,0.3016,0.2964,0.2941
1735.0000,0.3165,0.3134,0.3079,0.3063,0.3007,0.2953,0.2936
1740.0000,0.3150,0.3123,0.3073,0.3061,0.2993,0.2948,0.2922
1745.0000,0.3135,0.3113,0.3071,0.3056,0.2982,0.2939,0.2920
1750.0000,0.3130,0.3098,0.3072,0.3048,0.2973,0.2929,0.2918
1755.0000,0.3116,0.3092,0.3069,0.3042,0.2960,0.2927,0.2907
1760.0000,0.3102,0.3087,0.3066,0.3033,0.2949,0.2920,0.2908
1765.0000,0.3099,0.3079,0.3066,0.3023,0.2940,0.2914,0.2907
1770.0000,0.3089,0.3077,0.3061,0.3015,0.2928,0.2917,0.2894
1775.0000,0.3079,0.3075,0.3057,0.3004,0.2921,0.2911,0.2900
1780.0000,0.3079,0.3068,0.3055,0.2991,0.2916,0.2907,0.2901
1785.0000,0.3073,0.3067,0.3047,0.2981,0.2907,0.2912,0.2888
1790.0000,0.3067,0.3064,0.3041,0.2969,0.2904,0.2908,0.2892
1795.0000,0.3068,0.3057,0.3036,0.2956,0.2904,0.2903,0.2896
1800.0000,0.3062,0.3054,0.3025,0.2948,0.2899,0.2908,0.2883
1805.0000,0.3054,0.3051,0.3014,0.2938,0.2899,0.2904,0.2887
1810.0000,0.3041,0.3050,0.3002,0.2930,0.2900,0.2900,0.2889
1815.0000,0.3047,0.3038,0.2993,0.2923,0.2898,0.2902,0.2877
1820.0000,0.3038,0.3033,0.2980,0.2917,0.2899,0.2898,0.2879
1825.0000,0.3023,0.3029,0.2967,0.2913,0.2899,0.2894,0.2878
1830.0000,0.3028,0.3015,0.2958,0.2910,0.2897,0.2896,0.2859
1835.0000,0.3017,0.3006,0.2947,0.2906,0.2899,0.2887,0.2867
1840.0000,0.3003,0.2999,0.2936,0.2905,0.2898,0.2881,0.2866
1845.0000,0.3003,0.2984,0.2930,0.2903,0.2897,0.2875,0.2863
1850.0000,0.2992,0.2976,0.2921,0.2904,0.2892,0.2875,0.2852
1855.0000,0.2977,0.2968,0.2914,0.2904,0.2890,0.2867,0.2853
1860.0000,0.2976,0.2954,0.2912,0.2902,0.2888,0.2861,0.2850
1865.0000,0.2964,0.2947,0.2906,0.2904,0.2880,0.2860,0.2839
1870.0000,0.2951,0.2941,0.2903,0.2904,0.2876,0.2854,0.2839
1875.0000,0.2950,0.2929,0.2904,0.2901,0.2873,0.2847,0.2839
1880.0000,0.2940,0.2924,0.2901,0.2900,0.2865,0.2847,0.2829
1885.0000,0.2928,0.2921,0.2900,0.2898,0.2860,0.2842,0.2830
1890.0000,0.2927,0.2913,0.2902,0.2894,0.2856,0.2837,0.2830
1895.0000,0.2920,0.2911,0.2900,0.2892,0.2847,0.2840,0.2818
1900.0000,0.2912,0.2909,0.2900,0.2887,0.2844,0.2833,0.2825
1905.0000,0.2913,0.2904,0.2902,0.2881,0.2841,0.2829,0.2827
1910.0000,0.2908,0.2904,0.2899,0.2878,0.2834,0.2834,0.2818
1915.0000,0.2902,0.2905,0.2897,0.2872,0.2831,0.2831,0.2823
1920.0000,0.2905,0.2900,0.2897,0.2865,0.2830,0.2828,0.2827
1925.0000,0.2902,0.2901,0.2892,0.2862,0.2824,0.2834,0.2817
1930.0000,0.2897,0.2901,0.2888,0.2856,0.2823,0.2832,0.2823
1935.0000,0.2888,0.2904,0.2882,0.2852,0.2822,0.2832,0.2826
1940.0000,0.2897,0.2897,0.2880,0.2847,0.2819,0.2838,0.2811
1945.0000,0.2893,0.2896,0.2875,0.2841,0.2822,0.2834,0.2821
1950.0000,0.2884,0.2896,0.2869,0.2838,0.2823,0.2833,0.2822
1955.0000,0.2891,0.2888,0.2865,0.2834,0.2822,0.2839,0.2806
1960.0000,0.2886,0.2886,0.2860,0.2830,0.2827,0.2832,0.2816
1965.0000,0.2878,0.2884,0.2854,0.2828,0.2829,0.2828,0.2817
1970.0000,0.2882,0.2876,0.2851,0.2826,0.2832,0.2824,0.2817
1975.0000,0.2876,0.2874,0.2843,0.2827,0.2830,0.2826,0.2807
1980.0000,0.2867,0.2871,0.2838,0.2827,0.2831,0.2820,0.2811
1985.0000,0.2871,0.2862,0.2836,0.2827,0.2832,0.2815,0.2811
1990.0000,0.2864,0.2860,0.2830,0.2830,0.2828,0.2817,0.2803
1995.0000,0.2854,0.2858,0.2825,0.2832,0.2826,0.2813,0.2806
2000.0000,0.2858,0.2848,0.2826,0.2831,0.2825,0.2808,0.2808
2005.0000,0.2851,0.2846,0.2823,0.2834,0.2819,0.2810,0.2802
2010.0000,0.2844,0.2843,0.2822,0.2835,0.2816,0.2808,0.2805
2015.0000,0.2845,0.2836,0.2825,0.2834,0.2813,0.2807,0.2807
2020.0000,0.2840,0.2834,0.2824,0.2835,0.2806,0.2813,0.2798
2025.0000,0.2834,0.2833,0.2826,0.2833,0.2805,0.2810,0.2806
2030.0000,0.2835,0.2827,0.2830,0.2828,0.2805,0.2808,0.2813
2035.0000,0.2832,0.2828,0.2830,0.2827,0.2801,0.2814,0.2806
2040.0000,0.2827,0.2829,0.2831,0.2823,0.2803,0.2809,0.2830
2045.0000,0.2830,0.2825,0.2834,0.2817,0.2806,0.2806,0.2857
2050.0000,0.2828,0.2827,0.2832,0.2816,0.2802,0.2816,0.2874
2055.0000,0.2825,0.2829,0.2832,0.2812,0.2805,0.2815,0.2944
2060.0000,0.2817,0.2833,0.2829,0.2809,0.2809,0.2816,0.3048
2065.0000,0.2826,0.2831,0.2826,0.2810,0.2801,0.2848,0.3155
2070.0000,0.2822,0.2836,0.2818,0.2815,0.2789,0.2900,0.3293
2075.0000,0.2815,0.2841,0.2810,0.2818,0.2782,0.2968,0.3490
2080.0000,0.2826,0.2836,0.2807,0.2822,0.2771,0.3076,0.3715
2085.0000,0.2819,0.2841,0.2798,0.2828,0.2760,0.3228,0.3972
2090.0000,0.2812,0.2840,0.2796,0.2825,0.2770,0.3403,0.4319
2095.0000,0.2824,0.2830,0.2799,0.2822,0.2785,0.3648,0.4689
2100.0000,0.2820,0.2827,0.2801,0.2815,0.2824,0.3941,0.5122
2105.0000,0.2809,0.2832,0.2792,0.2822,0.2856,0.4363,0.5415
2110.0000,0.2821,0.2816,0.2807,0.2802,0.2967,0.4775,0.5800
2115.0000,0.2820,0.2807,0.2820,0.2779,0.3130,0.5226,0.6163
2120.0000,0.2826,0.2792,0.2841,0.2749,0.3364,0.5687,0.6504
2125.0000,0.2820,0.2786,0.2853,0.2731,0.3653,0.6177,0.6725
2130.0000,0.2825,0.2776,0.2866,0.2722,0.4017,0.6639,0.6850
2135.0000,0.2834,0.2762,0.2881,0.2719,0.4477,0.6999,0.6978
2140.0000,0.2816,0.2766,0.2884,0.2744,0.5014,0.7248,0.7068
2145.0000,0.2826,0.2766,0.2866,0.2837,0.5544,0.7486,0.6916
2150.0000,0.2834,0.2764,0.2853,0.2961,0.6151,0.7487,0.6987
2155.0000,0.2811,0.2794,0.2803,0.3181,0.6706,0.7435,0.6922
2160.0000,0.2802,0.2828,0.2735,0.3499,0.7174,0.7346,0.6727
2165.0000,0.2767,0.2877,0.2669,0.3892,0.7578,0.7130,0.6635
2170.0000,0.2797,0.2890,0.2636,0.4353,0.7871,0.6868,0.6541
2175.0000,0.2772,0.2941,0.2611,0.4888,0.8023,0.6593,0.6474
2180.0000,0.2736,0.2995,0.2630,0.5473,0.8011,0.6376,0.6304
2185.0000,0.2640,0.3073,0.2706,0.6076,0.7854,0.6213,0.6106
2190.0000,0.2799,0.3020,0.2954,0.6594,0.7658,0.5998,0.6070
2195.0000,0.2824,0.3046,0.3255,0.7079,0.7342,0.5895,0.5884
2200.0000,0.2909,0.3052,0.3678,0.7459,0.6993,0.5824,0.5716
2205.0000,0.2996,0.3091,0.4189,0.7720,0.6643,0.5766,0.5584
2210.0000,0.3123,0.3166,0.4773,0.7851,0.6321,0.5718,0.5460
2215.0000,0.3307,0.3288,0.5401,0.7849,0.6058,0.5643,0.5404
2220.0000,0.3372,0.3563,0.5977,0.7764,0.5824,0.5590,0.5336
2225.0000,0.3606,0.3846,0.6542,0.7582,0.5637,0.5570,0.5197
2230.0000,0.3919,0.4175,0.7054,0.7311,0.5547,0.5463,0.5206
2235.0000,0.4083,0.4667,0.7400,0.7042,0.5464,0.5389,0.5169
2240.0000,0.4409,0.5136,0.7655,0.6758,0.5403,0.5343,0.5074
2245.0000,0.4649,0.5686,0.7751,0.6495,0.5366,0.5264,0.5052
2250.0000,0.5065,0.6141,0.7772,0.6237,0.5357,0.5174,0.5039
2255.0000,0.5448,0.6568,0.7679,0.6027,0.5330,0.5116,0.4989
2260.0000,0.5815,0.6918,0.7514,0.5848,0.5307,0.5050,0.4964
2265.0000,0.6221,0.7142,0.7317,0.5697,0.5281,0.4993,0.4929
2270.0000,0.6463,0.7359,0.7040,0.5604,0.5227,0.4954,0.4892
2275.0000,0.6700,0.7447,0.6775,0.5525,0.5177,0.4914,0.4862
2280.0000,0.6954,0.7397,0.6548,0.5450,0.5132,0.4877,0.4830
2285.0000,0.7074,0.7314,0.6319,0.5398,0.5076,0.4849,0.4798
2290.0000,0.7135,0.7167,0.6123,0.5350,0.5024,0.4822,0.4769
2295.0000,0.7126,0.6986,0.5956,0.5304,0.4976,0.4794,0.4751
2300.0000,0.7050,0.6799,0.5807,0.5266,0.4922,0.4779,0.4717
2305.0000,0.6934,0.6606,0.5684,0.5225,0.4876,0.4759,0.4703
2310.0000,0.6832,0.6392,0.5596,0.5175,0.4841,0.4737,0.4691
2315.0000,0.6666,0.6208,0.5516,0.5131,0.4801,0.4732,0.4650
2320.0000,0.6486,0.6048,0.5447,0.5083,0.4775,0.4708,0.4659
2325.0000,0.6305,0.5911,0.5384,0.5038,0.4748,0.4693,0.4651
2330.0000,0.6158,0.5779,0.5334,0.4991,0.4728,0.4678,0.4642
2335.0000,0.6029,0.5658,0.5289,0.4945,0.4709,0.4673,0.4618
2340.0000,0.5864,0.5580,0.5234,0.4905,0.4694,0.4656,0.4617
2345.0000,0.5758,0.5493,0.5189,0.4865,0.4684,0.4643,0.4609
2350.0000,0.5644,0.5432,0.5134,0.4835,0.4666,0.4641,0.4583
2355.0000,0.5552,0.5369,0.5087,0.4802,0.4661,0.4623,0.4582
2360.0000,0.5485,0.5301,0.5047,0.4771,0.4655,0.4609,0.4571
2365.0000,0.5402,0.5254,0.4997,0.4751,0.4642,0.4604,0.4544
2370.0000,0.5336,0.5202,0.4955,0.4728,0.4637,0.4586,0.4537
2375.0000,0.5287,0.5144,0.4920,0.4706,0.4635,0.4565,0.4534
2380.0000,0.5222,0.5104,0.4876,0.4695,0.4621,0.4556,0.4513
2385.0000,0.5158,0.5066,0.4837,0.4684,0.4613,0.4534,0.4523
2390.0000,0.5123,0.5014,0.4810,0.4669,0.4607,0.4509,0.4548
2395.0000,0.5078,0.4973,0.4779,0.4664,0.4588,0.4505,0.4561
2400.0000,0.5026,0.4937,0.4752,0.4656,0.4574,0.4490,0.4633
2405.0000,0.4993,0.4892,0.4737,0.4643,0.4565,0.4471,0.4766
2410.0000,0.4949,0.4862,0.4712,0.4642,0.4534,0.4498,0.4905
2415.0000,0.4910,0.4831,0.4697,0.4632,0.4518,0.4514,0.5210
2420.0000,0.4881,0.4801,0.4677,0.4635,0.4469,0.4625,0.5501
2425.0000,0.4842,0.4784,0.4655,0.4638,0.4421,0.4784,0.5890
2430.0000,0.4804,0.4766,0.4642,0.4629,0.4393,0.4982,0.6468
2435.0000,0.4762,0.4753,0.4629,0.4617,0.4371,0.5269,0.7187
2440.0000,0.4762,0.4723,0.4625,0.4603,0.4356,0.5691,0.8026
2445.0000,0.4723,0.4728,0.4591,0.4616,0.4305,0.6376,0.8604
2450.0000,0.4692,0.4715,0.4590,0.4584,0.4369,0.7078,0.9455
2455.0000,0.4704,0.4679,0.4606,0.4533,0.4510,0.7912,1.0328
2460.0000,0.4693,0.4651,0.4629,0.4462,0.4767,0.8829,1.1246
2465.0000,0.4679,0.4634,0.4631,0.4415,0.5080,0.9972,1.1749
2505.0000,0.4576,0.4569,0.4375,0.5315,1.3125,1.4129,1.3065
2510.0000,0.4498,0.4660,0.4176,0.6068,1.4087,1.3793,1.2901
2515.0000,0.4532,0.4688,0.4020,0.6999,1.4816,1.3370,1.2669
2520.0000,0.4427,0.4803,0.3864,0.8108,1.5264,1.2880,1.2497
2525.0000,0.4300,0.4911,0.3801,0.9332,1.5412,1.2422,1.2285
2530.0000,0.4486,0.4818,0.3985,1.0557,1.5294,1.2046,1.2009
2535.0000,0.4452,0.4835,0.4310,1.1752,1.4987,1.1608,1.2061
2540.0000,0.4390,0.4888,0.4805,1.2898,1.4384,1.1472,1.1720
2545.0000,0.4586,0.4818,0.5612,1.3819,1.3715,1.1379,1.1474
2550.0000,0.4709,0.4839,0.6623,1.4497,1.3048,1.1275,1.1424
2555.0000,0.4936,0.4912,0.7818,1.4920,1.2382,1.1291,1.1257
2560.0000,0.5241,0.5109,0.9119,1.5072,1.1817,1.1300,1.1203
2565.0000,0.5349,0.5593,1.0363,1.5040,1.1291,1.1430,1.0980
2570.0000,0.5828,0.6067,1.1676,1.4714,1.1008,1.1385,1.1152
2575.0000,0.6409,0.6722,1.2842,1.4245,1.0837,1.1366,1.1290
2580.0000,0.6680,0.7727,1.3701,1.3734,1.0745,1.1357,1.1462
2585.0000,0.7225,0.8784,1.4325,1.3206,1.0683,1.1463,1.1489
2590.0000,0.7975,0.9816,1.4744,1.2646,1.0755,1.1467,1.1756
2595.0000,0.8741,1.0849,1.4904,1.2144,1.0850,1.1522,1.2000
2600.0000,0.9566,1.1789,1.4848,1.1721,1.0950,1.1643,1.2218
2605.0000,1.0104,1.2775,1.4513,1.1429,1.1035,1.1797,1.2510
2610.0000,1.1091,1.3357,1.4163,1.1176,1.1142,1.2019,1.2734
2615.0000,1.1817,1.3825,1.3698,1.1015,1.1258,1.2255,1.3006
2620.0000,1.2243,1.4200,1.3146,1.0951,1.1361,1.2540,1.3265
2625.0000,1.2927,1.4192,1.2706,1.0894,1.1508,1.2856,1.3459
2630.0000,1.3276,1.4116,1.2262,1.0896,1.1676,1.3176,1.3634
2635.0000,1.3514,1.3873,1.1908,1.0905,1.1905,1.3458,1.3822
2640.0000,1.3608,1.3545,1.1621,1.0939,1.2168,1.3725,1.3949
2645.0000,1.3596,1.3157,1.1402,1.1001,1.2450,1.3994,1.3949
2650.0000,1.3417,1.2796,1.1226,1.1087,1.2778,1.4169,1.3975
2655.0000,1.3170,1.2455,1.1096,1.1202,1.3125,1.4285,1.3918
2660.0000,1.2900,1.2147,1.0998,1.1366,1.3447,1.4387,1.3677
2665.0000,1.2663,1.1842,1.0965,1.1537,1.3807,1.4327,1.3512
2670.0000,1.2357,1.1617,1.0950,1.1745,1.4157,1.4140,1.3372
2675.0000,1.2071,1.1461,1.0932,1.2026,1.4398,1.3972,1.3030
2680.0000,1.1810,1.1352,1.0947,1.2333,1.4600,1.3678,1.2779
2685.0000,1.1577,1.1286,1.0984,1.2679,1.4703,1.3352,1.2456
2690.0000,1.1476,1.1209,1.1079,1.3038,1.4711,1.2996,1.2092
2695.0000,1.1319,1.1213,1.1192,1.3404,1.4636,1.2559,1.1896
2700.0000,1.1206,1.1243,1.1341,1.3776,1.4419,1.2198,1.1558
2705.0000,1.1234,1.1243,1.1568,1.4105,1.4113,1.1856,1.1220
2710.0000,1.1198,1.1321,1.1821,1.4386,1.3740,1.1504,1.0955
2715.0000,1.1204,1.1414,1.2129,1.4593,1.3312,1.1181,1.0713
2720.0000,1.1317,1.1494,1.2495,1.4711,1.2836,1.0926,1.0436
2725.0000,1.1419,1.1622,1.2886,1.4728,1.2360,1.0683,1.0208
2730.0000,1.1522,1.1803,1.3276,1.4652,1.1885,1.0486,0.9955
2735.0000,1.1684,1.1995,1.3676,1.4459,1.1472,1.0256,0.9803
2740.0000,1.1895,1.2208,1.4043,1.4187,1.1072,1.0097,0.9585
2745.0000,1.2138,1.2442,1.4366,1.3830,1.0740,0.9917,0.9441
2750.0000,1.2307,1.2751,1.4589,1.3426,1.0463,0.9729,0.9343
2755.0000,1.2539,1.3060,1.4716,1.3002,1.0201,0.9605,0.9167
2760.0000,1.2793,1.3361,1.4747,1.2557,1.0000,0.9451,0.9076
2765.0000,1.3035,1.3648,1.4672,1.2119,0.9830,0.9305,0.8986
2770.0000,1.3229,1.3938,1.4470,1.1723,0.9658,0.9209,0.8833
2775.0000,1.3436,1.4145,1.4207,1.1335,0.9542,0.9055,0.8821
2780.0000,1.3694,1.4233,1.3899,1.0976,0.9433,0.8938,0.8760
2785.0000,1.3836,1.4291,1.3510,1.0676,0.9311,0.8853,0.8679
2790.0000,1.3895,1.4283,1.3084,1.0415,0.9198,0.8771,0.8625
2795.0000,1.4009,1.4125,1.2685,1.0167,0.9106,0.8687,0.8584
2800.0000,1.3977,1.3950,1.2257,0.9970,0.8999,0.8635,0.8523
2805.0000,1.3868,1.3717,1.1842,0.9799,0.8898,0.8587,0.8472
2810.0000,1.3744,1.3404,1.1470,0.9639,0.8811,0.8541,0.8422
2815.0000,1.3595,1.3035,1.1141,0.9493,0.8729,0.8513,0.8337
2820.0000,1.3331,1.2683,1.0828,0.9361,0.8666,0.8455,0.8331
2825.0000,1.3002,1.2342,1.0537,0.9247,0.8600,0.8416,0.8295
2830.0000,1.2738,1.1962,1.0300,0.9131,0.8552,0.8371,0.8260
2835.0000,1.2461,1.1582,1.0097,0.9024,0.8504,0.8340,0.8199
2840.0000,1.2075,1.1278,0.9891,0.8934,0.8465,0.8287,0.8190
2845.0000,1.1769,1.0963,0.9722,0.8846,0.8429,0.8245,0.8163
2850.0000,1.1434,1.0702,0.9551,0.8779,0.8381,0.8222,0.8113
2855.0000,1.1176,1.0425,0.9421,0.8704,0.8351,0.8179,0.8094
2860.0000,1.0891,1.0188,0.9298,0.8639,0.8320,0.8138,0.8076
2865.0000,1.0595,1.0006,0.9164,0.8594,0.8272,0.8120,0.8033
2870.0000,1.0317,0.9847,0.9040,0.8553,0.8230,0.8093,0.8015
2875.0000,1.0136,0.9661,0.8952,0.8503,0.8198,0.8062,0.7995
2880.0000,0.9953,0.9499,0.8869,0.8462,0.8157,0.8051,0.7943
2885.0000,0.9746,0.9370,0.8789,0.8420,0.8129,0.8015,0.7950
2890.0000,0.9605,0.9230,0.8729,0.8375,0.8102,0.7988,0.7937
2895.0000,0.9465,0.9109,0.8671,0.8336,0.8067,0.7981,0.7894
2900.0000,0.9307,0.9017,0.8612,0.8298,0.8044,0.7951,0.7901
2905.0000,0.9200,0.8916,0.8567,0.8257,0.8022,0.7930,0.7892
2910.0000,0.9080,0.8844,0.8511,0.8228,0.7987,0.7931,0.7851
2915.0000,0.8982,0.8770,0.8466,0.8192,0.7969,0.7909,0.7856
2920.0000,0.8905,0.8693,0.8431,0.8153,0.7955,0.7887,0.7859
2925.0000,0.8814,0.8642,0.8382,0.8128,0.7927,0.7890,0.7824
2930.0000,0.8731,0.8593,0.8338,0.8099,0.7911,0.7875,0.7830
2935.0000,0.8654,0.8547,0.8297,0.8071,0.7897,0.7863,0.7828
2940.0000,0.8621,0.8484,0.8266,0.8044,0.7877,0.7871,0.7781
2945.0000,0.8553,0.8444,0.8229,0.8017,0.7871,0.7850,0.7802
2950.0000,0.8485,0.8409,0.8191,0.7994,0.7861,0.7840,0.7800
2955.0000,0.8461,0.8354,0.8166,0.7967,0.7858,0.7826,0.7795
2960.0000,0.8413,0.8317,0.8131,0.7950,0.7844,0.7830,0.7764
2965.0000,0.8351,0.8288,0.8098,0.7932,0.7842,0.7809,0.7775
2970.0000,0.8332,0.8240,0.8076,0.7911,0.7841,0.7794,0.7774
2975.0000,0.8285,0.8213,0.8042,0.7902,0.7826,0.7795,0.7750
2980.0000,0.8239,0.8185,0.8013,0.7890,0.7821,0.7781,0.7758
2985.0000,0.8224,0.8141,0.7996,0.7875,0.7818,0.7766,0.7764
2990.0000,0.8182,0.8117,0.7967,0.7872,0.7801,0.7770,0.7748
2995.0000,0.8138,0.8095,0.7943,0.7866,0.7791,0.7762,0.7760
3000.0000,0.8125,0.8057,0.7930,0.7855,0.7783,0.7757,0.7769
3005.0000,0.8092,0.8035,0.7909,0.7853,0.7764,0.7773,0.7750
3010.0000,0.8053,0.8016,0.7894,0.7845,0.7757,0.7769,0.7773
3015.0000,0.8043,0.7982,0.7889,0.7832,0.7753,0.7770,0.7787
3020.0000,0.8013,0.7966,0.7874,0.7828,0.7738,0.7794,0.7767
3025.0000,0.7985,0.7948,0.7867,0.7815,0.7740,0.7793,0.7795
3030.0000,0.7976,0.7921,0.7867,0.7799,0.7745,0.7797,0.7812
3035.0000,0.7952,0.7909,0.7856,0.7792,0.7739,0.7822,0.7792
3040.0000,0.7927,0.7899,0.7848,0.7780,0.7749,0.7824,0.7820
3045.0000,0.7922,0.7879,0.7846,0.7765,0.7764,0.7826,0.7841
3050.0000,0.7902,0.7875,0.7831,0.7762,0.7766,0.7850,0.7822
3055.0000,0.7880,0.7871,0.7819,0.7756,0.7780,0.7852,0.7852
3060.0000,0.7847,0.7875,0.7802,0.7755,0.7793,0.7857,0.7872
3065.0000,0.7865,0.7854,0.7794,0.7756,0.7799,0.7883,0.7847
3070.0000,0.7848,0.7850,0.7781,0.7757,0.7815,0.7881,0.7882
3075.0000,0.7825,0.7847,0.7766,0.7763,0.7828,0.7888,0.7900
3080.0000,0.7839,0.7825,0.7764,0.7766,0.7843,0.7894,0.7912
3085.0000,0.7822,0.7821,0.7751,0.7779,0.7846,0.7916,0.7901
3090.0000,0.7800,0.7817,0.7743,0.7789,0.7860,0.7919,0.7918
3095.0000,0.7812,0.7793,0.7749,0.7794,0.7876,0.7922,0.7928
3100.0000,0.7798,0.7789,0.7744,0.7809,0.7879,0.7942,0.7910
3105.0000,0.7777,0.7786,0.7744,0.7820,0.7893,0.7941,0.7926
3110.0000,0.7788,0.7767,0.7757,0.7826,0.7910,0.7936,0.7939
3115.0000,0.7776,0.7766,0.7759,0.7841,0.7913,0.7950,0.7922
3120.0000,0.7760,0.7768,0.7765,0.7852,0.7924,0.7945,0.7942
3125.0000,0.7769,0.7759,0.7779,0.7861,0.7936,0.7941,0.7956
3130.0000,0.7760,0.7767,0.7782,0.7878,0.7932,0.7958,0.7940
3135.0000,0.7749,0.7775,0.7790,0.7890,0.7938,0.7952,0.7970
3140.0000,0.7765,0.7771,0.7806,0.7898,0.7943,0.7953,0.7991
3145.0000,0.7763,0.7782,0.7812,0.7915,0.7935,0.7976,0.7983
3150.0000,0.7754,0.7796,0.7820,0.7925,0.7936,0.7982,0.8016
3155.0000,0.7776,0.7793,0.7839,0.7929,0.7940,0.7991,0.8044
3160.0000,0.7779,0.7805,0.7848,0.7940,0.7933,0.8024,0.8040
3165.0000,0.7776,0.7820,0.7859,0.7945,0.7938,0.8037,0.8083
3170.0000,0.7799,0.7819,0.7880,0.7943,0.7948,0.8057,0.8114
3175.0000,0.7805,0.7831,0.7889,0.7948,0.7949,0.8098,0.8109
3180.0000,0.7810,0.7843,0.7902,0.7946,0.7966,0.8118,0.8152
3185.0000,0.7797,0.7865,0.7909,0.7945,0.7985,0.8140,0.8189
3190.0000,0.7833,0.7865,0.7921,0.7946,0.7998,0.8186,0.8173
3195.0000,0.7839,0.7879,0.7929,0.7944,0.8029,0.8202,0.8222
3200.0000,0.7838,0.7895,0.7931,0.7946,0.8060,0.8221,0.8256
3205.0000,0.7867,0.7896,0.7940,0.7946,0.8096,0.8239,0.8284
3210.0000,0.7867,0.7915,0.7933,0.7961,0.8118,0.8276,0.8282
3215.0000,0.7865,0.7930,0.7930,0.7973,0.8153,0.8290,0.8313
3220.0000,0.7896,0.7925,0.7936,0.7985,0.8190,0.8302,0.8335
3225.0000,0.7899,0.7936,0.7930,0.8010,0.8212,0.8332,0.8330
3230.0000,0.7888,0.7950,0.7925,0.8034,0.8242,0.8341,0.8358
3235.0000,0.7918,0.7940,0.7935,0.8056,0.8273,0.8349,0.8378
3240.0000,0.7918,0.7947,0.7935,0.8090,0.8289,0.8373,0.8370
3245.0000,0.7913,0.7954,0.7941,0.8120,0.8312,0.8379,0.8396
3250.0000,0.7933,0.7946,0.7959,0.8147,0.8334,0.8386,0.8416
3255.0000,0.7931,0.7955,0.7969,0.8184,0.8340,0.8413,0.8402
3260.0000,0.7928,0.7963,0.7988,0.8212,0.8357,0.8416,0.8433
3265.0000,0.7947,0.7958,0.8018,0.8236,0.8372,0.8423,0.8454
3270.0000,0.7950,0.7970,0.8040,0.8267,0.8373,0.8451,0.8440
3275.0000,0.7947,0.7987,0.8067,0.8291,0.8385,0.8458,0.8470
3280.0000,0.7970,0.7992,0.8103,0.8308,0.8400,0.8466,0.8491
3285.0000,0.7978,0.8013,0.8130,0.8331,0.8401,0.8496,0.8473
3290.0000,0.7978,0.8041,0.8157,0.8347,0.8414,0.8503,0.8504
3295.0000,0.8010,0.8053,0.8194,0.8356,0.8432,0.8509,0.8527
3300.0000,0.8028,0.8081,0.8219,0.8372,0.8435,0.8538,0.8506
3305.0000,0.8044,0.8108,0.8247,0.8381,0.8454,0.8542,0.8535
3310.0000,0.8038,0.8149,0.8264,0.8393,0.8469,0.8549,0.8554
3315.0000,0.8092,0.8164,0.8290,0.8404,0.8477,0.8578,0.8521
3320.0000,0.8113,0.8194,0.8309,0.8412,0.8499,0.8572,0.8561
3325.0000,0.8127,0.8225,0.8324,0.8423,0.8516,0.8575,0.8579
3330.0000,0.8173,0.8239,0.8345,0.8430,0.8535,0.8578,0.8591
3335.0000,0.8184,0.8274,0.8349,0.8450,0.8538,0.8598,0.8577
3340.0000,0.8198,0.8301,0.8359,0.8463,0.8553,0.8597,0.8596
3345.0000,0.8245,0.8306,0.8377,0.8473,0.8568,0.8597,0.8607
3350.0000,0.8262,0.8328,0.8384,0.8492,0.8570,0.8615,0.8591
3355.0000,0.8261,0.8355,0.8389,0.8508,0.8579,0.8615,0.8607
3360.0000,0.8305,0.8355,0.8410,0.8517,0.8591,0.8614,0.8614
3365.0000,0.8318,0.8371,0.8418,0.8535,0.8590,0.8631,0.8594
3370.0000,0.8327,0.8387,0.8431,0.8547,0.8597,0.8630,0.8600
3375.0000,0.8356,0.8388,0.8452,0.8554,0.8607,0.8626,0.8601
3380.0000,0.8362,0.8407,0.8460,0.8570,0.8603,0.8643,0.8561
3385.0000,0.8369,0.8421,0.8476,0.8576,0.8616,0.8626,0.8580
3390.0000,0.8395,0.8424,0.8497,0.8580,0.8626,0.8613,0.8581
3395.0000,0.8404,0.8440,0.8507,0.8592,0.8620,0.8621,0.8542
3400.0000,0.8404,0.8462,0.8516,0.8600,0.8626,0.8603,0.8552
3405.0000,0.8432,0.8465,0.8535,0.8602,0.8633,0.8582,0.8560
3410.0000,0.8442,0.8483,0.8542,0.8614,0.8621,0.8585,0.8528
3415.0000,0.8448,0.8501,0.8549,0.8621,0.8617,0.8569,0.8537
3420.0000,0.8431,0.8529,0.8550,0.8631,0.8608,0.8557,0.8538
3425.0000,0.8479,0.8526,0.8565,0.8636,0.8592,0.8563,0.8506
3430.0000,0.8486,0.8541,0.8572,0.8640,0.8582,0.8552,0.8511
3435.0000,0.8471,0.8565,0.8574,0.8645,0.8568,0.8546,0.8504
3440.0000,0.8517,0.8558,0.8589,0.8643,0.8550,0.8559,0.8448
3445.0000,0.8524,0.8567,0.8600,0.8636,0.8548,0.8537,0.8467
3450.0000,0.8525,0.8578,0.8609,0.8627,0.8543,0.8522,0.8462
3455.0000,0.8554,0.8573,0.8626,0.8613,0.8543,0.8504,0.8453
3460.0000,0.8556,0.8587,0.8627,0.8607,0.8529,0.8504,0.8413
3465.0000,0.8555,0.8598,0.8631,0.8594,0.8531,0.8475,0.8418
3470.0000,0.8579,0.8595,0.8639,0.8580,0.8529,0.8452,0.8407
3475.0000,0.8580,0.8609,0.8631,0.8576,0.8514,0.8446,0.8372
3480.0000,0.8563,0.8630,0.8618,0.8571,0.8504,0.8422,0.8369
3485.0000,0.8595,0.8622,0.8618,0.8559,0.8497,0.8396,0.8366
3490.0000,0.8595,0.8632,0.8602,0.8559,0.8474,0.8390,0.8337
3495.0000,0.8590,0.8639,0.8589,0.8555,0.8456,0.8372,0.8333
3500.0000,0.8612,0.8625,0.8587,0.8546,0.8439,0.8356,0.8323
3505.0000,0.8606,0.8629,0.8572,0.8545,0.8409,0.8361,0.8281
3510.0000,0.8598,0.8626,0.8564,0.8534,0.8394,0.8340,0.8287
3515.0000,0.8613,0.8606,0.8567,0.8518,0.8379,0.8325,0.8276
3520.0000,0.8606,0.8600,0.8558,0.8508,0.8354,0.8330,0.8227
3525.0000,0.8594,0.8594,0.8554,0.8490,0.8343,0.8309,0.8226
3530.0000,0.8600,0.8575,0.8558,0.8465,0.8340,0.8281,0.8227
3535.0000,0.8589,0.8571,0.8549,0.8450,0.8321,0.8279,0.8181
3540.0000,0.8574,0.8569,0.8539,0.8431,0.8314,0.8254,0.8183
3545.0000,0.8544,0.8574,0.8523,0.8414,0.8304,0.8230,0.8177
3550.0000,0.8565,0.8556,0.8514,0.8399,0.8285,0.8228,0.8125
3555.0000,0.8548,0.8555,0.8498,0.8382,0.8278,0.8194,0.8151
3560.0000,0.8515,0.8562,0.8473,0.8372,0.8261,0.8175,0.8151
3565.0000,0.8541,0.8539,0.8459,0.8361,0.8237,0.8176,0.8113
3570.0000,0.8525,0.8534,0.8439,0.8349,0.8221,0.8155,0.8134
3575.0000,0.8499,0.8530,0.8416,0.8340,0.8199,0.8148,0.8133
3580.0000,0.8516,0.8501,0.8408,0.8324,0.8182,0.8142,0.8128
3585.0000,0.8497,0.8492,0.8388,0.8315,0.8156,0.8153,0.8100
3590.0000,0.8474,0.8478,0.8375,0.8297,0.8144,0.8144,0.8104
3595.0000,0.8482,0.8446,0.8373,0.8273,0.8139,0.8136,0.8099
3600.0000,0.8465,0.8431,0.8360,0.8257,0.8124,0.8146,0.8061
3605.0000,0.8438,0.8419,0.8350,0.8234,0.8124,0.8130,0.8062
3610.0000,0.8439,0.8392,0.8347,0.8207,0.8132,0.8109,0.8059
3615.0000,0.8417,0.8384,0.8328,0.8193,0.8125,0.8108,0.8020
3620.0000,0.8390,0.8377,0.8310,0.8176,0.8128,0.8086,0.8017
3625.0000,0.8390,0.8357,0.8297,0.8159,0.8132,0.8060,0.8007
3630.0000,0.8370,0.8353,0.8270,0.8155,0.8119,0.8055,0.7963
3635.0000,0.8343,0.8348,0.8245,0.8148,0.8117,0.8022,0.7973
3640.0000,0.8348,0.8324,0.8229,0.8142,0.8109,0.7998,0.7965
3645.0000,0.8329,0.8317,0.8202,0.8146,0.8085,0.7993,0.7929
