150.0000,0.1836,0.1856,0.1911,0.2010,0.2156,0.2386,0.2780
155.0000,0.1846,0.1866,0.1923,0.2026,0.2181,0.2463,0.2978
160.0000,0.1848,0.1885,0.1928,0.2049,0.2199,0.2577,0.3204
165.0000,0.1852,0.1904,0.1930,0.2080,0.2208,0.2753,0.3390
170.0000,0.1873,0.1909,0.1947,0.2096,0.2249,0.2921,0.3682
175.0000,0.1883,0.1921,0.1961,0.2117,0.2293,0.3142,0.3993
180.0000,0.1891,0.1933,0.1979,0.2131,0.2364,0.3387,0.4381
185.0000,0.1908,0.1943,0.1993,0.2158,0.2427,0.3736,0.4671
190.0000,0.1921,0.1951,0.2017,0.2172,0.2544,0.4089,0.5019
195.0000,0.1938,0.1955,0.2049,0.2178,0.2713,0.4448,0.5437
200.0000,0.1956,0.1960,0.2082,0.2186,0.2925,0.4838,0.5850
205.0000,0.1964,0.1974,0.2107,0.2209,0.3168,0.5274,0.6212
210.0000,0.1980,0.1990,0.2126,0.2249,0.3449,0.5750,0.6442
215.0000,0.2000,0.2001,0.2155,0.2288,0.3817,0.6150,0.6752
220.0000,0.2006,0.2028,0.2165,0.2367,0.4203,0.6580,0.6901
260.0000,0.2123,0.2322,0.2360,0.4497,0.7778,0.7062,0.6021
265.0000,0.2196,0.2352,0.2488,0.4965,0.8013,0.6678,0.5740
270.0000,0.2227,0.2424,0.2634,0.5479,0.8100,0.6285,0.5388
275.0000,0.2258,0.2510,0.2831,0.6005,0.8055,0.5876,0.4977
280.0000,0.2358,0.2581,0.3102,0.6510,0.7890,0.5452,0.4555
285.0000,0.2407,0.2717,0.3415,0.6981,0.7621,0.4990,0.4211
290.0000,0.2525,0.2841,0.3812,0.7381,0.7261,0.4531,0.3915
295.0000,0.2669,0.2993,0.4260,0.7711,0.6789,0.4155,0.3557
300.0000,0.2833,0.3177,0.4766,0.7928,0.6287,0.3761,0.3332
305.0000,0.2987,0.3437,0.5272,0.8060,0.5708,0.3480,0.2999
310.0000,0.3205,0.3718,0.5807,0.8057,0.5146,0.3197,0.2783
315.0000,0.3491,0.4008,0.6353,0.7926,0.4602,0.2959,0.2601
320.0000,0.3813,0.4338,0.6864,0.7685,0.4084,0.2779,0.2398
325.0000,0.4072,0.4757,0.7287,0.7353,0.3616,0.2620,0.2247
330.0000,0.4393,0.5192,0.7627,0.6944,0.3195,0.2516,0.2046
335.0000,0.4807,0.5580,0.7908,0.6442,0.2886,0.2355,0.2034
340.0000,0.5231,0.5964,0.8074,0.5906,0.2629,0.2241,0.1973
345.0000,0.5544,0.6386,0.8084,0.5378,0.2405,0.2178,0.1848
350.0000,0.5861,0.6772,0.7976,0.4847,0.2262,0.2065,0.1884
355.0000,0.6225,0.7068,0.7763,0.4341,0.2152,0.1986,0.1877
360.0000,0.6536,0.7295,0.7445,0.3881,0.2068,0.1929,0.1864
365.0000,0.6715,0.7498,0.7006,0.3493,0.1989,0.1900,0.1840
370.0000,0.6885,0.7573,0.6524,0.3149,0.1939,0.1870,0.1836
375.0000,0.7105,0.7481,0.6043,0.2841,0.1912,0.1846,0.1825
380.0000,0.7158,0.7338,0.5523,0.2598,0.1887,0.1830,0.1818
385.0000,0.7124,0.7107,0.5009,0.2403,0.1866,0.1823,0.1801
390.0000,0.7070,0.6769,0.4537,0.2238,0.1860,0.1810,0.1790
395.0000,0.6863,0.6423,0.4071,0.2124,0.1847,0.1803,0.1778
400.0000,0.6607,0.6024,0.3656,0.2036,0.1839,0.1793,0.1769
405.0000,0.6345,0.5573,0.3303,0.1964,0.1838,0.1779,0.1763
410.0000,0.6061,0.5086,0.3018,0.1902,0.1844,0.1760,0.1761
415.0000,0.5645,0.4674,0.2744,0.1875,0.1833,0.1752,0.1754
420.0000,0.5254,0.4265,0.2523,0.1855,0.1822,0.1744,0.1747
425.0000,0.4848,0.3899,0.2332,0.1850,0.1805,0.1741,0.1742
430.0000,0.4523,0.3517,0.2206,0.1836,0.1797,0.1734,0.1738
435.0000,0.4133,0.3213,0.2092,0.1835,0.1780,0.1733,0.1729
440.0000,0.3766,0.2958,0.1998,0.1838,0.1759,0.1737,0.1717
445.0000,0.3440,0.2737,0.1929,0.1839,0.1742,0.1739,0.1711
450.0000,0.3213,0.2510,0.1903,0.1825,0.1739,0.1731,0.1710
455.0000,0.2951,0.2344,0.1878,0.1816,0.1729,0.1733,0.1692
460.0000,0.2717,0.2218,0.1859,0.1806,0.1725,0.1725,0.1700
465.0000,0.2528,0.2115,0.1848,0.1794,0.1723,0.1718,0.1699
470.0000,0.2376,0.2033,0.1841,0.1782,0.1718,0.1718,0.1685
475.0000,0.2259,0.1963,0.1841,0.1766,0.1722,0.1707,0.1693
480.0000,0.2126,0.1934,0.1826,0.1760,0.1717,0.1703,0.1690
485.0000,0.2056,0.1900,0.1819,0.1751,0.1716,0.1697,0.1688
490.0000,0.1995,0.1877,0.1809,0.1744,0.1712,0.1695,0.1681
495.0000,0.1937,0.1865,0.1795,0.1740,0.1708,0.1690,0.1681
500.0000,0.1911,0.1846,0.1787,0.1734,0.1705,0.1686,0.1679
505.0000,0.1880,0.1838,0.1775,0.1731,0.1699,0.1686,0.1672
510.0000,0.1858,0.1826,0.1766,0.1727,0.1696,0.1682,0.1672
515.0000,0.1847,0.1811,0.1760,0.1722,0.1693,0.1677,0.1672
520.0000,0.1831,0.1801,0.1752,0.1719,0.1688,0.1677,0.1666
525.0000,0.1815,0.1792,0.1746,0.1715,0.1685,0.1674,0.1665
530.0000,0.1807,0.1780,0.1741,0.1711,0.1682,0.1671,0.1663
535.0000,0.1796,0.1771,0.1736,0.1708,0.1677,0.1672,0.1653
540.0000,0.1783,0.1765,0.1731,0.1704,0.1676,0.1668,0.1654
545.0000,0.1777,0.1756,0.1728,0.1699,0.1674,0.1664,0.1652
550.0000,0.1767,0.1751,0.1722,0.1696,0.1670,0.1665,0.1641
555.0000,0.1758,0.1746,0.1718,0.1692,0.1669,0.1660,0.1639
560.0000,0.1754,0.1738,0.1716,0.1687,0.1669,0.1653,0.1637
565.0000,0.1747,0.1733,0.1711,0.1685,0.1665,0.1651,0.1626
570.0000,0.1740,0.1729,0.1707,0.1682,0.1664,0.1644,0.1624
575.0000,0.1730,0.1727,0.1702,0.1679,0.1662,0.1637,0.1620
580.0000,0.1731,0.1720,0.1699,0.1677,0.1657,0.1634,0.1608
585.0000,0.1723,0.1718,0.1694,0.1675,0.1655,0.1625,0.1610
590.0000,0.1716,0.1716,0.1689,0.1674,0.1650,0.1619,0.1606
595.0000,0.1717,0.1709,0.1687,0.1672,0.1645,0.1613,0.1602
600.0000,0.1711,0.1707,0.1682,0.1671,0.1637,0.1610,0.1593
605.0000,0.1704,0.1704,0.1679,0.1669,0.1631,0.1604,0.1593
610.0000,0.1705,0.1697,0.1678,0.1665,0.1625,0.1598,0.1589
615.0000,0.1700,0.1694,0.1676,0.1663,0.1617,0.1597,0.1582
620.0000,0.1694,0.1691,0.1674,0.1658,0.1612,0.1591,0.1583
625.0000,0.1695,0.1685,0.1674,0.1653,0.1607,0.1587,0.1581
630.0000,0.1690,0.1683,0.1672,0.1648,0.1600,0.1587,0.1574
635.0000,0.1684,0.1681,0.1670,0.1642,0.1595,0.1583,0.1574
640.0000,0.1685,0.1676,0.1669,0.1635,0.1592,0.1579,0.1574
645.0000,0.1680,0.1675,0.1665,0.1630,0.1586,0.1580,0.1568
650.0000,0.1676,0.1674,0.1662,0.1623,0.1583,0.1577,0.1569
655.0000,0.1676,0.1670,0.1659,0.1616,0.1581,0.1574,0.1569
660.0000,0.1672,0.1669,0.1653,0.1611,0.1577,0.1576,0.1563
665.0000,0.1668,0.1668,0.1647,0.1605,0.1576,0.1572,0.1566
670.0000,0.1668,0.1663,0.1643,0.1599,0.1575,0.1570,0.1566
675.0000,0.1664,0.1661,0.1636,0.1596,0.1571,0.1572,0.1559
680.0000,0.1660,0.1658,0.1629,0.1592,0.1571,0.1569,0.1561
685.0000,0.1659,0.1651,0.1624,0.1587,0.1571,0.1566,0.1563
690.0000,0.1655,0.1647,0.1617,0.1584,0.1569,0.1568,0.1556
695.0000,0.1649,0.1643,0.1611,0.1581,0.1568,0.1565,0.1559
700.0000,0.1640,0.1639,0.1604,0.1579,0.1567,0.1564,0.1560
705.0000,0.1641,0.1631,0.1600,0.1578,0.1565,0.1566,0.1552
710.0000,0.1635,0.1626,0.1595,0.1576,0.1565,0.1563,0.1557
715.0000,0.1626,0.1622,0.1590,0.1575,0.1564,0.1562,0.1557
720.0000,0.1626,0.1614,0.1588,0.1572,0.1564,0.1560,0.1558
725.0000,0.1620,0.1609,0.1584,0.1572,0.1561,0.1561,0.1553
730.0000,0.1612,0.1605,0.1580,0.1571,0.1561,0.1559,0.1556
735.0000,0.1610,0.1598,0.1579,0.1569,0.1561,0.1557,0.1557
740.0000,0.1604,0.1595,0.1576,0.1569,0.1559,0.1559,0.1553
745.0000,0.1597,0.1593,0.1574,0.1568,0.1559,0.1557,0.1556
750.0000,0.1597,0.1587,0.1574,0.1566,0.1558,0.1557,0.1557
755.0000,0.1591,0.1585,0.1571,0.1566,0.1556,0.1559,0.1554
760.0000,0.1585,0.1583,0.1570,0.1565,0.1556,0.1559,0.1556
765.0000,0.1586,0.1578,0.1570,0.1563,0.1556,0.1558,0.1557
770.0000,0.1582,0.1577,0.1568,0.1563,0.1555,0.1561,0.1553
775.0000,0.1577,0.1577,0.1567,0.1562,0.1555,0.1560,0.1555
780.0000,0.1578,0.1573,0.1567,0.1560,0.1556,0.1559,0.1557
785.0000,0.1575,0.1573,0.1565,0.1560,0.1555,0.1562,0.1551
790.0000,0.1571,0.1572,0.1564,0.1559,0.1557,0.1559,0.1556
795.0000,0.1572,0.1569,0.1564,0.1557,0.1558,0.1558,0.1558
800.0000,0.1570,0.1568,0.1563,0.1558,0.1557,0.1561,0.1553
805.0000,0.1567,0.1568,0.1561,0.1558,0.1557,0.1559,0.1557
810.0000,0.1568,0.1566,0.1561,0.1557,0.1559,0.1558,0.1559
815.0000,0.1566,0.1566,0.1559,0.1558,0.1557,0.1561,0.1555
820.0000,0.1563,0.1566,0.1557,0.1558,0.1557,0.1560,0.1560
825.0000,0.1558,0.1568,0.1555,0.1559,0.1557,0.1560,0.1563
830.0000,0.1563,0.1564,0.1556,0.1560,0.1555,0.1565,0.1558
835.0000,0.1561,0.1563,0.1555,0.1560,0.1556,0.1564,0.1565
840.0000,0.1558,0.1563,0.1555,0.1560,0.1556,0.1565,0.1568
845.0000,0.1561,0.1559,0.1557,0.1559,0.1557,0.1567,0.1570
850.0000,0.1559,0.1559,0.1556,0.1560,0.1557,0.1571,0.1567
855.0000,0.1556,0.1560,0.1556,0.1559,0.1559,0.1572,0.1571
860.0000,0.1559,0.1557,0.1558,0.1558,0.1561,0.1573,0.1573
865.0000,0.1557,0.1558,0.1558,0.1558,0.1562,0.1577,0.1570
870.0000,0.1554,0.1559,0.1557,0.1558,0.1564,0.1577,0.1572
875.0000,0.1557,0.1557,0.1559,0.1557,0.1568,0.1577,0.1573
880.0000,0.1556,0.1558,0.1558,0.1558,0.1569,0.1579,0.1568
885.0000,0.1553,0.1560,0.1557,0.1559,0.1572,0.1578,0.1569
890.0000,0.1557,0.1558,0.1558,0.1559,0.1576,0.1575,0.1569
895.0000,0.1556,0.1559,0.1556,0.1562,0.1576,0.1576,0.1564
900.0000,0.1554,0.1560,0.1556,0.1563,0.1578,0.1573,0.1564
905.0000,0.1557,0.1558,0.1556,0.1565,0.1580,0.1570,0.1563
910.0000,0.1556,0.1560,0.1555,0.1569,0.1578,0.1570,0.1555
915.0000,0.1554,0.1561,0.1555,0.1571,0.1578,0.1566,0.1556
920.0000,0.1557,0.1559,0.1557,0.1573,0.1577,0.1562,0.1554
925.0000,0.1557,0.1559,0.1557,0.1576,0.1573,0.1562,0.1546
930.0000,0.1555,0.1560,0.1558,0.1578,0.1571,0.1558,0.1546
935.0000,0.1558,0.1558,0.1562,0.1579,0.1570,0.1553,0.1546
940.0000,0.1557,0.1559,0.1563,0.1580,0.1565,0.1553,0.1539
945.0000,0.1556,0.1560,0.1566,0.1580,0.1563,0.1549,0.1539
950.0000,0.1552,0.1563,0.1567,0.1580,0.1559,0.1546,0.1538
955.0000,0.1559,0.1562,0.1571,0.1579,0.1554,0.1547,0.1528
960.0000,0.1559,0.1563,0.1574,0.1577,0.1552,0.1541,0.1533
965.0000,0.1558,0.1566,0.1575,0.1575,0.1549,0.1538,0.1532
970.0000,0.1563,0.1566,0.1578,0.1572,0.1547,0.1536,0.1531
975.0000,0.1562,0.1569,0.1578,0.1570,0.1542,0.1537,0.1526
980.0000,0.1561,0.1573,0.1578,0.1567,0.1540,0.1533,0.1528
985.0000,0.1567,0.1572,0.1579,0.1562,0.1538,0.1531,0.1527
990.0000,0.1567,0.1575,0.1577,0.1560,0.1535,0.1532,0.1522
995.0000,0.1566,0.1578,0.1575,0.1557,0.1533,0.1530,0.1523
1000.0000,0.1572,0.1576,0.1574,0.1552,0.1533,0.1527,0.1525
1005.0000,0.1572,0.1576,0.1571,0.1550,0.1530,0.1528,0.1521
1010.0000,0.1571,0.1577,0.1569,0.1546,0.1529,0.1526,0.1523
1015.0000,0.1574,0.1574,0.1567,0.1543,0.1528,0.1525,0.1523
1020.0000,0.1573,0.1575,0.1562,0.1541,0.1526,0.1526,0.1519
1025.0000,0.1570,0.1574,0.1558,0.1539,0.1525,0.1525,0.1521
1030.0000,0.1572,0.1570,0.1556,0.1536,0.1525,0.1524,0.1521
1035.0000,0.1570,0.1569,0.1552,0.1535,0.1523,0.1527,0.1515
1040.0000,0.1567,0.1567,0.1549,0.1533,0.1523,0.1524,0.1519
1045.0000,0.1568,0.1562,0.1547,0.1531,0.1524,0.1522,0.1519
1050.0000,0.1564,0.1560,0.1543,0.1530,0.1522,0.1525,0.1513
1055.0000,0.1560,0.1558,0.1540,0.1529,0.1522,0.1523,0.1516
1060.0000,0.1560,0.1553,0.1539,0.1527,0.1523,0.1520,0.1517
1065.0000,0.1556,0.1551,0.1536,0.1527,0.1521,0.1522,0.1511
1070.0000,0.1552,0.1549,0.1533,0.1526,0.1521,0.1521,0.1512
1075.0000,0.1546,0.1548,0.1531,0.1526,0.1521,0.1519,0.1513
1080.0000,0.1548,0.1543,0.1530,0.1526,0.1519,0.1521,0.1504
1085.0000,0.1544,0.1541,0.1528,0.1525,0.1520,0.1517,0.1509
1090.0000,0.1538,0.1540,0.1526,0.1525,0.1519,0.1515,0.1510
1095.0000,0.1540,0.1536,0.1527,0.1524,0.1519,0.1513,0.1509
1100.0000,0.1537,0.1535,0.1525,0.1525,0.1517,0.1514,0.1504
1105.0000,0.1532,0.1534,0.1524,0.1524,0.1517,0.1510,0.1507
1110.0000,0.1534,0.1530,0.1525,0.1523,0.1516,0.1508,0.1509
1115.0000,0.1532,0.1530,0.1524,0.1523,0.1513,0.1509,0.1506
1120.0000,0.1527,0.1530,0.1523,0.1523,0.1512,0.1508,0.1509
1125.0000,0.1530,0.1527,0.1524,0.1521,0.1511,0.1507,0.1512
1130.0000,0.1527,0.1527,0.1522,0.1522,0.1508,0.1510,0.1510
1135.0000,0.1524,0.1528,0.1521,0.1521,0.1506,0.1511,0.1515
1140.0000,0.1526,0.1525,0.1523,0.1519,0.1505,0.1512,0.1518
1145.0000,0.1525,0.1525,0.1522,0.1518,0.1503,0.1517,0.1517
1150.0000,0.1522,0.1525,0.1521,0.1516,0.1504,0.1518,0.1523
1155.0000,0.1524,0.1523,0.1522,0.1513,0.1505,0.1520,0.1527
1160.0000,0.1523,0.1523,0.1521,0.1512,0.1504,0.1527,0.1525
1165.0000,0.1521,0.1523,0.1520,0.1510,0.1507,0.1528,0.1531
1170.0000,0.1523,0.1521,0.1521,0.1508,0.1510,0.1531,0.1535
1175.0000,0.1522,0.1522,0.1518,0.1507,0.1512,0.1537,0.1531
1180.0000,0.1519,0.1523,0.1516,0.1506,0.1516,0.1539,0.1536
1185.0000,0.1521,0.1520,0.1516,0.1505,0.1521,0.1540,0.1539
1190.0000,0.1520,0.1520,0.1513,0.1506,0.1524,0.1545,0.1534
1195.0000,0.1518,0.1520,0.1511,0.1507,0.1529,0.1544,0.1538
1200.0000,0.1512,0.1521,0.1508,0.1509,0.1534,0.1544,0.1540
1205.0000,0.1517,0.1518,0.1507,0.1511,0.1536,0.1547,0.1532
1210.0000,0.1515,0.1517,0.1505,0.1514,0.1541,0.1544,0.1538
1215.0000,0.1511,0.1517,0.1503,0.1517,0.1543,0.1543,0.1538
1220.0000,0.1515,0.1513,0.1504,0.1521,0.1546,0.1541,0.1538
1225.0000,0.1512,0.1513,0.1503,0.1526,0.1546,0.1542,0.1533
1230.0000,0.1508,0.1513,0.1503,0.1530,0.1546,0.1539,0.1534
1235.0000,0.1511,0.1509,0.1506,0.1533,0.1547,0.1537,0.1534
1240.0000,0.1509,0.1509,0.1507,0.1538,0.1544,0.1537,0.1529
1245.0000,0.1505,0.1511,0.1510,0.1542,0.1543,0.1535,0.1531
1250.0000,0.1509,0.1508,0.1515,0.1543,0.1543,0.1531,0.1534
1255.0000,0.1508,0.1509,0.1518,0.1546,0.1539,0.1532,0.1533
1260.0000,0.1507,0.1510,0.1523,0.1546,0.1539,0.1528,0.1546
1265.0000,0.1510,0.1510,0.1529,0.1546,0.1538,0.1525,0.1564
1270.0000,0.1510,0.1514,0.1531,0.1547,0.1533,0.1530,0.1580
1275.0000,0.1510,0.1518,0.1535,0.1547,0.1530,0.1534,0.1615
1280.0000,0.1514,0.1519,0.1539,0.1545,0.1529,0.1539,0.1670
1285.0000,0.1515,0.1525,0.1539,0.1546,0.1522,0.1560,0.1730
1290.0000,0.1515,0.1531,0.1539,0.1548,0.1514,0.1592,0.1802
1295.0000,0.1522,0.1532,0.1541,0.1546,0.1511,0.1632,0.1904
1300.0000,0.1524,0.1536,0.1540,0.1545,0.1506,0.1693,0.2021
1305.0000,0.1523,0.1540,0.1541,0.1542,0.1510,0.1763,0.2190
1310.0000,0.1530,0.1542,0.1539,0.1543,0.1506,0.1884,0.2328
1315.0000,0.1532,0.1544,0.1539,0.1539,0.1518,0.2015,0.2506
1320.0000,0.1534,0.1544,0.1541,0.1531,0.1548,0.2164,0.2723
1325.0000,0.1533,0.1544,0.1545,0.1521,0.1596,0.2336,0.2968
1330.0000,0.1540,0.1540,0.1548,0.1512,0.1659,0.2545,0.3216
1335.0000,0.1541,0.1540,0.1546,0.1509,0.1734,0.2802,0.3406
1340.0000,0.1544,0.1535,0.1551,0.1497,0.1858,0.3039,0.3671
1345.0000,0.1543,0.1532,0.1555,0.1492,0.2012,0.3292,0.3937
1350.0000,0.1547,0.1528,0.1553,0.1498,0.2188,0.3569,0.4179
1355.0000,0.1546,0.1530,0.1545,0.1521,0.2385,0.3871,0.4352
1360.0000,0.1542,0.1529,0.1540,0.1550,0.2634,0.4129,0.4559
1365.0000,0.1540,0.1531,0.1528,0.1607,0.2895,0.4398,0.4694
1370.0000,0.1540,0.1529,0.1522,0.1677,0.3199,0.4607,0.4870
1375.0000,0.1537,0.1532,0.1510,0.1782,0.3505,0.4812,0.4964
1380.0000,0.1532,0.1538,0.1498,0.1922,0.3812,0.4994,0.4990
1385.0000,0.1526,0.1544,0.1497,0.2087,0.4134,0.5102,0.5042
1390.0000,0.1532,0.1544,0.1510,0.2282,0.4448,0.5160,0.5066
1395.0000,0.1525,0.1558,0.1524,0.2522,0.4719,0.5207,0.5010
1400.0000,0.1520,0.1573,0.1563,0.2784,0.4974,0.5181,0.4998
1405.0000,0.1539,0.1582,0.1627,0.3072,0.5178,0.5139,0.4930
1410.0000,0.1544,0.1612,0.1711,0.3385,0.5328,0.5071,0.4845
1415.0000,0.1543,0.1657,0.1823,0.3708,0.5426,0.4973,0.4772
1420.0000,0.1589,0.1692,0.1979,0.4029,0.5465,0.4878,0.4661
1425.0000,0.1625,0.1752,0.2170,0.4336,0.5458,0.4762,0.4573
1430.0000,0.1654,0.1842,0.2387,0.4629,0.5394,0.4663,0.4436
1435.0000,0.1740,0.1927,0.2654,0.4878,0.5306,0.4543,0.4338
1440.0000,0.1829,0.2040,0.2948,0.5087,0.5184,0.4432,0.4246
1445.0000,0.1952,0.2168,0.3269,0.5247,0.5040,0.4334,0.4135
1450.0000,0.2058,0.2344,0.3591,0.5361,0.4882,0.4243,0.4031
1455.0000,0.2203,0.2541,0.3917,0.5423,0.4719,0.4164,0.3916
1460.0000,0.2396,0.2743,0.4247,0.5423,0.4579,0.4058,0.3883
1465.0000,0.2612,0.2971,0.4549,0.5385,0.4435,0.3980,0.3817
1470.0000,0.2784,0.3249,0.4802,0.5318,0.4297,0.3913,0.3754
1475.0000,0.2979,0.3544,0.5007,0.5225,0.4164,0.3863,0.3676
1480.0000,0.3244,0.3808,0.5188,0.5094,0.4067,0.3788,0.3656
1485.0000,0.3481,0.4083,0.5306,0.4956,0.3972,0.3736,0.3615
1490.0000,0.3736,0.4332,0.5380,0.4811,0.3888,0.3697,0.3559
1495.0000,0.3909,0.4603,0.5383,0.4673,0.3813,0.3655,0.3525
1500.0000,0.4179,0.4789,0.5372,0.4522,0.3764,0.3602,0.3506
1505.0000,0.4404,0.4950,0.5316,0.4385,0.3712,0.3570,0.3462
1510.0000,0.4606,0.5064,0.5235,0.4254,0.3675,0.3528,0.3441
1515.0000,0.4775,0.5139,0.5131,0.4134,0.3643,0.3490,0.3417
1520.0000,0.4875,0.5205,0.4991,0.4039,0.3602,0.3465,0.3378
1525.0000,0.4966,0.5217,0.4851,0.3950,0.3574,0.3427,0.3369
1530.0000,0.5049,0.5179,0.4715,0.3870,0.3547,0.3397,0.3349
1535.0000,0.5075,0.5126,0.4571,0.3806,0.3514,0.3375,0.3323
1540.0000,0.5063,0.5053,0.4431,0.3753,0.3482,0.3352,0.3304
1545.0000,0.5047,0.4945,0.4309,0.3701,0.3456,0.3327,0.3290
1550.0000,0.4986,0.4841,0.4187,0.3663,0.3423,0.3313,0.3265
1555.0000,0.4924,0.4714,0.4086,0.3623,0.3397,0.3294,0.3253
1560.0000,0.4837,0.4587,0.3996,0.3586,0.3372,0.3275,0.3242
1565.0000,0.4731,0.4469,0.3913,0.3556,0.3343,0.3266,0.3218
1570.0000,0.4615,0.4358,0.3839,0.3527,0.3319,0.3253,0.3205
1575.0000,0.4526,0.4237,0.3784,0.3494,0.3301,0.3236,0.3194
1580.0000,0.4417,0.4131,0.3733,0.3465,0.3280,0.3230,0.3163
1585.0000,0.4299,0.4043,0.3685,0.3436,0.3266,0.3210,0.3167
1590.0000,0.4184,0.3968,0.3638,0.3410,0.3250,0.3196,0.3157
1595.0000,0.4103,0.3889,0.3603,0.3383,0.3239,0.3181,0.3148
1600.0000,0.4027,0.3817,0.3570,0.3358,0.3225,0.3172,0.3129
1605.0000,0.3931,0.3766,0.3533,0.3337,0.3213,0.3156,0.3127
1610.0000,0.3870,0.3710,0.3503,0.3315,0.3203,0.3142,0.3119
1615.0000,0.3799,0.3670,0.3468,0.3300,0.3186,0.3136,0.3103
1620.0000,0.3745,0.3626,0.3440,0.3282,0.3175,0.3124,0.3099
1625.0000,0.3701,0.3581,0.3416,0.3264,0.3165,0.3111,0.3096
1630.0000,0.3648,0.3550,0.3387,0.3252,0.3150,0.3107,0.3083
1635.0000,0.3597,0.3521,0.3361,0.3239,0.3137,0.3099,0.3079
1640.0000,0.3569,0.3484,0.3342,0.3224,0.3127,0.3092,0.3074
1645.0000,0.3535,0.3453,0.3321,0.3212,0.3114,0.3092,0.3056
1650.0000,0.3495,0.3427,0.3302,0.3198,0.3106,0.3082,0.3058
1655.0000,0.3470,0.3397,0.3288,0.3183,0.3100,0.3074,0.3054
1660.0000,0.3439,0.3375,0.3270,0.3172,0.3089,0.3075,0.3036
1665.0000,0.3412,0.3351,0.3256,0.3158,0.3085,0.3065,0.3037
1670.0000,0.3390,0.3327,0.3245,0.3144,0.3082,0.3054,0.3037
1675.0000,0.3364,0.3310,0.3228,0.3135,0.3074,0.3053,0.3022
1680.0000,0.3337,0.3296,0.3212,0.3126,0.3068,0.3046,0.3019
1685.0000,0.3309,0.3283,0.3196,0.3117,0.3064,0.3037,0.3015
1690.0000,0.3302,0.3261,0.3185,0.3108,0.3057,0.3035,0.2998
1695.0000,0.3280,0.3249,0.3171,0.3101,0.3052,0.3026,0.2996
1700.0000,0.3256,0.3238,0.3157,0.3094,0.3047,0.3017,0.2991
1705.0000,0.3252,0.3218,0.3147,0.3088,0.3040,0.3015,0.2968
1710.0000,0.3232,0.3206,0.3135,0.3081,0.3036,0.3001,0.2975
1715.0000,0.3213,0.3195,0.3124,0.3076,0.3030,0.2992,0.2971
1720.0000,0.3208,0.3177,0.3117,0.3070,0.3024,0.2983,0.2965
1725.0000,0.3193,0.3166,0.3107,0.3066,0.3014,0.2980,0.2952
1730.0000,0.3174,0.3157,0.3098,0.3061,0.3007,0.2969,0.2951
1735.0000,0.3170,0.3141,0.3094,0.3054,0.3000,0.2961,0.2946
1740.0000,0.3156,0.3133,0.3086,0.3050,0.2988,0.2959,0.2933
1745.0000,0.3139,0.3126,0.3079,0.3044,0.2980,0.2952,0.2930
1750.0000,0.3137,0.3112,0.3077,0.3035,0.2975,0.2943,0.2929
1755.0000,0.3124,0.3106,0.3069,0.3030,0.2964,0.2942,0.2916
1760.0000,0.3111,0.3101,0.3063,0.3022,0.2958,0.2934,0.2916
1765.0000,0.3109,0.3090,0.3061,0.3013,0.2953,0.2927,0.2915
1770.0000,0.3101,0.3083,0.3054,0.3006,0.2943,0.2928,0.2901
1775.0000,0.3090,0.3078,0.3049,0.2997,0.2939,0.2919,0.2907
1780.0000,0.3087,0.3069,0.3045,0.2988,0.2935,0.2914,0.2906
1785.0000,0.3078,0.3066,0.3036,0.2982,0.2926,0.2916,0.2894
1790.0000,0.3067,0.3063,0.3027,0.2974,0.2921,0.2912,0.2896
1795.0000,0.3067,0.3054,0.3022,0.2965,0.2919,0.2906,0.2897
1800.0000,0.3059,0.3050,0.3012,0.2960,0.2911,0.2909,0.2884
1805.0000,0.3050,0.3045,0.3003,0.2953,0.2908,0.2905,0.2886
1810.0000,0.3039,0.3041,0.2995,0.2946,0.2907,0.2900,0.2887
1815.0000,0.3043,0.3028,0.2990,0.2939,0.2903,0.2902,0.2873
1820.0000,0.3033,0.3022,0.2982,0.2933,0.2902,0.2896,0.2876
1825.0000,0.3019,0.3018,0.2973,0.2928,0.2901,0.2890,0.2875
1830.0000,0.3021,0.3006,0.2967,0.2923,0.2897,0.2892,0.2858
1835.0000,0.3011,0.3000,0.2959,0.2919,0.2897,0.2883,0.2867
1840.0000,0.2998,0.2996,0.2950,0.2916,0.2895,0.2878,0.2866
1845.0000,0.2999,0.2984,0.2945,0.2912,0.2893,0.2873,0.2863
1850.0000,0.2989,0.2979,0.2936,0.2911,0.2887,0.2873,0.2852
1855.0000,0.2976,0.2975,0.2929,0.2909,0.2885,0.2867,0.2855
1860.0000,0.2978,0.2963,0.2927,0.2905,0.2882,0.2862,0.2853
1865.0000,0.2968,0.2958,0.2920,0.2905,0.2875,0.2863,0.2842
1870.0000,0.2957,0.2953,0.2915,0.2903,0.2871,0.2858,0.2842
1875.0000,0.2958,0.2941,0.2915,0.2898,0.2870,0.2852,0.2842
1880.0000,0.2949,0.2937,0.2911,0.2897,0.2863,0.2852,0.2831
1885.0000,0.2940,0.2933,0.2908,0.2893,0.2860,0.2847,0.2833
1890.0000,0.2939,0.2924,0.2908,0.2888,0.2858,0.2841,0.2833
1895.0000,0.2932,0.2922,0.2905,0.2886,0.2851,0.2843,0.2822
1900.0000,0.2923,0.2920,0.2902,0.2882,0.2849,0.2837,0.2829
1905.0000,0.2924,0.2913,0.2901,0.2877,0.2847,0.2833,0.2830
1910.0000,0.2918,0.2912,0.2897,0.2875,0.2840,0.2836,0.2820
1915.0000,0.2910,0.2912,0.2892,0.2871,0.2837,0.2833,0.2825
1920.0000,0.2912,0.2905,0.2892,0.2866,0.2835,0.2830,0.2828
1925.0000,0.2908,0.2904,0.2886,0.2863,0.2829,0.2835,0.2817
1930.0000,0.2902,0.2903,0.2883,0.2859,0.2828,0.2833,0.2823
1935.0000,0.2892,0.2903,0.2878,0.2855,0.2826,0.2832,0.2824
1940.0000,0.2900,0.2895,0.2876,0.2851,0.2823,0.2838,0.2809
1945.0000,0.2894,0.2892,0.2873,0.2846,0.2825,0.2833,0.2820
1950.0000,0.2884,0.2892,0.2868,0.2843,0.2825,0.2830,0.2822
1955.0000,0.2890,0.2884,0.2865,0.2840,0.2823,0.2836,0.2808
1960.0000,0.2885,0.2882,0.2861,0.2836,0.2826,0.2829,0.2819
1965.0000,0.2876,0.2881,0.2856,0.2833,0.2827,0.2827,0.2821
1970.0000,0.2880,0.2874,0.2854,0.2830,0.2829,0.2825,0.2821
1975.0000,0.2874,0.2873,0.2847,0.2831,0.2826,0.2828,0.2813
1980.0000,0.2865,0.2872,0.2842,0.2831,0.2827,0.2824,0.2818
1985.0000,0.2869,0.2863,0.2841,0.2829,0.2828,0.2821,0.2819
1990.0000,0.2863,0.2862,0.2835,0.2831,0.2824,0.2824,0.2811
1995.0000,0.2855,0.2860,0.2831,0.2831,0.2823,0.2822,0.2814
2000.0000,0.2859,0.2851,0.2832,0.2830,0.2824,0.2819,0.2816
2005.0000,0.2854,0.2848,0.2829,0.2831,0.2821,0.2822,0.2808
2010.0000,0.2847,0.2846,0.2828,0.2831,0.2821,0.2818,0.2815
2015.0000,0.2848,0.2839,0.2830,0.2828,0.2822,0.2813,0.2824
2020.0000,0.2843,0.2838,0.2828,0.2830,0.2818,0.2818,0.2821
2025.0000,0.2837,0.2837,0.2827,0.2829,0.2818,0.2814,0.2843
2030.0000,0.2839,0.2832,0.2830,0.2826,0.2819,0.2811,0.2873
2035.0000,0.2835,0.2832,0.2827,0.2828,0.2813,0.2822,0.2897
2040.0000,0.2829,0.2834,0.2826,0.2827,0.2812,0.2826,0.2961
2045.0000,0.2832,0.2831,0.2826,0.2828,0.2805,0.2849,0.3020
2050.0000,0.2829,0.2833,0.2822,0.2830,0.2796,0.2886,0.3088
2055.0000,0.2825,0.2834,0.2821,0.2829,0.2793,0.2925,0.3204
2060.0000,0.2815,0.2838,0.2819,0.2828,0.2793,0.2979,0.3349
2065.0000,0.2827,0.2832,0.2820,0.2827,0.2792,0.3065,0.3504
2070.0000,0.2823,0.2834,0.2816,0.2829,0.2789,0.3189,0.3644
2075.0000,0.2818,0.2835,0.2818,0.2823,0.2807,0.3318,0.3847
2080.0000,0.2826,0.2828,0.2821,0.2816,0.2834,0.3484,0.4050
2085.0000,0.2824,0.2827,0.2823,0.2809,0.2878,0.3677,0.4265
2090.0000,0.2824,0.2822,0.2831,0.2793,0.2958,0.3869,0.4546
2095.0000,0.2827,0.2816,0.2837,0.2782,0.3055,0.4096,0.4830
2100.0000,0.2828,0.2814,0.2838,0.2777,0.3172,0.4358,0.5120
2105.0000,0.2822,0.2819,0.2829,0.2788,0.3300,0.4675,0.5331
2110.0000,0.2824,0.2815,0.2829,0.2794,0.3485,0.4962,0.5598
2115.0000,0.2822,0.2817,0.2821,0.2818,0.3692,0.5276,0.5818
2120.0000,0.2821,0.2816,0.2817,0.2848,0.3949,0.5557,0.6071
2125.0000,0.2821,0.2815,0.2808,0.2904,0.4223,0.5851,0.6245
2130.0000,0.2819,0.2818,0.2797,0.2986,0.4519,0.6134,0.6355
2135.0000,0.2816,0.2817,0.2793,0.3085,0.4856,0.6349,0.6492
2140.0000,0.2818,0.2813,0.2797,0.3211,0.5213,0.6516,0.6599
2145.0000,0.2815,0.2819,0.2795,0.3384,0.5547,0.6680,0.6594
2150.0000,0.2812,0.2824,0.2809,0.3581,0.5897,0.6748,0.6653
2155.0000,0.2817,0.2830,0.2834,0.3820,0.6216,0.6787,0.6645
2160.0000,0.2815,0.2850,0.2866,0.4101,0.6486,0.6804,0.6572
2165.0000,0.2800,0.2884,0.2916,0.4411,0.6720,0.6762,0.6515
2170.0000,0.2832,0.2902,0.3008,0.4736,0.6911,0.6677,0.6457
2175.0000,0.2843,0.2949,0.3117,0.5085,0.7030,0.6583,0.6368
2180.0000,0.2860,0.3006,0.3262,0.5439,0.7088,0.6478,0.6257
2185.0000,0.2848,0.3097,0.3435,0.5792,0.7078,0.6375,0.6123
2190.0000,0.2956,0.3150,0.3679,0.6106,0.7033,0.6252,0.6004
2195.0000,0.3033,0.3239,0.3957,0.6388,0.6948,0.6117,0.5918
2200.0000,0.3151,0.3336,0.4276,0.6625,0.6821,0.6006,0.5794
2205.0000,0.3249,0.3477,0.4613,0.6816,0.6667,0.5902,0.5676
2210.0000,0.3374,0.3649,0.4965,0.6952,0.6500,0.5802,0.5566
2215.0000,0.3544,0.3839,0.5331,0.7024,0.6338,0.5691,0.5498
2220.0000,0.3695,0.4082,0.5673,0.7052,0.6166,0.5606,0.5411
2225.0000,0.3882,0.4350,0.5993,0.7033,0.5997,0.5537,0.5313
2230.0000,0.4143,0.4607,0.6301,0.6954,0.5862,0.5445,0.5272
2235.0000,0.4356,0.4911,0.6547,0.6853,0.5727,0.5376,0.5213
2240.0000,0.4621,0.5202,0.6752,0.6723,0.5605,0.5326,0.5133
2245.0000,0.4820,0.5535,0.6879,0.6584,0.5499,0.5267,0.5088
2250.0000,0.5113,0.5809,0.6977,0.6421,0.5423,0.5196,0.5062
2255.0000,0.5392,0.6064,0.7016,0.6262,0.5345,0.5155,0.4999
2260.0000,0.5653,0.6285,0.7010,0.6101,0.5288,0.5099,0.4972
2265.0000,0.5899,0.6467,0.6963,0.5949,0.5240,0.5046,0.4939
2270.0000,0.6076,0.6643,0.6856,0.5823,0.5181,0.5016,0.4882
2275.0000,0.6253,0.6754,0.6737,0.5698,0.5144,0.4962,0.4875
2280.0000,0.6434,0.6796,0.6611,0.5583,0.5108,0.4919,0.4851
2285.0000,0.6547,0.6815,0.6461,0.5490,0.5066,0.4889,0.4814
2290.0000,0.6609,0.6802,0.6304,0.5409,0.5026,0.4857,0.4791
2295.0000,0.6669,0.6735,0.6160,0.5333,0.4993,0.4823,0.4774
2300.0000,0.6666,0.6661,0.6009,0.5275,0.4950,0.4804,0.4741
2305.0000,0.6630,0.6566,0.5868,0.5223,0.4913,0.4780,0.4725
2310.0000,0.6584,0.6444,0.5746,0.5172,0.4879,0.4757,0.4709
2315.0000,0.6527,0.6305,0.5639,0.5126,0.4844,0.4746,0.4671
2320.0000,0.6423,0.6179,0.5538,0.5083,0.4817,0.4720,0.4673
2325.0000,0.6301,0.6058,0.5446,0.5045,0.4787,0.4704,0.4660
2330.0000,0.6207,0.5923,0.5375,0.5004,0.4764,0.4687,0.4647
2335.0000,0.6108,0.5793,0.5313,0.4965,0.4741,0.4678,0.4620
2340.0000,0.5970,0.5692,0.5249,0.4930,0.4722,0.4659,0.4617
2345.0000,0.5865,0.5587,0.5198,0.4894,0.4706,0.4643,0.4606
2350.0000,0.5748,0.5506,0.5141,0.4867,0.4684,0.4639,0.4579
2355.0000,0.5652,0.5423,0.5097,0.4835,0.4675,0.4617,0.4582
2360.0000,0.5567,0.5343,0.5059,0.4804,0.4665,0.4598,0.4581
2365.0000,0.5470,0.5286,0.5012,0.4784,0.4647,0.4593,0.4565
2370.0000,0.5393,0.5226,0.4974,0.4759,0.4637,0.4574,0.4583
2375.0000,0.5332,0.5164,0.4942,0.4736,0.4629,0.4558,0.4608
2380.0000,0.5259,0.5121,0.4902,0.4722,0.4609,0.4561,0.4625
2385.0000,0.5190,0.5081,0.4868,0.4705,0.4598,0.4550,0.4704
2390.0000,0.5149,0.5031,0.4842,0.4687,0.4587,0.4550,0.4810
2395.0000,0.5101,0.4992,0.4810,0.4678,0.4562,0.4586,0.4926
2400.0000,0.5042,0.4965,0.4776,0.4673,0.4533,0.4647,0.5067
2405.0000,0.5013,0.4921,0.4759,0.4656,0.4523,0.4709,0.5301
2410.0000,0.4969,0.4894,0.4733,0.4649,0.4499,0.4831,0.5556
2415.0000,0.4931,0.4863,0.4715,0.4634,0.4495,0.4973,0.5935
2420.0000,0.4905,0.4832,0.4693,0.4632,0.4467,0.5236,0.6243
2425.0000,0.4869,0.4809,0.4677,0.4617,0.4477,0.5524,0.6645
2430.0000,0.4834,0.4784,0.4669,0.4591,0.4529,0.5847,0.7165
2435.0000,0.4802,0.4759,0.4665,0.4560,0.4617,0.6232,0.7751
2440.0000,0.4793,0.4727,0.4664,0.4530,0.4737,0.6713,0.8352
2445.0000,0.4764,0.4713,0.4647,0.4518,0.4878,0.7326,0.8782
2450.0000,0.4745,0.4687,0.4652,0.4481,0.5138,0.7894,0.9405
2455.0000,0.4730,0.4661,0.4655,0.4451,0.5472,0.8504,1.0026
2460.0000,0.4721,0.4637,0.4649,0.4444,0.5866,0.9172,1.0588
2465.0000,0.4702,0.4626,0.4627,0.4473,0.6321,0.9889,1.0998
2505.0000,0.4560,0.4634,0.4445,0.6661,1.1893,1.2957,1.2717
2510.0000,0.4523,0.4673,0.4484,0.7303,1.2451,1.2964,1.2653
2515.0000,0.4573,0.4674,0.4606,0.7995,1.2914,1.2895,1.2545
2520.0000,0.4547,0.4744,0.4763,0.8750,1.3241,1.2789,1.2386
2525.0000,0.4554,0.4810,0.5020,0.9508,1.3472,1.2600,1.2292
2530.0000,0.4656,0.4852,0.5393,1.0255,1.3575,1.2418,1.2131
2535.0000,0.4719,0.4961,0.5844,1.0973,1.3569,1.2212,1.2016
2540.0000,0.4776,0.5137,0.6368,1.1648,1.3443,1.2042,1.1852
2545.0000,0.4949,0.5314,0.7006,1.2224,1.3256,1.1867,1.1740
2550.0000,0.5155,0.5545,0.7719,1.2698,1.3015,1.1710,1.1672
2555.0000,0.5417,0.5836,0.8483,1.3062,1.2730,1.1599,1.1592
2560.0000,0.5630,0.6259,0.9235,1.3327,1.2418,1.1523,1.1554
2565.0000,0.5954,0.6733,0.9989,1.3480,1.2101,1.1506,1.1495
2570.0000,0.6392,0.7225,1.0746,1.3499,1.1839,1.1470,1.1567
2575.0000,0.6890,0.7770,1.1447,1.3422,1.1609,1.1476,1.1641
2580.0000,0.7305,0.8418,1.2039,1.3276,1.1419,1.1507,1.1757
2585.0000,0.7753,0.9126,1.2503,1.3094,1.1244,1.1621,1.1820
2590.0000,0.8386,0.9740,1.2919,1.2829,1.1168,1.1698,1.1999
2595.0000,0.8957,1.0366,1.3210,1.2546,1.1141,1.1802,1.2189
2600.0000,0.9570,1.0929,1.3398,1.2261,1.1145,1.1967,1.2324
2605.0000,1.0012,1.1534,1.3429,1.2004,1.1199,1.2115,1.2560
2610.0000,1.0606,1.1991,1.3398,1.1761,1.1291,1.2303,1.2742
2615.0000,1.1124,1.2374,1.3279,1.1558,1.1408,1.2519,1.2884
2620.0000,1.1442,1.2749,1.3056,1.1412,1.1558,1.2714,1.3087
2625.0000,1.1924,1.2915,1.2848,1.1283,1.1751,1.2912,1.3239
2630.0000,1.2235,1.3041,1.2585,1.1219,1.1944,1.3131,1.3321
2635.0000,1.2475,1.3065,1.2333,1.1185,1.2182,1.3291,1.3450
2640.0000,1.2675,1.2993,1.2099,1.1190,1.2434,1.3434,1.3527
2645.0000,1.2748,1.2901,1.1856,1.1258,1.2665,1.3589,1.3501
2650.0000,1.2738,1.2770,1.1643,1.1357,1.2917,1.3667,1.3516
2655.0000,1.2731,1.2575,1.1483,1.1485,1.3164,1.3709,1.3466
2660.0000,1.2638,1.2395,1.1339,1.1664,1.3369,1.3745,1.3306
2665.0000,1.2530,1.2194,1.1252,1.1856,1.3576,1.3692,1.3176
2670.0000,1.2396,1.1995,1.1215,1.2063,1.3768,1.3562,1.3058
2675.0000,1.2225,1.1843,1.1196,1.2311,1.3881,1.3445,1.2816
2680.0000,1.2051,1.1714,1.1222,1.2565,1.3963,1.3256,1.2611
2685.0000,1.1889,1.1611,1.1290,1.2824,1.3984,1.3046,1.2348
2690.0000,1.1801,1.1510,1.1411,1.3075,1.3948,1.2819,1.2023
2695.0000,1.1673,1.1473,1.1561,1.3305,1.3883,1.2500,1.1864
2700.0000,1.1579,1.1470,1.1737,1.3527,1.3731,1.2227,1.1585
2705.0000,1.1561,1.1476,1.1955,1.3711,1.3529,1.1948,1.1299
2710.0000,1.1531,1.1543,1.2181,1.3862,1.3278,1.1669,1.1018
2715.0000,1.1527,1.1640,1.2430,1.3956,1.3009,1.1357,1.0826
2720.0000,1.1602,1.1745,1.2694,1.4004,1.2689,1.1102,1.0575
2725.0000,1.1684,1.1887,1.2953,1.3995,1.2353,1.0856,1.0345
2730.0000,1.1750,1.2079,1.3188,1.3937,1.2001,1.0635,1.0109
2735.0000,1.1913,1.2245,1.3434,1.3799,1.1681,1.0388,0.9951
2740.0000,1.2079,1.2433,1.3640,1.3622,1.1347,1.0197,0.9757
2745.0000,1.2260,1.2626,1.3812,1.3391,1.1037,1.0011,0.9594
2750.0000,1.2430,1.2828,1.3937,1.3118,1.0759,0.9822,0.9472
2755.0000,1.2597,1.3043,1.3991,1.2829,1.0481,0.9684,0.9311
2760.0000,1.2785,1.3227,1.3999,1.2512,1.0241,0.9540,0.9193
2765.0000,1.2970,1.3385,1.3951,1.2180,1.0031,0.9403,0.9083
2770.0000,1.3107,1.3543,1.3825,1.1862,0.9824,0.9308,0.8919
2775.0000,1.3244,1.3644,1.3664,1.1529,0.9676,0.9158,0.8893
2780.0000,1.3394,1.3681,1.3464,1.1208,0.9537,0.9042,0.8820
2785.0000,1.3474,1.3699,1.3204,1.0920,0.9395,0.8961,0.8712
2790.0000,1.3498,1.3679,1.2911,1.0650,0.9276,0.8864,0.8657
2795.0000,1.3550,1.3569,1.2619,1.0390,0.9181,0.8764,0.8619
2800.0000,1.3508,1.3451,1.2288,1.0171,0.9071,0.8702,0.8544
2805.0000,1.3412,1.3297,1.1951,0.9975,0.8972,0.8637,0.8496
2810.0000,1.3298,1.3088,1.1628,0.9795,0.8884,0.8577,0.8446
2815.0000,1.3204,1.2817,1.1331,0.9629,0.8799,0.8537,0.8362
2820.0000,1.3000,1.2562,1.1032,0.9483,0.8730,0.8472,0.8355
2825.0000,1.2743,1.2305,1.0744,0.9358,0.8656,0.8429,0.8316
2830.0000,1.2562,1.1990,1.0503,0.9232,0.8598,0.8383,0.8278
2835.0000,1.2340,1.1679,1.0279,0.9121,0.8538,0.8352,0.8218
2840.0000,1.2027,1.1412,1.0060,0.9023,0.8489,0.8303,0.8203
2845.0000,1.1787,1.1118,0.9880,0.8926,0.8447,0.8261,0.8174
2850.0000,1.1502,1.0867,0.9697,0.8850,0.8393,0.8239,0.8120
2855.0000,1.1277,1.0594,0.9556,0.8765,0.8361,0.8194,0.8103
2860.0000,1.1017,1.0355,0.9423,0.8689,0.8330,0.8151,0.8088
2865.0000,1.0741,1.0162,0.9282,0.8634,0.8282,0.8131,0.8047
2870.0000,1.0471,0.9994,0.9149,0.8585,0.8241,0.8103,0.8028
2875.0000,1.0287,0.9802,0.9050,0.8529,0.8209,0.8074,0.8008
2880.0000,1.0099,0.9632,0.8955,0.8482,0.8168,0.8063,0.7957
2885.0000,0.9884,0.9496,0.8862,0.8437,0.8140,0.8027,0.7962
2890.0000,0.9737,0.9347,0.8791,0.8389,0.8113,0.8001,0.7950
2895.0000,0.9589,0.9218,0.8722,0.8349,0.8078,0.7994,0.7906
2900.0000,0.9422,0.9117,0.8654,0.8310,0.8055,0.7965,0.7912
2905.0000,0.9308,0.9004,0.8601,0.8268,0.8034,0.7943,0.7904
2910.0000,0.9179,0.8922,0.8539,0.8239,0.7999,0.7944,0.7862
2915.0000,0.9075,0.8836,0.8490,0.8202,0.7982,0.7922,0.7864
2920.0000,0.8987,0.8749,0.8451,0.8163,0.7969,0.7899,0.7866
2925.0000,0.8887,0.8689,0.8399,0.8137,0.7941,0.7901,0.7828
2930.0000,0.8794,0.8633,0.8354,0.8109,0.7926,0.7884,0.7831
2935.0000,0.8710,0.8579,0.8311,0.8080,0.7912,0.7869,0.7828
2940.0000,0.8668,0.8512,0.8278,0.8054,0.7892,0.7874,0.7779
2945.0000,0.8591,0.8469,0.8239,0.8028,0.7886,0.7849,0.7804
2950.0000,0.8516,0.8432,0.8200,0.8007,0.7875,0.7836,0.7804
2955.0000,0.8489,0.8374,0.8174,0.7982,0.7868,0.7822,0.7802
2960.0000,0.8438,0.8334,0.8139,0.7966,0.7851,0.7825,0.7777
2965.0000,0.8373,0.8303,0.8106,0.7949,0.7844,0.7809,0.7788
2970.0000,0.8352,0.8253,0.8085,0.7929,0.7838,0.7798,0.7788
2975.0000,0.8303,0.8224,0.8052,0.7919,0.7820,0.7805,0.7767
2980.0000,0.8253,0.8197,0.8024,0.7906,0.7812,0.7796,0.7774
2985.0000,0.8237,0.8151,0.8009,0.7889,0.7810,0.7785,0.7781
2990.0000,0.8194,0.8128,0.7982,0.7882,0.7794,0.7794,0.7762
2995.0000,0.8151,0.8104,0.7961,0.7870,0.7789,0.7787,0.7776
3000.0000,0.8137,0.8067,0.7950,0.7855,0.7787,0.7782,0.7785
3005.0000,0.8107,0.8043,0.7931,0.7849,0.7774,0.7797,0.7762
3010.0000,0.8068,0.8024,0.7915,0.7837,0.7774,0.7790,0.7785
3015.0000,0.8055,0.7993,0.7907,0.7824,0.7776,0.7788,0.7797
3020.0000,0.8025,0.7979,0.7888,0.7821,0.7765,0.7807,0.7776
3025.0000,0.7996,0.7965,0.7875,0.7811,0.7769,0.7802,0.7802
3030.0000,0.7988,0.7938,0.7869,0.7799,0.7775,0.7803,0.7817
3035.0000,0.7963,0.7928,0.7853,0.7798,0.7768,0.7824,0.7798
3040.0000,0.7935,0.7919,0.7840,0.7792,0.7774,0.7825,0.7824
3045.0000,0.7933,0.7895,0.7836,0.7783,0.7783,0.7826,0.7841
3050.0000,0.7914,0.7887,0.7821,0.7785,0.7780,0.7850,0.7822
3055.0000,0.7893,0.7878,0.7811,0.7782,0.7790,0.7852,0.7846
3060.0000,0.7860,0.7875,0.7799,0.7782,0.7799,0.7856,0.7863
3065.0000,0.7875,0.7852,0.7796,0.7782,0.7800,0.7882,0.7833
3070.0000,0.7855,0.7845,0.7789,0.7781,0.7816,0.7877,0.7869
3075.0000,0.7830,0.7842,0.7781,0.7784,0.7827,0.7881,0.7886
3080.0000,0.7841,0.7821,0.7783,0.7784,0.7841,0.7883,0.7898
3085.0000,0.7824,0.7820,0.7773,0.7794,0.7843,0.7903,0.7885
3090.0000,0.7802,0.7818,0.7768,0.7800,0.7856,0.7902,0.7905
3095.0000,0.7815,0.7799,0.7774,0.7803,0.7870,0.7904,0.7918
3100.0000,0.7802,0.7799,0.7769,0.7815,0.7871,0.7922,0.7905
3105.0000,0.7782,0.7801,0.7767,0.7825,0.7881,0.7922,0.7925
3110.0000,0.7796,0.7785,0.7777,0.7829,0.7894,0.7923,0.7939
3115.0000,0.7786,0.7788,0.7775,0.7843,0.7894,0.7941,0.7927
3120.0000,0.7772,0.7792,0.7778,0.7853,0.7902,0.7942,0.7948
3125.0000,0.7784,0.7781,0.7790,0.7859,0.7912,0.7943,0.7966
3130.0000,0.7777,0.7787,0.7792,0.7873,0.7909,0.7967,0.7950
3135.0000,0.7769,0.7792,0.7799,0.7881,0.7919,0.7966,0.7983
3140.0000,0.7784,0.7785,0.7815,0.7885,0.7929,0.7970,0.8005
3145.0000,0.7782,0.7793,0.7820,0.7897,0.7925,0.7997,0.7995
3150.0000,0.7773,0.7804,0.7827,0.7904,0.7934,0.8002,0.8029
3155.0000,0.7790,0.7801,0.7843,0.7906,0.7946,0.8011,0.8055
3160.0000,0.7792,0.7812,0.7848,0.7917,0.7945,0.8043,0.8048
3165.0000,0.7785,0.7826,0.7855,0.7923,0.7956,0.8054,0.8086
3170.0000,0.7806,0.7824,0.7870,0.7923,0.7972,0.8069,0.8115
3175.0000,0.7811,0.7836,0.7875,0.7933,0.7976,0.8105,0.8107
3180.0000,0.7813,0.7847,0.7883,0.7937,0.7994,0.8119,0.8149
3185.0000,0.7797,0.7867,0.7886,0.7943,0.8012,0.8137,0.8182
3190.0000,0.7834,0.7863,0.7897,0.7950,0.8024,0.8177,0.8166
3195.0000,0.7837,0.7874,0.7903,0.7955,0.8050,0.8190,0.8213
3200.0000,0.7833,0.7887,0.7907,0.7964,0.8074,0.8207,0.8245
3205.0000,0.7861,0.7884,0.7919,0.7969,0.8103,0.8224,0.8273
3210.0000,0.7860,0.7900,0.7917,0.7986,0.8119,0.8259,0.8273
3215.0000,0.7856,0.7912,0.7920,0.8000,0.8147,0.8274,0.8305
3220.0000,0.7885,0.7906,0.7933,0.8011,0.8177,0.8288,0.8330
3225.0000,0.7886,0.7918,0.7934,0.8034,0.8195,0.8320,0.8327
3230.0000,0.7875,0.7934,0.7936,0.8055,0.8221,0.8333,0.8359
3235.0000,0.7905,0.7927,0.7952,0.8071,0.8250,0.8346,0.8380
3240.0000,0.7907,0.7938,0.7957,0.8099,0.8265,0.8375,0.8375
3245.0000,0.7906,0.7948,0.7967,0.8122,0.8290,0.8385,0.8403
3250.0000,0.7927,0.7945,0.7987,0.8142,0.8315,0.8394,0.8425
3255.0000,0.7927,0.7960,0.7996,0.8173,0.8324,0.8425,0.8410
3260.0000,0.7927,0.7972,0.8013,0.8197,0.8347,0.8430,0.8442
3265.0000,0.7950,0.7972,0.8039,0.8217,0.8369,0.8437,0.8463
3270.0000,0.7957,0.7988,0.8056,0.8245,0.8376,0.8465,0.8447
3275.0000,0.7956,0.8007,0.8076,0.8268,0.8394,0.8470,0.8478
3280.0000,0.7982,0.8012,0.8106,0.8286,0.8413,0.8476,0.8500
3285.0000,0.7992,0.8032,0.8126,0.8312,0.8418,0.8504,0.8483
3290.0000,0.7993,0.8058,0.8147,0.8332,0.8433,0.8510,0.8511
3295.0000,0.8025,0.8067,0.8179,0.8346,0.8451,0.8514,0.8531
3300.0000,0.8040,0.8091,0.8199,0.8368,0.8454,0.8542,0.8509
3305.0000,0.8053,0.8115,0.8224,0.8383,0.8471,0.8544,0.8538
3310.0000,0.8045,0.8151,0.8241,0.8400,0.8484,0.8550,0.8555
3315.0000,0.8097,0.8160,0.8268,0.8416,0.8489,0.8577,0.8522
3320.0000,0.8115,0.8185,0.8290,0.8426,0.8507,0.8572,0.8559
3325.0000,0.8126,0.8212,0.8309,0.8439,0.8521,0.8575,0.8575
3330.0000,0.8168,0.8223,0.8336,0.8448,0.8538,0.8576,0.8586
3335.0000,0.8178,0.8256,0.8346,0.8467,0.8539,0.8596,0.8569
3340.0000,0.8190,0.8283,0.8361,0.8478,0.8553,0.8593,0.8588
3345.0000,0.8234,0.8291,0.8384,0.8486,0.8567,0.8593,0.8595
3350.0000,0.8251,0.8315,0.8394,0.8503,0.8567,0.8610,0.8576
3355.0000,0.8249,0.8346,0.8403,0.8517,0.8575,0.8608,0.8588
3360.0000,0.8294,0.8350,0.8425,0.8524,0.8588,0.8603,0.8594
3365.0000,0.8310,0.8370,0.8434,0.8539,0.8586,0.8617,0.8570
3370.0000,0.8322,0.8389,0.8447,0.8549,0.8595,0.8609,0.8581
3375.0000,0.8353,0.8394,0.8467,0.8554,0.8604,0.8601,0.8586
3380.0000,0.8362,0.8416,0.8473,0.8570,0.8597,0.8615,0.8553
3385.0000,0.8371,0.8433,0.8486,0.8577,0.8605,0.8600,0.8572
3390.0000,0.8401,0.8437,0.8504,0.8581,0.8609,0.8592,0.8572
3395.0000,0.8412,0.8454,0.8511,0.8594,0.8599,0.8604,0.8536
3400.0000,0.8411,0.8477,0.8518,0.8601,0.8599,0.8593,0.8543
3405.0000,0.8442,0.8478,0.8537,0.8601,0.8604,0.8576,0.8549
3410.0000,0.8452,0.8494,0.8543,0.8610,0.8592,0.8584,0.8511
3415.0000,0.8460,0.8508,0.8552,0.8612,0.8591,0.8570,0.8518
3420.0000,0.8447,0.8531,0.8557,0.8615,0.8588,0.8554,0.8520
3425.0000,0.8490,0.8527,0.8571,0.8616,0.8577,0.8558,0.8482
3430.0000,0.8496,0.8540,0.8578,0.8615,0.8574,0.8541,0.8489
3435.0000,0.8480,0.8563,0.8579,0.8616,0.8567,0.8527,0.8485
3440.0000,0.8522,0.8558,0.8590,0.8615,0.8551,0.8534,0.8434
3445.0000,0.8527,0.8569,0.8595,0.8610,0.8550,0.8508,0.8455
3450.0000,0.8523,0.8582,0.8596,0.8607,0.8541,0.8494,0.8449
3455.0000,0.8554,0.8577,0.8606,0.8598,0.8535,0.8479,0.8438
3460.0000,0.8551,0.8593,0.8601,0.8598,0.8515,0.8481,0.8401
3465.0000,0.8545,0.8604,0.8600,0.8591,0.8510,0.8457,0.8405
3470.0000,0.8575,0.8594,0.8608,0.8578,0.8504,0.8437,0.8397
3475.0000,0.8576,0.8602,0.8602,0.8575,0.8485,0.8435,0.8361
3480.0000,0.8564,0.8613,0.8596,0.8567,0.8475,0.8415,0.8359
3485.0000,0.8591,0.8601,0.8602,0.8552,0.8469,0.8391,0.8354
3490.0000,0.8589,0.8605,0.8594,0.8547,0.8449,0.8387,0.8322
3495.0000,0.8581,0.8610,0.8586,0.8537,0.8436,0.8368,0.8319
3500.0000,0.8597,0.8599,0.8586,0.8524,0.8425,0.8349,0.8310
3505.0000,0.8588,0.8606,0.8571,0.8520,0.8399,0.8352,0.8267
3510.0000,0.8578,0.8608,0.8562,0.8507,0.8388,0.8327,0.8278
3515.0000,0.8594,0.8592,0.8561,0.8491,0.8377,0.8309,0.8270
3520.0000,0.8588,0.8591,0.8548,0.8483,0.8352,0.8312,0.8227
3525.0000,0.8574,0.8590,0.8538,0.8469,0.8340,0.8293,0.8227
3530.0000,0.8585,0.8571,0.8537,0.8449,0.8333,0.8269,0.8227
3535.0000,0.8575,0.8568,0.8523,0.8438,0.8311,0.8270,0.8185
3540.0000,0.8562,0.8563,0.8512,0.8422,0.8301,0.8249,0.8190
3545.0000,0.8534,0.8565,0.8496,0.8408,0.8289,0.8230,0.8187
3550.0000,0.8555,0.8543,0.8489,0.8393,0.8269,0.8233,0.8137
3555.0000,0.8538,0.8538,0.8476,0.8376,0.8262,0.8205,0.8161
3560.0000,0.8505,0.8541,0.8455,0.8365,0.8247,0.8192,0.8156
3565.0000,0.8527,0.8516,0.8445,0.8352,0.8226,0.8198,0.8109
3570.0000,0.8510,0.8510,0.8429,0.8336,0.8218,0.8175,0.8128
3575.0000,0.8486,0.8504,0.8411,0.8323,0.8204,0.8163,0.8126
3580.0000,0.8499,0.8478,0.8405,0.8305,0.8196,0.8149,0.8120
3585.0000,0.8481,0.8470,0.8385,0.8295,0.8176,0.8153,0.8088
3590.0000,0.8455,0.8461,0.8370,0.8280,0.8169,0.8135,0.8094
3595.0000,0.8464,0.8433,0.8364,0.8260,0.8163,0.8121,0.8086
3600.0000,0.8444,0.8424,0.8346,0.8250,0.8146,0.8124,0.8053
3605.0000,0.8417,0.8416,0.8329,0.8236,0.8140,0.8107,0.8051
3610.0000,0.8424,0.8389,0.8324,0.8216,0.8139,0.8086,0.8049
3615.0000,0.8404,0.8379,0.8305,0.8208,0.8124,0.8085,0.8016
3620.0000,0.8379,0.8371,0.8288,0.8196,0.8117,0.8066,0.8015
3625.0000,0.8380,0.8348,0.8279,0.8181,0.8112,0.8047,0.8007
3630.0000,0.8360,0.8341,0.8257,0.8177,0.8093,0.8048,0.7966
3635.0000,0.8334,0.8333,0.8240,0.8168,0.8086,0.8024,0.7974
3640.0000,0.8337,0.8308,0.8233,0.8155,0.8078,0.8004,0.7968
3645.0000,0.8319,0.8299,0.8214,0.8152,0.8056,0.8005,0.7928
