150.0000,0.4456,0.4498,0.4610,0.5112,0.6149,0.7064,0.7436
155.0000,0.4478,0.4515,0.4658,0.5213,0.6332,0.7222,0.7613
160.0000,0.4491,0.4547,0.4702,0.5334,0.6504,0.7403,0.7745
165.0000,0.4507,0.4582,0.4754,0.5465,0.6684,0.7573,0.7871
170.0000,0.4542,0.4611,0.4823,0.5597,0.6877,0.7715,0.8018
175.0000,0.4570,0.4656,0.4891,0.5751,0.7053,0.7877,0.8108
180.0000,0.4588,0.4714,0.4968,0.5908,0.7240,0.8000,0.8255
185.0000,0.4643,0.4760,0.5062,0.6073,0.7417,0.8131,0.8350
190.0000,0.4689,0.4823,0.5160,0.6251,0.7581,0.8264,0.8405
195.0000,0.4745,0.4886,0.5277,0.6423,0.7755,0.8352,0.8525
200.0000,0.4787,0.4967,0.5400,0.6603,0.7919,0.8426,0.8649
205.0000,0.4869,0.5045,0.5534,0.6791,0.8055,0.8528,0.8714
210.0000,0.4948,0.5130,0.5690,0.6962,0.8215,0.8542,0.9024
215.0000,0.4989,0.5255,0.5830,0.7153,0.8328,0.8611,0.9314
220.0000,0.5106,0.5363,0.5985,0.7348,0.8405,0.8737,0.9629
225.0000,0.5205,0.5498,0.6129,0.7560,0.8420,0.8984,0.9780
230.0000,0.5302,0.5639,0.6287,0.7753,0.8443,0.9249,0.9989
235.0000,0.5445,0.5760,0.6480,0.7907,0.8502,0.9508,1.0267
240.0000,0.5538,0.5926,0.6659,0.8052,0.8565,0.9817,1.0525
245.0000,0.5694,0.6058,0.6875,0.8152,0.8685,1.0114,1.0834
250.0000,0.5858,0.6183,0.7112,0.8209,0.8878,1.0370,1.1251
255.0000,0.6027,0.6322,0.7331,0.8271,0.9066,1.0716,1.1587
260.0000,0.6180,0.6476,0.7549,0.8302,0.9345,1.0970,1.2209
265.0000,0.6321,0.6667,0.7710,0.8381,0.9571,1.1397,1.2639
270.0000,0.6504,0.6840,0.7865,0.8458,0.9846,1.1828,1.3133
275.0000,0.6673,0.7030,0.7985,0.8557,1.0147,1.2286,1.3674
280.0000,0.6826,0.7230,0.8079,0.8678,1.0485,1.2756,1.4298
285.0000,0.6949,0.7461,0.8122,0.8851,1.0814,1.3317,1.4883
290.0000,0.7091,0.7667,0.8161,0.9048,1.1175,1.3917,1.5463
295.0000,0.7313,0.7793,0.8246,0.9232,1.1625,1.4463,1.6219
300.0000,0.7464,0.7946,0.8299,0.9477,1.2053,1.5130,1.6884
305.0000,0.7576,0.8087,0.8375,0.9730,1.2557,1.5753,1.7783
310.0000,0.7775,0.8160,0.8485,1.0021,1.3047,1.6527,1.8482
315.0000,0.7935,0.8223,0.8625,1.0327,1.3593,1.7315,1.9203
320.0000,0.8100,0.8262,0.8817,1.0632,1.4232,1.8041,2.0157
325.0000,0.8210,0.8342,0.9006,1.0982,1.4891,1.8824,2.1097
330.0000,0.8278,0.8470,0.9186,1.1394,1.5543,1.9716,2.1934
335.0000,0.8336,0.8640,0.9368,1.1855,1.6213,2.0677,2.2607
340.0000,0.8351,0.8847,0.9580,1.2322,1.6996,2.1513,2.3527
345.0000,0.8558,0.8995,0.9841,1.2837,1.7768,2.2469,2.4190
350.0000,0.8706,0.9182,1.0133,1.3369,1.8626,2.3328,2.4971
355.0000,0.8966,0.9309,1.0516,1.3890,1.9589,2.4056,2.5907
360.0000,0.9134,0.9512,1.0894,1.4483,2.0534,2.4819,2.6750
365.0000,0.9331,0.9751,1.1281,1.5150,2.1440,2.5637,2.7482
370.0000,0.9530,1.0042,1.1673,1.5884,2.2316,2.6487,2.8041
410.0000,1.2240,1.3376,1.6324,2.2777,2.8888,3.1064,3.1331
415.0000,1.2744,1.3914,1.7132,2.3663,2.9551,3.1325,3.1505
420.0000,1.3258,1.4505,1.7970,2.4535,3.0160,3.1499,3.1658
425.0000,1.3827,1.5137,1.8824,2.5413,3.0651,3.1696,3.1622
430.0000,1.4298,1.5903,1.9656,2.6274,3.1094,3.1754,3.1758
435.0000,1.4981,1.6622,2.0536,2.7100,3.1438,3.1829,3.1708
440.0000,1.5675,1.7384,2.1420,2.7895,3.1688,3.1893,3.1549
445.0000,1.6380,1.8179,2.2314,2.8632,3.1884,3.1888,3.1384
450.0000,1.6864,1.9131,2.3142,2.9341,3.2000,3.1840,3.1165
455.0000,1.7816,1.9901,2.4061,2.9949,3.2059,3.1806,3.0703
460.0000,1.8701,2.0676,2.5007,3.0432,3.2174,3.1522,3.0629
465.0000,1.9624,2.1435,2.5943,3.0845,3.2217,3.1249,3.0380
470.0000,2.0407,2.2286,2.6788,3.1234,3.2145,3.1040,2.9905
475.0000,2.1157,2.3185,2.7579,3.1536,3.2095,3.0629,2.9827
480.0000,2.2051,2.4018,2.8332,3.1787,3.1947,3.0298,2.9536
485.0000,2.2882,2.4868,2.9005,3.1993,3.1728,2.9986,2.9194
490.0000,2.3568,2.5814,2.9537,3.2185,3.1422,2.9704,2.8803
495.0000,2.4457,2.6591,3.0090,3.2262,3.1148,2.9320,2.8583
500.0000,2.5330,2.7310,3.0582,3.2291,3.0809,2.9006,2.8263
505.0000,2.6111,2.8014,3.0992,3.2275,3.0429,2.8727,2.7899
510.0000,2.6638,2.8791,3.1278,3.2227,3.0027,2.8446,2.7562
515.0000,2.7508,2.9302,3.1627,3.2047,2.9699,2.8084,2.7332
520.0000,2.8234,2.9787,3.1889,3.1845,2.9319,2.7820,2.6971
525.0000,2.8851,3.0229,3.2095,3.1583,2.8976,2.7510,2.6705
530.0000,2.9413,3.0610,3.2242,3.1278,2.8646,2.7211,2.6409
535.0000,2.9841,3.1010,3.2270,3.0981,2.8282,2.6982,2.5988
540.0000,3.0325,3.1271,3.2294,3.0615,2.8000,2.6648,2.5731
545.0000,3.0707,3.1499,3.2237,3.0250,2.7708,2.6348,2.5370
550.0000,3.1006,3.1701,3.2092,2.9902,2.7396,2.6091,2.4874
555.0000,3.1116,3.1931,3.1856,2.9553,2.7135,2.5708,2.4604
560.0000,3.1429,3.1948,3.1661,2.9159,2.6935,2.5236,2.4455
565.0000,3.1577,3.1983,3.1357,2.8839,2.6630,2.4906,2.4115
570.0000,3.1690,3.1926,3.1045,2.8518,2.6334,2.4545,2.3865
575.0000,3.1625,3.1873,3.0673,2.8240,2.5983,2.4250,2.3525
580.0000,3.1724,3.1660,3.0345,2.7945,2.5632,2.3970,2.3149
585.0000,3.1608,3.1488,2.9973,2.7668,2.5280,2.3660,2.2870
590.0000,3.1395,3.1303,2.9584,2.7410,2.4892,2.3417,2.2440
595.0000,3.1351,3.0965,2.9280,2.7100,2.4558,2.3120,2.2017
600.0000,3.1117,3.0689,2.8937,2.6809,2.4201,2.2855,2.1468
605.0000,3.0824,3.0379,2.8644,2.6460,2.3949,2.2398,2.1203
610.0000,3.0660,2.9988,2.8385,2.6106,2.3668,2.2005,2.0745
615.0000,3.0427,2.9612,2.8119,2.5759,2.3372,2.1617,2.0186
620.0000,3.0087,2.9277,2.7848,2.5395,2.3125,2.1087,1.9833
625.0000,2.9791,2.8941,2.7558,2.5060,2.2815,2.0620,1.9320
630.0000,2.9437,2.8661,2.7223,2.4757,2.2463,2.0150,1.8761
635.0000,2.9111,2.8371,2.6890,2.4452,2.2108,1.9614,1.8278
640.0000,2.8830,2.8053,2.6569,2.4140,2.1745,1.9020,1.7880
645.0000,2.8440,2.7829,2.6174,2.3885,2.1280,1.8504,1.7417
650.0000,2.8012,2.7626,2.5756,2.3652,2.0745,1.8046,1.6862
655.0000,2.7845,2.7261,2.5433,2.3367,2.0207,1.7593,1.6271
660.0000,2.7541,2.6949,2.5097,2.3071,1.9649,1.7140,1.5652
665.0000,2.7234,2.6593,2.4819,2.2707,1.9146,1.6575,1.5246
670.0000,2.6984,2.6191,2.4575,2.2312,1.8614,1.6077,1.4693
675.0000,2.6691,2.5809,2.4331,2.1890,1.8076,1.5593,1.4080
680.0000,2.6386,2.5437,2.4094,2.1424,1.7569,1.5057,1.3528
685.0000,2.6032,2.5099,2.3848,2.0915,1.7111,1.4421,1.3153
690.0000,2.5651,2.4830,2.3527,2.0437,1.6578,1.3898,1.2634
695.0000,2.5278,2.4578,2.3174,1.9949,1.6044,1.3372,1.2145
700.0000,2.4966,2.4296,2.2806,1.9449,1.5503,1.2865,1.1630
705.0000,2.4717,2.3969,2.2431,1.8934,1.4962,1.2372,1.1099
710.0000,2.4358,2.3696,2.2003,1.8416,1.4445,1.1812,1.0810
715.0000,2.3980,2.3423,2.1530,1.7921,1.3874,1.1365,1.0365
720.0000,2.3753,2.3046,2.1082,1.7401,1.3319,1.0937,0.9922
725.0000,2.3432,2.2683,2.0604,1.6880,1.2770,1.0525,0.9490
730.0000,2.2980,2.2353,2.0093,1.6355,1.2252,1.0081,0.9189
735.0000,2.2722,2.1895,1.9625,1.5805,1.1746,0.9691,0.8839
740.0000,2.2319,2.1487,1.9110,1.5271,1.1240,0.9341,0.8479
745.0000,2.2010,2.0974,1.8651,1.4693,1.0805,0.8948,0.8244
750.0000,2.1602,2.0479,1.8161,1.4136,1.0353,0.8641,0.7925
755.0000,2.1125,2.0021,1.7636,1.3596,0.9921,0.8350,0.7619
760.0000,2.0701,1.9517,1.7125,1.3047,0.9531,0.8056,0.7345
765.0000,2.0232,1.9014,1.6608,1.2499,0.9192,0.7729,0.7166
770.0000,1.9670,1.8587,1.6023,1.2007,0.8826,0.7480,0.6935
775.0000,1.9135,1.8131,1.5441,1.1529,0.8484,0.7244,0.6722
780.0000,1.8721,1.7590,1.4898,1.1050,0.8178,0.7016,0.6521
785.0000,1.8278,1.7031,1.4364,1.0590,0.7890,0.6809,0.6311
790.0000,1.7707,1.6531,1.3804,1.0159,0.7630,0.6576,0.6226
795.0000,1.7228,1.5978,1.3273,0.9750,0.7371,0.6402,0.6073
800.0000,1.6676,1.5472,1.2721,0.9380,0.7116,0.6252,0.5928
805.0000,1.6213,1.4895,1.2224,0.9012,0.6889,0.6115,0.5769
810.0000,1.5682,1.4344,1.1738,0.8661,0.6692,0.5960,0.5671
815.0000,1.5103,1.3847,1.1237,0.8352,0.6486,0.5849,0.5534
820.0000,1.4524,1.3359,1.0758,0.8057,0.6307,0.5726,0.5453
825.0000,1.4097,1.2793,1.0351,0.7755,0.6164,0.5597,0.5390
830.0000,1.3585,1.2269,0.9949,0.7483,0.6018,0.5501,0.5300
835.0000,1.3023,1.1804,0.9547,0.7233,0.5893,0.5379,0.5340
840.0000,1.2457,1.1372,0.9151,0.7017,0.5752,0.5314,0.5330
845.0000,1.2027,1.0901,0.8801,0.6809,0.5617,0.5287,0.5300
850.0000,1.1617,1.0426,0.8491,0.6603,0.5508,0.5258,0.5302
855.0000,1.1086,1.0050,0.8154,0.6438,0.5384,0.5279,0.5250
860.0000,1.0676,0.9646,0.7867,0.6266,0.5297,0.5288,0.5219
865.0000,1.0212,0.9313,0.7569,0.6120,0.5215,0.5319,0.5153
870.0000,0.9840,0.8943,0.7331,0.5956,0.5187,0.5304,0.5140
875.0000,0.9492,0.8576,0.7125,0.5789,0.5194,0.5264,0.5146
880.0000,0.9123,0.8259,0.6911,0.5655,0.5189,0.5258,0.5084
885.0000,0.8850,0.7913,0.6744,0.5511,0.5227,0.5200,0.5102
890.0000,0.8492,0.7640,0.6558,0.5403,0.5254,0.5148,0.5107
895.0000,0.8145,0.7413,0.6359,0.5330,0.5262,0.5114,0.5096
900.0000,0.7826,0.7208,0.6161,0.5283,0.5259,0.5085,0.5085
905.0000,0.7582,0.6991,0.5985,0.5254,0.5245,0.5067,0.5064
910.0000,0.7346,0.6786,0.5822,0.5240,0.5224,0.5048,0.5055
915.0000,0.7045,0.6644,0.5645,0.5254,0.5181,0.5045,0.5034
920.0000,0.6880,0.6441,0.5528,0.5256,0.5147,0.5038,0.5016
925.0000,0.6661,0.6290,0.5409,0.5273,0.5098,0.5049,0.4978
930.0000,0.6519,0.6093,0.5351,0.5264,0.5073,0.5038,0.4965
935.0000,0.6355,0.5914,0.5316,0.5246,0.5057,0.5016,0.4968
940.0000,0.6194,0.5757,0.5296,0.5228,0.5035,0.5015,0.4931
945.0000,0.6041,0.5623,0.5290,0.5200,0.5027,0.4993,0.4937
950.0000,0.5935,0.5496,0.5298,0.5165,0.5024,0.4971,0.4933
955.0000,0.5778,0.5423,0.5289,0.5142,0.5009,0.4968,0.4899
960.0000,0.5640,0.5380,0.5274,0.5119,0.5002,0.4946,0.4909
965.0000,0.5493,0.5373,0.5241,0.5106,0.4986,0.4935,0.4903
970.0000,0.5452,0.5335,0.5227,0.5086,0.4975,0.4922,0.4895
975.0000,0.5395,0.5319,0.5201,0.5074,0.4958,0.4920,0.4872
980.0000,0.5349,0.5300,0.5179,0.5058,0.4948,0.4906,0.4870
985.0000,0.5334,0.5268,0.5166,0.5038,0.4941,0.4890,0.4867
990.0000,0.5301,0.5251,0.5143,0.5027,0.4926,0.4888,0.4847
995.0000,0.5270,0.5233,0.5124,0.5012,0.4917,0.4874,0.4847
1000.0000,0.5259,0.5204,0.5111,0.4996,0.4910,0.4862,0.4842
1005.0000,0.5235,0.5187,0.5092,0.4985,0.4896,0.4860,0.4824
1010.0000,0.5204,0.5173,0.5072,0.4974,0.4886,0.4851,0.4821
1015.0000,0.5194,0.5148,0.5060,0.4959,0.4880,0.4838,0.4821
1020.0000,0.5170,0.5134,0.5040,0.4951,0.4866,0.4838,0.4803
1025.0000,0.5144,0.5121,0.5023,0.4941,0.4857,0.4829,0.4802
1030.0000,0.5137,0.5096,0.5013,0.4928,0.4850,0.4821,0.4796
1035.0000,0.5119,0.5080,0.4998,0.4919,0.4837,0.4824,0.4769
1040.0000,0.5094,0.5067,0.4985,0.4907,0.4834,0.4808,0.4781
1045.0000,0.5086,0.5045,0.4977,0.4894,0.4830,0.4797,0.4779
1050.0000,0.5066,0.5034,0.4961,0.4888,0.4818,0.4799,0.4758
1055.0000,0.5049,0.5020,0.4950,0.4878,0.4813,0.4789,0.4759
1060.0000,0.5040,0.5000,0.4943,0.4865,0.4811,0.4776,0.4763
1065.0000,0.5021,0.4991,0.4928,0.4860,0.4799,0.4778,0.4744
1070.0000,0.4999,0.4984,0.4914,0.4853,0.4793,0.4770,0.4750
1075.0000,0.4977,0.4977,0.4900,0.4847,0.4785,0.4765,0.4748
1080.0000,0.4981,0.4956,0.4893,0.4841,0.4774,0.4771,0.4721
1085.0000,0.4964,0.4947,0.4883,0.4832,0.4771,0.4760,0.4734
1090.0000,0.4941,0.4940,0.4872,0.4825,0.4766,0.4753,0.4739
1095.0000,0.4945,0.4921,0.4868,0.4815,0.4764,0.4746,0.4739
1100.0000,0.4931,0.4912,0.4858,0.4810,0.4755,0.4750,0.4726
1105.0000,0.4915,0.4903,0.4850,0.4802,0.4752,0.4744,0.4730
1110.0000,0.4914,0.4886,0.4848,0.4792,0.4752,0.4737,0.4735
1115.0000,0.4899,0.4881,0.4837,0.4788,0.4744,0.4742,0.4723
1120.0000,0.4877,0.4879,0.4826,0.4783,0.4741,0.4738,0.4731
1125.0000,0.4882,0.4863,0.4823,0.4774,0.4740,0.4735,0.4733
1130.0000,0.4872,0.4857,0.4813,0.4771,0.4733,0.4742,0.4721
1135.0000,0.4857,0.4852,0.4805,0.4766,0.4732,0.4739,0.4727
1140.0000,0.4857,0.4838,0.4802,0.4758,0.4734,0.4734,0.4734
1145.0000,0.4844,0.4835,0.4791,0.4757,0.4729,0.4741,0.4723
1150.0000,0.4831,0.4831,0.4783,0.4753,0.4729,0.4739,0.4730
1155.0000,0.4833,0.4817,0.4781,0.4747,0.4731,0.4737,0.4732
1160.0000,0.4825,0.4811,0.4773,0.4746,0.4726,0.4747,0.4715
1165.0000,0.4811,0.4806,0.4767,0.4742,0.4731,0.4738,0.4734
1170.0000,0.4812,0.4794,0.4766,0.4737,0.4734,0.4736,0.4740
1175.0000,0.4801,0.4791,0.4757,0.4739,0.4729,0.4746,0.4728
1180.0000,0.4791,0.4788,0.4751,0.4738,0.4730,0.4745,0.4735
1185.0000,0.4792,0.4776,0.4751,0.4734,0.4734,0.4742,0.4744
1190.0000,0.4783,0.4774,0.4743,0.4737,0.4730,0.4753,0.4730
1195.0000,0.4770,0.4773,0.4738,0.4737,0.4732,0.4750,0.4745
1200.0000,0.4755,0.4772,0.4733,0.4738,0.4733,0.4752,0.4752
1205.0000,0.4767,0.4759,0.4734,0.4738,0.4731,0.4764,0.4732
1210.0000,0.4760,0.4755,0.4733,0.4737,0.4736,0.4760,0.4750
1215.0000,0.4745,0.4755,0.4731,0.4737,0.4740,0.4758,0.4763
1220.0000,0.4753,0.4745,0.4735,0.4735,0.4745,0.4759,0.4772
1225.0000,0.4744,0.4746,0.4730,0.4738,0.4743,0.4769,0.4767
1230.0000,0.4736,0.4746,0.4729,0.4739,0.4746,0.4771,0.4776
1235.0000,0.4744,0.4737,0.4734,0.4737,0.4753,0.4772,0.4787
1240.0000,0.4737,0.4739,0.4730,0.4742,0.4751,0.4784,0.4782
1245.0000,0.4721,0.4746,0.4727,0.4745,0.4755,0.4787,0.4797
1250.0000,0.4735,0.4737,0.4731,0.4744,0.4760,0.4791,0.4806
1255.0000,0.4733,0.4737,0.4730,0.4748,0.4760,0.4805,0.4800
1260.0000,0.4728,0.4738,0.4731,0.4750,0.4767,0.4809,0.4814
1265.0000,0.4735,0.4732,0.4736,0.4749,0.4776,0.4811,0.4829
1270.0000,0.4729,0.4737,0.4733,0.4755,0.4776,0.4827,0.4822
1275.0000,0.4724,0.4739,0.4734,0.4757,0.4784,0.4830,0.4841
1280.0000,0.4733,0.4734,0.4739,0.4758,0.4793,0.4836,0.4851
1285.0000,0.4731,0.4737,0.4738,0.4764,0.4795,0.4854,0.4841
1290.0000,0.4725,0.4741,0.4740,0.4766,0.4807,0.4854,0.4867
1295.0000,0.4734,0.4736,0.4746,0.4768,0.4818,0.4858,0.4883
1300.0000,0.4731,0.4742,0.4744,0.4777,0.4820,0.4876,0.4879
1305.0000,0.4729,0.4746,0.4745,0.4783,0.4829,0.4883,0.4898
1310.0000,0.4738,0.4742,0.4751,0.4786,0.4840,0.4889,0.4914
1315.0000,0.4737,0.4746,0.4751,0.4796,0.4843,0.4909,0.4908
1320.0000,0.4733,0.4752,0.4753,0.4803,0.4854,0.4915,0.4933
1325.0000,0.4723,0.4760,0.4755,0.4811,0.4863,0.4925,0.4950
1330.0000,0.4743,0.4754,0.4762,0.4819,0.4868,0.4948,0.4939
1335.0000,0.4743,0.4756,0.4768,0.4825,0.4881,0.4954,0.4964
1340.0000,0.4737,0.4763,0.4773,0.4832,0.4894,0.4961,0.4986
1345.0000,0.4751,0.4759,0.4784,0.4837,0.4909,0.4970,0.5005
1350.0000,0.4748,0.4769,0.4786,0.4848,0.4916,0.4990,0.5007
1355.0000,0.4749,0.4775,0.4792,0.4856,0.4929,0.5001,0.5025
1360.0000,0.4763,0.4772,0.4804,0.4862,0.4945,0.5010,0.5045
1365.0000,0.4764,0.4781,0.4808,0.4874,0.4953,0.5031,0.5049
1370.0000,0.4754,0.4795,0.4811,0.4886,0.4967,0.5041,0.5075
1375.0000,0.4774,0.4793,0.4823,0.4894,0.4981,0.5054,0.5091
1380.0000,0.4779,0.4801,0.4828,0.4908,0.4990,0.5077,0.5094
1385.0000,0.4781,0.4810,0.4836,0.4919,0.5005,0.5089,0.5118
1390.0000,0.4795,0.4811,0.4849,0.4927,0.5022,0.5100,0.5143
1395.0000,0.4796,0.4824,0.4853,0.4943,0.5030,0.5127,0.5144
1400.0000,0.4799,0.4833,0.4862,0.4955,0.5047,0.5139,0.5171
1405.0000,0.4816,0.4835,0.4877,0.4965,0.5065,0.5153,0.5193
1410.0000,0.4824,0.4843,0.4886,0.4980,0.5076,0.5181,0.5192
1415.0000,0.4823,0.4855,0.4896,0.4991,0.5096,0.5191,0.5224
1420.0000,0.4839,0.4859,0.4911,0.5002,0.5116,0.5204,0.5251
1425.0000,0.4844,0.4872,0.4919,0.5019,0.5127,0.5232,0.5254
1430.0000,0.4848,0.4886,0.4929,0.5033,0.5146,0.5246,0.5284
1435.0000,0.4866,0.4890,0.4945,0.5046,0.5166,0.5263,0.5308
1440.0000,0.4874,0.4903,0.4954,0.5064,0.5178,0.5292,0.5309
1445.0000,0.4879,0.4917,0.4966,0.5079,0.5199,0.5306,0.5346
1450.0000,0.4874,0.4936,0.4975,0.5096,0.5217,0.5324,0.5375
1455.0000,0.4904,0.4939,0.4991,0.5113,0.5231,0.5357,0.5375
1460.0000,0.4915,0.4951,0.5005,0.5129,0.5253,0.5373,0.5409
1465.0000,0.4918,0.4966,0.5019,0.5145,0.5275,0.5390,0.5442
1470.0000,0.4942,0.4971,0.5039,0.5159,0.5299,0.5409,0.5472
1475.0000,0.4945,0.4991,0.5049,0.5180,0.5314,0.5441,0.5485
1480.0000,0.4956,0.5005,0.5064,0.5198,0.5336,0.5463,0.5514
1485.0000,0.4980,0.5011,0.5085,0.5212,0.5362,0.5482,0.5545
1490.0000,0.4990,0.5027,0.5099,0.5233,0.5380,0.5516,0.5557
1495.0000,0.4987,0.5051,0.5111,0.5253,0.5404,0.5536,0.5597
1500.0000,0.5017,0.5058,0.5132,0.5270,0.5430,0.5560,0.5626
1505.0000,0.5032,0.5074,0.5147,0.5293,0.5449,0.5595,0.5640
1510.0000,0.5043,0.5091,0.5164,0.5312,0.5476,0.5618,0.5678
1515.0000,0.5066,0.5102,0.5186,0.5331,0.5505,0.5641,0.5715
1520.0000,0.5074,0.5125,0.5198,0.5357,0.5523,0.5681,0.5727
1525.0000,0.5085,0.5144,0.5216,0.5379,0.5551,0.5706,0.5764
1530.0000,0.5112,0.5154,0.5240,0.5398,0.5581,0.5731,0.5800
1535.0000,0.5129,0.5171,0.5258,0.5424,0.5603,0.5772,0.5808
1540.0000,0.5136,0.5194,0.5276,0.5446,0.5635,0.5794,0.5858
1545.0000,0.5163,0.5206,0.5300,0.5468,0.5667,0.5821,0.5894
1550.0000,0.5177,0.5228,0.5318,0.5496,0.5690,0.5862,0.5904
1555.0000,0.5188,0.5251,0.5337,0.5521,0.5722,0.5887,0.5951
1560.0000,0.5217,0.5264,0.5363,0.5545,0.5755,0.5915,0.5987
1565.0000,0.5235,0.5286,0.5383,0.5575,0.5780,0.5958,0.5997
1570.0000,0.5249,0.5308,0.5406,0.5600,0.5815,0.5981,0.6050
1575.0000,0.5249,0.5339,0.5424,0.5630,0.5846,0.6009,0.6094
1580.0000,0.5291,0.5351,0.5451,0.5660,0.5872,0.6054,0.6106
1585.0000,0.5311,0.5373,0.5476,0.5688,0.5904,0.6084,0.6153
1590.0000,0.5324,0.5398,0.5500,0.5717,0.5938,0.6114,0.6198
1595.0000,0.5359,0.5413,0.5531,0.5744,0.5973,0.6146,0.6241
1600.0000,0.5371,0.5444,0.5552,0.5778,0.5999,0.6192,0.6264
1605.0000,0.5392,0.5469,0.5580,0.5808,0.6033,0.6227,0.6305
1610.0000,0.5428,0.5484,0.5614,0.5834,0.6072,0.6258,0.6349
1615.0000,0.5449,0.5511,0.5640,0.5867,0.6102,0.6305,0.6370
1620.0000,0.5456,0.5546,0.5665,0.5898,0.6140,0.6336,0.6424
1625.0000,0.5497,0.5564,0.5700,0.5927,0.6179,0.6372,0.6465
1630.0000,0.5522,0.5593,0.5727,0.5961,0.6211,0.6420,0.6488
1635.0000,0.5545,0.5621,0.5757,0.5992,0.6252,0.6452,0.6542
1640.0000,0.5580,0.5644,0.5791,0.6022,0.6294,0.6486,0.6593
1645.0000,0.5599,0.5680,0.5814,0.6062,0.6323,0.6539,0.6616
1650.0000,0.5623,0.5712,0.5843,0.6097,0.6362,0.6577,0.6665
1655.0000,0.5662,0.5734,0.5879,0.6129,0.6406,0.6613,0.6717
1660.0000,0.5690,0.5765,0.5907,0.6168,0.6438,0.6668,0.6737
1665.0000,0.5704,0.5803,0.5935,0.6206,0.6479,0.6704,0.6799
1670.0000,0.5748,0.5825,0.5972,0.6240,0.6522,0.6745,0.6845
1675.0000,0.5776,0.5858,0.6003,0.6280,0.6556,0.6803,0.6861
1680.0000,0.5807,0.5886,0.6040,0.6314,0.6604,0.6836,0.6928
1685.0000,0.5818,0.5926,0.6071,0.6353,0.6648,0.6877,0.6979
1690.0000,0.5868,0.5949,0.6110,0.6391,0.6687,0.6933,0.6999
1695.0000,0.5897,0.5982,0.6146,0.6428,0.6736,0.6967,0.7068
1700.0000,0.5904,0.6028,0.6176,0.6470,0.6781,0.7007,0.7130
1705.0000,0.5960,0.6053,0.6215,0.6512,0.6818,0.7067,0.7153
1710.0000,0.5992,0.6089,0.6251,0.6553,0.6864,0.7110,0.7217
1715.0000,0.6018,0.6127,0.6287,0.6595,0.6910,0.7155,0.7279
1720.0000,0.6067,0.6153,0.6330,0.6634,0.6958,0.7201,0.7340
1725.0000,0.6090,0.6198,0.6361,0.6682,0.6995,0.7265,0.7379
1730.0000,0.6122,0.6236,0.6400,0.6725,0.7042,0.7316,0.7439
1735.0000,0.6173,0.6261,0.6447,0.6763,0.7095,0.7364,0.7502
1740.0000,0.6207,0.6300,0.6486,0.6809,0.7138,0.7431,0.7540
1745.0000,0.6224,0.6347,0.6524,0.6852,0.7191,0.7480,0.7616
1750.0000,0.6280,0.6375,0.6572,0.6893,0.7246,0.7535,0.7676
1755.0000,0.6317,0.6416,0.6612,0.6940,0.7294,0.7604,0.7715
1760.0000,0.6352,0.6456,0.6656,0.6982,0.7354,0.7652,0.7799
1765.0000,0.6399,0.6490,0.6702,0.7025,0.7414,0.7706,0.7874
1770.0000,0.6428,0.6541,0.6737,0.7079,0.7460,0.7783,0.7918
1775.0000,0.6464,0.6586,0.6777,0.7128,0.7518,0.7845,0.7990
1780.0000,0.6518,0.6619,0.6826,0.7174,0.7583,0.7900,0.8075
1785.0000,0.6556,0.6665,0.6866,0.7230,0.7634,0.7981,0.8121
1790.0000,0.6580,0.6718,0.6905,0.7283,0.7696,0.8042,0.8220
1795.0000,0.6639,0.6751,0.6955,0.7335,0.7759,0.8114,0.8294
1800.0000,0.6683,0.6794,0.6999,0.7393,0.7813,0.8203,0.8339
1805.0000,0.6724,0.6836,0.7049,0.7444,0.7886,0.8264,0.8453
1810.0000,0.6741,0.6892,0.7093,0.7503,0.7952,0.8339,0.8544
1815.0000,0.6810,0.6925,0.7147,0.7560,0.8015,0.8434,0.8601
1820.0000,0.6853,0.6970,0.7201,0.7615,0.8093,0.8501,0.8730
1825.0000,0.6869,0.7030,0.7246,0.7676,0.8168,0.8580,0.8854
1830.0000,0.6942,0.7067,0.7301,0.7740,0.8232,0.8690,0.8936
1835.0000,0.6986,0.7119,0.7353,0.7804,0.8306,0.8789,0.9056
1840.0000,0.7026,0.7171,0.7407,0.7867,0.8388,0.8887,0.9192
1845.0000,0.7091,0.7211,0.7471,0.7928,0.8475,0.8991,0.9336
1850.0000,0.7126,0.7274,0.7519,0.8002,0.8550,0.9124,0.9457
1855.0000,0.7170,0.7331,0.7575,0.8072,0.8638,0.9255,0.9594
1860.0000,0.7242,0.7371,0.7645,0.8134,0.8744,0.9375,0.9762
1865.0000,0.7293,0.7426,0.7704,0.8208,0.8838,0.9530,0.9897
1870.0000,0.7325,0.7492,0.7765,0.8280,0.8954,0.9663,1.0102
1875.0000,0.7400,0.7539,0.7833,0.8355,0.9067,0.9829,1.0266
1880.0000,0.7455,0.7599,0.7895,0.8439,0.9183,1.0011,1.0418
1885.0000,0.7507,0.7659,0.7964,0.8517,0.9324,1.0165,1.0649
1890.0000,0.7575,0.7714,0.8037,0.8601,0.9471,1.0336,1.0875
1895.0000,0.7622,0.7790,0.8095,0.8703,0.9605,1.0548,1.1064
1900.0000,0.7680,0.7858,0.8161,0.8807,0.9753,1.0762,1.1253
1905.0000,0.7757,0.7912,0.8242,0.8904,0.9931,1.0953,1.1495
1910.0000,0.7817,0.7985,0.8311,0.9023,1.0093,1.1191,1.1673
1915.0000,0.7858,0.8067,0.8384,0.9142,1.0284,1.1395,1.1939
1920.0000,0.7947,0.8126,0.8471,0.9268,1.0473,1.1635,1.2126
1925.0000,0.8021,0.8196,0.8557,0.9406,1.0667,1.1886,1.2272
1930.0000,0.8092,0.8265,0.8658,0.9538,1.0898,1.2083,1.2523
1935.0000,0.8131,0.8357,0.8752,0.9686,1.1130,1.2283,1.2751
1940.0000,0.8233,0.8428,0.8857,0.9850,1.1349,1.2522,1.2885
1945.0000,0.8310,0.8515,0.8965,1.0021,1.1582,1.2731,1.3031
1950.0000,0.8349,0.8627,0.9071,1.0202,1.1826,1.2907,1.3197
1955.0000,0.8472,0.8710,0.9194,1.0398,1.2051,1.3114,1.3242
1960.0000,0.8562,0.8810,0.9327,1.0593,1.2302,1.3242,1.3396
1965.0000,0.8653,0.8916,0.9467,1.0800,1.2542,1.3361,1.3497
1970.0000,0.8770,0.9016,0.9621,1.1016,1.2770,1.3463,1.3561
1975.0000,0.8850,0.9155,0.9760,1.1256,1.2963,1.3574,1.3559
1980.0000,0.8957,0.9284,0.9924,1.1490,1.3159,1.3626,1.3590
1985.0000,0.9100,0.9401,1.0108,1.1725,1.3336,1.3661,1.3580
1990.0000,0.9223,0.9544,1.0290,1.1972,1.3474,1.3696,1.3508
1995.0000,0.9304,0.9720,1.0472,1.2218,1.3595,1.3688,1.3441
2000.0000,0.9485,0.9855,1.0694,1.2441,1.3710,1.3631,1.3382
2005.0000,0.9637,1.0019,1.0910,1.2671,1.3774,1.3588,1.3246
2010.0000,0.9792,1.0190,1.1142,1.2880,1.3827,1.3492,1.3149
2015.0000,0.9967,1.0363,1.1382,1.3076,1.3845,1.3390,1.3004
2020.0000,1.0111,1.0579,1.1603,1.3270,1.3817,1.3294,1.2798
2025.0000,1.0309,1.0768,1.1855,1.3419,1.3798,1.3117,1.2709
2030.0000,1.0509,1.0965,1.2101,1.3554,1.3734,1.2962,1.2551
2035.0000,1.0707,1.1178,1.2335,1.3672,1.3632,1.2816,1.2353
2040.0000,1.0858,1.1431,1.2544,1.3770,1.3507,1.2652,1.2175
2045.0000,1.1102,1.1636,1.2774,1.3819,1.3385,1.2452,1.2045
2050.0000,1.1329,1.1852,1.2979,1.3854,1.3220,1.2291,1.1853
2055.0000,1.1545,1.2071,1.3169,1.3856,1.3048,1.2116,1.1695
2060.0000,1.1668,1.2337,1.3312,1.3843,1.2854,1.1952,1.1527
2065.0000,1.1952,1.2521,1.3470,1.3789,1.2655,1.1810,1.1304
2070.0000,1.2184,1.2705,1.3608,1.3694,1.2483,1.1607,1.1244
2075.0000,1.2402,1.2879,1.3716,1.3584,1.2291,1.1449,1.1111
2080.0000,1.2604,1.3041,1.3793,1.3457,1.2088,1.1324,1.0934
2085.0000,1.2750,1.3220,1.3827,1.3309,1.1907,1.1162,1.0880
2090.0000,1.2918,1.3360,1.3837,1.3149,1.1720,1.1040,1.0771
2095.0000,1.3100,1.3460,1.3830,1.2969,1.1547,1.0923,1.0668
2100.0000,1.3214,1.3570,1.3773,1.2794,1.1367,1.0838,1.0537
2105.0000,1.3313,1.3645,1.3702,1.2597,1.1226,1.0714,1.0497
2110.0000,1.3446,1.3665,1.3619,1.2395,1.1090,1.0617,1.0426
2115.0000,1.3511,1.3688,1.3494,1.2207,1.0951,1.0550,1.0327
2120.0000,1.3536,1.3690,1.3350,1.2016,1.0834,1.0468,1.0271
2125.0000,1.3595,1.3631,1.3209,1.1819,1.0741,1.0379,1.0234
2130.0000,1.3586,1.3578,1.3033,1.1646,1.0636,1.0327,1.0157
2135.0000,1.3531,1.3513,1.2843,1.1480,1.0548,1.0263,1.0118
2140.0000,1.3517,1.3391,1.2664,1.1316,1.0475,1.0203,1.0074
2145.0000,1.3447,1.3272,1.2466,1.1175,1.0392,1.0170,0.9991
2150.0000,1.3337,1.3142,1.2269,1.1038,1.0335,1.0104,0.9986
2155.0000,1.3254,1.2973,1.2087,1.0909,1.0280,1.0054,0.9953
2160.0000,1.3109,1.2828,1.1885,1.0807,1.0210,1.0033,0.9880
2165.0000,1.2976,1.2654,1.1707,1.0702,1.0163,0.9985,0.9859
2170.0000,1.2846,1.2459,1.1547,1.0601,1.0127,0.9932,0.9845
2175.0000,1.2674,1.2289,1.1378,1.0524,1.0071,0.9913,0.9781
2180.0000,1.2489,1.2121,1.1221,1.0450,1.0030,0.9872,0.9767
2185.0000,1.2328,1.1938,1.1086,1.0377,0.9994,0.9833,0.9745
2190.0000,1.2184,1.1748,1.0966,1.0313,0.9949,0.9820,0.9672
2195.0000,1.1990,1.1594,1.0845,1.0255,0.9919,0.9772,0.9686
2200.0000,1.1785,1.1460,1.0726,1.0208,0.9881,0.9743,0.9667
2205.0000,1.1663,1.1293,1.0638,1.0153,0.9851,0.9712,0.9645
2210.0000,1.1511,1.1155,1.0547,1.0112,0.9809,0.9701,0.9596
2215.0000,1.1329,1.1040,1.0461,1.0069,0.9781,0.9665,0.9594
2220.0000,1.1224,1.0902,1.0399,1.0022,0.9757,0.9636,0.9578
2225.0000,1.1099,1.0788,1.0333,0.9985,0.9721,0.9626,0.9535
2230.0000,1.0944,1.0701,1.0268,0.9948,0.9698,0.9594,0.9535
2235.0000,1.0857,1.0593,1.0222,0.9907,0.9676,0.9570,0.9520
2240.0000,1.0740,1.0521,1.0162,0.9879,0.9641,0.9566,0.9477
2245.0000,1.0641,1.0445,1.0115,0.9844,0.9621,0.9540,0.9473
2250.0000,1.0573,1.0359,1.0080,0.9805,0.9607,0.9511,0.9470
2255.0000,1.0478,1.0305,1.0030,0.9781,0.9576,0.9507,0.9433
2260.0000,1.0385,1.0257,0.9985,0.9753,0.9556,0.9487,0.9430
2265.0000,1.0340,1.0189,0.9954,0.9720,0.9542,0.9464,0.9425
2270.0000,1.0277,1.0141,0.9914,0.9698,0.9514,0.9467,0.9380
2275.0000,1.0203,1.0101,0.9876,0.9672,0.9502,0.9439,0.9398
2280.0000,1.0168,1.0044,0.9850,0.9643,0.9489,0.9422,0.9396
2285.0000,1.0110,1.0010,0.9810,0.9627,0.9461,0.9429,0.9356
2290.0000,1.0057,0.9974,0.9778,0.9604,0.9448,0.9412,0.9366
2295.0000,1.0030,0.9923,0.9758,0.9576,0.9442,0.9391,0.9379
2300.0000,0.9981,0.9893,0.9724,0.9562,0.9418,0.9401,0.9346
2305.0000,0.9930,0.9866,0.9694,0.9542,0.9407,0.9389,0.9366
2310.0000,0.9872,0.9844,0.9663,0.9526,0.9395,0.9383,0.9375
2315.0000,0.9871,0.9796,0.9645,0.9508,0.9377,0.9402,0.9333
2320.0000,0.9828,0.9770,0.9621,0.9488,0.9376,0.9385,0.9381
2325.0000,0.9778,0.9749,0.9595,0.9473,0.9370,0.9383,0.9404
2330.0000,0.9774,0.9707,0.9582,0.9452,0.9368,0.9386,0.9422
2335.0000,0.9739,0.9686,0.9557,0.9443,0.9354,0.9409,0.9415
2340.0000,0.9693,0.9670,0.9534,0.9429,0.9355,0.9414,0.9450
2345.0000,0.9691,0.9630,0.9525,0.9410,0.9363,0.9420,0.9486
2350.0000,0.9657,0.9615,0.9500,0.9405,0.9356,0.9452,0.9493
2355.0000,0.9617,0.9602,0.9479,0.9395,0.9363,0.9468,0.9537
2360.0000,0.9619,0.9566,0.9472,0.9381,0.9377,0.9489,0.9578
2365.0000,0.9589,0.9552,0.9450,0.9379,0.9378,0.9533,0.9592
2370.0000,0.9553,0.9540,0.9433,0.9373,0.9398,0.9553,0.9666
2375.0000,0.9556,0.9508,0.9427,0.9365,0.9419,0.9589,0.9719
2380.0000,0.9528,0.9498,0.9408,0.9370,0.9430,0.9647,0.9750
2385.0000,0.9498,0.9488,0.9393,0.9372,0.9455,0.9691,0.9819
2390.0000,0.9499,0.9460,0.9391,0.9369,0.9492,0.9733,0.9900
2395.0000,0.9477,0.9452,0.9376,0.9382,0.9514,0.9809,0.9938
2400.0000,0.9447,0.9445,0.9366,0.9391,0.9554,0.9863,1.0029
2405.0000,0.9452,0.9420,0.9368,0.9397,0.9603,0.9923,1.0119
2410.0000,0.9434,0.9414,0.9359,0.9418,0.9639,1.0014,1.0167
2415.0000,0.9412,0.9409,0.9356,0.9436,0.9696,1.0080,1.0283
2420.0000,0.9417,0.9389,0.9364,0.9453,0.9758,1.0156,1.0383
2425.0000,0.9401,0.9388,0.9361,0.9486,0.9810,1.0263,1.0441
2430.0000,0.9384,0.9388,0.9365,0.9514,0.9883,1.0341,1.0574
2435.0000,0.9354,0.9396,0.9368,0.9551,0.9957,1.0432,1.0693
2440.0000,0.9381,0.9381,0.9383,0.9593,1.0024,1.0556,1.0755
2445.0000,0.9369,0.9387,0.9396,0.9636,1.0112,1.0649,1.0895
2450.0000,0.9349,0.9399,0.9410,0.9684,1.0206,1.0745,1.1040
2455.0000,0.9378,0.9391,0.9440,0.9733,1.0304,1.0850,1.1178
2460.0000,0.9374,0.9407,0.9458,0.9799,1.0390,1.0985,1.1288
2465.0000,0.9367,0.9426,0.9484,0.9867,1.0489,1.1111,1.1417
2470.0000,0.9400,0.9424,0.9529,0.9928,1.0606,1.1223,1.1574
2475.0000,0.9403,0.9450,0.9560,1.0009,1.0706,1.1371,1.1691
2480.0000,0.9396,0.9484,0.9597,1.0091,1.0819,1.1506,1.1836
2485.0000,0.9441,0.9494,0.9656,1.0167,1.0950,1.1630,1.2001
2490.0000,0.9461,0.9526,0.9706,1.0261,1.1065,1.1788,1.2126
2495.0000,0.9460,0.9574,0.9759,1.0354,1.1201,1.1915,1.2332
2500.0000,0.9515,0.9600,0.9826,1.0453,1.1327,1.2078,1.2481
2505.0000,0.9542,0.9651,0.9886,1.0564,1.1449,1.2256,1.2612
2510.0000,0.9580,0.9697,0.9961,1.0669,1.1595,1.2407,1.2803
2515.0000,0.9636,0.9738,1.0048,1.0775,1.1748,1.2558,1.3000
2520.0000,0.9669,0.9809,1.0120,1.0901,1.1881,1.2753,1.3137
2525.0000,0.9707,0.9880,1.0203,1.1023,1.2033,1.2927,1.3310
2530.0000,0.9785,0.9932,1.0308,1.1138,1.2204,1.3084,1.3509
2535.0000,0.9847,1.0005,1.0402,1.1272,1.2355,1.3285,1.3635
2540.0000,0.9892,1.0092,1.0502,1.1401,1.2533,1.3439,1.3868
2545.0000,0.9982,1.0163,1.0615,1.1536,1.2705,1.3621,1.4038
2550.0000,1.0056,1.0254,1.0719,1.1685,1.2866,1.3826,1.4157
2555.0000,1.0132,1.0346,1.0837,1.1826,1.3056,1.3982,1.4382
2560.0000,1.0179,1.0462,1.0947,1.1978,1.3241,1.4146,1.4593
2565.0000,1.0306,1.0549,1.1071,1.2140,1.3408,1.4355,1.4716
2570.0000,1.0397,1.0659,1.1195,1.2303,1.3589,1.4532,1.4893
2575.0000,1.0474,1.0779,1.1322,1.2467,1.3778,1.4695,1.5088
2580.0000,1.0609,1.0876,1.1469,1.2628,1.3972,1.4854,1.5278
2585.0000,1.0694,1.1014,1.1594,1.2813,1.4138,1.5051,1.5411
2590.0000,1.0809,1.1135,1.1740,1.2988,1.4321,1.5221,1.5569
2595.0000,1.0954,1.1240,1.1906,1.3156,1.4514,1.5373,1.5736
2600.0000,1.1073,1.1370,1.2059,1.3340,1.4683,1.5557,1.5841
2605.0000,1.1161,1.1523,1.2213,1.3520,1.4870,1.5695,1.6023
2610.0000,1.1320,1.1648,1.2386,1.3697,1.5051,1.5843,1.6161
2615.0000,1.1459,1.1792,1.2552,1.3885,1.5213,1.6011,1.6248
2620.0000,1.1540,1.1974,1.2706,1.4075,1.5382,1.6143,1.6387
2625.0000,1.1728,1.2108,1.2891,1.4251,1.5555,1.6268,1.6500
2630.0000,1.1878,1.2269,1.3061,1.4441,1.5702,1.6417,1.6546
2635.0000,1.2039,1.2420,1.3250,1.4611,1.5877,1.6497,1.6699
2640.0000,1.2206,1.2573,1.3440,1.4784,1.6036,1.6589,1.6809
2645.0000,1.2335,1.2767,1.3602,1.4977,1.6156,1.6718,1.6844
2650.0000,1.2497,1.2941,1.3782,1.5154,1.6289,1.6807,1.6920
2655.0000,1.2687,1.3098,1.3976,1.5319,1.6424,1.6876,1.6997
2695.0000,1.4080,1.4534,1.5404,1.6493,1.7121,1.7190,1.7055
2700.0000,1.4253,1.4709,1.5571,1.6605,1.7171,1.7170,1.7025
2705.0000,1.4453,1.4868,1.5742,1.6703,1.7216,1.7133,1.6987
2710.0000,1.4586,1.5075,1.5871,1.6817,1.7219,1.7126,1.6882
2715.0000,1.4757,1.5247,1.6019,1.6902,1.7243,1.7053,1.6861
2720.0000,1.4967,1.5392,1.6168,1.6979,1.7244,1.6998,1.6778
2725.0000,1.5134,1.5556,1.6294,1.7059,1.7216,1.6957,1.6646
2730.0000,1.5230,1.5751,1.6398,1.7130,1.7186,1.6878,1.6556
2735.0000,1.5451,1.5868,1.6537,1.7165,1.7172,1.6760,1.6492
2740.0000,1.5610,1.6013,1.6643,1.7211,1.7112,1.6684,1.6349
2745.0000,1.5762,1.6144,1.6749,1.7238,1.7054,1.6583,1.6224
2750.0000,1.5926,1.6253,1.6859,1.7243,1.6999,1.6450,1.6118
2755.0000,1.6047,1.6389,1.6934,1.7257,1.6905,1.6353,1.5946
2760.0000,1.6158,1.6514,1.7005,1.7251,1.6817,1.6220,1.5818
2765.0000,1.6310,1.6605,1.7081,1.7227,1.6723,1.6084,1.5662
2770.0000,1.6401,1.6730,1.7117,1.7211,1.6596,1.5976,1.5433
2775.0000,1.6520,1.6813,1.7171,1.7157,1.6504,1.5784,1.5346
2780.0000,1.6645,1.6877,1.7215,1.7097,1.6387,1.5621,1.5186
2785.0000,1.6732,1.6955,1.7230,1.7042,1.6242,1.5485,1.4964
2790.0000,1.6770,1.7047,1.7224,1.6975,1.6101,1.5313,1.4800
2795.0000,1.6887,1.7074,1.7239,1.6877,1.5976,1.5108,1.4670
2800.0000,1.6955,1.7117,1.7220,1.6791,1.5810,1.4954,1.4456
2805.0000,1.7007,1.7149,1.7194,1.6691,1.5649,1.4774,1.4285
2810.0000,1.6969,1.7211,1.7133,1.6593,1.5473,1.4601,1.4094
2815.0000,1.7078,1.7188,1.7097,1.6474,1.5290,1.4450,1.3827
2820.0000,1.7094,1.7188,1.7042,1.6337,1.5136,1.4221,1.3744
2825.0000,1.7098,1.7177,1.6972,1.6203,1.4954,1.4039,1.3562
2830.0000,1.7138,1.7127,1.6908,1.6054,1.4775,1.3855,1.3371
2835.0000,1.7103,1.7109,1.6807,1.5913,1.4575,1.3694,1.3140
2840.0000,1.7050,1.7076,1.6708,1.5750,1.4404,1.3476,1.3020
2845.0000,1.7068,1.6991,1.6618,1.5579,1.4221,1.3290,1.2841
2850.0000,1.7022,1.6927,1.6498,1.5416,1.4023,1.3126,1.2634
2855.0000,1.6955,1.6857,1.6371,1.5243,1.3834,1.2945,1.2455
2860.0000,1.6924,1.6746,1.6258,1.5051,1.3666,1.2736,1.2317
2865.0000,1.6824,1.6672,1.6102,1.4881,1.3465,1.2576,1.2126
2870.0000,1.6714,1.6588,1.5942,1.4704,1.3273,1.2402,1.1964
2875.0000,1.6665,1.6452,1.5798,1.4513,1.3091,1.2230,1.1794
2880.0000,1.6571,1.6328,1.5635,1.4331,1.2896,1.2083,1.1581
2885.0000,1.6420,1.6217,1.5462,1.4141,1.2727,1.1886,1.1485
2890.0000,1.6340,1.6060,1.5301,1.3948,1.2549,1.1723,1.1330
2895.0000,1.6218,1.5914,1.5123,1.3765,1.2361,1.1584,1.1139
2900.0000,1.6061,1.5772,1.4943,1.3573,1.2199,1.1402,1.1050
2905.0000,1.5947,1.5597,1.4770,1.3383,1.2026,1.1258,1.0901
2910.0000,1.5784,1.5450,1.4572,1.3207,1.1841,1.1137,1.0721
2915.0000,1.5630,1.5284,1.4386,1.3022,1.1677,1.0996,1.0574
2920.0000,1.5494,1.5089,1.4218,1.2823,1.1541,1.0820,1.0489
2925.0000,1.5315,1.4926,1.4021,1.2648,1.1375,1.0698,1.0329
2930.0000,1.5127,1.4760,1.3827,1.2471,1.1225,1.0558,1.0217
2935.0000,1.4950,1.4581,1.3637,1.2296,1.1077,1.0427,1.0089
2940.0000,1.4813,1.4375,1.3459,1.2121,1.0927,1.0318,0.9914
2945.0000,1.4608,1.4204,1.3269,1.1949,1.0800,1.0160,0.9872
2950.0000,1.4389,1.4042,1.3069,1.1791,1.0657,1.0040,0.9768
2955.0000,1.4255,1.3835,1.2894,1.1627,1.0522,0.9926,0.9656
2960.0000,1.4082,1.3644,1.2712,1.1473,1.0381,0.9829,0.9526
2965.0000,1.3851,1.3480,1.2522,1.1322,1.0256,0.9707,0.9459
2970.0000,1.3708,1.3273,1.2357,1.1166,1.0135,0.9600,0.9370
2975.0000,1.3506,1.3106,1.2172,1.1029,1.0001,0.9517,0.9257
2980.0000,1.3333,1.2916,1.2007,1.0882,0.9886,0.9419,0.9174
2985.0000,1.3174,1.2714,1.1857,1.0731,0.9786,0.9313,0.9109
2990.0000,1.2972,1.2548,1.1688,1.0599,0.9669,0.9239,0.9008
2995.0000,1.2768,1.2386,1.1523,1.0466,0.9566,0.9151,0.8945
3000.0000,1.2619,1.2198,1.1379,1.0329,0.9472,0.9065,0.8877
3005.0000,1.2458,1.2019,1.1232,1.0201,0.9373,0.9002,0.8778
3010.0000,1.2255,1.1869,1.1078,1.0078,0.9288,0.8913,0.8746
3015.0000,1.2104,1.1698,1.0937,0.9956,0.9202,0.8841,0.8687
3020.0000,1.1922,1.1559,1.0779,0.9853,0.9105,0.8795,0.8596
3025.0000,1.1759,1.1405,1.0640,0.9740,0.9032,0.8716,0.8576
3030.0000,1.1621,1.1238,1.0512,0.9631,0.8958,0.8658,0.8524
3035.0000,1.1451,1.1103,1.0369,0.9538,0.8872,0.8622,0.8442
3040.0000,1.1312,1.0946,1.0247,0.9436,0.8808,0.8564,0.8398
3045.0000,1.1171,1.0790,1.0135,0.9333,0.8756,0.8495,0.8377
3050.0000,1.1007,1.0663,1.0007,0.9249,0.8686,0.8460,0.8305
3055.0000,1.0841,1.0543,0.9883,0.9166,0.8629,0.8408,0.8277
3060.0000,1.0713,1.0406,0.9775,0.9081,0.8577,0.8360,0.8240
3065.0000,1.0601,1.0263,0.9674,0.9003,0.8520,0.8332,0.8160
3070.0000,1.0447,1.0150,0.9567,0.8928,0.8477,0.8272,0.8162
3075.0000,1.0284,1.0050,0.9457,0.8863,0.8427,0.8231,0.8132
3080.0000,1.0196,0.9918,0.9369,0.8793,0.8384,0.8191,0.8098
3085.0000,1.0084,0.9803,0.9277,0.8733,0.8333,0.8166,0.8043
3090.0000,0.9940,0.9707,0.9184,0.8674,0.8294,0.8121,0.8029
3095.0000,0.9854,0.9588,0.9110,0.8613,0.8257,0.8082,0.8002
3100.0000,0.9730,0.9501,0.9021,0.8566,0.8208,0.8063,0.7950
3105.0000,0.9623,0.9406,0.8946,0.8514,0.8173,0.8026,0.7929
3110.0000,0.9544,0.9297,0.8886,0.8457,0.8144,0.7985,0.7912
3115.0000,0.9439,0.9214,0.8814,0.8414,0.8103,0.7966,0.7866
3120.0000,0.9328,0.9139,0.8747,0.8370,0.8069,0.7932,0.7848
3125.0000,0.9258,0.9048,0.8693,0.8322,0.8041,0.7900,0.7826
3130.0000,0.9173,0.8974,0.8633,0.8284,0.8002,0.7886,0.7772
3135.0000,0.9077,0.8909,0.8576,0.8243,0.7976,0.7847,0.7772
3140.0000,0.9014,0.8831,0.8529,0.8201,0.7950,0.7818,0.7752
3145.0000,0.8932,0.8775,0.8470,0.8171,0.7911,0.7808,0.7700
3150.0000,0.8855,0.8717,0.8421,0.8133,0.7888,0.7772,0.7703
3155.0000,0.8805,0.8647,0.8382,0.8095,0.7864,0.7745,0.7685
3160.0000,0.8734,0.8598,0.8331,0.8068,0.7827,0.7738,0.7635
3165.0000,0.8674,0.8542,0.8291,0.8033,0.7805,0.7709,0.7624
3170.0000,0.8627,0.8480,0.8259,0.7995,0.7788,0.7676,0.7619
3175.0000,0.8562,0.8439,0.8214,0.7970,0.7756,0.7668,0.7573
3180.0000,0.8496,0.8401,0.8172,0.7942,0.7734,0.7641,0.7567
3185.0000,0.8438,0.8360,0.8134,0.7913,0.7712,0.7616,0.7554
3190.0000,0.8416,0.8303,0.8104,0.7886,0.7684,0.7611,0.7498
3195.0000,0.8359,0.8267,0.8069,0.7857,0.7668,0.7577,0.7511
3200.0000,0.8295,0.8238,0.8031,0.7833,0.7646,0.7555,0.7500
3205.0000,0.8278,0.8187,0.8006,0.7804,0.7629,0.7533,0.7485
3210.0000,0.8235,0.8153,0.7972,0.7783,0.7601,0.7526,0.7449
3215.0000,0.8181,0.8124,0.7940,0.7759,0.7584,0.7499,0.7448
3220.0000,0.8164,0.8077,0.7918,0.7731,0.7568,0.7478,0.7437
3225.0000,0.8120,0.8051,0.7885,0.7713,0.7540,0.7473,0.7403
3230.0000,0.8074,0.8024,0.7855,0.7691,0.7522,0.7453,0.7396
3235.0000,0.8060,0.7980,0.7837,0.7664,0.7511,0.7429,0.7390
3240.0000,0.8022,0.7954,0.7808,0.7646,0.7486,0.7425,0.7357
3245.0000,0.7979,0.7931,0.7781,0.7625,0.7471,0.7405,0.7354
3250.0000,0.7964,0.7893,0.7763,0.7600,0.7458,0.7386,0.7345
3255.0000,0.7932,0.7869,0.7736,0.7584,0.7434,0.7385,0.7305
3260.0000,0.7892,0.7847,0.7711,0.7563,0.7423,0.7361,0.7313
3265.0000,0.7878,0.7812,0.7694,0.7540,0.7411,0.7343,0.7306
3270.0000,0.7846,0.7793,0.7666,0.7527,0.7388,0.7344,0.7268
3275.0000,0.7811,0.7774,0.7642,0.7509,0.7375,0.7325,0.7269
3280.0000,0.7800,0.7740,0.7628,0.7486,0.7368,0.7303,0.7270
3285.0000,0.7770,0.7722,0.7602,0.7474,0.7346,0.7303,0.7234
3290.0000,0.7740,0.7702,0.7580,0.7457,0.7334,0.7286,0.7236
3295.0000,0.7729,0.7670,0.7567,0.7436,0.7327,0.7267,0.7236
3300.0000,0.7700,0.7653,0.7543,0.7425,0.7306,0.7269,0.7201
3305.0000,0.7669,0.7637,0.7522,0.7411,0.7295,0.7253,0.7203
3310.0000,0.7631,0.7624,0.7500,0.7397,0.7283,0.7240,0.7198
3315.0000,0.7636,0.7590,0.7487,0.7383,0.7265,0.7244,0.7151
3320.0000,0.7608,0.7573,0.7471,0.7366,0.7260,0.7219,0.7171
3325.0000,0.7573,0.7560,0.7451,0.7352,0.7250,0.7205,0.7169
3330.0000,0.7574,0.7530,0.7442,0.7335,0.7243,0.7190,0.7163
3335.0000,0.7549,0.7517,0.7421,0.7326,0.7225,0.7191,0.7136
3340.0000,0.7517,0.7505,0.7404,0.7313,0.7218,0.7174,0.7140
3345.0000,0.7518,0.7476,0.7396,0.7297,0.7211,0.7160,0.7135
3350.0000,0.7494,0.7465,0.7376,0.7289,0.7193,0.7161,0.7109
3355.0000,0.7464,0.7455,0.7359,0.7278,0.7184,0.7148,0.7110
3360.0000,0.7466,0.7427,0.7352,0.7262,0.7180,0.7131,0.7110
3365.0000,0.7444,0.7416,0.7335,0.7255,0.7163,0.7133,0.7086
3370.0000,0.7418,0.7406,0.7319,0.7244,0.7154,0.7121,0.7086
3375.0000,0.7417,0.7382,0.7312,0.7230,0.7148,0.7109,0.7083
3380.0000,0.7398,0.7372,0.7295,0.7223,0.7130,0.7115,0.7050
3385.0000,0.7375,0.7361,0.7283,0.7211,0.7126,0.7097,0.7063
3390.0000,0.7373,0.7338,0.7277,0.7196,0.7122,0.7085,0.7061
3395.0000,0.7355,0.7329,0.7262,0.7190,0.7106,0.7091,0.7029
3400.0000,0.7333,0.7321,0.7249,0.7180,0.7100,0.7077,0.7037
3405.0000,0.7332,0.7299,0.7244,0.7165,0.7098,0.7061,0.7041
3410.0000,0.7315,0.7292,0.7228,0.7160,0.7083,0.7067,0.7012
3415.0000,0.7295,0.7284,0.7215,0.7151,0.7077,0.7055,0.7018
3420.0000,0.7264,0.7281,0.7200,0.7142,0.7071,0.7043,0.7021
3425.0000,0.7279,0.7257,0.7195,0.7133,0.7060,0.7048,0.6992
3430.0000,0.7260,0.7249,0.7183,0.7124,0.7055,0.7036,0.7001
3435.0000,0.7230,0.7246,0.7169,0.7117,0.7049,0.7026,0.7003
3440.0000,0.7244,0.7223,0.7164,0.7110,0.7036,0.7035,0.6965
3445.0000,0.7226,0.7215,0.7154,0.7100,0.7035,0.7018,0.6988
3450.0000,0.7202,0.7211,0.7142,0.7093,0.7029,0.7010,0.6991
3455.0000,0.7211,0.7190,0.7139,0.7082,0.7026,0.7002,0.6991
3460.0000,0.7195,0.7185,0.7126,0.7078,0.7013,0.7009,0.6969
3465.0000,0.7173,0.7179,0.7116,0.7070,0.7010,0.6998,0.6979
3470.0000,0.7181,0.7158,0.7115,0.7058,0.7010,0.6990,0.6982
3475.0000,0.7166,0.7153,0.7103,0.7055,0.6998,0.6997,0.6963
3480.0000,0.7143,0.7151,0.7091,0.7049,0.6996,0.6989,0.6975
3485.0000,0.7152,0.7131,0.7091,0.7037,0.6997,0.6979,0.6985
3490.0000,0.7138,0.7127,0.7079,0.7035,0.6986,0.6988,0.6973
3495.0000,0.7120,0.7123,0.7069,0.7029,0.6984,0.6983,0.6994
3500.0000,0.7125,0.7106,0.7067,0.7020,0.6984,0.6979,0.7014
3505.0000,0.7112,0.7103,0.7055,0.7020,0.6972,0.6997,0.7009
3510.0000,0.7095,0.7099,0.7045,0.7015,0.6970,0.6999,0.7046
3515.0000,0.7100,0.7082,0.7044,0.7007,0.6971,0.7006,0.7082
3520.0000,0.7088,0.7079,0.7033,0.7007,0.6960,0.7037,0.7093
3525.0000,0.7071,0.7077,0.7025,0.7002,0.6963,0.7050,0.7161
3530.0000,0.7077,0.7060,0.7025,0.6994,0.6967,0.7079,0.7217
3535.0000,0.7066,0.7057,0.7016,0.6994,0.6963,0.7130,0.7253
3540.0000,0.7054,0.7052,0.7011,0.6988,0.6974,0.7169,0.7344
3545.0000,0.7030,0.7052,0.7004,0.6983,0.6990,0.7217,0.7446
3550.0000,0.7046,0.7034,0.7004,0.6979,0.7002,0.7298,0.7516
3555.0000,0.7033,0.7032,0.6998,0.6977,0.7026,0.7375,0.7626
3560.0000,0.7008,0.7035,0.6990,0.6975,0.7061,0.7458,0.7756
3565.0000,0.7026,0.7019,0.6989,0.6975,0.7095,0.7576,0.7847
3570.0000,0.7014,0.7017,0.6984,0.6977,0.7148,0.7685,0.7984
3575.0000,0.6999,0.7015,0.6981,0.6978,0.7220,0.7791,0.8153
3580.0000,0.7011,0.7000,0.6984,0.6981,0.7302,0.7913,0.8321
3585.0000,0.7001,0.7000,0.6975,0.7000,0.7382,0.8066,0.8473
3590.0000,0.6985,0.7004,0.6965,0.7026,0.7472,0.8233,0.8610
3595.0000,0.6998,0.6989,0.6970,0.7049,0.7591,0.8383,0.8782
3600.0000,0.6989,0.6991,0.6964,0.7091,0.7707,0.8563,0.8916
3605.0000,0.6971,0.6995,0.6963,0.7135,0.7851,0.8719,0.9103
3610.0000,0.6986,0.6984,0.6971,0.7191,0.7997,0.8896,0.9241
3615.0000,0.6978,0.6989,0.6973,0.7264,0.8148,0.9080,0.9346
3620.0000,0.6969,0.6992,0.6987,0.7340,0.8327,0.9227,0.9506
3625.0000,0.6983,0.6985,0.7013,0.7426,0.8514,0.9367,0.9647
3630.0000,0.6979,0.6997,0.7033,0.7538,0.8686,0.9529,0.9724
3635.0000,0.6976,0.7010,0.7065,0.7656,0.8872,0.9657,0.9823
3640.0000,0.6995,0.7014,0.7114,0.7782,0.9065,0.9760,0.9920
3645.0000,0.7001,0.7038,0.7160,0.7934,0.9233,0.9881,0.9947
