150.0000,0.8149,0.8165,0.8137,0.8127,0.8111,0.8121,0.8102
155.0000,0.8160,0.8153,0.8140,0.8121,0.8115,0.8115,0.8107
160.0000,0.8150,0.8157,0.8130,0.8126,0.8106,0.8130,0.8077
165.0000,0.8138,0.8158,0.8126,0.8124,0.8111,0.8119,0.8098
170.0000,0.8150,0.8145,0.8130,0.8119,0.8115,0.8112,0.8105
175.0000,0.8143,0.8146,0.8122,0.8123,0.8106,0.8126,0.8076
180.0000,0.8129,0.8150,0.8117,0.8123,0.8108,0.8118,0.8093
185.0000,0.8142,0.8136,0.8122,0.8118,0.8114,0.8109,0.8104
190.0000,0.8135,0.8136,0.8116,0.8123,0.8104,0.8123,0.8077
195.0000,0.8126,0.8137,0.8113,0.8123,0.8106,0.8117,0.8092
200.0000,0.8101,0.8145,0.8107,0.8124,0.8105,0.8113,0.8099
205.0000,0.8127,0.8129,0.8112,0.8125,0.8097,0.8130,0.8059
210.0000,0.8117,0.8130,0.8111,0.8122,0.8103,0.8116,0.8089
215.0000,0.8092,0.8139,0.8106,0.8123,0.8102,0.8112,0.8097
220.0000,0.8119,0.8124,0.8111,0.8123,0.8095,0.8129,0.8058
225.0000,0.8112,0.8125,0.8111,0.8119,0.8101,0.8114,0.8088
230.0000,0.8097,0.8129,0.8109,0.8119,0.8103,0.8110,0.8096
235.0000,0.8117,0.8117,0.8116,0.8113,0.8107,0.8105,0.8100
240.0000,0.8107,0.8123,0.8110,0.8118,0.8098,0.8117,0.8078
245.0000,0.8094,0.8128,0.8108,0.8116,0.8102,0.8108,0.8093
250.0000,0.8114,0.8115,0.8115,0.8111,0.8106,0.8102,0.8098
255.0000,0.8109,0.8120,0.8110,0.8115,0.8099,0.8113,0.8078
260.0000,0.8090,0.8129,0.8104,0.8115,0.8099,0.8107,0.8090
265.0000,0.8112,0.8116,0.8112,0.8110,0.8104,0.8100,0.8098
270.0000,0.8107,0.8120,0.8106,0.8114,0.8096,0.8111,0.8079
275.0000,0.8098,0.8124,0.8104,0.8114,0.8097,0.8106,0.8090
280.0000,0.8113,0.8113,0.8109,0.8110,0.8101,0.8102,0.8097
285.0000,0.8107,0.8118,0.8103,0.8115,0.8090,0.8118,0.8069
290.0000,0.8097,0.8120,0.8103,0.8112,0.8095,0.8108,0.8090
295.0000,0.8111,0.8110,0.8109,0.8107,0.8099,0.8103,0.8097
300.0000,0.8106,0.8113,0.8104,0.8112,0.8090,0.8119,0.8069
305.0000,0.8094,0.8120,0.8101,0.8111,0.8093,0.8112,0.8085
310.0000,0.8109,0.8108,0.8108,0.8105,0.8099,0.8104,0.8096
315.0000,0.8105,0.8112,0.8103,0.8109,0.8092,0.8119,0.8067
320.0000,0.8098,0.8114,0.8102,0.8107,0.8095,0.8112,0.8082
325.0000,0.8075,0.8125,0.8096,0.8108,0.8097,0.8107,0.8089
330.0000,0.8103,0.8111,0.8100,0.8108,0.8091,0.8123,0.8048
335.0000,0.8096,0.8113,0.8100,0.8106,0.8098,0.8108,0.8077
340.0000,0.8082,0.8119,0.8096,0.8106,0.8100,0.8102,0.8083
345.0000,0.8103,0.8109,0.8098,0.8108,0.8093,0.8117,0.8042
350.0000,0.8095,0.8113,0.8096,0.8107,0.8098,0.8100,0.8070
355.0000,0.8081,0.8118,0.8093,0.8108,0.8099,0.8094,0.8076
360.0000,0.8102,0.8105,0.8099,0.8105,0.8102,0.8087,0.8078
365.0000,0.8093,0.8111,0.8093,0.8111,0.8092,0.8097,0.8055
370.0000,0.8080,0.8116,0.8091,0.8111,0.8093,0.8086,0.8068
375.0000,0.8101,0.8102,0.8099,0.8107,0.8095,0.8078,0.8071
380.0000,0.8095,0.8106,0.8095,0.8111,0.8084,0.8088,0.8049
385.0000,0.8077,0.8114,0.8092,0.8112,0.8082,0.8081,0.8059
390.0000,0.8099,0.8100,0.8101,0.8106,0.8085,0.8072,0.8066
395.0000,0.8094,0.8105,0.8098,0.8109,0.8075,0.8081,0.8046
400.0000,0.8085,0.8109,0.8098,0.8107,0.8074,0.8075,0.8058
405.0000,0.8099,0.8099,0.8104,0.8101,0.8075,0.8069,0.8064
410.0000,0.8093,0.8105,0.8099,0.8104,0.8062,0.8084,0.8036
415.0000,0.8084,0.8110,0.8099,0.8099,0.8065,0.8074,0.8056
420.0000,0.8099,0.8100,0.8105,0.8092,0.8067,0.8069,0.8062
425.0000,0.8095,0.8105,0.8100,0.8094,0.8057,0.8085,0.8033
430.0000,0.8084,0.8112,0.8096,0.8090,0.8059,0.8078,0.8049
435.0000,0.8100,0.8101,0.8102,0.8082,0.8065,0.8069,0.8061
440.0000,0.8097,0.8105,0.8095,0.8083,0.8057,0.8083,0.8033
445.0000,0.8090,0.8108,0.8092,0.8080,0.8060,0.8076,0.8050
450.0000,0.8067,0.8118,0.8084,0.8079,0.8061,0.8072,0.8058
455.0000,0.8096,0.8104,0.8086,0.8078,0.8055,0.8088,0.8020
460.0000,0.8089,0.8105,0.8082,0.8074,0.8062,0.8074,0.8050
465.0000,0.8074,0.8110,0.8076,0.8074,0.8063,0.8070,0.8058
470.0000,0.8094,0.8098,0.8076,0.8075,0.8056,0.8087,0.8021
475.0000,0.8085,0.8100,0.8072,0.8073,0.8062,0.8073,0.8051
480.0000,0.8069,0.8103,0.8066,0.8073,0.8063,0.8069,0.8060
485.0000,0.8089,0.8088,0.8071,0.8069,0.8066,0.8066,0.8065
490.0000,0.8079,0.8092,0.8064,0.8075,0.8058,0.8079,0.8046
495.0000,0.8064,0.8094,0.8061,0.8074,0.8061,0.8071,0.8063
500.0000,0.8083,0.8078,0.8068,0.8070,0.8065,0.8068,0.8069
505.0000,0.8075,0.8080,0.8063,0.8074,0.8057,0.8081,0.8051
510.0000,0.8056,0.8086,0.8059,0.8074,0.8059,0.8078,0.8064
515.0000,0.8075,0.8071,0.8067,0.8069,0.8065,0.8073,0.8074
520.0000,0.8068,0.8074,0.8063,0.8073,0.8058,0.8086,0.8056
525.0000,0.8056,0.8078,0.8061,0.8072,0.8062,0.8083,0.8070
530.0000,0.8070,0.8067,0.8068,0.8068,0.8067,0.8080,0.8078
535.0000,0.8062,0.8073,0.8062,0.8073,0.8059,0.8098,0.8051
540.0000,0.8053,0.8076,0.8061,0.8071,0.8066,0.8089,0.8073
545.0000,0.8067,0.8066,0.8068,0.8067,0.8073,0.8086,0.8080
550.0000,0.8063,0.8070,0.8063,0.8072,0.8066,0.8103,0.8052
555.0000,0.8051,0.8077,0.8060,0.8073,0.8071,0.8097,0.8067
560.0000,0.8065,0.8066,0.8066,0.8068,0.8081,0.8088,0.8077
565.0000,0.8061,0.8070,0.8061,0.8074,0.8075,0.8103,0.8048
570.0000,0.8055,0.8073,0.8060,0.8075,0.8081,0.8094,0.8064
575.0000,0.8032,0.8084,0.8054,0.8078,0.8083,0.8089,0.8070
580.0000,0.8061,0.8070,0.8059,0.8081,0.8078,0.8103,0.8030
585.0000,0.8055,0.8072,0.8059,0.8081,0.8085,0.8087,0.8059
590.0000,0.8041,0.8079,0.8057,0.8085,0.8086,0.8081,0.8066
595.0000,0.8063,0.8066,0.8065,0.8083,0.8089,0.8074,0.8070
600.0000,0.8053,0.8074,0.8059,0.8091,0.8079,0.8085,0.8049
605.0000,0.8041,0.8079,0.8059,0.8093,0.8080,0.8075,0.8065
610.0000,0.8062,0.8067,0.8069,0.8091,0.8081,0.8069,0.8070
615.0000,0.8054,0.8074,0.8065,0.8097,0.8070,0.8081,0.8052
620.0000,0.8042,0.8080,0.8066,0.8097,0.8070,0.8075,0.8067
625.0000,0.8064,0.8068,0.8077,0.8093,0.8071,0.8071,0.8073
630.0000,0.8059,0.8073,0.8076,0.8096,0.8061,0.8085,0.8054
635.0000,0.8045,0.8082,0.8075,0.8095,0.8061,0.8082,0.8067
640.0000,0.8067,0.8071,0.8086,0.8087,0.8066,0.8076,0.8077
645.0000,0.8064,0.8077,0.8085,0.8088,0.8059,0.8090,0.8059
650.0000,0.8056,0.8084,0.8085,0.8084,0.8063,0.8086,0.8075
655.0000,0.8072,0.8077,0.8091,0.8077,0.8069,0.8083,0.8085
660.0000,0.8067,0.8086,0.8085,0.8080,0.8061,0.8102,0.8059
665.0000,0.8061,0.8092,0.8083,0.8077,0.8068,0.8094,0.8082
670.0000,0.8078,0.8084,0.8088,0.8071,0.8075,0.8092,0.8091
675.0000,0.8075,0.8089,0.8080,0.8075,0.8069,0.8110,0.8064
680.0000,0.8065,0.8097,0.8075,0.8075,0.8074,0.8105,0.8082
685.0000,0.8082,0.8086,0.8079,0.8070,0.8084,0.8099,0.8095
690.0000,0.8079,0.8090,0.8072,0.8076,0.8079,0.8115,0.8068
695.0000,0.8072,0.8092,0.8068,0.8077,0.8085,0.8109,0.8086
700.0000,0.8049,0.8102,0.8061,0.8080,0.8089,0.8106,0.8096
705.0000,0.8078,0.8086,0.8064,0.8083,0.8085,0.8124,0.8059
710.0000,0.8072,0.8085,0.8064,0.8083,0.8094,0.8111,0.8090
715.0000,0.8057,0.8089,0.8061,0.8087,0.8097,0.8108,0.8099
720.0000,0.8076,0.8075,0.8068,0.8086,0.8103,0.8104,0.8104
725.0000,0.8066,0.8081,0.8062,0.8094,0.8096,0.8118,0.8085
730.0000,0.8051,0.8085,0.8061,0.8097,0.8099,0.8111,0.8100
735.0000,0.8071,0.8072,0.8071,0.8096,0.8104,0.8107,0.8104
740.0000,0.8064,0.8076,0.8068,0.8103,0.8097,0.8121,0.8084
745.0000,0.8049,0.8084,0.8068,0.8105,0.8101,0.8113,0.8099
750.0000,0.8070,0.8071,0.8079,0.8102,0.8107,0.8108,0.8105
755.0000,0.8065,0.8075,0.8079,0.8107,0.8100,0.8120,0.8086
760.0000,0.8050,0.8085,0.8079,0.8109,0.8102,0.8114,0.8098
765.0000,0.8071,0.8074,0.8090,0.8105,0.8108,0.8108,0.8107
770.0000,0.8066,0.8081,0.8088,0.8111,0.8102,0.8119,0.8088
775.0000,0.8058,0.8089,0.8088,0.8112,0.8103,0.8115,0.8101
780.0000,0.8075,0.8082,0.8096,0.8109,0.8107,0.8111,0.8108
785.0000,0.8070,0.8092,0.8092,0.8115,0.8098,0.8127,0.8081
790.0000,0.8065,0.8098,0.8093,0.8114,0.8102,0.8118,0.8102
795.0000,0.8082,0.8090,0.8101,0.8111,0.8107,0.8114,0.8110
800.0000,0.8081,0.8096,0.8098,0.8116,0.8098,0.8131,0.8082
805.0000,0.8072,0.8105,0.8097,0.8116,0.8102,0.8125,0.8100
810.0000,0.8090,0.8096,0.8106,0.8110,0.8109,0.8117,0.8112
815.0000,0.8089,0.8101,0.8103,0.8114,0.8102,0.8132,0.8086
820.0000,0.8084,0.8105,0.8103,0.8113,0.8107,0.8125,0.8104
825.0000,0.8062,0.8119,0.8098,0.8115,0.8108,0.8123,0.8113
830.0000,0.8093,0.8107,0.8103,0.8116,0.8103,0.8140,0.8077
835.0000,0.8088,0.8111,0.8102,0.8115,0.8110,0.8129,0.8107
840.0000,0.8076,0.8118,0.8100,0.8116,0.8112,0.8126,0.8115
845.0000,0.8099,0.8106,0.8107,0.8113,0.8117,0.8123,0.8121
850.0000,0.8092,0.8115,0.8101,0.8119,0.8110,0.8137,0.8100
855.0000,0.8081,0.8120,0.8099,0.8119,0.8115,0.8129,0.8117
860.0000,0.8103,0.8107,0.8108,0.8115,0.8121,0.8124,0.8124
865.0000,0.8098,0.8111,0.8104,0.8120,0.8115,0.8137,0.8105
870.0000,0.8083,0.8120,0.8101,0.8122,0.8117,0.8132,0.8118
875.0000,0.8104,0.8107,0.8109,0.8118,0.8124,0.8126,0.8128
880.0000,0.8099,0.8112,0.8106,0.8123,0.8117,0.8139,0.8110
885.0000,0.8083,0.8121,0.8102,0.8126,0.8119,0.8136,0.8123
890.0000,0.8105,0.8109,0.8111,0.8122,0.8125,0.8131,0.8132
895.0000,0.8100,0.8114,0.8107,0.8127,0.8118,0.8145,0.8113
900.0000,0.8091,0.8119,0.8107,0.8128,0.8121,0.8141,0.8126
905.0000,0.8107,0.8110,0.8114,0.8125,0.8127,0.8138,0.8134
910.0000,0.8101,0.8116,0.8110,0.8131,0.8119,0.8155,0.8106
915.0000,0.8094,0.8120,0.8111,0.8130,0.8126,0.8146,0.8129
920.0000,0.8109,0.8111,0.8119,0.8126,0.8132,0.8141,0.8138
925.0000,0.8106,0.8115,0.8116,0.8131,0.8125,0.8157,0.8112
930.0000,0.8096,0.8123,0.8114,0.8132,0.8130,0.8151,0.8129
935.0000,0.8111,0.8114,0.8122,0.8128,0.8137,0.8144,0.8141
940.0000,0.8108,0.8119,0.8118,0.8134,0.8130,0.8160,0.8114
945.0000,0.8102,0.8124,0.8117,0.8135,0.8134,0.8154,0.8130
950.0000,0.8079,0.8138,0.8111,0.8139,0.8136,0.8152,0.8139
955.0000,0.8111,0.8125,0.8117,0.8141,0.8131,0.8169,0.8101
960.0000,0.8106,0.8128,0.8118,0.8140,0.8138,0.8156,0.8133
965.0000,0.8095,0.8134,0.8117,0.8142,0.8141,0.8152,0.8142
970.0000,0.8117,0.8122,0.8126,0.8139,0.8146,0.8148,0.8148
975.0000,0.8110,0.8129,0.8121,0.8146,0.8139,0.8162,0.8128
980.0000,0.8098,0.8135,0.8121,0.8147,0.8143,0.8154,0.8144
985.0000,0.8120,0.8124,0.8130,0.8143,0.8148,0.8150,0.8150
990.0000,0.8115,0.8129,0.8127,0.8149,0.8141,0.8163,0.8131
995.0000,0.8099,0.8139,0.8125,0.8151,0.8143,0.8159,0.8143
1000.0000,0.8122,0.8127,0.8134,0.8147,0.8149,0.8153,0.8152
1005.0000,0.8118,0.8134,0.8132,0.8152,0.8143,0.8166,0.8133
1010.0000,0.8110,0.8139,0.8132,0.8153,0.8145,0.8162,0.8146
1015.0000,0.8126,0.8131,0.8140,0.8149,0.8151,0.8156,0.8155
1020.0000,0.8122,0.8137,0.8136,0.8154,0.8145,0.8169,0.8135
1025.0000,0.8115,0.8143,0.8136,0.8154,0.8148,0.8164,0.8149
1030.0000,0.8131,0.8134,0.8144,0.8151,0.8153,0.8160,0.8156
1035.0000,0.8126,0.8142,0.8139,0.8157,0.8145,0.8177,0.8129
1040.0000,0.8118,0.8148,0.8139,0.8156,0.8151,0.8167,0.8150
1045.0000,0.8135,0.8139,0.8146,0.8152,0.8157,0.8162,0.8158
1050.0000,0.8132,0.8145,0.8142,0.8158,0.8149,0.8179,0.8130
1055.0000,0.8121,0.8153,0.8140,0.8159,0.8152,0.8172,0.8147
1060.0000,0.8138,0.8143,0.8148,0.8155,0.8160,0.8164,0.8160
1065.0000,0.8137,0.8147,0.8144,0.8161,0.8153,0.8179,0.8133
1070.0000,0.8131,0.8151,0.8144,0.8161,0.8156,0.8172,0.8151
1075.0000,0.8108,0.8164,0.8139,0.8164,0.8157,0.8169,0.8160
1080.0000,0.8139,0.8151,0.8144,0.8166,0.8151,0.8187,0.8123
1085.0000,0.8133,0.8154,0.8145,0.8165,0.8157,0.8175,0.8155
1090.0000,0.8121,0.8161,0.8143,0.8166,0.8159,0.8172,0.8166
1095.0000,0.8143,0.8149,0.8152,0.8163,0.8163,0.8169,0.8172
1100.0000,0.8136,0.8157,0.8147,0.8169,0.8156,0.8184,0.8153
1105.0000,0.8125,0.8162,0.8146,0.8169,0.8160,0.8178,0.8171
1110.0000,0.8146,0.8150,0.8156,0.8164,0.8165,0.8175,0.8178
1115.0000,0.8141,0.8156,0.8152,0.8169,0.8159,0.8190,0.8161
1120.0000,0.8126,0.8165,0.8150,0.8170,0.8162,0.8187,0.8175
1125.0000,0.8148,0.8153,0.8159,0.8165,0.8170,0.8183,0.8185
1130.0000,0.8144,0.8158,0.8156,0.8170,0.8165,0.8197,0.8167
1135.0000,0.8136,0.8164,0.8155,0.8170,0.8169,0.8194,0.8183
1140.0000,0.8152,0.8155,0.8162,0.8166,0.8177,0.8190,0.8194
1145.0000,0.8147,0.8162,0.8158,0.8172,0.8172,0.8204,0.8177
1150.0000,0.8138,0.8167,0.8156,0.8172,0.8177,0.8201,0.8194
1155.0000,0.8154,0.8159,0.8162,0.8170,0.8184,0.8199,0.8204
1160.0000,0.8149,0.8166,0.8156,0.8178,0.8177,0.8219,0.8179
1165.0000,0.8141,0.8171,0.8156,0.8178,0.8184,0.8213,0.8202
1170.0000,0.8157,0.8161,0.8163,0.8176,0.8191,0.8211,0.8213
1175.0000,0.8154,0.8165,0.8159,0.8183,0.8185,0.8230,0.8188
1180.0000,0.8143,0.8172,0.8158,0.8186,0.8191,0.8226,0.8209
1185.0000,0.8160,0.8162,0.8166,0.8183,0.8201,0.8221,0.8224
1190.0000,0.8157,0.8166,0.8164,0.8190,0.8196,0.8239,0.8200
1195.0000,0.8151,0.8170,0.8164,0.8191,0.8203,0.8236,0.8222
1200.0000,0.8128,0.8182,0.8161,0.8196,0.8207,0.8236,0.8235
1205.0000,0.8158,0.8170,0.8168,0.8200,0.8204,0.8257,0.8202
1210.0000,0.8153,0.8173,0.8170,0.8200,0.8213,0.8248,0.8235
1215.0000,0.8141,0.8181,0.8169,0.8204,0.8218,0.8249,0.8248
1220.0000,0.8163,0.8170,0.8179,0.8203,0.8227,0.8249,0.8258
1225.0000,0.8156,0.8179,0.8175,0.8212,0.8222,0.8266,0.8242
1230.0000,0.8145,0.8187,0.8176,0.8214,0.8230,0.8263,0.8261
1235.0000,0.8168,0.8175,0.8187,0.8213,0.8239,0.8263,0.8272
1240.0000,0.8165,0.8182,0.8185,0.8221,0.8236,0.8280,0.8256
1245.0000,0.8150,0.8193,0.8184,0.8225,0.8242,0.8279,0.8274
1250.0000,0.8174,0.8182,0.8196,0.8223,0.8253,0.8278,0.8286
1255.0000,0.8172,0.8189,0.8195,0.8231,0.8250,0.8295,0.8271
1260.0000,0.8165,0.8196,0.8197,0.8235,0.8258,0.8294,0.8288
1265.0000,0.8182,0.8189,0.8206,0.8235,0.8267,0.8293,0.8301
1270.0000,0.8178,0.8199,0.8203,0.8245,0.8263,0.8314,0.8277
1275.0000,0.8171,0.8206,0.8206,0.8248,0.8272,0.8309,0.8302
1280.0000,0.8190,0.8199,0.8216,0.8249,0.8282,0.8309,0.8314
1285.0000,0.8186,0.8209,0.8213,0.8259,0.8277,0.8330,0.8288
1290.0000,0.8182,0.8215,0.8217,0.8262,0.8287,0.8324,0.8314
1295.0000,0.8200,0.8208,0.8228,0.8262,0.8298,0.8322,0.8327
1300.0000,0.8200,0.8215,0.8227,0.8272,0.8294,0.8341,0.8303
1305.0000,0.8191,0.8226,0.8229,0.8277,0.8302,0.8338,0.8325
1310.0000,0.8210,0.8219,0.8240,0.8277,0.8312,0.8335,0.8340
1315.0000,0.8210,0.8227,0.8240,0.8287,0.8308,0.8354,0.8316
1320.0000,0.8207,0.8234,0.8243,0.8292,0.8315,0.8352,0.8337
1325.0000,0.8185,0.8251,0.8242,0.8299,0.8320,0.8353,0.8349
1330.0000,0.8220,0.8241,0.8252,0.8305,0.8317,0.8375,0.8313
1335.0000,0.8219,0.8247,0.8257,0.8308,0.8328,0.8365,0.8347
1340.0000,0.8211,0.8257,0.8260,0.8312,0.8334,0.8365,0.8361
1345.0000,0.8236,0.8249,0.8273,0.8312,0.8343,0.8364,0.8370
1350.0000,0.8231,0.8261,0.8272,0.8322,0.8339,0.8381,0.8352
1355.0000,0.8224,0.8271,0.8276,0.8326,0.8347,0.8376,0.8370
1360.0000,0.8249,0.8263,0.8289,0.8325,0.8357,0.8375,0.8378
1365.0000,0.8249,0.8272,0.8290,0.8334,0.8353,0.8390,0.8359
1370.0000,0.8235,0.8287,0.8290,0.8340,0.8359,0.8387,0.8374
1375.0000,0.8263,0.8278,0.8303,0.8339,0.8369,0.8383,0.8385
1380.0000,0.8263,0.8288,0.8303,0.8348,0.8366,0.8397,0.8368
1385.0000,0.8259,0.8297,0.8306,0.8352,0.8371,0.8394,0.8382
1390.0000,0.8279,0.8293,0.8317,0.8353,0.8378,0.8391,0.8391
1395.0000,0.8276,0.8305,0.8314,0.8363,0.8371,0.8410,0.8363
1400.0000,0.8273,0.8313,0.8318,0.8366,0.8379,0.8401,0.8387
1405.0000,0.8294,0.8307,0.8330,0.8366,0.8386,0.8397,0.8397
1410.0000,0.8296,0.8315,0.8330,0.8375,0.8380,0.8415,0.8370
1415.0000,0.8289,0.8325,0.8333,0.8377,0.8386,0.8406,0.8394
1420.0000,0.8308,0.8319,0.8345,0.8376,0.8393,0.8403,0.8404
1425.0000,0.8309,0.8328,0.8344,0.8385,0.8386,0.8421,0.8379
1430.0000,0.8300,0.8341,0.8345,0.8388,0.8389,0.8416,0.8398
1435.0000,0.8321,0.8334,0.8357,0.8386,0.8397,0.8411,0.8412
1440.0000,0.8323,0.8342,0.8357,0.8393,0.8390,0.8429,0.8386
1445.0000,0.8321,0.8350,0.8360,0.8395,0.8395,0.8425,0.8407
1450.0000,0.8301,0.8366,0.8359,0.8399,0.8398,0.8424,0.8419
1455.0000,0.8335,0.8356,0.8367,0.8401,0.8393,0.8445,0.8382
1460.0000,0.8334,0.8363,0.8371,0.8400,0.8403,0.8434,0.8418
1465.0000,0.8325,0.8373,0.8372,0.8402,0.8407,0.8433,0.8432
1470.0000,0.8351,0.8364,0.8382,0.8400,0.8414,0.8432,0.8441
1475.0000,0.8345,0.8376,0.8378,0.8407,0.8408,0.8450,0.8425
1480.0000,0.8338,0.8384,0.8379,0.8408,0.8415,0.8446,0.8444
1485.0000,0.8363,0.8374,0.8389,0.8405,0.8423,0.8446,0.8454
1490.0000,0.8361,0.8382,0.8387,0.8412,0.8419,0.8463,0.8438
1495.0000,0.8346,0.8395,0.8384,0.8415,0.8425,0.8463,0.8454
1500.0000,0.8372,0.8384,0.8394,0.8412,0.8435,0.8460,0.8467
1505.0000,0.8370,0.8391,0.8392,0.8419,0.8433,0.8477,0.8449
1510.0000,0.8364,0.8398,0.8392,0.8422,0.8440,0.8475,0.8468
1515.0000,0.8382,0.8390,0.8401,0.8421,0.8450,0.8474,0.8480
1520.0000,0.8379,0.8398,0.8397,0.8430,0.8445,0.8494,0.8456
1525.0000,0.8373,0.8403,0.8398,0.8432,0.8455,0.8488,0.8483
1530.0000,0.8390,0.8395,0.8407,0.8432,0.8464,0.8487,0.8495
1535.0000,0.8387,0.8402,0.8404,0.8441,0.8459,0.8508,0.8471
1540.0000,0.8377,0.8412,0.8403,0.8446,0.8466,0.8506,0.8493
1545.0000,0.8395,0.8403,0.8413,0.8446,0.8477,0.8503,0.8509
1550.0000,0.8394,0.8409,0.8412,0.8456,0.8472,0.8523,0.8484
1555.0000,0.8384,0.8418,0.8412,0.8461,0.8479,0.8521,0.8507
1560.0000,0.8402,0.8409,0.8424,0.8460,0.8491,0.8518,0.8525
1565.0000,0.8401,0.8415,0.8424,0.8469,0.8487,0.8538,0.8501
1570.0000,0.8398,0.8421,0.8428,0.8472,0.8495,0.8535,0.8526
1575.0000,0.8376,0.8435,0.8427,0.8479,0.8501,0.8537,0.8541
1580.0000,0.8409,0.8425,0.8436,0.8484,0.8498,0.8560,0.8508
1585.0000,0.8405,0.8432,0.8441,0.8487,0.8509,0.8554,0.8544
1590.0000,0.8395,0.8442,0.8443,0.8492,0.8516,0.8556,0.8560
1595.0000,0.8420,0.8434,0.8455,0.8492,0.8526,0.8557,0.8573
1600.0000,0.8415,0.8446,0.8453,0.8502,0.8523,0.8578,0.8558
1605.0000,0.8407,0.8455,0.8456,0.8506,0.8532,0.8577,0.8580
1610.0000,0.8433,0.8446,0.8469,0.8506,0.8543,0.8578,0.8593
1615.0000,0.8432,0.8455,0.8469,0.8515,0.8541,0.8599,0.8579
1620.0000,0.8419,0.8469,0.8469,0.8521,0.8550,0.8600,0.8599
1625.0000,0.8446,0.8460,0.8483,0.8520,0.8563,0.8601,0.8613
1630.0000,0.8446,0.8468,0.8483,0.8530,0.8562,0.8621,0.8597
1635.0000,0.8441,0.8477,0.8486,0.8535,0.8573,0.8621,0.8617
1640.0000,0.8460,0.8472,0.8498,0.8536,0.8585,0.8622,0.8631
1645.0000,0.8458,0.8484,0.8496,0.8548,0.8583,0.8645,0.8607
1650.0000,0.8453,0.8493,0.8499,0.8553,0.8596,0.8640,0.8636
1655.0000,0.8474,0.8487,0.8511,0.8555,0.8608,0.8640,0.8650
1660.0000,0.8475,0.8496,0.8511,0.8568,0.8606,0.8662,0.8628
1665.0000,0.8467,0.8508,0.8513,0.8575,0.8615,0.8661,0.8652
1670.0000,0.8488,0.8502,0.8525,0.8578,0.8627,0.8659,0.8669
1675.0000,0.8490,0.8511,0.8526,0.8590,0.8625,0.8681,0.8646
1680.0000,0.8488,0.8519,0.8532,0.8597,0.8634,0.8680,0.8672
1685.0000,0.8468,0.8535,0.8533,0.8606,0.8641,0.8681,0.8690
1690.0000,0.8504,0.8526,0.8545,0.8613,0.8642,0.8701,0.8668
1695.0000,0.8503,0.8534,0.8552,0.8618,0.8652,0.8700,0.8698
1700.0000,0.8483,0.8552,0.8554,0.8627,0.8658,0.8703,0.8717
1705.0000,0.8520,0.8543,0.8566,0.8634,0.8657,0.8730,0.8687
1710.0000,0.8520,0.8551,0.8574,0.8638,0.8669,0.8726,0.8727
1715.0000,0.8513,0.8563,0.8580,0.8644,0.8677,0.8731,0.8749
1720.0000,0.8540,0.8557,0.8595,0.8646,0.8689,0.8737,0.8768
1725.0000,0.8536,0.8573,0.8595,0.8657,0.8687,0.8762,0.8760
1730.0000,0.8530,0.8586,0.8600,0.8663,0.8698,0.8768,0.8786
1735.0000,0.8559,0.8580,0.8615,0.8663,0.8712,0.8775,0.8805
1740.0000,0.8561,0.8592,0.8617,0.8674,0.8713,0.8802,0.8796
1745.0000,0.8550,0.8608,0.8620,0.8680,0.8726,0.8810,0.8824
1750.0000,0.8580,0.8601,0.8635,0.8681,0.8744,0.8817,0.8845
1755.0000,0.8583,0.8612,0.8637,0.8691,0.8749,0.8844,0.8836
1760.0000,0.8581,0.8622,0.8642,0.8697,0.8766,0.8851,0.8864
1765.0000,0.8603,0.8619,0.8654,0.8701,0.8785,0.8858,0.8886
1770.0000,0.8602,0.8633,0.8653,0.8716,0.8789,0.8889,0.8868
1775.0000,0.8599,0.8645,0.8657,0.8724,0.8809,0.8892,0.8902
1780.0000,0.8622,0.8640,0.8669,0.8730,0.8829,0.8899,0.8923
1785.0000,0.8624,0.8651,0.8670,0.8747,0.8834,0.8928,0.8904
1790.0000,0.8617,0.8665,0.8673,0.8760,0.8851,0.8932,0.8937
1795.0000,0.8641,0.8660,0.8687,0.8768,0.8872,0.8936,0.8960
1800.0000,0.8645,0.8669,0.8690,0.8787,0.8876,0.8965,0.8941
1805.0000,0.8644,0.8678,0.8698,0.8800,0.8893,0.8969,0.8972
1810.0000,0.8625,0.8697,0.8702,0.8816,0.8907,0.8976,0.8992
1815.0000,0.8663,0.8689,0.8718,0.8830,0.8914,0.9002,0.8971
1820.0000,0.8663,0.8699,0.8729,0.8843,0.8931,0.9004,0.9003
1825.0000,0.8645,0.8719,0.8736,0.8859,0.8945,0.9010,0.9025
1830.0000,0.8684,0.8713,0.8754,0.8874,0.8949,0.9039,0.8994
1835.0000,0.8687,0.8724,0.8768,0.8886,0.8967,0.9036,0.9038
1840.0000,0.8682,0.8740,0.8780,0.8899,0.8980,0.9042,0.9060
1845.0000,0.8713,0.8739,0.8802,0.8908,0.8996,0.9049,0.9077
1850.0000,0.8712,0.8759,0.8809,0.8928,0.8997,0.9074,0.9066
1855.0000,0.8711,0.8777,0.8821,0.8940,0.9011,0.9078,0.9092
1860.0000,0.8745,0.8776,0.8844,0.8947,0.9027,0.9084,0.9111
1865.0000,0.8752,0.8794,0.8854,0.8964,0.9029,0.9110,0.9100
1870.0000,0.8744,0.8818,0.8863,0.8976,0.9042,0.9116,0.9127
1875.0000,0.8781,0.8817,0.8886,0.8982,0.9059,0.9121,0.9147
1880.0000,0.8790,0.8835,0.8895,0.8997,0.9063,0.9146,0.9136
1885.0000,0.8795,0.8853,0.8908,0.9007,0.9078,0.9151,0.9165
1890.0000,0.8823,0.8856,0.8928,0.9013,0.9095,0.9157,0.9188
1895.0000,0.8829,0.8878,0.8933,0.9030,0.9097,0.9187,0.9171
1900.0000,0.8835,0.8895,0.8944,0.9040,0.9114,0.9190,0.9208
1905.0000,0.8864,0.8898,0.8963,0.9046,0.9131,0.9197,0.9232
1910.0000,0.8873,0.8915,0.8969,0.9063,0.9133,0.9229,0.9217
1915.0000,0.8871,0.8938,0.8975,0.9075,0.9147,0.9237,0.9254
1920.0000,0.8902,0.8938,0.8994,0.9082,0.9166,0.9245,0.9282
1925.0000,0.8912,0.8955,0.9000,0.9099,0.9169,0.9278,0.9267
1930.0000,0.8919,0.8969,0.9011,0.9109,0.9187,0.9286,0.9309
1935.0000,0.8906,0.8992,0.9017,0.9122,0.9202,0.9300,0.9342
1940.0000,0.8950,0.8988,0.9034,0.9134,0.9209,0.9338,0.9322
1945.0000,0.8956,0.9001,0.9046,0.9144,0.9231,0.9346,0.9372
1950.0000,0.8938,0.9026,0.9051,0.9158,0.9248,0.9362,0.9407
1955.0000,0.8983,0.9022,0.9067,0.9171,0.9257,0.9405,0.9387
1960.0000,0.8988,0.9036,0.9079,0.9181,0.9283,0.9411,0.9449
1965.0000,0.8987,0.9053,0.9089,0.9193,0.9307,0.9426,0.9498
1970.0000,0.9021,0.9051,0.9109,0.9202,0.9332,0.9444,0.9546
1975.0000,0.9022,0.9071,0.9113,0.9223,0.9343,0.9486,0.9569
1980.0000,0.9020,0.9089,0.9122,0.9239,0.9365,0.9512,0.9634
1985.0000,0.9055,0.9086,0.9143,0.9250,0.9393,0.9540,0.9708
1990.0000,0.9060,0.9104,0.9149,0.9273,0.9405,0.9597,0.9761
1995.0000,0.9050,0.9127,0.9155,0.9293,0.9428,0.9642,0.9868
2000.0000,0.9088,0.9125,0.9176,0.9309,0.9453,0.9706,0.9965
2005.0000,0.9095,0.9142,0.9184,0.9334,0.9470,0.9795,1.0053
2010.0000,0.9097,0.9157,0.9199,0.9351,0.9506,0.9870,1.0213
2015.0000,0.9127,0.9157,0.9224,0.9365,0.9549,0.9963,1.0382
2020.0000,0.9131,0.9178,0.9234,0.9391,0.9580,1.0103,1.0530
2025.0000,0.9135,0.9196,0.9249,0.9414,0.9628,1.0250,1.0703
2030.0000,0.9165,0.9196,0.9279,0.9424,0.9706,1.0389,1.0938
2035.0000,0.9176,0.9213,0.9295,0.9450,0.9773,1.0587,1.1132
2040.0000,0.9178,0.9234,0.9315,0.9470,0.9876,1.0765,1.1439
2045.0000,0.9207,0.9243,0.9336,0.9500,0.9976,1.1008,1.1673
2050.0000,0.9219,0.9265,0.9350,0.9538,1.0093,1.1278,1.1899
2055.0000,0.9229,0.9284,0.9373,0.9570,1.0259,1.1512,1.2264
2060.0000,0.9217,0.9317,0.9388,0.9616,1.0440,1.1777,1.2628
2065.0000,0.9267,0.9323,0.9410,0.9677,1.0623,1.2106,1.2928
2070.0000,0.9279,0.9350,0.9424,0.9755,1.0829,1.2454,1.3209
2075.0000,0.9288,0.9372,0.9449,0.9833,1.1087,1.2767,1.3579
2080.0000,0.9329,0.9384,0.9476,0.9939,1.1341,1.3146,1.3833
2085.0000,0.9337,0.9414,0.9505,1.0055,1.1640,1.3486,1.4155
2090.0000,0.9352,0.9436,0.9551,1.0180,1.1985,1.3786,1.4532
2095.0000,0.9396,0.9449,0.9608,1.0328,1.2342,1.4092,1.4886
2100.0000,0.9410,0.9490,0.9651,1.0522,1.2680,1.4441,1.5175
2105.0000,0.9421,0.9538,0.9702,1.0744,1.3024,1.4790,1.5414
2110.0000,0.9477,0.9565,0.9787,1.0974,1.3400,1.5087,1.5689
2115.0000,0.9503,0.9623,0.9867,1.1248,1.3751,1.5409,1.5878
2120.0000,0.9510,0.9698,0.9968,1.1535,1.4124,1.5663,1.6136
2125.0000,0.9594,0.9747,1.0103,1.1842,1.4479,1.5925,1.6300
2130.0000,0.9645,0.9831,1.0246,1.2179,1.4812,1.6181,1.6391
2135.0000,0.9701,0.9921,1.0426,1.2514,1.5163,1.6352,1.6558
2140.0000,0.9802,1.0005,1.0645,1.2854,1.5502,1.6487,1.6703
2145.0000,0.9875,1.0139,1.0861,1.3228,1.5781,1.6652,1.6735
2150.0000,0.9989,1.0267,1.1123,1.3587,1.6065,1.6734,1.6851
2155.0000,1.0119,1.0413,1.1408,1.3949,1.6311,1.6804,1.6925
2160.0000,1.0255,1.0593,1.1702,1.4322,1.6502,1.6891,1.6928
2165.0000,1.0363,1.0826,1.2001,1.4690,1.6666,1.6935,1.6978
2170.0000,1.0568,1.1038,1.2339,1.5036,1.6801,1.6970,1.6992
2175.0000,1.0771,1.1282,1.2681,1.5372,1.6890,1.7021,1.6943
2180.0000,1.0982,1.1550,1.3038,1.5680,1.6961,1.7041,1.6909
2185.0000,1.1098,1.1897,1.3371,1.5976,1.6999,1.7057,1.6833
2190.0000,1.1444,1.2162,1.3755,1.6222,1.7020,1.7086,1.6638
2195.0000,1.1755,1.2444,1.4153,1.6412,1.7076,1.7002,1.6614
2200.0000,1.2088,1.2729,1.4548,1.6572,1.7108,1.6928,1.6478
2205.0000,1.2378,1.3051,1.4917,1.6707,1.7125,1.6834,1.6291
2245.0000,1.4812,1.5761,1.6690,1.7196,1.6489,1.4946,1.3864
2250.0000,1.5193,1.5960,1.6824,1.7167,1.6311,1.4520,1.3551
2255.0000,1.5478,1.6170,1.6909,1.7147,1.6051,1.4144,1.3146
2260.0000,1.5734,1.6347,1.6986,1.7100,1.5759,1.3748,1.2739
2265.0000,1.5980,1.6485,1.7057,1.7025,1.5433,1.3345,1.2317
2270.0000,1.6142,1.6648,1.7086,1.6938,1.5060,1.2954,1.1864
2275.0000,1.6320,1.6752,1.7133,1.6790,1.4706,1.2476,1.1605
2280.0000,1.6496,1.6827,1.7161,1.6624,1.4290,1.2079,1.1231
2285.0000,1.6625,1.6900,1.7164,1.6427,1.3851,1.1694,1.0876
2290.0000,1.6693,1.6984,1.7132,1.6204,1.3389,1.1338,1.0512
2295.0000,1.6814,1.7002,1.7113,1.5916,1.2958,1.0945,1.0265
2300.0000,1.6880,1.7032,1.7047,1.5613,1.2495,1.0623,0.9975
2305.0000,1.6921,1.7046,1.6955,1.5273,1.2044,1.0322,0.9716
2310.0000,1.6917,1.7052,1.6828,1.4904,1.1605,1.0048,0.9470
2315.0000,1.6984,1.6993,1.6691,1.4499,1.1187,0.9814,0.9195
2320.0000,1.6967,1.6941,1.6512,1.4065,1.0820,0.9541,0.9098
2325.0000,1.6917,1.6876,1.6285,1.3627,1.0458,0.9338,0.8932
2330.0000,1.6904,1.6753,1.6041,1.3169,1.0137,0.9148,0.8787
2335.0000,1.6841,1.6617,1.5748,1.2718,0.9836,0.8999,0.8626
2340.0000,1.6698,1.6481,1.5409,1.2270,0.9582,0.8831,0.8559
2345.0000,1.6605,1.6280,1.5050,1.1832,0.9350,0.8704,0.8460
2350.0000,1.6416,1.6097,1.4632,1.1431,0.9129,0.8614,0.8341
2355.0000,1.6227,1.5854,1.4211,1.1033,0.8962,0.8495,0.8308
2360.0000,1.6066,1.5543,1.3793,1.0654,0.8818,0.8403,0.8256
2365.0000,1.5805,1.5248,1.3334,1.0323,0.8675,0.8345,0.8183
2370.0000,1.5545,1.4901,1.2889,1.0009,0.8568,0.8273,0.8158
2375.0000,1.5275,1.4511,1.2460,0.9719,0.8484,0.8203,0.8151
2380.0000,1.4911,1.4155,1.2005,0.9482,0.8389,0.8171,0.8120
2385.0000,1.4524,1.3783,1.1566,0.9272,0.8309,0.8142,0.8112
2390.0000,1.4213,1.3347,1.1176,0.9076,0.8248,0.8121,0.8097
2395.0000,1.3868,1.2904,1.0813,0.8904,0.8192,0.8117,0.8066
2400.0000,1.3417,1.2519,1.0449,0.8766,0.8144,0.8109,0.8059
2405.0000,1.3053,1.2090,1.0142,0.8633,0.8117,0.8099,0.8048
2410.0000,1.2634,1.1713,0.9838,0.8534,0.8078,0.8115,0.7992
2415.0000,1.2296,1.1293,0.9603,0.8424,0.8079,0.8089,0.7999
2420.0000,1.1903,1.0920,0.9384,0.8333,0.8085,0.8059,0.8005
2425.0000,1.1502,1.0596,0.9170,0.8271,0.8073,0.8060,0.7960
2430.0000,1.1116,1.0302,0.8980,0.8218,0.8074,0.8033,0.7968
2435.0000,1.0815,0.9995,0.8831,0.8168,0.8080,0.8006,0.7968
2440.0000,1.0506,0.9724,0.8694,0.8137,0.8071,0.7999,0.7928
2445.0000,1.0177,0.9508,0.8561,0.8118,0.8064,0.7974,0.7941
2450.0000,0.9864,0.9324,0.8439,0.8113,0.8046,0.7962,0.7931
2455.0000,0.9659,0.9119,0.8356,0.8101,0.8033,0.7947,0.7920
2460.0000,0.9449,0.8946,0.8283,0.8098,0.8010,0.7946,0.7890
2465.0000,0.9208,0.8816,0.8214,0.8098,0.7990,0.7931,0.7888
2470.0000,0.9063,0.8667,0.8179,0.8087,0.7976,0.7917,0.7878
2475.0000,0.8897,0.8559,0.8140,0.8086,0.7950,0.7921,0.7841
2480.0000,0.8771,0.8448,0.8126,0.8069,0.7943,0.7897,0.7848
2485.0000,0.8657,0.8352,0.8121,0.8051,0.7935,0.7879,0.7840
2490.0000,0.8536,0.8292,0.8106,0.8041,0.7914,0.7879,0.7806
2495.0000,0.8446,0.8234,0.8102,0.8022,0.7908,0.7858,0.7805
2500.0000,0.8375,0.8184,0.8101,0.8001,0.7903,0.7836,0.7802
2505.0000,0.8293,0.8165,0.8083,0.7992,0.7883,0.7834,0.7771
2510.0000,0.8219,0.8156,0.8065,0.7980,0.7871,0.7817,0.7768
2515.0000,0.8200,0.8127,0.8059,0.7963,0.7862,0.7800,0.7761
2520.0000,0.8165,0.8117,0.8041,0.7955,0.7841,0.7802,0.7720
2525.0000,0.8130,0.8108,0.8026,0.7940,0.7833,0.7777,0.7731
2530.0000,0.8126,0.8083,0.8020,0.7923,0.7824,0.7760,0.7725
2535.0000,0.8103,0.8075,0.8001,0.7916,0.7802,0.7762,0.7687
2540.0000,0.8079,0.8066,0.7986,0.7903,0.7791,0.7743,0.7688
2545.0000,0.8078,0.8042,0.7980,0.7884,0.7785,0.7722,0.7689
2550.0000,0.8059,0.8034,0.7962,0.7876,0.7764,0.7724,0.7652
2555.0000,0.8037,0.8025,0.7947,0.7863,0.7753,0.7707,0.7654
2560.0000,0.8003,0.8022,0.7930,0.7852,0.7740,0.7692,0.7650
2565.0000,0.8019,0.7995,0.7922,0.7839,0.7721,0.7697,0.7601
2570.0000,0.7999,0.7985,0.7909,0.7823,0.7716,0.7671,0.7622
2575.0000,0.7973,0.7977,0.7894,0.7811,0.7704,0.7656,0.7619
2580.0000,0.7981,0.7952,0.7888,0.7794,0.7696,0.7642,0.7612
2585.0000,0.7961,0.7945,0.7870,0.7785,0.7677,0.7643,0.7582
2590.0000,0.7934,0.7938,0.7855,0.7771,0.7670,0.7624,0.7588
2595.0000,0.7941,0.7913,0.7849,0.7755,0.7662,0.7610,0.7582
2600.0000,0.7923,0.7905,0.7832,0.7746,0.7644,0.7611,0.7554
2605.0000,0.7896,0.7900,0.7815,0.7735,0.7634,0.7597,0.7554
2610.0000,0.7903,0.7874,0.7810,0.7717,0.7630,0.7579,0.7554
2615.0000,0.7884,0.7866,0.7792,0.7709,0.7613,0.7580,0.7527
2620.0000,0.7857,0.7860,0.7776,0.7698,0.7603,0.7566,0.7530
2625.0000,0.7865,0.7835,0.7771,0.7681,0.7599,0.7550,0.7531
2630.0000,0.7846,0.7827,0.7754,0.7674,0.7582,0.7553,0.7506
2635.0000,0.7823,0.7818,0.7739,0.7663,0.7573,0.7541,0.7509
2640.0000,0.7825,0.7796,0.7732,0.7649,0.7567,0.7529,0.7508
2645.0000,0.7808,0.7788,0.7715,0.7643,0.7549,0.7537,0.7475
2650.0000,0.7785,0.7779,0.7702,0.7631,0.7544,0.7520,0.7490
2655.0000,0.7787,0.7757,0.7696,0.7616,0.7540,0.7509,0.7490
2660.0000,0.7770,0.7749,0.7680,0.7611,0.7523,0.7518,0.7459
2665.0000,0.7749,0.7741,0.7667,0.7600,0.7518,0.7506,0.7469
2670.0000,0.7750,0.7719,0.7663,0.7584,0.7518,0.7492,0.7475
2675.0000,0.7734,0.7711,0.7648,0.7579,0.7504,0.7501,0.7446
2680.0000,0.7714,0.7702,0.7636,0.7569,0.7500,0.7490,0.7455
2685.0000,0.7683,0.7700,0.7621,0.7561,0.7495,0.7482,0.7458
2690.0000,0.7698,0.7676,0.7614,0.7553,0.7484,0.7493,0.7417
2695.0000,0.7679,0.7668,0.7603,0.7542,0.7485,0.7475,0.7443
2700.0000,0.7654,0.7664,0.7590,0.7535,0.7481,0.7467,0.7447
2705.0000,0.7663,0.7641,0.7586,0.7524,0.7480,0.7459,0.7447
2710.0000,0.7646,0.7636,0.7571,0.7522,0.7468,0.7467,0.7425
2715.0000,0.7622,0.7632,0.7559,0.7516,0.7467,0.7455,0.7436
2720.0000,0.7631,0.7609,0.7557,0.7505,0.7467,0.7447,0.7437
2725.0000,0.7615,0.7603,0.7544,0.7504,0.7456,0.7455,0.7415
2730.0000,0.7592,0.7599,0.7533,0.7499,0.7453,0.7447,0.7422
2735.0000,0.7601,0.7577,0.7533,0.7489,0.7455,0.7437,0.7427
2740.0000,0.7585,0.7572,0.7521,0.7489,0.7444,0.7445,0.7406
2745.0000,0.7566,0.7568,0.7512,0.7484,0.7442,0.7437,0.7413
2750.0000,0.7571,0.7550,0.7512,0.7475,0.7444,0.7428,0.7418
2755.0000,0.7557,0.7546,0.7502,0.7475,0.7434,0.7436,0.7397
2760.0000,0.7539,0.7543,0.7495,0.7471,0.7432,0.7428,0.7406
2765.0000,0.7545,0.7526,0.7495,0.7463,0.7433,0.7421,0.7408
2770.0000,0.7532,0.7524,0.7485,0.7464,0.7422,0.7432,0.7380
2775.0000,0.7516,0.7521,0.7479,0.7458,0.7423,0.7420,0.7396
2780.0000,0.7522,0.7506,0.7480,0.7451,0.7424,0.7413,0.7400
2785.0000,0.7511,0.7505,0.7471,0.7452,0.7413,0.7424,0.7370
2790.0000,0.7495,0.7505,0.7464,0.7449,0.7413,0.7415,0.7382
2795.0000,0.7503,0.7490,0.7467,0.7440,0.7417,0.7403,0.7391
2800.0000,0.7494,0.7488,0.7458,0.7442,0.7407,0.7413,0.7363
2805.0000,0.7482,0.7486,0.7453,0.7438,0.7406,0.7404,0.7374
2810.0000,0.7457,0.7491,0.7445,0.7437,0.7404,0.7398,0.7377
2815.0000,0.7479,0.7474,0.7446,0.7434,0.7395,0.7411,0.7338
2820.0000,0.7467,0.7473,0.7442,0.7430,0.7398,0.7395,0.7362
2825.0000,0.7450,0.7474,0.7436,0.7427,0.7396,0.7388,0.7365
2830.0000,0.7466,0.7459,0.7440,0.7420,0.7397,0.7380,0.7365
2835.0000,0.7454,0.7461,0.7431,0.7422,0.7387,0.7387,0.7342
2840.0000,0.7439,0.7462,0.7427,0.7419,0.7388,0.7374,0.7353
2845.0000,0.7454,0.7447,0.7431,0.7412,0.7389,0.7365,0.7354
2850.0000,0.7445,0.7448,0.7424,0.7413,0.7378,0.7372,0.7334
2855.0000,0.7427,0.7452,0.7417,0.7412,0.7375,0.7363,0.7340
2860.0000,0.7443,0.7437,0.7422,0.7404,0.7376,0.7353,0.7345
2865.0000,0.7435,0.7438,0.7415,0.7406,0.7365,0.7360,0.7325
2870.0000,0.7422,0.7439,0.7410,0.7403,0.7362,0.7353,0.7333
2875.0000,0.7433,0.7427,0.7413,0.7396,0.7361,0.7346,0.7337
2880.0000,0.7424,0.7430,0.7406,0.7398,0.7347,0.7359,0.7309
2885.0000,0.7413,0.7430,0.7403,0.7393,0.7348,0.7347,0.7328
2890.0000,0.7424,0.7418,0.7406,0.7385,0.7348,0.7340,0.7334
2895.0000,0.7416,0.7420,0.7399,0.7385,0.7336,0.7353,0.7308
2900.0000,0.7406,0.7420,0.7396,0.7379,0.7338,0.7343,0.7328
2905.0000,0.7416,0.7409,0.7399,0.7370,0.7340,0.7338,0.7334
2910.0000,0.7410,0.7410,0.7392,0.7370,0.7330,0.7352,0.7309
2915.0000,0.7397,0.7413,0.7386,0.7365,0.7331,0.7345,0.7325
2920.0000,0.7407,0.7401,0.7389,0.7357,0.7335,0.7338,0.7337
2925.0000,0.7401,0.7403,0.7380,0.7357,0.7327,0.7353,0.7314
2930.0000,0.7391,0.7404,0.7374,0.7353,0.7329,0.7348,0.7332
2935.0000,0.7368,0.7411,0.7365,0.7352,0.7329,0.7346,0.7342
2940.0000,0.7392,0.7394,0.7364,0.7350,0.7323,0.7364,0.7310
2945.0000,0.7384,0.7393,0.7360,0.7346,0.7329,0.7355,0.7339
2950.0000,0.7369,0.7394,0.7354,0.7344,0.7332,0.7354,0.7350
2955.0000,0.7385,0.7378,0.7357,0.7338,0.7338,0.7352,0.7359
2960.0000,0.7374,0.7380,0.7348,0.7341,0.7333,0.7367,0.7344
2965.0000,0.7357,0.7381,0.7342,0.7340,0.7338,0.7363,0.7362
2970.0000,0.7372,0.7366,0.7346,0.7336,0.7345,0.7362,0.7372
2975.0000,0.7364,0.7366,0.7339,0.7340,0.7341,0.7377,0.7359
2980.0000,0.7346,0.7370,0.7333,0.7342,0.7346,0.7376,0.7376
2985.0000,0.7361,0.7354,0.7338,0.7338,0.7354,0.7376,0.7388
2990.0000,0.7352,0.7355,0.7332,0.7344,0.7350,0.7392,0.7377
2995.0000,0.7340,0.7356,0.7329,0.7345,0.7356,0.7392,0.7395
3000.0000,0.7351,0.7344,0.7334,0.7344,0.7364,0.7394,0.7409
3005.0000,0.7343,0.7347,0.7329,0.7351,0.7360,0.7415,0.7392
3010.0000,0.7332,0.7349,0.7328,0.7352,0.7368,0.7413,0.7419
3015.0000,0.7343,0.7338,0.7335,0.7351,0.7378,0.7416,0.7435
3020.0000,0.7337,0.7341,0.7332,0.7359,0.7375,0.7438,0.7419
3025.0000,0.7326,0.7345,0.7331,0.7361,0.7385,0.7439,0.7446
3030.0000,0.7338,0.7335,0.7339,0.7361,0.7396,0.7443,0.7464
3035.0000,0.7334,0.7339,0.7337,0.7369,0.7396,0.7467,0.7449
3040.0000,0.7323,0.7345,0.7337,0.7372,0.7406,0.7470,0.7476
3045.0000,0.7336,0.7336,0.7346,0.7373,0.7420,0.7474,0.7496
3050.0000,0.7332,0.7342,0.7344,0.7382,0.7421,0.7499,0.7480
3055.0000,0.7327,0.7347,0.7346,0.7387,0.7433,0.7503,0.7509
3060.0000,0.7306,0.7359,0.7344,0.7394,0.7444,0.7510,0.7531
3065.0000,0.7335,0.7349,0.7352,0.7401,0.7448,0.7538,0.7509
3070.0000,0.7332,0.7353,0.7356,0.7406,0.7465,0.7538,0.7547
3075.0000,0.7323,0.7360,0.7358,0.7414,0.7478,0.7546,0.7570
3080.0000,0.7344,0.7352,0.7369,0.7418,0.7493,0.7554,0.7590
3085.0000,0.7338,0.7362,0.7368,0.7432,0.7497,0.7579,0.7587
3090.0000,0.7329,0.7371,0.7371,0.7441,0.7511,0.7588,0.7612
3095.0000,0.7352,0.7363,0.7384,0.7447,0.7528,0.7597,0.7633
3100.0000,0.7351,0.7371,0.7386,0.7461,0.7533,0.7624,0.7629
3105.0000,0.7339,0.7384,0.7390,0.7472,0.7548,0.7633,0.7659
3110.0000,0.7363,0.7377,0.7405,0.7478,0.7566,0.7643,0.7682
3115.0000,0.7364,0.7386,0.7409,0.7493,0.7574,0.7670,0.7681
3120.0000,0.7361,0.7395,0.7417,0.7504,0.7591,0.7680,0.7713
3125.0000,0.7379,0.7393,0.7432,0.7512,0.7609,0.7692,0.7741
3130.0000,0.7379,0.7406,0.7435,0.7529,0.7615,0.7725,0.7737
3135.0000,0.7377,0.7417,0.7444,0.7541,0.7634,0.7737,0.7775
3140.0000,0.7398,0.7415,0.7461,0.7549,0.7655,0.7750,0.7808
3145.0000,0.7402,0.7428,0.7467,0.7567,0.7663,0.7786,0.7807
3150.0000,0.7398,0.7443,0.7475,0.7580,0.7683,0.7800,0.7853
3155.0000,0.7421,0.7442,0.7493,0.7590,0.7706,0.7817,0.7894
3160.0000,0.7426,0.7456,0.7501,0.7608,0.7716,0.7857,0.7903
3165.0000,0.7424,0.7473,0.7510,0.7623,0.7738,0.7877,0.7963
3170.0000,0.7448,0.7474,0.7528,0.7635,0.7761,0.7906,0.8008
3175.0000,0.7455,0.7488,0.7536,0.7656,0.7773,0.7957,0.8024
3180.0000,0.7460,0.7501,0.7550,0.7670,0.7800,0.7986,0.8096
3185.0000,0.7447,0.7524,0.7558,0.7688,0.7827,0.8022,0.8169
3190.0000,0.7486,0.7523,0.7576,0.7706,0.7846,0.8087,0.8199
3195.0000,0.7492,0.7538,0.7590,0.7723,0.7878,0.8133,0.8285
3200.0000,0.7493,0.7555,0.7604,0.7740,0.7914,0.8185,0.8376
3205.0000,0.7525,0.7557,0.7627,0.7754,0.7956,0.8241,0.8473
3210.0000,0.7528,0.7578,0.7636,0.7780,0.7988,0.8326,0.8552
3215.0000,0.7531,0.7597,0.7649,0.7804,0.8030,0.8411,0.8645
3220.0000,0.7564,0.7599,0.7673,0.7822,0.8085,0.8493,0.8754
3225.0000,0.7574,0.7617,0.7687,0.7851,0.8134,0.8603,0.8838
3230.0000,0.7570,0.7641,0.7701,0.7878,0.8201,0.8697,0.8967
3235.0000,0.7605,0.7646,0.7725,0.7905,0.8272,0.8810,0.9066
3240.0000,0.7616,0.7666,0.7740,0.7942,0.8345,0.8937,0.9141
3245.0000,0.7625,0.7684,0.7762,0.7975,0.8442,0.9039,0.9268
3250.0000,0.7654,0.7692,0.7792,0.8010,0.8549,0.9140,0.9386
3255.0000,0.7665,0.7717,0.7808,0.8062,0.8645,0.9271,0.9452
3260.0000,0.7677,0.7739,0.7831,0.8115,0.8759,0.9379,0.9537
3265.0000,0.7707,0.7751,0.7863,0.8171,0.8885,0.9474,0.9616
3270.0000,0.7724,0.7777,0.7886,0.8245,0.8998,0.9589,0.9632
3275.0000,0.7729,0.7809,0.7913,0.8321,0.9130,0.9660,0.9696
3280.0000,0.7766,0.7825,0.7953,0.8404,0.9260,0.9725,0.9714
3285.0000,0.7786,0.7858,0.7986,0.8505,0.9374,0.9797,0.9665
3290.0000,0.7793,0.7899,0.8023,0.8610,0.9494,0.9825,0.9635
3295.0000,0.7840,0.7917,0.8084,0.8711,0.9621,0.9812,0.9597
3300.0000,0.7868,0.7955,0.8137,0.8833,0.9714,0.9810,0.9468
3305.0000,0.7898,0.7993,0.8205,0.8952,0.9808,0.9751,0.9369
3310.0000,0.7899,0.8053,0.8270,0.9081,0.9877,0.9674,0.9215
3315.0000,0.7972,0.8087,0.8356,0.9211,0.9918,0.9585,0.8979
3320.0000,0.8014,0.8140,0.8452,0.9329,0.9963,0.9403,0.8872
3325.0000,0.8052,0.8205,0.8547,0.9456,0.9957,0.9232,0.8666
3330.0000,0.8123,0.8263,0.8657,0.9575,0.9917,0.9042,0.8428
3335.0000,0.8160,0.8356,0.8756,0.9696,0.9834,0.8839,0.8158
3340.0000,0.8219,0.8440,0.8876,0.9788,0.9744,0.8567,0.7979
3345.0000,0.8318,0.8515,0.9004,0.9871,0.9596,0.8325,0.7729
3350.0000,0.8397,0.8608,0.9129,0.9935,0.9414,0.8074,0.7482
3355.0000,0.8444,0.8729,0.9243,0.9982,0.9193,0.7830,0.7219
3360.0000,0.8571,0.8811,0.9387,0.9978,0.8973,0.7544,0.7030
3365.0000,0.8673,0.8915,0.9513,0.9954,0.8711,0.7294,0.6824
3370.0000,0.8774,0.9022,0.9632,0.9898,0.8428,0.7065,0.6608
3375.0000,0.8885,0.9126,0.9742,0.9804,0.8134,0.6852,0.6399
3380.0000,0.8975,0.9249,0.9826,0.9680,0.7832,0.6657,0.6193
3385.0000,0.9092,0.9347,0.9908,0.9505,0.7559,0.6433,0.6100
3390.0000,0.9204,0.9443,0.9960,0.9306,0.7275,0.6264,0.5961
3395.0000,0.9311,0.9532,0.9983,0.9080,0.7001,0.6119,0.5827
3400.0000,0.9383,0.9632,0.9963,0.8835,0.6743,0.5991,0.5711
3405.0000,0.9488,0.9692,0.9925,0.8558,0.6523,0.5853,0.5651
3410.0000,0.9569,0.9744,0.9841,0.8280,0.6306,0.5765,0.5555
3415.0000,0.9632,0.9775,0.9724,0.7990,0.6123,0.5674,0.5506
3420.0000,0.9643,0.9800,0.9563,0.7703,0.5964,0.5593,0.5475
3425.0000,0.9703,0.9767,0.9382,0.7418,0.5823,0.5545,0.5416
3430.0000,0.9695,0.9730,0.9158,0.7149,0.5706,0.5496,0.5392
3435.0000,0.9661,0.9661,0.8912,0.6891,0.5612,0.5452,0.5382
3440.0000,0.9651,0.9536,0.8657,0.6650,0.5533,0.5434,0.5337
3445.0000,0.9565,0.9406,0.8379,0.6429,0.5479,0.5396,0.5367
3450.0000,0.9428,0.9261,0.8083,0.6238,0.5430,0.5379,0.5374
3455.0000,0.9347,0.9049,0.7806,0.6060,0.5399,0.5367,0.5384
3460.0000,0.9206,0.8829,0.7525,0.5911,0.5370,0.5371,0.5384
3465.0000,0.8995,0.8614,0.7241,0.5788,0.5349,0.5374,0.5399
3470.0000,0.8832,0.8349,0.6991,0.5675,0.5342,0.5379,0.5413
3475.0000,0.8599,0.8110,0.6735,0.5595,0.5329,0.5400,0.5413
3480.0000,0.8403,0.7833,0.6521,0.5517,0.5334,0.5408,0.5435
3485.0000,0.8174,0.7562,0.6326,0.5456,0.5344,0.5419,0.5452
3490.0000,0.7908,0.7323,0.6137,0.5417,0.5346,0.5444,0.5451
3495.0000,0.7639,0.7094,0.5971,0.5387,0.5359,0.5455,0.5477
3500.0000,0.7423,0.6852,0.5841,0.5360,0.5379,0.5464,0.5503
3505.0000,0.7217,0.6614,0.5737,0.5340,0.5396,0.5484,0.5507
3510.0000,0.6960,0.6431,0.5632,0.5336,0.5413,0.5496,0.5534
3515.0000,0.6756,0.6247,0.5554,0.5333,0.5433,0.5509,0.5560
3520.0000,0.6544,0.6102,0.5478,0.5345,0.5440,0.5538,0.5562
3525.0000,0.6389,0.5945,0.5435,0.5349,0.5462,0.5549,0.5599
3530.0000,0.6221,0.5819,0.5398,0.5359,0.5479,0.5568,0.5622
3535.0000,0.6059,0.5725,0.5362,0.5379,0.5487,0.5600,0.5624
3540.0000,0.5911,0.5650,0.5337,0.5398,0.5502,0.5620,0.5658
3545.0000,0.5803,0.5573,0.5328,0.5412,0.5521,0.5638,0.5691
3550.0000,0.5723,0.5502,0.5330,0.5428,0.5535,0.5673,0.5690
3555.0000,0.5634,0.5456,0.5334,0.5442,0.5557,0.5690,0.5732
3560.0000,0.5561,0.5420,0.5343,0.5456,0.5581,0.5709,0.5769
3565.0000,0.5516,0.5387,0.5356,0.5472,0.5598,0.5746,0.5770
3570.0000,0.5460,0.5376,0.5367,0.5488,0.5624,0.5764,0.5818
3575.0000,0.5416,0.5372,0.5380,0.5504,0.5650,0.5786,0.5861
3580.0000,0.5406,0.5362,0.5399,0.5518,0.5678,0.5808,0.5904
3585.0000,0.5385,0.5369,0.5409,0.5540,0.5696,0.5847,0.5931
3590.0000,0.5364,0.5382,0.5420,0.5561,0.5720,0.5879,0.5977
3595.0000,0.5377,0.5382,0.5441,0.5578,0.5749,0.5909,0.6029
3600.0000,0.5375,0.5396,0.5453,0.5603,0.5770,0.5957,0.6065
3605.0000,0.5367,0.5415,0.5467,0.5625,0.5798,0.5994,0.6134
3610.0000,0.5392,0.5419,0.5489,0.5645,0.5828,0.6041,0.6194
3615.0000,0.5399,0.5436,0.5505,0.5671,0.5853,0.6102,0.6242
3620.0000,0.5406,0.5452,0.5524,0.5692,0.5891,0.6150,0.6334
3625.0000,0.5428,0.5461,0.5549,0.5712,0.5932,0.6206,0.6428
3630.0000,0.5437,0.5483,0.5565,0.5741,0.5964,0.6287,0.6502
3635.0000,0.5448,0.5503,0.5584,0.5768,0.6005,0.6366,0.6595
3640.0000,0.5474,0.5513,0.5611,0.5790,0.6059,0.6443,0.6710
3645.0000,0.5489,0.5534,0.5631,0.5821,0.6105,0.6548,0.6798
