150.0000,1.5584,1.4294,1.1562,1.0253,1.0014,0.9807,0.9740
155.0000,1.5067,1.3711,1.1248,1.0201,0.9981,0.9770,0.9717
160.0000,1.4574,1.3137,1.1006,1.0155,0.9945,0.9746,0.9675
165.0000,1.3954,1.2698,1.0765,1.0138,0.9897,0.9716,0.9669
170.0000,1.3467,1.2252,1.0596,1.0111,0.9854,0.9693,0.9652
175.0000,1.2974,1.1887,1.0443,1.0100,0.9793,0.9696,0.9599
180.0000,1.2602,1.1507,1.0364,1.0059,0.9765,0.9666,0.9605
185.0000,1.2190,1.1211,1.0294,1.0023,0.9735,0.9640,0.9610
190.0000,1.1802,1.0991,1.0220,1.0001,0.9686,0.9650,0.9565
195.0000,1.1472,1.0802,1.0170,0.9966,0.9658,0.9634,0.9577
200.0000,1.1235,1.0619,1.0147,0.9919,0.9642,0.9617,0.9584
205.0000,1.1017,1.0474,1.0123,0.9878,0.9615,0.9631,0.9532
210.0000,1.0792,1.0384,1.0089,0.9837,0.9607,0.9609,0.9569
215.0000,1.0615,1.0309,1.0056,0.9798,0.9597,0.9600,0.9580
220.0000,1.0511,1.0231,1.0029,0.9762,0.9581,0.9618,0.9534
225.0000,1.0383,1.0192,0.9989,0.9729,0.9581,0.9602,0.9568
230.0000,1.0267,1.0164,0.9944,0.9702,0.9578,0.9595,0.9583
235.0000,1.0235,1.0106,0.9915,0.9670,0.9583,0.9588,0.9596
240.0000,1.0171,1.0075,0.9870,0.9654,0.9573,0.9603,0.9578
245.0000,1.0103,1.0046,0.9829,0.9636,0.9576,0.9598,0.9599
250.0000,1.0087,0.9992,0.9802,0.9616,0.9582,0.9596,0.9612
255.0000,1.0037,0.9962,0.9761,0.9610,0.9574,0.9615,0.9597
260.0000,0.9982,0.9933,0.9725,0.9602,0.9578,0.9614,0.9622
265.0000,0.9970,0.9881,0.9705,0.9591,0.9586,0.9615,0.9639
270.0000,0.9922,0.9855,0.9671,0.9593,0.9580,0.9638,0.9627
275.0000,0.9873,0.9828,0.9646,0.9591,0.9585,0.9643,0.9651
280.0000,0.9860,0.9781,0.9635,0.9584,0.9596,0.9646,0.9675
285.0000,0.9824,0.9754,0.9616,0.9589,0.9591,0.9676,0.9656
290.0000,0.9779,0.9730,0.9602,0.9588,0.9603,0.9678,0.9694
295.0000,0.9766,0.9693,0.9601,0.9584,0.9617,0.9686,0.9716
300.0000,0.9733,0.9675,0.9588,0.9592,0.9616,0.9719,0.9697
305.0000,0.9699,0.9660,0.9582,0.9593,0.9631,0.9725,0.9732
310.0000,0.9690,0.9632,0.9586,0.9591,0.9650,0.9732,0.9758
315.0000,0.9662,0.9626,0.9577,0.9602,0.9653,0.9765,0.9737
320.0000,0.9635,0.9621,0.9574,0.9607,0.9672,0.9771,0.9774
325.0000,0.9597,0.9624,0.9569,0.9615,0.9688,0.9780,0.9800
330.0000,0.9619,0.9601,0.9574,0.9624,0.9696,0.9815,0.9769
335.0000,0.9600,0.9600,0.9575,0.9631,0.9719,0.9816,0.9812
340.0000,0.9576,0.9604,0.9575,0.9641,0.9738,0.9823,0.9836
345.0000,0.9595,0.9590,0.9581,0.9655,0.9746,0.9857,0.9800
350.0000,0.9583,0.9593,0.9585,0.9665,0.9770,0.9852,0.9850
355.0000,0.9563,0.9601,0.9588,0.9680,0.9788,0.9858,0.9873
360.0000,0.9586,0.9588,0.9602,0.9690,0.9807,0.9865,0.9887
365.0000,0.9573,0.9601,0.9601,0.9713,0.9811,0.9892,0.9871
370.0000,0.9561,0.9611,0.9608,0.9729,0.9828,0.9894,0.9894
375.0000,0.9589,0.9599,0.9627,0.9740,0.9846,0.9898,0.9904
380.0000,0.9586,0.9609,0.9634,0.9761,0.9850,0.9922,0.9882
385.0000,0.9569,0.9626,0.9642,0.9778,0.9863,0.9924,0.9890
390.0000,0.9600,0.9617,0.9667,0.9786,0.9883,0.9918,0.9898
395.0000,0.9601,0.9630,0.9678,0.9806,0.9886,0.9934,0.9865
400.0000,0.9601,0.9642,0.9694,0.9818,0.9902,0.9921,0.9879
405.0000,0.9624,0.9643,0.9716,0.9828,0.9915,0.9914,0.9871
410.0000,0.9624,0.9664,0.9724,0.9849,0.9911,0.9926,0.9820
415.0000,0.9624,0.9683,0.9738,0.9860,0.9923,0.9902,0.9828
420.0000,0.9654,0.9685,0.9761,0.9868,0.9933,0.9880,0.9821
425.0000,0.9663,0.9703,0.9771,0.9887,0.9923,0.9881,0.9767
430.0000,0.9660,0.9728,0.9781,0.9900,0.9922,0.9854,0.9759
435.0000,0.9693,0.9731,0.9803,0.9906,0.9922,0.9823,0.9743
440.0000,0.9703,0.9751,0.9812,0.9922,0.9902,0.9816,0.9680
445.0000,0.9709,0.9770,0.9824,0.9930,0.9891,0.9782,0.9663
450.0000,0.9693,0.9800,0.9831,0.9939,0.9876,0.9747,0.9638
455.0000,0.9746,0.9796,0.9852,0.9943,0.9849,0.9734,0.9554
460.0000,0.9757,0.9810,0.9868,0.9940,0.9835,0.9682,0.9551
465.0000,0.9758,0.9828,0.9879,0.9939,0.9810,0.9643,0.9509
470.0000,0.9794,0.9830,0.9895,0.9935,0.9773,0.9624,0.9412
475.0000,0.9796,0.9849,0.9905,0.9923,0.9754,0.9558,0.9415
480.0000,0.9794,0.9870,0.9910,0.9914,0.9719,0.9513,0.9366
485.0000,0.9832,0.9868,0.9925,0.9895,0.9686,0.9464,0.9310
490.0000,0.9834,0.9889,0.9922,0.9884,0.9639,0.9430,0.9222
495.0000,0.9833,0.9903,0.9924,0.9859,0.9609,0.9356,0.9198
500.0000,0.9869,0.9897,0.9932,0.9831,0.9571,0.9295,0.9146
505.0000,0.9873,0.9910,0.9923,0.9809,0.9517,0.9249,0.9067
510.0000,0.9862,0.9926,0.9910,0.9784,0.9466,0.9190,0.9007
515.0000,0.9895,0.9913,0.9910,0.9745,0.9424,0.9116,0.8961
520.0000,0.9894,0.9920,0.9891,0.9716,0.9362,0.9066,0.8880
525.0000,0.9882,0.9927,0.9870,0.9681,0.9305,0.9000,0.8828
530.0000,0.9904,0.9910,0.9858,0.9639,0.9248,0.8936,0.8762
535.0000,0.9895,0.9910,0.9829,0.9603,0.9176,0.8891,0.8662
540.0000,0.9888,0.9898,0.9808,0.9554,0.9124,0.8808,0.8635
545.0000,0.9896,0.9873,0.9788,0.9501,0.9065,0.8739,0.8578
550.0000,0.9878,0.9865,0.9752,0.9456,0.8990,0.8691,0.8487
555.0000,0.9852,0.9854,0.9715,0.9404,0.8926,0.8624,0.8433
560.0000,0.9857,0.9818,0.9690,0.9341,0.8870,0.8547,0.8389
565.0000,0.9838,0.9795,0.9649,0.9287,0.8797,0.8498,0.8302
570.0000,0.9808,0.9773,0.9606,0.9228,0.8733,0.8432,0.8249
575.0000,0.9756,0.9757,0.9555,0.9169,0.8667,0.8368,0.8190
580.0000,0.9765,0.9708,0.9515,0.9105,0.8596,0.8323,0.8084
585.0000,0.9727,0.9677,0.9465,0.9038,0.8542,0.8239,0.8068
590.0000,0.9681,0.9647,0.9408,0.8975,0.8478,0.8177,0.8011
595.0000,0.9673,0.9591,0.9361,0.8906,0.8418,0.8112,0.7951
600.0000,0.9625,0.9556,0.9298,0.8847,0.8347,0.8064,0.7867
605.0000,0.9565,0.9518,0.9236,0.8780,0.8290,0.7988,0.7835
610.0000,0.9551,0.9454,0.9183,0.8711,0.8231,0.7926,0.7778
615.0000,0.9508,0.9402,0.9119,0.8649,0.8162,0.7877,0.7702
620.0000,0.9435,0.9360,0.9051,0.8586,0.8104,0.7809,0.7665
625.0000,0.9409,0.9291,0.8994,0.8519,0.8043,0.7752,0.7606
630.0000,0.9345,0.9244,0.8921,0.8462,0.7972,0.7709,0.7527
635.0000,0.9286,0.9188,0.8855,0.8398,0.7913,0.7650,0.7473
640.0000,0.9252,0.9110,0.8803,0.8326,0.7865,0.7577,0.7434
645.0000,0.9186,0.9053,0.8734,0.8267,0.7800,0.7530,0.7362
650.0000,0.9110,0.9000,0.8665,0.8205,0.7743,0.7471,0.7312
655.0000,0.9069,0.8925,0.8608,0.8139,0.7690,0.7409,0.7259
660.0000,0.9009,0.8861,0.8542,0.8080,0.7626,0.7365,0.7177
665.0000,0.8934,0.8802,0.8478,0.8016,0.7577,0.7291,0.7159
670.0000,0.8885,0.8729,0.8418,0.7954,0.7521,0.7235,0.7110
675.0000,0.8811,0.8676,0.8346,0.7902,0.7454,0.7195,0.7039
680.0000,0.8744,0.8616,0.8279,0.7845,0.7395,0.7143,0.6992
685.0000,0.8696,0.8540,0.8225,0.7781,0.7346,0.7079,0.6963
690.0000,0.8626,0.8482,0.8157,0.7728,0.7281,0.7042,0.6897
695.0000,0.8551,0.8425,0.8092,0.7672,0.7225,0.6992,0.6861
700.0000,0.8475,0.8367,0.8029,0.7615,0.7169,0.6946,0.6816
705.0000,0.8440,0.8288,0.7976,0.7556,0.7111,0.6916,0.6734
710.0000,0.8366,0.8228,0.7918,0.7494,0.7069,0.6851,0.6738
715.0000,0.8289,0.8173,0.7857,0.7436,0.7020,0.6806,0.6709
720.0000,0.8248,0.8099,0.7806,0.7375,0.6973,0.6765,0.6673
725.0000,0.8187,0.8039,0.7746,0.7321,0.6920,0.6736,0.6621
730.0000,0.8103,0.7989,0.7684,0.7265,0.6878,0.6691,0.6606
735.0000,0.8062,0.7919,0.7631,0.7207,0.6836,0.6653,0.6579
740.0000,0.7992,0.7871,0.7565,0.7159,0.6786,0.6632,0.6534
745.0000,0.7924,0.7817,0.7504,0.7106,0.6748,0.6594,0.6521
750.0000,0.7886,0.7745,0.7453,0.7052,0.6711,0.6565,0.6493
755.0000,0.7818,0.7694,0.7390,0.7006,0.6667,0.6550,0.6448
760.0000,0.7756,0.7636,0.7335,0.6956,0.6636,0.6517,0.6433
765.0000,0.7714,0.7565,0.7288,0.6902,0.6613,0.6479,0.6424
770.0000,0.7645,0.7514,0.7228,0.6860,0.6577,0.6463,0.6390
775.0000,0.7575,0.7464,0.7171,0.6818,0.6548,0.6438,0.6373
780.0000,0.7533,0.7398,0.7123,0.6774,0.6524,0.6413,0.6356
785.0000,0.7478,0.7342,0.7069,0.6737,0.6492,0.6403,0.6314
790.0000,0.7404,0.7296,0.7015,0.6700,0.6472,0.6370,0.6322
795.0000,0.7364,0.7233,0.6970,0.6662,0.6450,0.6349,0.6309
800.0000,0.7302,0.7187,0.6915,0.6635,0.6418,0.6344,0.6274
805.0000,0.7249,0.7134,0.6869,0.6604,0.6397,0.6325,0.6264
810.0000,0.7206,0.7073,0.6832,0.6569,0.6382,0.6301,0.6263
815.0000,0.7146,0.7029,0.6785,0.6545,0.6355,0.6298,0.6228
820.0000,0.7086,0.6986,0.6743,0.6518,0.6338,0.6279,0.6228
825.0000,0.7032,0.6939,0.6706,0.6492,0.6321,0.6264,0.6217
830.0000,0.7003,0.6882,0.6675,0.6467,0.6300,0.6264,0.6172
835.0000,0.6946,0.6843,0.6641,0.6440,0.6291,0.6238,0.6188
840.0000,0.6880,0.6811,0.6605,0.6419,0.6278,0.6222,0.6186
845.0000,0.6857,0.6761,0.6580,0.6395,0.6266,0.6208,0.6174
850.0000,0.6817,0.6723,0.6549,0.6377,0.6248,0.6205,0.6146
855.0000,0.6763,0.6693,0.6519,0.6358,0.6238,0.6187,0.6145
860.0000,0.6740,0.6650,0.6497,0.6336,0.6230,0.6171,0.6137
865.0000,0.6694,0.6626,0.6465,0.6325,0.6211,0.6169,0.6109
870.0000,0.6650,0.6600,0.6438,0.6310,0.6201,0.6153,0.6103
875.0000,0.6635,0.6558,0.6423,0.6290,0.6195,0.6135,0.6096
880.0000,0.6599,0.6533,0.6398,0.6279,0.6178,0.6130,0.6066
885.0000,0.6561,0.6509,0.6376,0.6265,0.6169,0.6111,0.6064
890.0000,0.6546,0.6474,0.6364,0.6248,0.6163,0.6089,0.6062
895.0000,0.6509,0.6456,0.6340,0.6240,0.6145,0.6083,0.6039
900.0000,0.6476,0.6437,0.6320,0.6229,0.6132,0.6069,0.6032
905.0000,0.6464,0.6408,0.6308,0.6216,0.6120,0.6055,0.6024
910.0000,0.6440,0.6388,0.6291,0.6208,0.6100,0.6055,0.5993
915.0000,0.6403,0.6376,0.6274,0.6196,0.6089,0.6033,0.6007
920.0000,0.6395,0.6349,0.6265,0.6182,0.6078,0.6021,0.6004
925.0000,0.6371,0.6336,0.6248,0.6174,0.6056,0.6024,0.5979
930.0000,0.6351,0.6319,0.6236,0.6161,0.6043,0.6015,0.5977
935.0000,0.6342,0.6295,0.6231,0.6143,0.6036,0.6001,0.5981
940.0000,0.6320,0.6284,0.6216,0.6133,0.6019,0.6007,0.5953
945.0000,0.6296,0.6273,0.6204,0.6118,0.6011,0.5995,0.5963
950.0000,0.6271,0.6264,0.6192,0.6103,0.6004,0.5987,0.5962
955.0000,0.6275,0.6241,0.6184,0.6089,0.5991,0.5995,0.5927
960.0000,0.6256,0.6231,0.6172,0.6073,0.5990,0.5978,0.5947
965.0000,0.6226,0.6228,0.6155,0.6060,0.5986,0.5969,0.5953
970.0000,0.6231,0.6207,0.6146,0.6045,0.5983,0.5963,0.5951
975.0000,0.6215,0.6200,0.6128,0.6038,0.5973,0.5968,0.5933
980.0000,0.6194,0.6192,0.6111,0.6028,0.5970,0.5960,0.5936
985.0000,0.6198,0.6170,0.6103,0.6015,0.5970,0.5951,0.5936
990.0000,0.6178,0.6164,0.6083,0.6011,0.5960,0.5956,0.5915
995.0000,0.6155,0.6156,0.6067,0.6004,0.5958,0.5947,0.5921
1000.0000,0.6160,0.6132,0.6061,0.5993,0.5959,0.5937,0.5922
1005.0000,0.6145,0.6120,0.6046,0.5990,0.5951,0.5940,0.5903
1010.0000,0.6123,0.6110,0.6033,0.5985,0.5948,0.5931,0.5906
1015.0000,0.6121,0.6089,0.6028,0.5977,0.5948,0.5920,0.5908
1020.0000,0.6103,0.6081,0.6014,0.5977,0.5939,0.5924,0.5890
1025.0000,0.6084,0.6072,0.6004,0.5973,0.5935,0.5916,0.5891
1030.0000,0.6082,0.6053,0.6001,0.5967,0.5932,0.5908,0.5889
1035.0000,0.6068,0.6044,0.5991,0.5966,0.5921,0.5914,0.5861
1040.0000,0.6044,0.6039,0.5983,0.5962,0.5919,0.5900,0.5875
1045.0000,0.6046,0.6022,0.5983,0.5955,0.5918,0.5891,0.5876
1050.0000,0.6031,0.6018,0.5974,0.5955,0.5905,0.5897,0.5851
1055.0000,0.6019,0.6011,0.5969,0.5950,0.5902,0.5887,0.5856
1060.0000,0.6020,0.5996,0.5971,0.5942,0.5901,0.5876,0.5862
1065.0000,0.6008,0.5992,0.5964,0.5940,0.5890,0.5881,0.5838
1070.0000,0.5993,0.5990,0.5959,0.5935,0.5887,0.5871,0.5850
1075.0000,0.5972,0.5992,0.5952,0.5932,0.5880,0.5866,0.5850
1080.0000,0.5986,0.5977,0.5951,0.5927,0.5870,0.5875,0.5819
1085.0000,0.5976,0.5975,0.5947,0.5920,0.5869,0.5863,0.5836
1090.0000,0.5957,0.5977,0.5940,0.5915,0.5865,0.5857,0.5842
1095.0000,0.5969,0.5964,0.5941,0.5906,0.5864,0.5851,0.5843
1100.0000,0.5959,0.5964,0.5932,0.5904,0.5854,0.5858,0.5827
1105.0000,0.5951,0.5961,0.5928,0.5897,0.5854,0.5850,0.5834
1110.0000,0.5960,0.5948,0.5929,0.5888,0.5854,0.5844,0.5836
1115.0000,0.5950,0.5947,0.5921,0.5886,0.5846,0.5851,0.5820
1120.0000,0.5932,0.5950,0.5912,0.5881,0.5845,0.5844,0.5827
1125.0000,0.5944,0.5936,0.5912,0.5873,0.5847,0.5838,0.5830
1130.0000,0.5936,0.5935,0.5903,0.5871,0.5840,0.5844,0.5813
1135.0000,0.5925,0.5933,0.5896,0.5867,0.5840,0.5838,0.5822
1140.0000,0.5932,0.5921,0.5896,0.5860,0.5843,0.5829,0.5832
1145.0000,0.5922,0.5921,0.5886,0.5860,0.5835,0.5835,0.5821
1150.0000,0.5910,0.5919,0.5878,0.5858,0.5834,0.5832,0.5831
1155.0000,0.5916,0.5907,0.5877,0.5854,0.5833,0.5831,0.5836
1160.0000,0.5909,0.5904,0.5868,0.5855,0.5824,0.5844,0.5819
1165.0000,0.5895,0.5903,0.5863,0.5853,0.5824,0.5840,0.5836
1170.0000,0.5901,0.5889,0.5864,0.5847,0.5826,0.5840,0.5845
1175.0000,0.5892,0.5888,0.5857,0.5848,0.5819,0.5855,0.5827
1180.0000,0.5882,0.5885,0.5853,0.5845,0.5821,0.5854,0.5841
1185.0000,0.5887,0.5873,0.5857,0.5838,0.5828,0.5851,0.5855
1190.0000,0.5879,0.5871,0.5852,0.5838,0.5825,0.5865,0.5838
1195.0000,0.5868,0.5870,0.5849,0.5834,0.5831,0.5861,0.5862
1200.0000,0.5850,0.5873,0.5843,0.5834,0.5835,0.5864,0.5875
1205.0000,0.5865,0.5861,0.5843,0.5833,0.5834,0.5881,0.5857
1210.0000,0.5858,0.5859,0.5840,0.5832,0.5841,0.5880,0.5880
1215.0000,0.5841,0.5863,0.5834,0.5833,0.5847,0.5883,0.5896
1220.0000,0.5854,0.5852,0.5836,0.5831,0.5854,0.5887,0.5908
1225.0000,0.5844,0.5857,0.5827,0.5837,0.5853,0.5904,0.5902
1230.0000,0.5834,0.5858,0.5823,0.5840,0.5860,0.5909,0.5917
1235.0000,0.5848,0.5844,0.5828,0.5839,0.5870,0.5913,0.5930
1240.0000,0.5841,0.5845,0.5824,0.5845,0.5872,0.5930,0.5923
1245.0000,0.5828,0.5847,0.5823,0.5848,0.5882,0.5931,0.5949
1250.0000,0.5840,0.5835,0.5829,0.5848,0.5893,0.5937,0.5963
1255.0000,0.5836,0.5835,0.5828,0.5855,0.5897,0.5955,0.5960
1260.0000,0.5828,0.5836,0.5829,0.5860,0.5906,0.5962,0.5979
1265.0000,0.5835,0.5829,0.5835,0.5863,0.5919,0.5967,0.6001
1270.0000,0.5826,0.5836,0.5831,0.5874,0.5920,0.5990,0.5995
1275.0000,0.5817,0.5841,0.5832,0.5881,0.5931,0.5998,0.6021
1280.0000,0.5830,0.5834,0.5839,0.5885,0.5942,0.6008,0.6039
1285.0000,0.5828,0.5839,0.5839,0.5896,0.5945,0.6035,0.6030
1290.0000,0.5822,0.5843,0.5844,0.5902,0.5961,0.6040,0.6063
1295.0000,0.5834,0.5837,0.5855,0.5906,0.5978,0.6047,0.6090
1300.0000,0.5833,0.5843,0.5858,0.5917,0.5984,0.6073,0.6090
1305.0000,0.5829,0.5849,0.5863,0.5925,0.5999,0.6085,0.6122
1310.0000,0.5841,0.5846,0.5873,0.5932,0.6014,0.6100,0.6146
1315.0000,0.5841,0.5853,0.5877,0.5945,0.6022,0.6130,0.6145
1320.0000,0.5838,0.5862,0.5883,0.5954,0.6040,0.6142,0.6190
1325.0000,0.5822,0.5878,0.5885,0.5967,0.6055,0.6161,0.6222
1330.0000,0.5851,0.5874,0.5896,0.5979,0.6065,0.6197,0.6223
1335.0000,0.5854,0.5881,0.5903,0.5990,0.6084,0.6217,0.6261
1340.0000,0.5850,0.5891,0.5911,0.6001,0.6106,0.6237,0.6301
1345.0000,0.5871,0.5889,0.5926,0.6010,0.6130,0.6259,0.6339
1350.0000,0.5870,0.5902,0.5931,0.6027,0.6145,0.6298,0.6357
1355.0000,0.5873,0.5911,0.5941,0.6040,0.6169,0.6326,0.6392
1360.0000,0.5894,0.5910,0.5958,0.6051,0.6198,0.6352,0.6430
1365.0000,0.5898,0.5921,0.5966,0.6069,0.6219,0.6394,0.6446
1370.0000,0.5888,0.5939,0.5974,0.6086,0.6250,0.6419,0.6497
1375.0000,0.5914,0.5940,0.5990,0.6102,0.6281,0.6451,0.6532
1380.0000,0.5920,0.5954,0.5999,0.6124,0.6306,0.6495,0.6549
1385.0000,0.5926,0.5966,0.6012,0.6144,0.6341,0.6523,0.6597
1390.0000,0.5946,0.5970,0.6030,0.6163,0.6379,0.6549,0.6648
1395.0000,0.5948,0.5989,0.6038,0.6192,0.6404,0.6597,0.6669
1400.0000,0.5953,0.6005,0.6051,0.6218,0.6440,0.6630,0.6721
1405.0000,0.5977,0.6009,0.6073,0.6242,0.6477,0.6664,0.6770
1410.0000,0.5990,0.6023,0.6088,0.6274,0.6505,0.6716,0.6793
1415.0000,0.5991,0.6043,0.6104,0.6305,0.6542,0.6753,0.6849
1420.0000,0.6016,0.6049,0.6131,0.6331,0.6584,0.6787,0.6909
1425.0000,0.6026,0.6069,0.6149,0.6367,0.6613,0.6844,0.6937
1430.0000,0.6031,0.6092,0.6170,0.6400,0.6653,0.6885,0.7005
1435.0000,0.6060,0.6102,0.6200,0.6431,0.6692,0.6935,0.7055
1440.0000,0.6076,0.6122,0.6225,0.6468,0.6726,0.6999,0.7079
1445.0000,0.6088,0.6144,0.6254,0.6499,0.6774,0.7040,0.7161
1450.0000,0.6084,0.6177,0.6279,0.6535,0.6820,0.7088,0.7231
1455.0000,0.6129,0.6190,0.6313,0.6571,0.6860,0.7159,0.7261
1460.0000,0.6152,0.6214,0.6345,0.6606,0.6911,0.7212,0.7328
1465.0000,0.6166,0.6243,0.6377,0.6641,0.6966,0.7262,0.7404
1470.0000,0.6203,0.6262,0.6416,0.6675,0.7025,0.7312,0.7480
1475.0000,0.6216,0.6302,0.6441,0.6721,0.7071,0.7385,0.7532
1480.0000,0.6240,0.6334,0.6473,0.6763,0.7127,0.7446,0.7602
1485.0000,0.6284,0.6355,0.6513,0.6803,0.7190,0.7503,0.7681
1490.0000,0.6311,0.6389,0.6545,0.6852,0.7242,0.7581,0.7736
1495.0000,0.6318,0.6434,0.6575,0.6901,0.7304,0.7641,0.7834
1500.0000,0.6370,0.6457,0.6616,0.6950,0.7364,0.7717,0.7907
1505.0000,0.6401,0.6493,0.6651,0.7005,0.7419,0.7804,0.7964
1510.0000,0.6432,0.6527,0.6693,0.7056,0.7488,0.7872,0.8062
1515.0000,0.6475,0.6554,0.6741,0.7105,0.7561,0.7943,0.8161
1520.0000,0.6497,0.6601,0.6776,0.7168,0.7619,0.8041,0.8223
1525.0000,0.6528,0.6642,0.6820,0.7225,0.7691,0.8124,0.8313
1530.0000,0.6578,0.6670,0.6876,0.7277,0.7773,0.8199,0.8416
1535.0000,0.6618,0.6709,0.6924,0.7340,0.7842,0.8301,0.8477
1540.0000,0.6644,0.6757,0.6973,0.7400,0.7927,0.8378,0.8598
1545.0000,0.6695,0.6794,0.7029,0.7462,0.8009,0.8472,0.8684
1550.0000,0.6734,0.6844,0.7078,0.7533,0.8085,0.8581,0.8738
1555.0000,0.6762,0.6900,0.7129,0.7600,0.8178,0.8659,0.8860
1560.0000,0.6822,0.6940,0.7191,0.7666,0.8272,0.8745,0.8959
1565.0000,0.6871,0.6991,0.7245,0.7743,0.8355,0.8854,0.9016
1570.0000,0.6913,0.7045,0.7305,0.7816,0.8454,0.8931,0.9139
1575.0000,0.6928,0.7116,0.7358,0.7897,0.8549,0.9015,0.9252
1580.0000,0.7012,0.7159,0.7423,0.7981,0.8634,0.9126,0.9314
1585.0000,0.7068,0.7213,0.7489,0.8064,0.8729,0.9215,0.9423
1590.0000,0.7116,0.7272,0.7556,0.8149,0.8826,0.9301,0.9537
1595.0000,0.7186,0.7321,0.7633,0.8233,0.8924,0.9389,0.9647
1600.0000,0.7224,0.7398,0.7694,0.8331,0.9006,0.9502,0.9729
1605.0000,0.7280,0.7463,0.7768,0.8423,0.9099,0.9599,0.9836
1610.0000,0.7362,0.7515,0.7856,0.8507,0.9202,0.9685,0.9961
1615.0000,0.7424,0.7583,0.7935,0.8603,0.9288,0.9801,1.0053
1620.0000,0.7459,0.7668,0.8012,0.8697,0.9385,0.9896,1.0198
1625.0000,0.7551,0.7728,0.8103,0.8788,0.9479,1.0009,1.0317
1630.0000,0.7623,0.7803,0.8188,0.8885,0.9566,1.0139,1.0418
1635.0000,0.7694,0.7877,0.8282,0.8973,0.9672,1.0244,1.0587
1640.0000,0.7776,0.7950,0.8377,0.9063,0.9774,1.0366,1.0739
1645.0000,0.7836,0.8047,0.8457,0.9166,0.9862,1.0522,1.0856
1650.0000,0.7911,0.8135,0.8545,0.9262,0.9962,1.0674,1.0973
1655.0000,0.8008,0.8209,0.8648,0.9347,1.0085,1.0807,1.1119
1660.0000,0.8090,0.8298,0.8739,0.9443,1.0194,1.0975,1.1198
1665.0000,0.8149,0.8400,0.8829,0.9534,1.0331,1.1102,1.1353
1670.0000,0.8257,0.8477,0.8930,0.9624,1.0470,1.1245,1.1442
1675.0000,0.8350,0.8565,0.9024,0.9722,1.0607,1.1399,1.1468
1680.0000,0.8443,0.8649,0.9125,0.9813,1.0772,1.1498,1.1563
1685.0000,0.8494,0.8758,0.9211,0.9917,1.0936,1.1587,1.1616
1690.0000,0.8611,0.8843,0.9305,1.0030,1.1087,1.1688,1.1578
1695.0000,0.8703,0.8938,0.9394,1.0148,1.1248,1.1739,1.1558
1700.0000,0.8750,0.9057,0.9471,1.0282,1.1398,1.1766,1.1486
1705.0000,0.8882,0.9139,0.9563,1.0422,1.1528,1.1789,1.1299
1710.0000,0.8973,0.9235,0.9658,1.0559,1.1677,1.1704,1.1234
1715.0000,0.9057,0.9335,0.9752,1.0712,1.1786,1.1617,1.1046
1720.0000,0.9176,0.9415,0.9861,1.0866,1.1873,1.1488,1.0806
1725.0000,0.9248,0.9529,0.9955,1.1037,1.1913,1.1337,1.0484
1730.0000,0.9344,0.9621,1.0081,1.1184,1.1962,1.1060,1.0289
1735.0000,0.9465,0.9705,1.0212,1.1339,1.1942,1.0795,0.9985
1740.0000,0.9558,0.9811,1.0340,1.1495,1.1865,1.0507,0.9646
1745.0000,0.9614,0.9946,1.0462,1.1647,1.1734,1.0191,0.9292
1750.0000,0.9758,1.0036,1.0625,1.1758,1.1584,0.9800,0.9024
1755.0000,0.9867,1.0155,1.0775,1.1864,1.1353,0.9441,0.8720
1760.0000,0.9963,1.0288,1.0923,1.1948,1.1061,0.9100,0.8387
1765.0000,1.0103,1.0403,1.1088,1.1988,1.0727,0.8766,0.8062
1770.0000,1.0201,1.0554,1.1236,1.1994,1.0355,0.8441,0.7760
1775.0000,1.0343,1.0675,1.1407,1.1932,0.9983,0.8089,0.7580
1780.0000,1.0489,1.0798,1.1565,1.1829,0.9566,0.7818,0.7329
1785.0000,1.0626,1.0927,1.1709,1.1670,0.9151,0.7564,0.7118
1790.0000,1.0729,1.1080,1.1818,1.1465,0.8732,0.7353,0.6894
1795.0000,1.0884,1.1195,1.1925,1.1188,0.8361,0.7121,0.6775
1800.0000,1.1033,1.1307,1.1989,1.0876,0.7994,0.6956,0.6618
1805.0000,1.1171,1.1411,1.2013,1.0522,0.7665,0.6805,0.6497
1810.0000,1.1245,1.1533,1.1973,1.0143,0.7375,0.6666,0.6412
1815.0000,1.1373,1.1612,1.1887,0.9748,0.7112,0.6573,0.6288
1820.0000,1.1469,1.1674,1.1743,0.9342,0.6900,0.6471,0.6231
1825.0000,1.1516,1.1720,1.1538,0.8941,0.6726,0.6374,0.6198
1830.0000,1.1593,1.1708,1.1288,0.8555,0.6572,0.6322,0.6106
1835.0000,1.1593,1.1682,1.0983,0.8187,0.6467,0.6232,0.6153
1840.0000,1.1549,1.1619,1.0630,0.7856,0.6370,0.6180,0.6162
1845.0000,1.1556,1.1468,1.0267,0.7550,0.6292,0.6150,0.6162
1850.0000,1.1474,1.1296,0.9872,0.7287,0.6222,0.6141,0.6162
1855.0000,1.1299,1.1108,0.9454,0.7065,0.6160,0.6148,0.6153
1860.0000,1.1198,1.0818,0.9074,0.6858,0.6126,0.6154,0.6147
1865.0000,1.0972,1.0548,0.8674,0.6699,0.6090,0.6178,0.6120
1870.0000,1.0773,1.0204,0.8324,0.6547,0.6086,0.6178,0.6121
1875.0000,1.0533,0.9836,0.8005,0.6415,0.6100,0.6166,0.6129
1880.0000,1.0219,0.9495,0.7692,0.6321,0.6103,0.6176,0.6098
1885.0000,0.9879,0.9156,0.7410,0.6243,0.6123,0.6159,0.6113
1890.0000,0.9585,0.8793,0.7173,0.6178,0.6148,0.6138,0.6123
1895.0000,0.9301,0.8424,0.6977,0.6128,0.6168,0.6127,0.6114
1900.0000,0.8924,0.8132,0.6775,0.6110,0.6177,0.6113,0.6125
1905.0000,0.8612,0.7837,0.6613,0.6101,0.6179,0.6106,0.6124
1910.0000,0.8287,0.7589,0.6460,0.6113,0.6167,0.6111,0.6114
1915.0000,0.8031,0.7327,0.6355,0.6119,0.6160,0.6109,0.6115
1920.0000,0.7759,0.7104,0.6269,0.6131,0.6149,0.6110,0.6113
1925.0000,0.7482,0.6934,0.6187,0.6155,0.6124,0.6127,0.6088
1930.0000,0.7234,0.6784,0.6129,0.6172,0.6108,0.6130,0.6092
1935.0000,0.7077,0.6612,0.6118,0.6170,0.6106,0.6124,0.6100
1940.0000,0.6911,0.6471,0.6115,0.6170,0.6095,0.6139,0.6062
1945.0000,0.6748,0.6364,0.6122,0.6160,0.6101,0.6122,0.6092
1950.0000,0.6623,0.6274,0.6137,0.6149,0.6107,0.6114,0.6102
1955.0000,0.6502,0.6215,0.6147,0.6142,0.6102,0.6124,0.6074
1960.0000,0.6390,0.6185,0.6151,0.6134,0.6107,0.6113,0.6097
1965.0000,0.6288,0.6179,0.6146,0.6132,0.6105,0.6111,0.6103
1970.0000,0.6253,0.6158,0.6151,0.6124,0.6108,0.6107,0.6107
1975.0000,0.6202,0.6163,0.6140,0.6127,0.6100,0.6118,0.6092
1980.0000,0.6166,0.6167,0.6134,0.6124,0.6102,0.6113,0.6104
1985.0000,0.6172,0.6152,0.6138,0.6118,0.6105,0.6109,0.6109
1990.0000,0.6158,0.6153,0.6131,0.6119,0.6100,0.6120,0.6095
1995.0000,0.6142,0.6155,0.6126,0.6116,0.6102,0.6116,0.6105
2000.0000,0.6152,0.6142,0.6130,0.6110,0.6107,0.6111,0.6113
2005.0000,0.6144,0.6142,0.6124,0.6112,0.6103,0.6120,0.6101
2010.0000,0.6132,0.6143,0.6119,0.6111,0.6106,0.6117,0.6113
2015.0000,0.6140,0.6134,0.6120,0.6108,0.6109,0.6116,0.6120
2020.0000,0.6131,0.6137,0.6112,0.6112,0.6102,0.6130,0.6102
2025.0000,0.6121,0.6138,0.6108,0.6112,0.6106,0.6126,0.6119
2030.0000,0.6131,0.6127,0.6111,0.6109,0.6110,0.6125,0.6128
2035.0000,0.6126,0.6127,0.6106,0.6113,0.6105,0.6140,0.6109
2040.0000,0.6116,0.6127,0.6103,0.6113,0.6110,0.6136,0.6127
2045.0000,0.6124,0.6116,0.6108,0.6109,0.6116,0.6134,0.6138
2050.0000,0.6119,0.6117,0.6104,0.6113,0.6112,0.6148,0.6121
2055.0000,0.6111,0.6117,0.6103,0.6113,0.6117,0.6147,0.6136
2060.0000,0.6092,0.6124,0.6100,0.6115,0.6121,0.6148,0.6146
2065.0000,0.6111,0.6112,0.6103,0.6117,0.6119,0.6164,0.6120
2070.0000,0.6104,0.6114,0.6103,0.6117,0.6128,0.6158,0.6146
2075.0000,0.6092,0.6118,0.6101,0.6119,0.6133,0.6158,0.6157
2080.0000,0.6107,0.6110,0.6104,0.6122,0.6131,0.6174,0.6131
2085.0000,0.6101,0.6113,0.6104,0.6123,0.6139,0.6167,0.6157
2090.0000,0.6090,0.6117,0.6103,0.6126,0.6144,0.6167,0.6168
2095.0000,0.6106,0.6108,0.6109,0.6125,0.6151,0.6167,0.6177
2100.0000,0.6099,0.6114,0.6105,0.6133,0.6149,0.6180,0.6167
2105.0000,0.6089,0.6118,0.6105,0.6136,0.6154,0.6179,0.6181
2110.0000,0.6106,0.6109,0.6112,0.6137,0.6160,0.6180,0.6189
2115.0000,0.6102,0.6113,0.6111,0.6144,0.6158,0.6194,0.6177
2120.0000,0.6091,0.6120,0.6111,0.6148,0.6163,0.6194,0.6191
2125.0000,0.6108,0.6111,0.6120,0.6147,0.6171,0.6193,0.6202
2130.0000,0.6104,0.6116,0.6120,0.6154,0.6169,0.6207,0.6192
2135.0000,0.6098,0.6121,0.6122,0.6157,0.6175,0.6207,0.6207
2140.0000,0.6111,0.6116,0.6130,0.6157,0.6183,0.6208,0.6218
2145.0000,0.6109,0.6122,0.6129,0.6165,0.6180,0.6225,0.6202
2150.0000,0.6105,0.6127,0.6133,0.6167,0.6188,0.6223,0.6223
2155.0000,0.6118,0.6122,0.6141,0.6167,0.6197,0.6224,0.6234
2160.0000,0.6117,0.6129,0.6141,0.6175,0.6194,0.6241,0.6218
2165.0000,0.6109,0.6138,0.6142,0.6179,0.6201,0.6241,0.6237
2170.0000,0.6124,0.6134,0.6150,0.6179,0.6211,0.6241,0.6252
2175.0000,0.6125,0.6141,0.6150,0.6187,0.6209,0.6258,0.6237
2180.0000,0.6124,0.6145,0.6153,0.6190,0.6217,0.6259,0.6257
2185.0000,0.6109,0.6157,0.6153,0.6196,0.6223,0.6263,0.6270
2190.0000,0.6135,0.6150,0.6160,0.6201,0.6224,0.6282,0.6248
2195.0000,0.6134,0.6156,0.6164,0.6204,0.6234,0.6279,0.6276
2200.0000,0.6129,0.6163,0.6166,0.6209,0.6242,0.6282,0.6290
2205.0000,0.6147,0.6157,0.6176,0.6210,0.6252,0.6286,0.6302
2210.0000,0.6144,0.6166,0.6175,0.6219,0.6252,0.6302,0.6293
2215.0000,0.6138,0.6174,0.6178,0.6224,0.6262,0.6303,0.6312
2220.0000,0.6157,0.6168,0.6188,0.6226,0.6272,0.6306,0.6326
2225.0000,0.6153,0.6179,0.6188,0.6236,0.6272,0.6323,0.6319
2230.0000,0.6148,0.6187,0.6191,0.6242,0.6282,0.6325,0.6340
2235.0000,0.6169,0.6181,0.6201,0.6244,0.6292,0.6329,0.6355
2240.0000,0.6169,0.6188,0.6203,0.6254,0.6293,0.6347,0.6351
2245.0000,0.6161,0.6199,0.6205,0.6261,0.6301,0.6353,0.6373
2250.0000,0.6181,0.6194,0.6216,0.6264,0.6311,0.6360,0.6388
2255.0000,0.6181,0.6203,0.6218,0.6274,0.6313,0.6381,0.6384
2260.0000,0.6178,0.6210,0.6223,0.6281,0.6323,0.6389,0.6407
2265.0000,0.6195,0.6207,0.6234,0.6284,0.6335,0.6396,0.6429
2270.0000,0.6195,0.6217,0.6236,0.6294,0.6338,0.6422,0.6422
2275.0000,0.6195,0.6224,0.6242,0.6299,0.6351,0.6429,0.6451
2280.0000,0.6210,0.6222,0.6254,0.6303,0.6366,0.6438,0.6472
2285.0000,0.6213,0.6230,0.6257,0.6313,0.6371,0.6465,0.6466
2290.0000,0.6208,0.6242,0.6262,0.6320,0.6387,0.6474,0.6499
2295.0000,0.6225,0.6240,0.6273,0.6325,0.6404,0.6484,0.6524
2300.0000,0.6229,0.6249,0.6276,0.6337,0.6411,0.6513,0.6520
2305.0000,0.6229,0.6259,0.6281,0.6345,0.6429,0.6524,0.6554
2310.0000,0.6216,0.6275,0.6283,0.6357,0.6444,0.6539,0.6582
2315.0000,0.6246,0.6271,0.6293,0.6369,0.6454,0.6571,0.6574
2320.0000,0.6248,0.6280,0.6299,0.6379,0.6473,0.6583,0.6613
2325.0000,0.6245,0.6290,0.6305,0.6391,0.6492,0.6599,0.6645
2330.0000,0.6268,0.6286,0.6319,0.6400,0.6514,0.6614,0.6675
2335.0000,0.6268,0.6299,0.6323,0.6417,0.6526,0.6646,0.6684
2340.0000,0.6266,0.6309,0.6331,0.6431,0.6547,0.6664,0.6721
2345.0000,0.6289,0.6307,0.6347,0.6441,0.6571,0.6683,0.6755
2350.0000,0.6292,0.6318,0.6354,0.6460,0.6584,0.6718,0.6770
2355.0000,0.6286,0.6333,0.6362,0.6477,0.6606,0.6741,0.6809
2360.0000,0.6310,0.6332,0.6381,0.6489,0.6633,0.6762,0.6852
2365.0000,0.6315,0.6345,0.6389,0.6510,0.6649,0.6802,0.6875
2370.0000,0.6309,0.6362,0.6399,0.6528,0.6674,0.6828,0.6935
2375.0000,0.6336,0.6363,0.6418,0.6544,0.6700,0.6863,0.6982
2380.0000,0.6343,0.6378,0.6429,0.6567,0.6718,0.6913,0.7015
2385.0000,0.6347,0.6392,0.6443,0.6586,0.6747,0.6951,0.7085
2390.0000,0.6369,0.6396,0.6464,0.6603,0.6780,0.6993,0.7155
2395.0000,0.6374,0.6416,0.6475,0.6629,0.6802,0.7060,0.7200
2400.0000,0.6380,0.6433,0.6491,0.6651,0.6836,0.7118,0.7270
2405.0000,0.6405,0.6438,0.6515,0.6668,0.6879,0.7174,0.7350
2410.0000,0.6417,0.6454,0.6531,0.6694,0.6914,0.7255,0.7397
2415.0000,0.6420,0.6475,0.6550,0.6716,0.6965,0.7316,0.7499
2420.0000,0.6447,0.6484,0.6574,0.6739,0.7019,0.7391,0.7575
2425.0000,0.6460,0.6504,0.6591,0.6770,0.7068,0.7484,0.7621
2430.0000,0.6473,0.6523,0.6613,0.6796,0.7138,0.7552,0.7725
2435.0000,0.6469,0.6551,0.6629,0.6829,0.7208,0.7628,0.7815
2440.0000,0.6509,0.6561,0.6653,0.6866,0.7274,0.7727,0.7857
2445.0000,0.6524,0.6583,0.6674,0.6907,0.7352,0.7808,0.7923
2450.0000,0.6533,0.6607,0.6696,0.6950,0.7438,0.7880,0.7990
2455.0000,0.6569,0.6619,0.6727,0.6994,0.7531,0.7945,0.8046
2460.0000,0.6578,0.6650,0.6745,0.7055,0.7612,0.8024,0.8061
2465.0000,0.6591,0.6677,0.6772,0.7114,0.7704,0.8078,0.8088
2470.0000,0.6631,0.6689,0.6811,0.7174,0.7802,0.8116,0.8102
2475.0000,0.6652,0.6717,0.6842,0.7249,0.7884,0.8161,0.8069
2480.0000,0.6663,0.6749,0.6880,0.7322,0.7977,0.8161,0.8080
2485.0000,0.6704,0.6768,0.6928,0.7399,0.8061,0.8154,0.8063
2490.0000,0.6728,0.6803,0.6971,0.7490,0.8122,0.8152,0.8007
2495.0000,0.6733,0.6852,0.7014,0.7583,0.8177,0.8121,0.7971
2500.0000,0.6787,0.6878,0.7077,0.7672,0.8224,0.8070,0.7936
2505.0000,0.6818,0.6924,0.7132,0.7771,0.8240,0.8030,0.7868
2510.0000,0.6847,0.6973,0.7197,0.7865,0.8244,0.7971,0.7817
2515.0000,0.6903,0.7012,0.7276,0.7952,0.8233,0.7908,0.7759
2520.0000,0.6934,0.7075,0.7347,0.8041,0.8194,0.7856,0.7676
2525.0000,0.6981,0.7131,0.7435,0.8109,0.8156,0.7776,0.7650
2530.0000,0.7048,0.7180,0.7532,0.8166,0.8098,0.7712,0.7598
2535.0000,0.7105,0.7243,0.7627,0.8212,0.8023,0.7663,0.7532
2540.0000,0.7147,0.7322,0.7719,0.8243,0.7946,0.7607,0.7492
2545.0000,0.7226,0.7385,0.7822,0.8248,0.7872,0.7547,0.7467
2550.0000,0.7298,0.7459,0.7915,0.8242,0.7785,0.7514,0.7413
2555.0000,0.7371,0.7537,0.8003,0.8217,0.7708,0.7473,0.7393
2560.0000,0.7411,0.7636,0.8071,0.8180,0.7633,0.7439,0.7379
2565.0000,0.7514,0.7709,0.8138,0.8129,0.7557,0.7430,0.7322
2570.0000,0.7598,0.7785,0.8192,0.8059,0.7508,0.7388,0.7363
2575.0000,0.7671,0.7865,0.8225,0.7987,0.7457,0.7369,0.7377
2580.0000,0.7756,0.7932,0.8244,0.7909,0.7414,0.7361,0.7390
2585.0000,0.7807,0.8015,0.8229,0.7840,0.7367,0.7376,0.7385
2590.0000,0.7870,0.8075,0.8207,0.7764,0.7339,0.7380,0.7410
2595.0000,0.7954,0.8105,0.8180,0.7685,0.7323,0.7390,0.7433
2600.0000,0.8005,0.8137,0.8130,0.7617,0.7306,0.7421,0.7431
2605.0000,0.8016,0.8170,0.8064,0.7555,0.7304,0.7436,0.7466
2610.0000,0.8076,0.8156,0.8008,0.7489,0.7318,0.7450,0.7500
2615.0000,0.8090,0.8150,0.7932,0.7443,0.7324,0.7486,0.7502
2620.0000,0.8086,0.8131,0.7856,0.7399,0.7348,0.7500,0.7552
2625.0000,0.8103,0.8080,0.7790,0.7360,0.7378,0.7517,0.7593
2630.0000,0.8080,0.8038,0.7711,0.7340,0.7398,0.7553,0.7609
2635.0000,0.8039,0.7991,0.7636,0.7326,0.7429,0.7573,0.7665
2640.0000,0.8019,0.7923,0.7574,0.7317,0.7460,0.7599,0.7717
2645.0000,0.7972,0.7864,0.7508,0.7325,0.7480,0.7645,0.7745
2650.0000,0.7901,0.7812,0.7446,0.7340,0.7504,0.7685,0.7796
2655.0000,0.7865,0.7735,0.7406,0.7352,0.7535,0.7724,0.7851
2660.0000,0.7800,0.7680,0.7363,0.7379,0.7553,0.7787,0.7876
2665.0000,0.7741,0.7619,0.7338,0.7399,0.7588,0.7827,0.7952
2670.0000,0.7697,0.7551,0.7330,0.7419,0.7626,0.7876,0.8015
2675.0000,0.7635,0.7504,0.7320,0.7448,0.7654,0.7947,0.8044
2680.0000,0.7580,0.7458,0.7324,0.7469,0.7702,0.7991,0.8140
2685.0000,0.7530,0.7421,0.7335,0.7491,0.7752,0.8041,0.8235
2690.0000,0.7499,0.7386,0.7351,0.7521,0.7792,0.8122,0.8286
2695.0000,0.7449,0.7374,0.7364,0.7551,0.7844,0.8186,0.8392
2700.0000,0.7401,0.7374,0.7378,0.7583,0.7900,0.8253,0.8514
2705.0000,0.7400,0.7362,0.7404,0.7614,0.7961,0.8329,0.8642
2710.0000,0.7378,0.7373,0.7419,0.7658,0.8009,0.8435,0.8757
2715.0000,0.7355,0.7391,0.7435,0.7703,0.8064,0.8548,0.8883
2720.0000,0.7377,0.7389,0.7470,0.7740,0.8138,0.8654,0.9044
2725.0000,0.7375,0.7409,0.7492,0.7790,0.8201,0.8797,0.9184
2730.0000,0.7368,0.7435,0.7520,0.7836,0.8284,0.8930,0.9381
2735.0000,0.7402,0.7444,0.7557,0.7886,0.8365,0.9103,0.9530
2740.0000,0.7415,0.7468,0.7591,0.7940,0.8457,0.9287,0.9673
2745.0000,0.7428,0.7493,0.7633,0.7990,0.8576,0.9457,0.9860
2750.0000,0.7461,0.7512,0.7679,0.8044,0.8701,0.9652,0.9992
2755.0000,0.7478,0.7546,0.7719,0.8107,0.8839,0.9856,1.0083
2760.0000,0.7502,0.7577,0.7770,0.8165,0.9014,1.0016,1.0217
2765.0000,0.7540,0.7604,0.7824,0.8230,0.9202,1.0173,1.0298
2770.0000,0.7565,0.7650,0.7866,0.8317,0.9385,1.0339,1.0287
2775.0000,0.7597,0.7692,0.7917,0.8408,0.9595,1.0450,1.0270
2780.0000,0.7642,0.7728,0.7974,0.8508,0.9819,1.0513,1.0206
2785.0000,0.7680,0.7778,0.8021,0.8637,1.0021,1.0566,1.0012
2790.0000,0.7705,0.7838,0.8073,0.8774,1.0240,1.0514,0.9856
2795.0000,0.7764,0.7880,0.8144,0.8919,1.0458,1.0372,0.9697
2800.0000,0.7809,0.7943,0.8199,0.9106,1.0607,1.0233,0.9389
2805.0000,0.7851,0.8009,0.8266,0.9304,1.0731,1.0002,0.9108
2810.0000,0.7854,0.8100,0.8330,0.9525,1.0795,0.9719,0.8787
2815.0000,0.7957,0.8152,0.8427,0.9752,1.0791,0.9409,0.8393
2820.0000,0.8013,0.8228,0.8539,0.9971,1.0750,0.8984,0.8201
2825.0000,0.8058,0.8321,0.8655,1.0206,1.0590,0.8617,0.7867
2830.0000,0.8168,0.8388,0.8808,1.0420,1.0352,0.8253,0.7531
2835.0000,0.8215,0.8505,0.8964,1.0609,1.0047,0.7879,0.7247
2840.0000,0.8296,0.8608,0.9159,1.0747,0.9690,0.7507,0.7030
2845.0000,0.8433,0.8696,0.9384,1.0833,0.9268,0.7206,0.6784
2850.0000,0.8541,0.8811,0.9624,1.0848,0.8826,0.6917,0.6623
2855.0000,0.8621,0.8965,0.9854,1.0806,0.8345,0.6712,0.6414
2860.0000,0.8784,0.9089,1.0111,1.0666,0.7895,0.6516,0.6286
2865.0000,0.8947,0.9226,1.0356,1.0451,0.7463,0.6370,0.6178
2870.0000,0.9127,0.9367,1.0579,1.0158,0.7072,0.6259,0.6095
2875.0000,0.9254,0.9552,1.0743,0.9809,0.6730,0.6176,0.6040
2880.0000,0.9417,0.9733,1.0851,0.9415,0.6432,0.6145,0.5949
2885.0000,0.9599,0.9903,1.0901,0.8976,0.6219,0.6085,0.5973
2890.0000,0.9739,1.0085,1.0859,0.8530,0.6054,0.6054,0.5983
2895.0000,0.9874,1.0256,1.0725,0.8099,0.5920,0.6074,0.5927
2900.0000,1.0020,1.0373,1.0532,0.7666,0.5868,0.6043,0.5988
2905.0000,1.0153,1.0445,1.0264,0.7268,0.5848,0.6031,0.6024
2910.0000,1.0235,1.0482,0.9918,0.6926,0.5836,0.6054,0.6010
2915.0000,1.0240,1.0485,0.9513,0.6634,0.5856,0.6051,0.6062
2920.0000,1.0304,1.0366,0.9106,0.6379,0.5898,0.6051,0.6103
2925.0000,1.0255,1.0229,0.8655,0.6195,0.5928,0.6074,0.6115
2930.0000,1.0149,1.0029,0.8208,0.6057,0.5968,0.6085,0.6161
2935.0000,1.0005,0.9763,0.7785,0.5962,0.6004,0.6103,0.6198
2940.0000,0.9880,0.9416,0.7410,0.5897,0.6039,0.6129,0.6225
2945.0000,0.9618,0.9090,0.7046,0.5878,0.6062,0.6161,0.6252
2950.0000,0.9315,0.8741,0.6730,0.5880,0.6082,0.6194,0.6282
2955.0000,0.9073,0.8340,0.6489,0.5887,0.6108,0.6224,0.6314
2960.0000,0.8803,0.7936,0.6304,0.5903,0.6133,0.6259,0.6339
2965.0000,0.8427,0.7602,0.6140,0.5937,0.6150,0.6296,0.6366
2970.0000,0.8107,0.7269,0.6034,0.5965,0.6177,0.6326,0.6399
2975.0000,0.7767,0.6994,0.5947,0.6005,0.6192,0.6373,0.6409
2980.0000,0.7516,0.6710,0.5922,0.6026,0.6229,0.6394,0.6454
2985.0000,0.7217,0.6498,0.5904,0.6053,0.6260,0.6422,0.6486
2990.0000,0.6946,0.6335,0.5897,0.6086,0.6283,0.6463,0.6495
2995.0000,0.6702,0.6215,0.5901,0.6115,0.6316,0.6487,0.6539
3000.0000,0.6526,0.6111,0.5923,0.6140,0.6352,0.6509,0.6579
3005.0000,0.6383,0.6035,0.5950,0.6168,0.6380,0.6548,0.6589
3010.0000,0.6240,0.6001,0.5972,0.6197,0.6413,0.6572,0.6631
3015.0000,0.6158,0.5970,0.6004,0.6223,0.6448,0.6595,0.6671
3020.0000,0.6084,0.5969,0.6026,0.6258,0.6470,0.6638,0.6681
3025.0000,0.6030,0.5977,0.6053,0.6288,0.6502,0.6662,0.6728
3030.0000,0.6017,0.5978,0.6088,0.6314,0.6537,0.6685,0.6773
3035.0000,0.6000,0.5999,0.6113,0.6349,0.6559,0.6729,0.6788
3040.0000,0.5989,0.6025,0.6141,0.6379,0.6590,0.6756,0.6846
3045.0000,0.6009,0.6040,0.6176,0.6407,0.6621,0.6790,0.6889
3050.0000,0.6020,0.6069,0.6203,0.6441,0.6642,0.6841,0.6906
3055.0000,0.6034,0.6098,0.6234,0.6469,0.6675,0.6874,0.6967
3060.0000,0.6032,0.6137,0.6259,0.6500,0.6707,0.6912,0.7023
3065.0000,0.6081,0.6155,0.6294,0.6530,0.6733,0.6971,0.7039
3070.0000,0.6105,0.6185,0.6326,0.6556,0.6771,0.7009,0.7102
3075.0000,0.6127,0.6216,0.6357,0.6583,0.6812,0.7049,0.7165
3080.0000,0.6169,0.6237,0.6394,0.6606,0.6857,0.7091,0.7227
3085.0000,0.6188,0.6275,0.6418,0.6640,0.6891,0.7152,0.7266
3090.0000,0.6211,0.6309,0.6446,0.6670,0.6935,0.7202,0.7325
3095.0000,0.6256,0.6330,0.6482,0.6696,0.6986,0.7248,0.7390
3100.0000,0.6283,0.6363,0.6507,0.6732,0.7027,0.7314,0.7431
3105.0000,0.6295,0.6403,0.6531,0.6767,0.7079,0.7363,0.7510
3110.0000,0.6344,0.6424,0.6563,0.6801,0.7131,0.7421,0.7571
3115.0000,0.6371,0.6457,0.6588,0.6843,0.7176,0.7493,0.7613
3120.0000,0.6395,0.6489,0.6616,0.6882,0.7235,0.7545,0.7697
3125.0000,0.6437,0.6510,0.6651,0.6920,0.7296,0.7600,0.7779
3130.0000,0.6457,0.6549,0.6674,0.6971,0.7343,0.7680,0.7829
3135.0000,0.6484,0.6579,0.6706,0.7017,0.7402,0.7745,0.7907
3140.0000,0.6526,0.6599,0.6747,0.7060,0.7468,0.7806,0.7996
3145.0000,0.6555,0.6630,0.6780,0.7113,0.7521,0.7892,0.8048
3150.0000,0.6572,0.6667,0.6815,0.7165,0.7587,0.7960,0.8144
3155.0000,0.6615,0.6690,0.6861,0.7212,0.7660,0.8024,0.8249
3160.0000,0.6645,0.6726,0.6900,0.7270,0.7719,0.8117,0.8319
3165.0000,0.6662,0.6770,0.6939,0.7327,0.7790,0.8191,0.8448
3170.0000,0.6710,0.6798,0.6987,0.7385,0.7857,0.8286,0.8547
3175.0000,0.6744,0.6839,0.7030,0.7450,0.7919,0.8399,0.8624
3180.0000,0.6777,0.6879,0.7080,0.7508,0.7999,0.8489,0.8767
3185.0000,0.6786,0.6933,0.7125,0.7571,0.8080,0.8589,0.8910
3190.0000,0.6854,0.6965,0.7181,0.7636,0.8153,0.8723,0.9006
3195.0000,0.6893,0.7010,0.7236,0.7699,0.8243,0.8839,0.9157
3200.0000,0.6929,0.7057,0.7295,0.7761,0.8345,0.8950,0.9339
3205.0000,0.6989,0.7095,0.7361,0.7822,0.8452,0.9072,0.9530
3210.0000,0.7022,0.7156,0.7412,0.7899,0.8546,0.9231,0.9704
3215.0000,0.7065,0.7211,0.7468,0.7976,0.8651,0.9396,0.9897
3220.0000,0.7132,0.7252,0.7541,0.8042,0.8785,0.9538,1.0169
3225.0000,0.7181,0.7311,0.7598,0.8129,0.8898,0.9738,1.0420
3230.0000,0.7208,0.7382,0.7655,0.8215,0.9033,0.9926,1.0787
3235.0000,0.7284,0.7437,0.7714,0.8320,0.9141,1.0210,1.1067
3240.0000,0.7337,0.7504,0.7773,0.8424,0.9271,1.0505,1.1394
3245.0000,0.7384,0.7573,0.7835,0.8533,0.9416,1.0836,1.1719
3250.0000,0.7464,0.7622,0.7917,0.8634,0.9591,1.1186,1.2050
3255.0000,0.7509,0.7698,0.7989,0.8746,0.9782,1.1580,1.2330
3260.0000,0.7578,0.7755,0.8084,0.8846,1.0027,1.1960,1.2609
3265.0000,0.7658,0.7798,0.8204,0.8926,1.0352,1.2268,1.2990
3270.0000,0.7733,0.7858,0.8309,0.9040,1.0664,1.2650,1.3222
3275.0000,0.7802,0.7922,0.8426,0.9148,1.1054,1.2925,1.3655
3280.0000,0.7864,0.8009,0.8518,0.9302,1.1421,1.3266,1.3931
3285.0000,0.7940,0.8101,0.8605,0.9489,1.1794,1.3607,1.4150
3290.0000,0.7993,0.8216,0.8681,0.9707,1.2186,1.3898,1.4423
3295.0000,0.8088,0.8321,0.8759,0.9966,1.2554,1.4218,1.4541
3300.0000,0.8167,0.8442,0.8835,1.0260,1.2918,1.4510,1.4580
3305.0000,0.8241,0.8561,0.8933,1.0570,1.3301,1.4714,1.4638
3310.0000,0.8261,0.8708,0.9038,1.0908,1.3671,1.4863,1.4626
3315.0000,0.8443,0.8782,0.9199,1.1261,1.4011,1.5000,1.4419
3355.0000,0.9433,1.0109,1.1389,1.4264,1.5278,1.2442,1.0539
3360.0000,0.9719,1.0351,1.1756,1.4591,1.5077,1.1668,0.9949
3365.0000,0.9945,1.0659,1.2098,1.4916,1.4705,1.0925,0.9279
3370.0000,1.0208,1.0962,1.2461,1.5193,1.4196,1.0208,0.8496
3375.0000,1.0525,1.1245,1.2857,1.5390,1.3588,0.9476,0.7716
3380.0000,1.0793,1.1576,1.3246,1.5506,1.2899,0.8716,0.6992
3385.0000,1.1132,1.1865,1.3678,1.5492,1.2180,0.7888,0.6482
3390.0000,1.1451,1.2185,1.4078,1.5401,1.1342,0.7200,0.5829
3395.0000,1.1782,1.2505,1.4468,1.5183,1.0489,0.6508,0.5292
3400.0000,1.2039,1.2895,1.4779,1.4880,0.9579,0.5918,0.4693
3405.0000,1.2408,1.3217,1.5085,1.4426,0.8725,0.5294,0.4300
3410.0000,1.2780,1.3522,1.5326,1.3873,0.7869,0.4769,0.3910
3415.0000,1.3144,1.3812,1.5486,1.3227,0.7040,0.4328,0.3499
3420.0000,1.3420,1.4121,1.5535,1.2494,0.6285,0.3892,0.3246
3425.0000,1.3721,1.4386,1.5474,1.1708,0.5569,0.3551,0.2989
3430.0000,1.4013,1.4600,1.5300,1.0879,0.4912,0.3285,0.2714
3435.0000,1.4142,1.4824,1.4975,1.0037,0.4327,0.3057,0.2478
3440.0000,1.4403,1.4896,1.4580,0.9165,0.3833,0.2871,0.2207
3445.0000,1.4555,1.4902,1.4083,0.8286,0.3461,0.2620,0.2182
3450.0000,1.4653,1.4814,1.3485,0.7443,0.3139,0.2437,0.2084
3455.0000,1.4682,1.4628,1.2804,0.6642,0.2884,0.2267,0.2015
3460.0000,1.4572,1.4391,1.2022,0.5921,0.2656,0.2149,0.1925
3465.0000,1.4344,1.4077,1.1184,0.5260,0.2492,0.1998,0.1987
3470.0000,1.4182,1.3598,1.0343,0.4668,0.2344,0.1915,0.2005
3475.0000,1.3840,1.3088,0.9456,0.4166,0.2210,0.1857,0.2073
3480.0000,1.3465,1.2470,0.8588,0.3742,0.2070,0.1884,0.2048
3485.0000,1.3013,1.1777,0.7753,0.3380,0.1949,0.1943,0.2006
3490.0000,1.2381,1.1112,0.6923,0.3088,0.1854,0.1994,0.2001
3495.0000,1.1712,1.0393,0.6163,0.2836,0.1788,0.2054,0.1965
3500.0000,1.1145,0.9563,0.5528,0.2587,0.1791,0.2067,0.1968
3505.0000,1.0545,0.8698,0.4983,0.2366,0.1816,0.2091,0.1911
3510.0000,0.9758,0.7946,0.4460,0.2190,0.1869,0.2060,0.1959
3515.0000,0.9033,0.7197,0.4014,0.2043,0.1935,0.2027,0.1985
3520.0000,0.8295,0.6514,0.3606,0.1943,0.1986,0.2008,0.1981
3525.0000,0.7722,0.5783,0.3306,0.1843,0.2061,0.1958,0.2022
3530.0000,0.6968,0.5227,0.2982,0.1816,0.2086,0.1949,0.2020
3535.0000,0.6275,0.4742,0.2689,0.1820,0.2099,0.1930,0.2059
3540.0000,0.5613,0.4339,0.2412,0.1865,0.2074,0.1951,0.2041
3545.0000,0.5072,0.3942,0.2199,0.1914,0.2044,0.1976,0.2027
3550.0000,0.4630,0.3554,0.2053,0.1955,0.2020,0.1993,0.2029
3555.0000,0.4131,0.3270,0.1914,0.2012,0.1979,0.2025,0.2012
3560.0000,0.3836,0.2928,0.1874,0.2030,0.1970,0.2035,0.2016
3565.0000,0.3497,0.2654,0.1857,0.2045,0.1957,0.2058,0.1986
3570.0000,0.3191,0.2423,0.1873,0.2041,0.1966,0.2051,0.2011
3575.0000,0.2938,0.2231,0.1909,0.2027,0.1982,0.2044,0.2025
3580.0000,0.2683,0.2106,0.1940,0.2015,0.1996,0.2039,0.2033
3585.0000,0.2537,0.1975,0.1997,0.1989,0.2019,0.2033,0.2035
3590.0000,0.2315,0.1955,0.2005,0.1987,0.2027,0.2033,0.2041
3595.0000,0.2184,0.1944,0.2012,0.1986,0.2034,0.2033,0.2044
3600.0000,0.2056,0.1980,0.1992,0.1999,0.2028,0.2042,0.2040
3605.0000,0.2006,0.1992,0.1986,0.2006,0.2030,0.2044,0.2044
3610.0000,0.2003,0.1987,0.1990,0.2008,0.2035,0.2045,0.2047
3615.0000,0.1993,0.1990,0.1989,0.2013,0.2035,0.2049,0.2043
3620.0000,0.1989,0.1991,0.1990,0.2017,0.2039,0.2049,0.2047
3625.0000,0.1991,0.1989,0.1994,0.2019,0.2042,0.2049,0.2049
3630.0000,0.1989,0.1991,0.1996,0.2024,0.2042,0.2054,0.2043
3635.0000,0.1986,0.1993,0.1998,0.2027,0.2045,0.2051,0.2049
3640.0000,0.1990,0.1992,0.2003,0.2030,0.2048,0.2051,0.2053
3645.0000,0.1990,0.1995,0.2005,0.2034,0.2047,0.2055,0.2047
