150.0000,0.0993,0.1017,0.0982,0.1043,0.0932,0.1019,0.1040
155.0000,0.1002,0.1009,0.0991,0.1037,0.0923,0.1046,0.1038
160.0000,0.1001,0.1006,0.0999,0.1029,0.0919,0.1077,0.1016
165.0000,0.1010,0.0993,0.1019,0.1006,0.0938,0.1080,0.1031
170.0000,0.1007,0.0988,0.1035,0.0982,0.0965,0.1077,0.1043
175.0000,0.1011,0.0981,0.1048,0.0961,0.0991,0.1082,0.1027
180.0000,0.1019,0.0976,0.1059,0.0939,0.1028,0.1062,0.1053
185.0000,0.1006,0.0989,0.1053,0.0930,0.1054,0.1052,0.1063
190.0000,0.1004,0.0999,0.1041,0.0929,0.1076,0.1043,0.1075
195.0000,0.0997,0.1018,0.1018,0.0940,0.1085,0.1043,0.1072
200.0000,0.0977,0.1042,0.0985,0.0962,0.1084,0.1048,0.1067
205.0000,0.0998,0.1043,0.0964,0.0982,0.1083,0.1048,0.1071
210.0000,0.0992,0.1052,0.0939,0.1008,0.1075,0.1055,0.1068
215.0000,0.0982,0.1054,0.0921,0.1033,0.1065,0.1060,0.1069
220.0000,0.1008,0.1031,0.0922,0.1050,0.1058,0.1068,0.1065
225.0000,0.1013,0.1010,0.0929,0.1063,0.1051,0.1075,0.1060
230.0000,0.1023,0.0982,0.0948,0.1068,0.1050,0.1079,0.1051
235.0000,0.1010,0.0964,0.0969,0.1069,0.1053,0.1076,0.1046
240.0000,0.1013,0.0942,0.0998,0.1065,0.1058,0.1075,0.1030
245.0000,0.1004,0.0934,0.1023,0.1058,0.1070,0.1059,0.1041
250.0000,0.0981,0.0943,0.1039,0.1054,0.1078,0.1043,0.1053
255.0000,0.0968,0.0958,0.1047,0.1055,0.1079,0.1035,0.1062
260.0000,0.0954,0.0983,0.1048,0.1059,0.1076,0.1030,0.1077
265.0000,0.0966,0.0998,0.1049,0.1066,0.1065,0.1039,0.1079
270.0000,0.0972,0.1017,0.1048,0.1071,0.1055,0.1045,0.1094
275.0000,0.0982,0.1031,0.1045,0.1078,0.1041,0.1064,0.1088
280.0000,0.1000,0.1037,0.1048,0.1081,0.1031,0.1084,0.1079
285.0000,0.1011,0.1044,0.1050,0.1081,0.1025,0.1102,0.1064
290.0000,0.1021,0.1046,0.1057,0.1075,0.1029,0.1108,0.1059
295.0000,0.1032,0.1045,0.1067,0.1064,0.1042,0.1104,0.1059
300.0000,0.1039,0.1046,0.1074,0.1055,0.1052,0.1107,0.1033
305.0000,0.1047,0.1045,0.1083,0.1042,0.1075,0.1085,0.1052
310.0000,0.1048,0.1048,0.1087,0.1032,0.1094,0.1064,0.1069
315.0000,0.1054,0.1049,0.1087,0.1029,0.1106,0.1050,0.1079
320.0000,0.1060,0.1053,0.1082,0.1031,0.1112,0.1039,0.1097
325.0000,0.1053,0.1065,0.1068,0.1043,0.1104,0.1044,0.1102
330.0000,0.1056,0.1072,0.1055,0.1055,0.1095,0.1046,0.1126
335.0000,0.1044,0.1090,0.1033,0.1076,0.1073,0.1071,0.1109
340.0000,0.1030,0.1103,0.1016,0.1094,0.1053,0.1094,0.1099
345.0000,0.1056,0.1090,0.1017,0.1102,0.1042,0.1115,0.1083
350.0000,0.1057,0.1084,0.1020,0.1105,0.1038,0.1127,0.1079
355.0000,0.1075,0.1061,0.1039,0.1095,0.1048,0.1125,0.1082
360.0000,0.1074,0.1045,0.1058,0.1082,0.1066,0.1114,0.1092
365.0000,0.1085,0.1023,0.1082,0.1067,0.1082,0.1111,0.1085
370.0000,0.1087,0.1011,0.1102,0.1052,0.1105,0.1090,0.1114
375.0000,0.1062,0.1023,0.1105,0.1047,0.1117,0.1082,0.1134
380.0000,0.1052,0.1035,0.1103,0.1048,0.1124,0.1076,0.1164
385.0000,0.1030,0.1062,0.1086,0.1060,0.1115,0.1091,0.1175
390.0000,0.1041,0.1076,0.1072,0.1075,0.1100,0.1121,0.1169
395.0000,0.1038,0.1095,0.1054,0.1090,0.1090,0.1142,0.1180
400.0000,0.1038,0.1107,0.1041,0.1105,0.1077,0.1175,0.1162
405.0000,0.1062,0.1098,0.1043,0.1108,0.1078,0.1196,0.1148
410.0000,0.1068,0.1093,0.1045,0.1111,0.1082,0.1218,0.1109
415.0000,0.1085,0.1073,0.1064,0.1099,0.1109,0.1207,0.1113
420.0000,0.1083,0.1062,0.1081,0.1086,0.1140,0.1186,0.1111
425.0000,0.1088,0.1048,0.1097,0.1078,0.1166,0.1172,0.1081
430.0000,0.1096,0.1035,0.1114,0.1066,0.1201,0.1129,0.1107
435.0000,0.1076,0.1046,0.1114,0.1070,0.1219,0.1097,0.1124
440.0000,0.1070,0.1056,0.1109,0.1081,0.1226,0.1069,0.1151
445.0000,0.1058,0.1078,0.1092,0.1104,0.1213,0.1060,0.1169
450.0000,0.1028,0.1111,0.1064,0.1139,0.1181,0.1072,0.1180
455.0000,0.1056,0.1114,0.1054,0.1165,0.1154,0.1081,0.1224
460.0000,0.1051,0.1130,0.1038,0.1197,0.1108,0.1125,0.1209
465.0000,0.1054,0.1132,0.1037,0.1216,0.1074,0.1166,0.1214
470.0000,0.1083,0.1112,0.1056,0.1220,0.1051,0.1208,0.1210
475.0000,0.1096,0.1093,0.1085,0.1210,0.1046,0.1242,0.1213
480.0000,0.1119,0.1065,0.1127,0.1184,0.1061,0.1262,0.1218
485.0000,0.1105,0.1058,0.1162,0.1154,0.1090,0.1271,0.1224
490.0000,0.1119,0.1043,0.1200,0.1121,0.1123,0.1284,0.1199
495.0000,0.1123,0.1043,0.1229,0.1086,0.1175,0.1264,0.1220
500.0000,0.1098,0.1071,0.1232,0.1065,0.1219,0.1245,0.1232
505.0000,0.1095,0.1100,0.1223,0.1058,0.1254,0.1231,0.1235
510.0000,0.1081,0.1141,0.1196,0.1065,0.1280,0.1213,0.1252
515.0000,0.1101,0.1166,0.1165,0.1085,0.1290,0.1209,0.1257
520.0000,0.1105,0.1196,0.1126,0.1115,0.1291,0.1202,0.1281
525.0000,0.1109,0.1216,0.1087,0.1153,0.1277,0.1214,0.1282
530.0000,0.1144,0.1206,0.1067,0.1187,0.1259,0.1231,0.1285
535.0000,0.1147,0.1203,0.1049,0.1222,0.1239,0.1250,0.1296
540.0000,0.1155,0.1184,0.1050,0.1248,0.1220,0.1275,0.1291
545.0000,0.1164,0.1153,0.1068,0.1262,0.1213,0.1292,0.1298
550.0000,0.1165,0.1125,0.1095,0.1268,0.1208,0.1315,0.1287
555.0000,0.1170,0.1093,0.1134,0.1260,0.1219,0.1319,0.1304
560.0000,0.1146,0.1085,0.1168,0.1251,0.1235,0.1321,0.1324
565.0000,0.1139,0.1077,0.1202,0.1240,0.1251,0.1330,0.1323
570.0000,0.1132,0.1082,0.1230,0.1228,0.1273,0.1327,0.1351
575.0000,0.1122,0.1102,0.1245,0.1222,0.1290,0.1332,0.1367
580.0000,0.1117,0.1128,0.1251,0.1222,0.1304,0.1340,0.1382
585.0000,0.1115,0.1161,0.1247,0.1229,0.1311,0.1355,0.1382
590.0000,0.1116,0.1194,0.1237,0.1240,0.1318,0.1371,0.1381
595.0000,0.1145,0.1210,0.1232,0.1249,0.1326,0.1385,0.1375
600.0000,0.1151,0.1235,0.1220,0.1264,0.1332,0.1399,0.1361
605.0000,0.1174,0.1241,0.1219,0.1272,0.1347,0.1398,0.1360
610.0000,0.1200,0.1237,0.1225,0.1278,0.1367,0.1388,0.1365
615.0000,0.1217,0.1233,0.1230,0.1287,0.1380,0.1384,0.1355
620.0000,0.1232,0.1225,0.1241,0.1292,0.1399,0.1362,0.1380
625.0000,0.1231,0.1226,0.1247,0.1304,0.1407,0.1352,0.1395
630.0000,0.1234,0.1226,0.1253,0.1318,0.1409,0.1345,0.1420
635.0000,0.1227,0.1235,0.1254,0.1338,0.1400,0.1354,0.1433
640.0000,0.1230,0.1241,0.1256,0.1359,0.1383,0.1374,0.1439
645.0000,0.1227,0.1253,0.1259,0.1377,0.1369,0.1391,0.1461
650.0000,0.1225,0.1263,0.1265,0.1392,0.1354,0.1416,0.1480
655.0000,0.1240,0.1263,0.1280,0.1399,0.1347,0.1442,0.1502
660.0000,0.1243,0.1270,0.1294,0.1404,0.1340,0.1476,0.1515
665.0000,0.1255,0.1270,0.1317,0.1399,0.1346,0.1504,0.1535
670.0000,0.1263,0.1271,0.1340,0.1389,0.1360,0.1531,0.1553
675.0000,0.1276,0.1271,0.1365,0.1376,0.1380,0.1562,0.1551
680.0000,0.1291,0.1272,0.1388,0.1359,0.1413,0.1577,0.1569
685.0000,0.1289,0.1288,0.1401,0.1347,0.1449,0.1586,0.1586
690.0000,0.1297,0.1302,0.1408,0.1341,0.1484,0.1601,0.1582
695.0000,0.1301,0.1324,0.1405,0.1340,0.1522,0.1599,0.1606
700.0000,0.1291,0.1354,0.1390,0.1350,0.1554,0.1599,0.1624
705.0000,0.1314,0.1370,0.1377,0.1366,0.1580,0.1603,0.1637
710.0000,0.1321,0.1390,0.1357,0.1391,0.1598,0.1607,0.1652
715.0000,0.1327,0.1403,0.1340,0.1422,0.1609,0.1615,0.1667
720.0000,0.1354,0.1398,0.1333,0.1452,0.1617,0.1625,0.1684
725.0000,0.1361,0.1397,0.1328,0.1485,0.1620,0.1638,0.1706
730.0000,0.1372,0.1387,0.1333,0.1515,0.1621,0.1656,0.1726
735.0000,0.1378,0.1375,0.1346,0.1541,0.1622,0.1674,0.1755
740.0000,0.1376,0.1368,0.1364,0.1565,0.1621,0.1699,0.1784
745.0000,0.1368,0.1366,0.1385,0.1585,0.1621,0.1730,0.1813
750.0000,0.1371,0.1362,0.1414,0.1598,0.1627,0.1760,0.1848
755.0000,0.1372,0.1364,0.1445,0.1608,0.1636,0.1797,0.1877
760.0000,0.1381,0.1366,0.1479,0.1612,0.1651,0.1835,0.1908
765.0000,0.1380,0.1379,0.1509,0.1614,0.1671,0.1876,0.1929
770.0000,0.1390,0.1392,0.1538,0.1615,0.1697,0.1918,0.1939
775.0000,0.1398,0.1413,0.1563,0.1613,0.1735,0.1944,0.1970
780.0000,0.1408,0.1438,0.1584,0.1611,0.1781,0.1959,0.2013
785.0000,0.1417,0.1470,0.1592,0.1620,0.1818,0.1988,0.2031
790.0000,0.1436,0.1498,0.1600,0.1629,0.1864,0.2000,0.2087
795.0000,0.1461,0.1520,0.1605,0.1644,0.1906,0.2016,0.2144
800.0000,0.1483,0.1544,0.1604,0.1669,0.1939,0.2042,0.2203
805.0000,0.1498,0.1568,0.1598,0.1703,0.1963,0.2081,0.2257
810.0000,0.1524,0.1584,0.1594,0.1743,0.1975,0.2144,0.2277
815.0000,0.1539,0.1600,0.1594,0.1782,0.1994,0.2199,0.2317
820.0000,0.1548,0.1613,0.1597,0.1822,0.2011,0.2263,0.2333
825.0000,0.1549,0.1626,0.1609,0.1857,0.2039,0.2318,0.2353
830.0000,0.1581,0.1620,0.1635,0.1886,0.2072,0.2377,0.2339
835.0000,0.1598,0.1616,0.1671,0.1904,0.2128,0.2401,0.2377
840.0000,0.1621,0.1609,0.1714,0.1918,0.2192,0.2412,0.2413
845.0000,0.1623,0.1617,0.1753,0.1937,0.2255,0.2420,0.2440
850.0000,0.1641,0.1623,0.1791,0.1960,0.2311,0.2434,0.2450
855.0000,0.1653,0.1642,0.1822,0.1991,0.2361,0.2443,0.2455
860.0000,0.1653,0.1676,0.1842,0.2032,0.2400,0.2455,0.2445
865.0000,0.1663,0.1713,0.1859,0.2079,0.2433,0.2459,0.2435
870.0000,0.1655,0.1766,0.1865,0.2136,0.2453,0.2466,0.2406
875.0000,0.1698,0.1793,0.1887,0.2186,0.2477,0.2453,0.2389
880.0000,0.1717,0.1832,0.1903,0.2243,0.2487,0.2445,0.2354
885.0000,0.1733,0.1868,0.1928,0.2294,0.2497,0.2417,0.2347
890.0000,0.1787,0.1877,0.1972,0.2334,0.2507,0.2379,0.2348
895.0000,0.1828,0.1889,0.2019,0.2375,0.2502,0.2352,0.2339
900.0000,0.1869,0.1900,0.2072,0.2408,0.2491,0.2325,0.2340
905.0000,0.1886,0.1928,0.2120,0.2444,0.2463,0.2317,0.2322
910.0000,0.1912,0.1956,0.2171,0.2470,0.2435,0.2305,0.2320
915.0000,0.1931,0.1997,0.2216,0.2495,0.2394,0.2314,0.2276
920.0000,0.1961,0.2037,0.2262,0.2509,0.2358,0.2320,0.2230
925.0000,0.1988,0.2085,0.2305,0.2514,0.2325,0.2324,0.2166
930.0000,0.2007,0.2139,0.2346,0.2507,0.2307,0.2307,0.2121
935.0000,0.2063,0.2171,0.2399,0.2479,0.2312,0.2255,0.2112
940.0000,0.2113,0.2206,0.2440,0.2455,0.2304,0.2226,0.2048
945.0000,0.2171,0.2232,0.2483,0.2418,0.2314,0.2160,0.2049
950.0000,0.2220,0.2264,0.2510,0.2388,0.2314,0.2100,0.2038
955.0000,0.2243,0.2310,0.2516,0.2367,0.2299,0.2050,0.2025
960.0000,0.2277,0.2353,0.2510,0.2354,0.2273,0.2008,0.2013
965.0000,0.2286,0.2408,0.2482,0.2354,0.2226,0.1987,0.1980
970.0000,0.2330,0.2440,0.2457,0.2353,0.2173,0.1975,0.1946
975.0000,0.2331,0.2488,0.2416,0.2356,0.2115,0.1963,0.1923
980.0000,0.2347,0.2513,0.2385,0.2352,0.2061,0.1953,0.1899
985.0000,0.2407,0.2494,0.2378,0.2330,0.2020,0.1937,0.1881
990.0000,0.2432,0.2477,0.2371,0.2304,0.1979,0.1931,0.1847
995.0000,0.2461,0.2444,0.2379,0.2262,0.1956,0.1908,0.1841
1000.0000,0.2459,0.2417,0.2384,0.2217,0.1940,0.1882,0.1838
1005.0000,0.2465,0.2384,0.2391,0.2168,0.1925,0.1866,0.1821
1010.0000,0.2456,0.2364,0.2388,0.2120,0.1913,0.1847,0.1809
1015.0000,0.2425,0.2362,0.2368,0.2079,0.1900,0.1832,0.1793
1020.0000,0.2403,0.2361,0.2341,0.2043,0.1886,0.1819,0.1775
1025.0000,0.2367,0.2374,0.2297,0.2016,0.1868,0.1809,0.1747
1030.0000,0.2368,0.2365,0.2259,0.1988,0.1856,0.1794,0.1720
1035.0000,0.2345,0.2368,0.2207,0.1970,0.1839,0.1783,0.1679
1040.0000,0.2334,0.2353,0.2165,0.1947,0.1832,0.1751,0.1669
1045.0000,0.2338,0.2318,0.2131,0.1923,0.1825,0.1721,0.1651
1050.0000,0.2327,0.2284,0.2096,0.1906,0.1813,0.1695,0.1622
1055.0000,0.2318,0.2239,0.2070,0.1885,0.1806,0.1653,0.1630
1060.0000,0.2287,0.2204,0.2039,0.1871,0.1790,0.1621,0.1637
1065.0000,0.2255,0.2170,0.2008,0.1861,0.1765,0.1597,0.1651
1070.0000,0.2212,0.2146,0.1972,0.1859,0.1728,0.1593,0.1647
1075.0000,0.2165,0.2125,0.1936,0.1859,0.1682,0.1607,0.1625
1080.0000,0.2148,0.2087,0.1916,0.1850,0.1646,0.1615,0.1618
1085.0000,0.2109,0.2063,0.1893,0.1841,0.1609,0.1636,0.1580
1090.0000,0.2077,0.2031,0.1882,0.1819,0.1589,0.1641,0.1559
1095.0000,0.2062,0.1990,0.1885,0.1784,0.1589,0.1624,0.1557
1100.0000,0.2047,0.1951,0.1887,0.1750,0.1586,0.1621,0.1523
1105.0000,0.2028,0.1914,0.1894,0.1706,0.1607,0.1580,0.1558
1110.0000,0.1989,0.1898,0.1886,0.1673,0.1616,0.1557,0.1572
1115.0000,0.1964,0.1882,0.1872,0.1647,0.1620,0.1539,0.1589
1120.0000,0.1940,0.1875,0.1847,0.1630,0.1613,0.1536,0.1593
1125.0000,0.1915,0.1874,0.1811,0.1625,0.1594,0.1552,0.1575
1130.0000,0.1886,0.1877,0.1771,0.1623,0.1580,0.1558,0.1578
1135.0000,0.1853,0.1883,0.1727,0.1627,0.1558,0.1578,0.1554
1140.0000,0.1861,0.1859,0.1701,0.1622,0.1551,0.1583,0.1543
1145.0000,0.1840,0.1848,0.1669,0.1622,0.1539,0.1594,0.1513
1150.0000,0.1826,0.1821,0.1653,0.1611,0.1545,0.1582,0.1514
1155.0000,0.1823,0.1782,0.1649,0.1593,0.1560,0.1557,0.1528
1160.0000,0.1817,0.1740,0.1649,0.1579,0.1569,0.1545,0.1520
1165.0000,0.1809,0.1698,0.1654,0.1562,0.1583,0.1518,0.1551
1170.0000,0.1770,0.1681,0.1644,0.1557,0.1583,0.1510,0.1564
1175.0000,0.1747,0.1660,0.1637,0.1553,0.1581,0.1501,0.1595
1180.0000,0.1715,0.1656,0.1617,0.1562,0.1560,0.1521,0.1583
1185.0000,0.1692,0.1653,0.1597,0.1572,0.1537,0.1550,0.1561
1190.0000,0.1656,0.1665,0.1570,0.1584,0.1517,0.1572,0.1546
1195.0000,0.1630,0.1670,0.1551,0.1592,0.1502,0.1592,0.1522
1200.0000,0.1621,0.1658,0.1547,0.1586,0.1506,0.1593,0.1515
1205.0000,0.1638,0.1629,0.1556,0.1575,0.1511,0.1601,0.1466
1210.0000,0.1649,0.1593,0.1577,0.1551,0.1540,0.1566,0.1499
1215.0000,0.1662,0.1560,0.1598,0.1530,0.1566,0.1538,0.1508
1220.0000,0.1628,0.1556,0.1601,0.1519,0.1580,0.1518,0.1506
1225.0000,0.1621,0.1545,0.1604,0.1512,0.1591,0.1496,0.1509
1230.0000,0.1586,0.1561,0.1589,0.1518,0.1588,0.1484,0.1508
1235.0000,0.1576,0.1573,0.1571,0.1529,0.1578,0.1477,0.1510
1240.0000,0.1556,0.1594,0.1544,0.1546,0.1560,0.1472,0.1523
1245.0000,0.1532,0.1616,0.1516,0.1568,0.1532,0.1482,0.1525
1250.0000,0.1561,0.1605,0.1508,0.1581,0.1507,0.1497,0.1521
1255.0000,0.1562,0.1600,0.1501,0.1590,0.1484,0.1513,0.1521
1260.0000,0.1572,0.1582,0.1508,0.1590,0.1467,0.1531,0.1512
1265.0000,0.1576,0.1560,0.1524,0.1581,0.1462,0.1541,0.1507
1270.0000,0.1582,0.1535,0.1546,0.1564,0.1462,0.1555,0.1480
1275.0000,0.1586,0.1512,0.1573,0.1539,0.1479,0.1543,0.1491
1280.0000,0.1563,0.1511,0.1587,0.1517,0.1497,0.1531,0.1494
1285.0000,0.1558,0.1509,0.1598,0.1498,0.1512,0.1525,0.1478
1290.0000,0.1540,0.1523,0.1596,0.1484,0.1530,0.1504,0.1493
1295.0000,0.1536,0.1538,0.1587,0.1478,0.1541,0.1490,0.1498
1300.0000,0.1531,0.1557,0.1568,0.1480,0.1544,0.1480,0.1504
1305.0000,0.1523,0.1578,0.1543,0.1489,0.1539,0.1475,0.1510
1310.0000,0.1542,0.1579,0.1524,0.1499,0.1530,0.1478,0.1508
1315.0000,0.1547,0.1582,0.1505,0.1511,0.1517,0.1481,0.1517
1320.0000,0.1549,0.1579,0.1489,0.1524,0.1500,0.1494,0.1508
1325.0000,0.1542,0.1575,0.1477,0.1535,0.1484,0.1510,0.1493
1330.0000,0.1555,0.1555,0.1479,0.1539,0.1473,0.1524,0.1469
1335.0000,0.1550,0.1540,0.1484,0.1536,0.1472,0.1525,0.1463
1340.0000,0.1549,0.1521,0.1497,0.1527,0.1479,0.1517,0.1459
1345.0000,0.1542,0.1505,0.1512,0.1513,0.1493,0.1498,0.1464
1350.0000,0.1546,0.1486,0.1529,0.1500,0.1503,0.1487,0.1453
1355.0000,0.1542,0.1476,0.1543,0.1485,0.1520,0.1457,0.1486
1360.0000,0.1520,0.1484,0.1542,0.1482,0.1523,0.1444,0.1507
1365.0000,0.1507,0.1496,0.1536,0.1484,0.1519,0.1435,0.1543
1370.0000,0.1485,0.1519,0.1516,0.1497,0.1499,0.1452,0.1555
1375.0000,0.1496,0.1528,0.1501,0.1511,0.1471,0.1489,0.1547
1380.0000,0.1491,0.1542,0.1485,0.1522,0.1451,0.1516,0.1559
1385.0000,0.1492,0.1547,0.1475,0.1529,0.1432,0.1556,0.1538
1390.0000,0.1512,0.1533,0.1481,0.1523,0.1432,0.1579,0.1528
1395.0000,0.1516,0.1524,0.1487,0.1515,0.1435,0.1607,0.1485
1400.0000,0.1526,0.1503,0.1507,0.1490,0.1469,0.1590,0.1510
1405.0000,0.1521,0.1491,0.1523,0.1467,0.1508,0.1565,0.1535
1410.0000,0.1524,0.1479,0.1536,0.1449,0.1537,0.1554,0.1531
1415.0000,0.1531,0.1467,0.1546,0.1433,0.1573,0.1523,0.1574
1420.0000,0.1510,0.1480,0.1535,0.1437,0.1586,0.1516,0.1594
1425.0000,0.1503,0.1491,0.1519,0.1446,0.1595,0.1508,0.1638
1430.0000,0.1482,0.1517,0.1487,0.1474,0.1578,0.1535,0.1628
1435.0000,0.1492,0.1526,0.1462,0.1503,0.1555,0.1574,0.1603
1440.0000,0.1481,0.1544,0.1434,0.1532,0.1536,0.1602,0.1594
1445.0000,0.1475,0.1550,0.1418,0.1556,0.1522,0.1631,0.1569
1450.0000,0.1475,0.1540,0.1420,0.1565,0.1525,0.1639,0.1559
1455.0000,0.1502,0.1510,0.1439,0.1567,0.1532,0.1654,0.1505
1460.0000,0.1520,0.1473,0.1474,0.1551,0.1566,0.1621,0.1540
1465.0000,0.1539,0.1438,0.1511,0.1534,0.1598,0.1590,0.1555
1470.0000,0.1508,0.1436,0.1532,0.1527,0.1621,0.1564,0.1564
1475.0000,0.1512,0.1424,0.1555,0.1521,0.1639,0.1540,0.1576
1480.0000,0.1487,0.1442,0.1557,0.1529,0.1641,0.1527,0.1589
1485.0000,0.1471,0.1470,0.1547,0.1548,0.1628,0.1528,0.1595
1490.0000,0.1453,0.1508,0.1529,0.1572,0.1610,0.1529,0.1624
1495.0000,0.1423,0.1555,0.1500,0.1605,0.1573,0.1561,0.1610
1500.0000,0.1469,0.1556,0.1497,0.1624,0.1544,0.1593,0.1590
1505.0000,0.1480,0.1567,0.1494,0.1638,0.1521,0.1621,0.1569
1510.0000,0.1507,0.1555,0.1511,0.1636,0.1515,0.1638,0.1547
1515.0000,0.1526,0.1536,0.1540,0.1620,0.1529,0.1632,0.1539
1520.0000,0.1550,0.1512,0.1575,0.1599,0.1543,0.1634,0.1490
1525.0000,0.1570,0.1488,0.1616,0.1566,0.1584,0.1587,0.1528
1530.0000,0.1546,0.1498,0.1634,0.1545,0.1614,0.1547,0.1558
1535.0000,0.1545,0.1506,0.1645,0.1532,0.1633,0.1519,0.1583
1540.0000,0.1533,0.1534,0.1636,0.1532,0.1638,0.1496,0.1629
1545.0000,0.1534,0.1563,0.1614,0.1549,0.1617,0.1511,0.1643
1550.0000,0.1531,0.1595,0.1586,0.1568,0.1597,0.1518,0.1702
1555.0000,0.1516,0.1634,0.1548,0.1599,0.1554,0.1568,0.1703
1560.0000,0.1556,0.1632,0.1532,0.1620,0.1516,0.1631,0.1690
1565.0000,0.1566,0.1636,0.1520,0.1633,0.1491,0.1685,0.1684
1570.0000,0.1579,0.1621,0.1526,0.1630,0.1485,0.1731,0.1675
1575.0000,0.1598,0.1594,0.1550,0.1609,0.1507,0.1751,0.1686
1580.0000,0.1603,0.1569,0.1574,0.1588,0.1530,0.1786,0.1636
1585.0000,0.1618,0.1535,0.1614,0.1547,0.1592,0.1761,0.1689
1590.0000,0.1628,0.1512,0.1645,0.1513,0.1652,0.1738,0.1717
1595.0000,0.1591,0.1524,0.1648,0.1498,0.1700,0.1723,0.1731
1600.0000,0.1590,0.1528,0.1648,0.1491,0.1742,0.1707,0.1746
1605.0000,0.1561,0.1561,0.1621,0.1507,0.1764,0.1704,0.1749
1610.0000,0.1559,0.1587,0.1589,0.1534,0.1774,0.1705,0.1752
1615.0000,0.1540,0.1624,0.1544,0.1575,0.1773,0.1705,0.1770
1620.0000,0.1510,0.1663,0.1496,0.1626,0.1754,0.1724,0.1764
1625.0000,0.1562,0.1646,0.1482,0.1664,0.1742,0.1738,0.1766
1630.0000,0.1570,0.1639,0.1471,0.1702,0.1726,0.1755,0.1767
1635.0000,0.1590,0.1607,0.1486,0.1725,0.1719,0.1765,0.1780
1640.0000,0.1597,0.1575,0.1514,0.1738,0.1717,0.1775,0.1794
1645.0000,0.1608,0.1536,0.1556,0.1743,0.1717,0.1790,0.1795
1650.0000,0.1611,0.1506,0.1603,0.1738,0.1727,0.1797,0.1810
1655.0000,0.1578,0.1509,0.1636,0.1737,0.1734,0.1809,0.1815
1660.0000,0.1566,0.1514,0.1670,0.1732,0.1744,0.1823,0.1810
1665.0000,0.1549,0.1538,0.1692,0.1729,0.1758,0.1829,0.1818
1670.0000,0.1549,0.1563,0.1711,0.1725,0.1775,0.1830,0.1830
1675.0000,0.1552,0.1597,0.1718,0.1727,0.1786,0.1839,0.1825
1680.0000,0.1562,0.1629,0.1723,0.1728,0.1804,0.1832,0.1855
1685.0000,0.1573,0.1658,0.1723,0.1733,0.1818,0.1830,0.1882
1690.0000,0.1608,0.1674,0.1725,0.1740,0.1827,0.1836,0.1906
1695.0000,0.1634,0.1688,0.1725,0.1750,0.1832,0.1846,0.1937
1700.0000,0.1643,0.1707,0.1719,0.1766,0.1830,0.1870,0.1956
1705.0000,0.1668,0.1714,0.1718,0.1780,0.1829,0.1894,0.1984
1710.0000,0.1675,0.1727,0.1714,0.1797,0.1822,0.1936,0.1978
1715.0000,0.1680,0.1735,0.1716,0.1809,0.1826,0.1967,0.1988
1720.0000,0.1702,0.1729,0.1729,0.1811,0.1843,0.1986,0.2009
1725.0000,0.1710,0.1729,0.1740,0.1816,0.1857,0.2016,0.2007
1730.0000,0.1725,0.1721,0.1760,0.1810,0.1892,0.2016,0.2055
1735.0000,0.1728,0.1720,0.1778,0.1807,0.1925,0.2020,0.2103
1740.0000,0.1735,0.1721,0.1791,0.1809,0.1952,0.2036,0.2143
1745.0000,0.1741,0.1726,0.1801,0.1816,0.1977,0.2055,0.2195
1750.0000,0.1737,0.1741,0.1799,0.1836,0.1985,0.2103,0.2212
1755.0000,0.1738,0.1757,0.1798,0.1854,0.2001,0.2141,0.2250
1760.0000,0.1730,0.1780,0.1789,0.1880,0.2010,0.2196,0.2254
1765.0000,0.1749,0.1787,0.1793,0.1899,0.2031,0.2238,0.2270
1770.0000,0.1746,0.1807,0.1789,0.1923,0.2050,0.2287,0.2259
1775.0000,0.1756,0.1812,0.1800,0.1937,0.2091,0.2304,0.2294
1780.0000,0.1778,0.1804,0.1822,0.1945,0.2141,0.2310,0.2332
1785.0000,0.1793,0.1801,0.1841,0.1960,0.2182,0.2332,0.2337
1790.0000,0.1815,0.1790,0.1869,0.1970,0.2235,0.2326,0.2396
1795.0000,0.1810,0.1799,0.1885,0.1992,0.2273,0.2336,0.2436
1800.0000,0.1818,0.1804,0.1902,0.2019,0.2305,0.2350,0.2484
1805.0000,0.1817,0.1823,0.1910,0.2054,0.2328,0.2371,0.2543
1810.0000,0.1789,0.1864,0.1904,0.2105,0.2330,0.2418,0.2579
1815.0000,0.1817,0.1880,0.1913,0.2148,0.2337,0.2463,0.2637
1820.0000,0.1816,0.1911,0.1917,0.2196,0.2337,0.2524,0.2682
1825.0000,0.1807,0.1942,0.1926,0.2241,0.2338,0.2596,0.2718
1830.0000,0.1861,0.1938,0.1961,0.2269,0.2352,0.2670,0.2740
1835.0000,0.1891,0.1938,0.2003,0.2289,0.2380,0.2738,0.2754
1840.0000,0.1936,0.1924,0.2064,0.2290,0.2436,0.2777,0.2801
1845.0000,0.1940,0.1931,0.2120,0.2289,0.2506,0.2799,0.2859
1850.0000,0.1970,0.1934,0.2174,0.2291,0.2572,0.2837,0.2882
1855.0000,0.1986,0.1956,0.2219,0.2296,0.2646,0.2853,0.2944
1860.0000,0.1982,0.2003,0.2240,0.2318,0.2708,0.2880,0.2988
1865.0000,0.1990,0.2055,0.2251,0.2352,0.2763,0.2910,0.3034
1870.0000,0.1982,0.2123,0.2243,0.2402,0.2802,0.2952,0.3068
1875.0000,0.2036,0.2160,0.2248,0.2454,0.2839,0.2995,0.3096
1880.0000,0.2065,0.2204,0.2246,0.2513,0.2871,0.3038,0.3126
1885.0000,0.2101,0.2232,0.2257,0.2569,0.2906,0.3070,0.3180
1890.0000,0.2150,0.2243,0.2282,0.2621,0.2942,0.3102,0.3241
1895.0000,0.2176,0.2264,0.2305,0.2678,0.2967,0.3151,0.3289
1900.0000,0.2205,0.2275,0.2341,0.2730,0.2994,0.3200,0.3342
1905.0000,0.2235,0.2283,0.2388,0.2775,0.3025,0.3250,0.3401
1910.0000,0.2261,0.2293,0.2441,0.2816,0.3055,0.3311,0.3450
1915.0000,0.2286,0.2308,0.2497,0.2853,0.3090,0.3373,0.3498
1920.0000,0.2301,0.2336,0.2551,0.2890,0.3124,0.3447,0.3514
1925.0000,0.2327,0.2365,0.2608,0.2920,0.3168,0.3515,0.3515
1930.0000,0.2348,0.2405,0.2660,0.2949,0.3220,0.3574,0.3494
1935.0000,0.2353,0.2462,0.2706,0.2976,0.3287,0.3606,0.3476
1940.0000,0.2402,0.2506,0.2753,0.3005,0.3353,0.3640,0.3386
1945.0000,0.2444,0.2551,0.2803,0.3024,0.3448,0.3599,0.3410
1950.0000,0.2486,0.2598,0.2845,0.3052,0.3534,0.3550,0.3399
1955.0000,0.2537,0.2645,0.2878,0.3095,0.3597,0.3509,0.3341
1960.0000,0.2596,0.2682,0.2913,0.3142,0.3657,0.3432,0.3344
1965.0000,0.2636,0.2733,0.2931,0.3210,0.3677,0.3377,0.3298
1970.0000,0.2674,0.2786,0.2942,0.3292,0.3667,0.3334,0.3233
1975.0000,0.2681,0.2859,0.2944,0.3381,0.3638,0.3279,0.3188
1980.0000,0.2696,0.2923,0.2951,0.3471,0.3583,0.3240,0.3110
1985.0000,0.2781,0.2941,0.2993,0.3542,0.3521,0.3198,0.3024
1990.0000,0.2823,0.2970,0.3040,0.3601,0.3451,0.3152,0.2934
1995.0000,0.2864,0.2990,0.3108,0.3637,0.3385,0.3094,0.2845
2000.0000,0.2921,0.2994,0.3201,0.3641,0.3339,0.2998,0.2804
2005.0000,0.2974,0.3002,0.3296,0.3634,0.3276,0.2927,0.2723
2010.0000,0.3025,0.3017,0.3396,0.3603,0.3226,0.2825,0.2711
2015.0000,0.3035,0.3069,0.3471,0.3572,0.3160,0.2743,0.2691
2020.0000,0.3074,0.3119,0.3538,0.3532,0.3086,0.2674,0.2686
2025.0000,0.3110,0.3188,0.3581,0.3491,0.2998,0.2630,0.2673
2030.0000,0.3148,0.3266,0.3601,0.3450,0.2899,0.2613,0.2655
2035.0000,0.3188,0.3347,0.3605,0.3402,0.2805,0.2602,0.2663
2040.0000,0.3201,0.3444,0.3581,0.3357,0.2703,0.2627,0.2626
2045.0000,0.3293,0.3482,0.3577,0.3285,0.2630,0.2642,0.2607
2050.0000,0.3348,0.3525,0.3556,0.3210,0.2566,0.2671,0.2561
2055.0000,0.3414,0.3534,0.3545,0.3114,0.2539,0.2674,0.2551
2060.0000,0.3482,0.3521,0.3536,0.3006,0.2540,0.2662,0.2543
2065.0000,0.3503,0.3516,0.3504,0.2908,0.2542,0.2667,0.2476
2070.0000,0.3529,0.3495,0.3471,0.2804,0.2578,0.2621,0.2498
2075.0000,0.3529,0.3482,0.3412,0.2718,0.2610,0.2581,0.2491
2080.0000,0.3511,0.3474,0.3330,0.2655,0.2631,0.2550,0.2460
2085.0000,0.3488,0.3462,0.3235,0.2609,0.2654,0.2498,0.2477
2090.0000,0.3438,0.3456,0.3118,0.2591,0.2653,0.2466,0.2471
2095.0000,0.3435,0.3414,0.3011,0.2586,0.2639,0.2445,0.2458
2100.0000,0.3380,0.3385,0.2893,0.2599,0.2611,0.2424,0.2463
2105.0000,0.3315,0.3343,0.2784,0.2623,0.2567,0.2426,0.2441
2110.0000,0.3316,0.3245,0.2716,0.2635,0.2527,0.2430,0.2420
2115.0000,0.3263,0.3158,0.2658,0.2647,0.2486,0.2434,0.2402
2120.0000,0.3230,0.3047,0.2633,0.2645,0.2455,0.2437,0.2377
2125.0000,0.3161,0.2947,0.2625,0.2631,0.2437,0.2426,0.2367
2130.0000,0.3091,0.2855,0.2627,0.2612,0.2418,0.2425,0.2331
2135.0000,0.3011,0.2782,0.2636,0.2585,0.2414,0.2404,0.2328
2140.0000,0.2929,0.2728,0.2644,0.2554,0.2415,0.2377,0.2329
2145.0000,0.2872,0.2679,0.2654,0.2524,0.2413,0.2360,0.2310
2150.0000,0.2810,0.2652,0.2656,0.2494,0.2416,0.2328,0.2332
2155.0000,0.2755,0.2642,0.2645,0.2474,0.2409,0.2309,0.2346
2160.0000,0.2711,0.2641,0.2624,0.2460,0.2395,0.2299,0.2365
2165.0000,0.2669,0.2650,0.2593,0.2455,0.2372,0.2304,0.2374
2170.0000,0.2661,0.2644,0.2566,0.2450,0.2343,0.2326,0.2362
2175.0000,0.2639,0.2648,0.2534,0.2448,0.2318,0.2345,0.2361
2180.0000,0.2618,0.2646,0.2504,0.2445,0.2291,0.2378,0.2322
2185.0000,0.2604,0.2631,0.2486,0.2431,0.2282,0.2396,0.2286
2190.0000,0.2617,0.2597,0.2481,0.2411,0.2282,0.2414,0.2209
2195.0000,0.2616,0.2560,0.2486,0.2376,0.2313,0.2376,0.2227
2200.0000,0.2614,0.2523,0.2493,0.2341,0.2349,0.2328,0.2240
2205.0000,0.2585,0.2503,0.2490,0.2314,0.2382,0.2273,0.2261
2210.0000,0.2573,0.2481,0.2481,0.2299,0.2399,0.2234,0.2275
2215.0000,0.2537,0.2481,0.2454,0.2299,0.2398,0.2204,0.2303
2220.0000,0.2516,0.2482,0.2419,0.2314,0.2374,0.2204,0.2312
2225.0000,0.2485,0.2491,0.2379,0.2334,0.2345,0.2200,0.2363
2230.0000,0.2440,0.2509,0.2329,0.2370,0.2287,0.2249,0.2338
2235.0000,0.2461,0.2485,0.2308,0.2388,0.2242,0.2292,0.2332
2240.0000,0.2442,0.2476,0.2288,0.2402,0.2204,0.2336,0.2323
2245.0000,0.2431,0.2451,0.2288,0.2399,0.2185,0.2369,0.2319
2250.0000,0.2441,0.2405,0.2314,0.2373,0.2196,0.2375,0.2339
2255.0000,0.2437,0.2366,0.2340,0.2345,0.2206,0.2402,0.2310
2260.0000,0.2441,0.2321,0.2381,0.2299,0.2251,0.2381,0.2361
2265.0000,0.2404,0.2310,0.2402,0.2261,0.2294,0.2363,0.2406
2270.0000,0.2405,0.2285,0.2424,0.2228,0.2332,0.2358,0.2440
2275.0000,0.2384,0.2292,0.2420,0.2212,0.2359,0.2362,0.2474
2280.0000,0.2353,0.2320,0.2392,0.2215,0.2370,0.2384,0.2497
2285.0000,0.2330,0.2354,0.2353,0.2229,0.2377,0.2404,0.2540
2290.0000,0.2285,0.2406,0.2293,0.2264,0.2362,0.2460,0.2526
2295.0000,0.2325,0.2403,0.2262,0.2287,0.2360,0.2507,0.2511
2300.0000,0.2321,0.2416,0.2224,0.2315,0.2358,0.2553,0.2481
2305.0000,0.2333,0.2396,0.2214,0.2328,0.2378,0.2573,0.2473
2310.0000,0.2371,0.2347,0.2231,0.2325,0.2422,0.2561,0.2491
2315.0000,0.2368,0.2309,0.2247,0.2328,0.2454,0.2569,0.2451
2320.0000,0.2378,0.2259,0.2282,0.2317,0.2512,0.2523,0.2520
2325.0000,0.2366,0.2232,0.2305,0.2319,0.2554,0.2492,0.2568
2330.0000,0.2321,0.2237,0.2308,0.2340,0.2572,0.2482,0.2609
2335.0000,0.2294,0.2247,0.2306,0.2368,0.2579,0.2477,0.2675
2340.0000,0.2242,0.2286,0.2283,0.2417,0.2551,0.2523,0.2680
2345.0000,0.2257,0.2297,0.2276,0.2461,0.2522,0.2577,0.2690
2350.0000,0.2244,0.2324,0.2267,0.2502,0.2498,0.2627,0.2716
2355.0000,0.2228,0.2347,0.2264,0.2540,0.2470,0.2702,0.2684
2360.0000,0.2274,0.2326,0.2300,0.2545,0.2481,0.2737,0.2687
2365.0000,0.2291,0.2317,0.2337,0.2548,0.2494,0.2785,0.2637
2370.0000,0.2330,0.2287,0.2399,0.2522,0.2552,0.2767,0.2679
2375.0000,0.2325,0.2282,0.2452,0.2496,0.2618,0.2737,0.2724
2380.0000,0.2346,0.2273,0.2501,0.2477,0.2671,0.2730,0.2729
2385.0000,0.2356,0.2285,0.2535,0.2465,0.2727,0.2701,0.2783
2390.0000,0.2337,0.2329,0.2536,0.2479,0.2754,0.2701,0.2810
2395.0000,0.2335,0.2377,0.2526,0.2503,0.2772,0.2699,0.2865
2400.0000,0.2321,0.2443,0.2492,0.2551,0.2758,0.2741,0.2853
2405.0000,0.2364,0.2472,0.2474,0.2593,0.2748,0.2774,0.2867
2410.0000,0.2373,0.2517,0.2447,0.2643,0.2731,0.2815,0.2883
2415.0000,0.2372,0.2554,0.2427,0.2689,0.2715,0.2859,0.2895
2420.0000,0.2437,0.2534,0.2449,0.2710,0.2720,0.2888,0.2920
2425.0000,0.2469,0.2519,0.2475,0.2728,0.2724,0.2932,0.2912
2430.0000,0.2506,0.2487,0.2525,0.2725,0.2755,0.2944,0.2958
2435.0000,0.2552,0.2449,0.2585,0.2714,0.2794,0.2956,0.2995
2440.0000,0.2524,0.2454,0.2624,0.2713,0.2823,0.2984,0.3002
2445.0000,0.2530,0.2454,0.2668,0.2707,0.2863,0.2998,0.3027
2450.0000,0.2515,0.2483,0.2690,0.2712,0.2896,0.3020,0.3031
2455.0000,0.2508,0.2523,0.2699,0.2726,0.2924,0.3044,0.3018
2460.0000,0.2491,0.2582,0.2690,0.2750,0.2948,0.3065,0.2990
2465.0000,0.2482,0.2637,0.2681,0.2775,0.2980,0.3063,0.2982
2470.0000,0.2542,0.2651,0.2690,0.2792,0.3019,0.3044,0.2976
2475.0000,0.2571,0.2675,0.2689,0.2822,0.3042,0.3036,0.2941
2480.0000,0.2610,0.2680,0.2703,0.2843,0.3076,0.2993,0.2962
2485.0000,0.2640,0.2683,0.2717,0.2872,0.3094,0.2960,0.2968
2490.0000,0.2670,0.2680,0.2735,0.2903,0.3100,0.2932,0.2982
2495.0000,0.2668,0.2697,0.2742,0.2945,0.3084,0.2921,0.2983
2500.0000,0.2680,0.2710,0.2754,0.2987,0.3055,0.2926,0.2976
2505.0000,0.2680,0.2732,0.2765,0.3026,0.3022,0.2928,0.2990
2510.0000,0.2678,0.2756,0.2780,0.3062,0.2981,0.2948,0.2985
2515.0000,0.2708,0.2760,0.2813,0.3082,0.2947,0.2970,0.2978
2520.0000,0.2717,0.2778,0.2845,0.3095,0.2914,0.2999,0.2956
2525.0000,0.2745,0.2781,0.2893,0.3087,0.2903,0.3012,0.2952
2530.0000,0.2765,0.2788,0.2945,0.3068,0.2903,0.3018,0.2941
2535.0000,0.2789,0.2796,0.2994,0.3042,0.2907,0.3033,0.2889
2540.0000,0.2816,0.2807,0.3043,0.3005,0.2936,0.3010,0.2886
2545.0000,0.2822,0.2839,0.3075,0.2971,0.2968,0.2977,0.2884
2550.0000,0.2848,0.2867,0.3095,0.2944,0.2991,0.2955,0.2844
2555.0000,0.2862,0.2909,0.3094,0.2927,0.3013,0.2918,0.2824
2560.0000,0.2850,0.2971,0.3070,0.2926,0.3022,0.2881,0.2798
2565.0000,0.2895,0.3004,0.3047,0.2930,0.3022,0.2845,0.2763
2570.0000,0.2910,0.3046,0.3010,0.2945,0.3013,0.2798,0.2761
2575.0000,0.2923,0.3075,0.2972,0.2967,0.2988,0.2765,0.2743
2580.0000,0.2978,0.3069,0.2951,0.2986,0.2955,0.2738,0.2725
2585.0000,0.2993,0.3068,0.2928,0.3007,0.2913,0.2715,0.2717
2590.0000,0.3010,0.3051,0.2920,0.3022,0.2864,0.2705,0.2695
2595.0000,0.3026,0.3024,0.2923,0.3028,0.2816,0.2700,0.2669
2600.0000,0.3022,0.3003,0.2932,0.3025,0.2769,0.2698,0.2643
2605.0000,0.3015,0.2981,0.2949,0.3011,0.2731,0.2693,0.2616
2610.0000,0.3008,0.2960,0.2975,0.2983,0.2708,0.2675,0.2603
2615.0000,0.2997,0.2947,0.2996,0.2952,0.2682,0.2670,0.2562
2620.0000,0.2995,0.2935,0.3020,0.2909,0.2674,0.2645,0.2549
2625.0000,0.2979,0.2936,0.3035,0.2865,0.2672,0.2612,0.2540
2630.0000,0.2975,0.2941,0.3039,0.2825,0.2665,0.2590,0.2509
2635.0000,0.2965,0.2955,0.3031,0.2787,0.2663,0.2553,0.2511
2640.0000,0.2965,0.2969,0.3013,0.2755,0.2657,0.2519,0.2515
2645.0000,0.2959,0.2989,0.2980,0.2734,0.2640,0.2496,0.2517
2650.0000,0.2954,0.3006,0.2939,0.2719,0.2616,0.2480,0.2525
2655.0000,0.2971,0.3003,0.2901,0.2708,0.2587,0.2478,0.2528
2660.0000,0.2968,0.3005,0.2857,0.2702,0.2553,0.2480,0.2543
2665.0000,0.2953,0.3003,0.2812,0.2698,0.2514,0.2502,0.2533
2670.0000,0.2968,0.2971,0.2786,0.2684,0.2485,0.2523,0.2523
2675.0000,0.2957,0.2944,0.2760,0.2669,0.2461,0.2548,0.2501
2680.0000,0.2949,0.2905,0.2748,0.2642,0.2453,0.2561,0.2489
2685.0000,0.2949,0.2856,0.2746,0.2608,0.2459,0.2565,0.2469
2690.0000,0.2919,0.2821,0.2739,0.2576,0.2467,0.2575,0.2406
2695.0000,0.2893,0.2786,0.2737,0.2537,0.2498,0.2544,0.2408
2700.0000,0.2859,0.2763,0.2725,0.2505,0.2527,0.2509,0.2391
2705.0000,0.2826,0.2747,0.2706,0.2481,0.2556,0.2464,0.2374
2710.0000,0.2800,0.2735,0.2678,0.2470,0.2570,0.2426,0.2341
2715.0000,0.2761,0.2734,0.2640,0.2468,0.2580,0.2372,0.2345
2720.0000,0.2749,0.2722,0.2602,0.2479,0.2571,0.2334,0.2334
2725.0000,0.2723,0.2717,0.2558,0.2498,0.2548,0.2297,0.2343
2730.0000,0.2686,0.2716,0.2511,0.2529,0.2502,0.2289,0.2321
2735.0000,0.2693,0.2686,0.2485,0.2553,0.2451,0.2288,0.2298
2740.0000,0.2667,0.2668,0.2461,0.2574,0.2399,0.2286,0.2292
2745.0000,0.2646,0.2639,0.2454,0.2584,0.2348,0.2292,0.2276
2750.0000,0.2642,0.2594,0.2468,0.2577,0.2311,0.2292,0.2273
2755.0000,0.2631,0.2552,0.2491,0.2559,0.2278,0.2301,0.2253
2760.0000,0.2617,0.2515,0.2522,0.2527,0.2261,0.2297,0.2255
2765.0000,0.2584,0.2496,0.2548,0.2490,0.2252,0.2292,0.2254
2770.0000,0.2571,0.2477,0.2574,0.2448,0.2247,0.2295,0.2231
2775.0000,0.2554,0.2472,0.2591,0.2402,0.2256,0.2279,0.2243
2780.0000,0.2529,0.2485,0.2592,0.2362,0.2266,0.2263,0.2254
2785.0000,0.2519,0.2500,0.2580,0.2330,0.2271,0.2257,0.2250
2790.0000,0.2503,0.2524,0.2553,0.2305,0.2277,0.2243,0.2276
2795.0000,0.2511,0.2537,0.2521,0.2289,0.2276,0.2243,0.2286
2800.0000,0.2507,0.2556,0.2477,0.2282,0.2269,0.2247,0.2301
2805.0000,0.2501,0.2568,0.2430,0.2283,0.2257,0.2263,0.2299
2810.0000,0.2488,0.2570,0.2384,0.2287,0.2242,0.2286,0.2286
2815.0000,0.2518,0.2540,0.2358,0.2283,0.2236,0.2305,0.2266
2820.0000,0.2519,0.2510,0.2336,0.2277,0.2239,0.2312,0.2263
2825.0000,0.2512,0.2474,0.2323,0.2267,0.2251,0.2308,0.2266
2830.0000,0.2499,0.2438,0.2315,0.2256,0.2267,0.2298,0.2269
2835.0000,0.2485,0.2401,0.2309,0.2248,0.2279,0.2295,0.2255
2840.0000,0.2455,0.2374,0.2303,0.2241,0.2296,0.2277,0.2269
2845.0000,0.2427,0.2353,0.2294,0.2240,0.2306,0.2265,0.2274
2850.0000,0.2397,0.2340,0.2282,0.2245,0.2309,0.2258,0.2278
2855.0000,0.2373,0.2329,0.2269,0.2253,0.2308,0.2253,0.2284
2860.0000,0.2357,0.2316,0.2258,0.2264,0.2300,0.2255,0.2288
2865.0000,0.2335,0.2311,0.2246,0.2277,0.2289,0.2260,0.2297
2870.0000,0.2308,0.2311,0.2233,0.2292,0.2272,0.2274,0.2293
2875.0000,0.2308,0.2296,0.2231,0.2302,0.2258,0.2292,0.2280
2880.0000,0.2291,0.2294,0.2228,0.2311,0.2244,0.2311,0.2255
2885.0000,0.2283,0.2282,0.2237,0.2310,0.2243,0.2316,0.2240
2890.0000,0.2285,0.2263,0.2255,0.2299,0.2255,0.2306,0.2234
2895.0000,0.2288,0.2245,0.2274,0.2288,0.2264,0.2306,0.2194
2900.0000,0.2293,0.2227,0.2300,0.2266,0.2293,0.2264,0.2228
2905.0000,0.2273,0.2231,0.2310,0.2255,0.2310,0.2233,0.2248
2910.0000,0.2267,0.2236,0.2314,0.2251,0.2316,0.2214,0.2265
2915.0000,0.2249,0.2257,0.2303,0.2258,0.2310,0.2205,0.2283
2920.0000,0.2253,0.2272,0.2289,0.2271,0.2289,0.2217,0.2278
2925.0000,0.2247,0.2294,0.2270,0.2286,0.2268,0.2225,0.2297
2930.0000,0.2245,0.2311,0.2252,0.2303,0.2240,0.2252,0.2287
2935.0000,0.2239,0.2321,0.2240,0.2314,0.2216,0.2278,0.2280
2940.0000,0.2271,0.2306,0.2245,0.2315,0.2202,0.2306,0.2255
2945.0000,0.2280,0.2294,0.2255,0.2307,0.2201,0.2317,0.2252
2950.0000,0.2286,0.2280,0.2270,0.2291,0.2211,0.2321,0.2243
2955.0000,0.2288,0.2265,0.2290,0.2269,0.2233,0.2311,0.2235
2960.0000,0.2296,0.2251,0.2308,0.2249,0.2253,0.2308,0.2198
2965.0000,0.2305,0.2237,0.2328,0.2222,0.2291,0.2268,0.2216
2970.0000,0.2284,0.2245,0.2329,0.2210,0.2316,0.2235,0.2224
2975.0000,0.2280,0.2254,0.2322,0.2206,0.2330,0.2208,0.2229
2980.0000,0.2261,0.2277,0.2300,0.2216,0.2331,0.2185,0.2248
2985.0000,0.2266,0.2292,0.2275,0.2235,0.2315,0.2182,0.2254
2990.0000,0.2252,0.2319,0.2240,0.2261,0.2291,0.2179,0.2286
2995.0000,0.2237,0.2340,0.2206,0.2293,0.2253,0.2202,0.2290
3000.0000,0.2272,0.2324,0.2196,0.2312,0.2218,0.2232,0.2294
3005.0000,0.2274,0.2316,0.2190,0.2327,0.2186,0.2266,0.2298
3010.0000,0.2289,0.2288,0.2204,0.2327,0.2168,0.2298,0.2299
3015.0000,0.2290,0.2260,0.2228,0.2314,0.2166,0.2320,0.2310
3020.0000,0.2291,0.2233,0.2257,0.2294,0.2169,0.2352,0.2287
3025.0000,0.2292,0.2209,0.2293,0.2261,0.2199,0.2350,0.2319
3030.0000,0.2267,0.2208,0.2314,0.2233,0.2231,0.2348,0.2339
3035.0000,0.2257,0.2212,0.2328,0.2210,0.2259,0.2357,0.2333
3040.0000,0.2252,0.2222,0.2333,0.2190,0.2295,0.2347,0.2365
3045.0000,0.2245,0.2242,0.2323,0.2182,0.2322,0.2347,0.2379
3050.0000,0.2244,0.2263,0.2304,0.2185,0.2343,0.2349,0.2393
3055.0000,0.2237,0.2290,0.2273,0.2199,0.2354,0.2358,0.2400
3060.0000,0.2209,0.2325,0.2233,0.2225,0.2355,0.2374,0.2401
3065.0000,0.2250,0.2319,0.2212,0.2246,0.2359,0.2388,0.2399
3070.0000,0.2251,0.2324,0.2187,0.2273,0.2360,0.2400,0.2402
3075.0000,0.2261,0.2310,0.2179,0.2293,0.2365,0.2405,0.2414
3080.0000,0.2280,0.2282,0.2185,0.2306,0.2376,0.2404,0.2436
3085.0000,0.2287,0.2255,0.2196,0.2321,0.2381,0.2413,0.2448
3090.0000,0.2287,0.2228,0.2215,0.2329,0.2391,0.2414,0.2483
3095.0000,0.2269,0.2216,0.2231,0.2341,0.2394,0.2428,0.2511
3100.0000,0.2256,0.2208,0.2249,0.2351,0.2397,0.2446,0.2544
3105.0000,0.2238,0.2212,0.2262,0.2364,0.2393,0.2479,0.2561
3110.0000,0.2232,0.2218,0.2276,0.2376,0.2390,0.2521,0.2563
3115.0000,0.2221,0.2233,0.2287,0.2385,0.2393,0.2559,0.2564
3120.0000,0.2215,0.2248,0.2301,0.2389,0.2407,0.2588,0.2572
3125.0000,0.2231,0.2253,0.2323,0.2384,0.2437,0.2600,0.2591
3130.0000,0.2238,0.2266,0.2337,0.2385,0.2461,0.2627,0.2574
3135.0000,0.2256,0.2271,0.2358,0.2377,0.2504,0.2619,0.2611
3140.0000,0.2266,0.2282,0.2371,0.2377,0.2541,0.2619,0.2627
3145.0000,0.2280,0.2292,0.2381,0.2382,0.2573,0.2623,0.2630
3150.0000,0.2289,0.2308,0.2383,0.2395,0.2601,0.2624,0.2637
3155.0000,0.2298,0.2326,0.2380,0.2415,0.2622,0.2627,0.2638
3160.0000,0.2306,0.2346,0.2373,0.2442,0.2635,0.2630,0.2637
3165.0000,0.2300,0.2372,0.2361,0.2474,0.2644,0.2629,0.2650
3170.0000,0.2326,0.2377,0.2362,0.2503,0.2651,0.2626,0.2669
3175.0000,0.2332,0.2392,0.2358,0.2538,0.2646,0.2635,0.2681
3180.0000,0.2341,0.2397,0.2364,0.2568,0.2642,0.2641,0.2713
3185.0000,0.2349,0.2398,0.2379,0.2595,0.2634,0.2657,0.2739
3190.0000,0.2372,0.2387,0.2405,0.2615,0.2626,0.2680,0.2763
3195.0000,0.2387,0.2379,0.2437,0.2629,0.2621,0.2709,0.2784
3200.0000,0.2398,0.2376,0.2472,0.2636,0.2621,0.2739,0.2812
3205.0000,0.2395,0.2384,0.2505,0.2639,0.2625,0.2771,0.2840
3210.0000,0.2398,0.2399,0.2535,0.2640,0.2633,0.2811,0.2856
3215.0000,0.2392,0.2425,0.2559,0.2639,0.2647,0.2849,0.2869
3220.0000,0.2410,0.2445,0.2585,0.2631,0.2675,0.2877,0.2883
3225.0000,0.2422,0.2473,0.2602,0.2628,0.2702,0.2913,0.2871
3230.0000,0.2440,0.2497,0.2621,0.2619,0.2747,0.2919,0.2896
3235.0000,0.2467,0.2515,0.2637,0.2611,0.2800,0.2912,0.2930
3240.0000,0.2495,0.2533,0.2645,0.2614,0.2840,0.2920,0.2937
3245.0000,0.2518,0.2552,0.2647,0.2622,0.2885,0.2908,0.2991
3250.0000,0.2533,0.2576,0.2638,0.2644,0.2913,0.2913,0.3032
3255.0000,0.2538,0.2607,0.2619,0.2678,0.2929,0.2926,0.3086
3260.0000,0.2536,0.2640,0.2595,0.2724,0.2926,0.2965,0.3108
3265.0000,0.2573,0.2643,0.2589,0.2765,0.2925,0.3006,0.3142
3270.0000,0.2583,0.2654,0.2582,0.2808,0.2920,0.3054,0.3182
3275.0000,0.2590,0.2657,0.2587,0.2846,0.2916,0.3112,0.3208
3280.0000,0.2615,0.2641,0.2612,0.2871,0.2925,0.3169,0.3229
3285.0000,0.2627,0.2629,0.2644,0.2890,0.2939,0.3230,0.3227
3290.0000,0.2639,0.2615,0.2689,0.2894,0.2977,0.3267,0.3260
3295.0000,0.2636,0.2612,0.2735,0.2892,0.3030,0.3286,0.3303
3300.0000,0.2642,0.2614,0.2778,0.2894,0.3078,0.3322,0.3298
3305.0000,0.2651,0.2623,0.2820,0.2890,0.3145,0.3320,0.3369
3310.0000,0.2659,0.2645,0.2849,0.2898,0.3204,0.3328,0.3421
3315.0000,0.2660,0.2682,0.2863,0.2920,0.3249,0.3349,0.3461
3320.0000,0.2667,0.2725,0.2864,0.2955,0.3281,0.3385,0.3470
3325.0000,0.2663,0.2778,0.2855,0.3000,0.3304,0.3423,0.3473
3330.0000,0.2706,0.2804,0.2858,0.3043,0.3331,0.3452,0.3483
3335.0000,0.2709,0.2852,0.2848,0.3096,0.3348,0.3487,0.3478
3340.0000,0.2734,0.2875,0.2858,0.3139,0.3381,0.3492,0.3518
3345.0000,0.2789,0.2871,0.2887,0.3174,0.3415,0.3496,0.3557
3350.0000,0.2824,0.2871,0.2918,0.3212,0.3437,0.3514,0.3580
3355.0000,0.2852,0.2871,0.2956,0.3248,0.3458,0.3532,0.3606
3360.0000,0.2864,0.2881,0.2992,0.3288,0.3466,0.3573,0.3592
3365.0000,0.2882,0.2890,0.3035,0.3319,0.3482,0.3600,0.3584
3370.0000,0.2889,0.2913,0.3075,0.3350,0.3497,0.3627,0.3555
3375.0000,0.2904,0.2937,0.3120,0.3372,0.3524,0.3631,0.3537
3380.0000,0.2915,0.2974,0.3156,0.3399,0.3543,0.3644,0.3474
3385.0000,0.2937,0.3007,0.3201,0.3411,0.3587,0.3599,0.3503
3390.0000,0.2969,0.3038,0.3242,0.3426,0.3622,0.3558,0.3513
3395.0000,0.2998,0.3079,0.3273,0.3450,0.3638,0.3533,0.3499
3400.0000,0.3024,0.3122,0.3299,0.3476,0.3649,0.3497,0.3517
3405.0000,0.3066,0.3158,0.3323,0.3507,0.3641,0.3480,0.3513
3410.0000,0.3106,0.3191,0.3347,0.3537,0.3626,0.3462,0.3528
3415.0000,0.3140,0.3228,0.3366,0.3571,0.3593,0.3468,0.3509
3420.0000,0.3142,0.3280,0.3375,0.3607,0.3552,0.3483,0.3489
3425.0000,0.3197,0.3304,0.3401,0.3629,0.3517,0.3495,0.3472
3430.0000,0.3214,0.3345,0.3420,0.3645,0.3484,0.3506,0.3462
3435.0000,0.3216,0.3386,0.3444,0.3650,0.3460,0.3511,0.3453
3440.0000,0.3289,0.3389,0.3487,0.3640,0.3442,0.3528,0.3402
3445.0000,0.3340,0.3390,0.3537,0.3612,0.3447,0.3514,0.3397
3450.0000,0.3404,0.3381,0.3591,0.3576,0.3461,0.3498,0.3365
3455.0000,0.3407,0.3404,0.3625,0.3542,0.3479,0.3469,0.3330
3460.0000,0.3439,0.3418,0.3654,0.3510,0.3495,0.3442,0.3265
3465.0000,0.3440,0.3457,0.3663,0.3482,0.3522,0.3373,0.3271
3470.0000,0.3451,0.3501,0.3652,0.3467,0.3532,0.3315,0.3259
3475.0000,0.3448,0.3560,0.3617,0.3472,0.3521,0.3268,0.3244
3480.0000,0.3436,0.3619,0.3569,0.3488,0.3491,0.3230,0.3234
3485.0000,0.3503,0.3627,0.3540,0.3503,0.3450,0.3209,0.3206
3490.0000,0.3530,0.3637,0.3508,0.3519,0.3403,0.3185,0.3201
3495.0000,0.3558,0.3629,0.3487,0.3533,0.3344,0.3186,0.3155
3500.0000,0.3582,0.3606,0.3480,0.3536,0.3291,0.3184,0.3115
3505.0000,0.3584,0.3587,0.3477,0.3532,0.3240,0.3185,0.3060
3510.0000,0.3579,0.3562,0.3487,0.3510,0.3209,0.3159,0.3050
3515.0000,0.3575,0.3534,0.3506,0.3475,0.3189,0.3126,0.3043
3520.0000,0.3563,0.3516,0.3520,0.3441,0.3163,0.3113,0.2999
3525.0000,0.3562,0.3494,0.3540,0.3393,0.3157,0.3068,0.3020
3530.0000,0.3542,0.3487,0.3547,0.3350,0.3146,0.3034,0.3030
3535.0000,0.3536,0.3480,0.3548,0.3309,0.3131,0.3013,0.3033
3540.0000,0.3526,0.3483,0.3534,0.3274,0.3111,0.2999,0.3040
3545.0000,0.3497,0.3503,0.3502,0.3250,0.3081,0.3001,0.3036
3550.0000,0.3499,0.3510,0.3469,0.3226,0.3053,0.3007,0.3038
3555.0000,0.3473,0.3531,0.3420,0.3211,0.3022,0.3021,0.3034
3560.0000,0.3429,0.3555,0.3365,0.3199,0.2992,0.3040,0.3024
3565.0000,0.3476,0.3524,0.3337,0.3174,0.2974,0.3063,0.2993
3570.0000,0.3475,0.3501,0.3307,0.3147,0.2968,0.3072,0.2975
3575.0000,0.3492,0.3453,0.3293,0.3111,0.2979,0.3068,0.2952
3580.0000,0.3481,0.3409,0.3282,0.3071,0.3004,0.3043,0.2937
3585.0000,0.3481,0.3355,0.3274,0.3036,0.3025,0.3027,0.2888
3590.0000,0.3452,0.3318,0.3260,0.3000,0.3064,0.2963,0.2928
3595.0000,0.3404,0.3300,0.3229,0.2984,0.3082,0.2919,0.2945
3600.0000,0.3356,0.3295,0.3184,0.2984,0.3082,0.2886,0.2970
3605.0000,0.3302,0.3298,0.3128,0.3002,0.3057,0.2879,0.2977
3610.0000,0.3297,0.3276,0.3083,0.3023,0.3020,0.2893,0.2971
3615.0000,0.3261,0.3267,0.3036,0.3046,0.2982,0.2902,0.2996
3620.0000,0.3232,0.3247,0.3000,0.3069,0.2935,0.2936,0.2985
3625.0000,0.3234,0.3200,0.2990,0.3077,0.2899,0.2970,0.2975
3630.0000,0.3212,0.3162,0.2986,0.3078,0.2870,0.3009,0.2947
3635.0000,0.3190,0.3118,0.2999,0.3062,0.2862,0.3030,0.2927
3640.0000,0.3166,0.3077,0.3023,0.3033,0.2873,0.3038,0.2899
3645.0000,0.3142,0.3043,0.3046,0.3002,0.2887,0.3052,0.2815
