150.0000,0.3558,0.4085,0.5329,0.5685,0.4930,0.4486,0.4306
155.0000,0.3780,0.4329,0.5479,0.5618,0.4819,0.4409,0.4238
160.0000,0.3980,0.4587,0.5578,0.5545,0.4702,0.4352,0.4150
165.0000,0.4229,0.4790,0.5669,0.5441,0.4615,0.4266,0.4131
170.0000,0.4454,0.4979,0.5722,0.5333,0.4523,0.4204,0.4087
175.0000,0.4668,0.5142,0.5745,0.5221,0.4435,0.4154,0.4032
180.0000,0.4809,0.5316,0.5719,0.5115,0.4350,0.4108,0.3993
185.0000,0.5004,0.5421,0.5690,0.4997,0.4283,0.4055,0.3970
190.0000,0.5155,0.5509,0.5631,0.4887,0.4213,0.4024,0.3926
195.0000,0.5281,0.5563,0.5559,0.4777,0.4156,0.3987,0.3901
200.0000,0.5343,0.5610,0.5462,0.4678,0.4101,0.3956,0.3873
205.0000,0.5442,0.5603,0.5369,0.4578,0.4053,0.3936,0.3823
210.0000,0.5481,0.5588,0.5262,0.4485,0.4018,0.3898,0.3821
215.0000,0.5491,0.5554,0.5149,0.4402,0.3983,0.3870,0.3802
220.0000,0.5511,0.5486,0.5042,0.4323,0.3951,0.3852,0.3762
225.0000,0.5486,0.5415,0.4932,0.4251,0.3928,0.3819,0.3760
230.0000,0.5426,0.5342,0.4818,0.4192,0.3901,0.3796,0.3742
235.0000,0.5388,0.5242,0.4716,0.4135,0.3879,0.3774,0.3723
240.0000,0.5325,0.5143,0.4616,0.4087,0.3854,0.3757,0.3695
245.0000,0.5227,0.5053,0.4518,0.4046,0.3833,0.3733,0.3687
250.0000,0.5157,0.4943,0.4434,0.4006,0.3813,0.3712,0.3671
255.0000,0.5057,0.4850,0.4348,0.3977,0.3787,0.3700,0.3647
260.0000,0.4974,0.4746,0.4279,0.3946,0.3768,0.3681,0.3634
265.0000,0.4885,0.4643,0.4219,0.3915,0.3751,0.3659,0.3624
270.0000,0.4782,0.4558,0.4158,0.3893,0.3728,0.3648,0.3602
275.0000,0.4679,0.4478,0.4103,0.3871,0.3708,0.3633,0.3592
280.0000,0.4602,0.4393,0.4062,0.3846,0.3690,0.3617,0.3580
285.0000,0.4527,0.4313,0.4026,0.3824,0.3671,0.3609,0.3555
290.0000,0.4433,0.4252,0.3988,0.3802,0.3655,0.3590,0.3554
295.0000,0.4365,0.4189,0.3959,0.3780,0.3641,0.3576,0.3545
300.0000,0.4290,0.4142,0.3925,0.3764,0.3620,0.3571,0.3520
305.0000,0.4233,0.4091,0.3900,0.3742,0.3607,0.3556,0.3515
310.0000,0.4180,0.4043,0.3878,0.3720,0.3597,0.3540,0.3512
315.0000,0.4123,0.4008,0.3851,0.3704,0.3580,0.3535,0.3490
320.0000,0.4070,0.3977,0.3827,0.3687,0.3568,0.3522,0.3487
325.0000,0.4027,0.3945,0.3805,0.3669,0.3557,0.3510,0.3481
330.0000,0.4000,0.3910,0.3787,0.3652,0.3543,0.3507,0.3456
335.0000,0.3958,0.3886,0.3766,0.3636,0.3535,0.3491,0.3464
340.0000,0.3915,0.3867,0.3742,0.3622,0.3524,0.3481,0.3460
345.0000,0.3899,0.3838,0.3725,0.3608,0.3510,0.3480,0.3439
350.0000,0.3870,0.3816,0.3706,0.3594,0.3502,0.3467,0.3446
355.0000,0.3836,0.3799,0.3685,0.3582,0.3492,0.3460,0.3444
360.0000,0.3824,0.3771,0.3672,0.3568,0.3484,0.3453,0.3440
365.0000,0.3800,0.3752,0.3654,0.3557,0.3472,0.3453,0.3427
370.0000,0.3770,0.3736,0.3637,0.3545,0.3466,0.3445,0.3431
375.0000,0.3759,0.3711,0.3626,0.3532,0.3460,0.3439,0.3430
380.0000,0.3736,0.3696,0.3609,0.3523,0.3450,0.3441,0.3419
385.0000,0.3714,0.3680,0.3595,0.3512,0.3446,0.3435,0.3422
390.0000,0.3703,0.3657,0.3586,0.3499,0.3444,0.3429,0.3424
395.0000,0.3682,0.3644,0.3571,0.3491,0.3436,0.3432,0.3414
400.0000,0.3659,0.3633,0.3557,0.3483,0.3433,0.3428,0.3417
405.0000,0.3650,0.3614,0.3547,0.3473,0.3431,0.3425,0.3418
410.0000,0.3634,0.3601,0.3534,0.3467,0.3425,0.3430,0.3404
415.0000,0.3613,0.3591,0.3521,0.3460,0.3425,0.3424,0.3412
420.0000,0.3606,0.3573,0.3513,0.3452,0.3425,0.3421,0.3413
425.0000,0.3590,0.3564,0.3500,0.3449,0.3419,0.3426,0.3399
430.0000,0.3574,0.3553,0.3490,0.3444,0.3419,0.3421,0.3404
435.0000,0.3568,0.3537,0.3484,0.3438,0.3422,0.3415,0.3407
440.0000,0.3553,0.3528,0.3474,0.3436,0.3417,0.3419,0.3394
445.0000,0.3538,0.3519,0.3465,0.3433,0.3418,0.3414,0.3399
450.0000,0.3520,0.3512,0.3457,0.3431,0.3417,0.3410,0.3401
455.0000,0.3520,0.3497,0.3452,0.3429,0.3413,0.3415,0.3383
460.0000,0.3506,0.3490,0.3446,0.3427,0.3414,0.3407,0.3393
465.0000,0.3489,0.3486,0.3439,0.3427,0.3412,0.3404,0.3394
470.0000,0.3490,0.3473,0.3436,0.3426,0.3407,0.3410,0.3375
475.0000,0.3479,0.3467,0.3432,0.3425,0.3407,0.3402,0.3385
480.0000,0.3466,0.3463,0.3428,0.3424,0.3405,0.3398,0.3386
485.0000,0.3468,0.3452,0.3429,0.3420,0.3405,0.3394,0.3385
490.0000,0.3458,0.3448,0.3425,0.3421,0.3400,0.3396,0.3374
495.0000,0.3446,0.3446,0.3423,0.3419,0.3399,0.3390,0.3379
500.0000,0.3449,0.3437,0.3425,0.3415,0.3399,0.3385,0.3378
505.0000,0.3442,0.3436,0.3422,0.3415,0.3393,0.3388,0.3368
510.0000,0.3432,0.3436,0.3419,0.3414,0.3391,0.3383,0.3370
515.0000,0.3436,0.3428,0.3421,0.3410,0.3391,0.3378,0.3371
520.0000,0.3431,0.3429,0.3418,0.3409,0.3385,0.3380,0.3360
525.0000,0.3423,0.3429,0.3415,0.3408,0.3383,0.3377,0.3361
530.0000,0.3428,0.3424,0.3416,0.3404,0.3382,0.3372,0.3360
535.0000,0.3423,0.3424,0.3412,0.3404,0.3376,0.3376,0.3344
540.0000,0.3417,0.3424,0.3411,0.3400,0.3376,0.3367,0.3352
545.0000,0.3422,0.3418,0.3412,0.3396,0.3376,0.3362,0.3352
550.0000,0.3419,0.3419,0.3408,0.3395,0.3370,0.3365,0.3338
555.0000,0.3414,0.3419,0.3405,0.3392,0.3368,0.3359,0.3341
560.0000,0.3418,0.3413,0.3406,0.3388,0.3368,0.3353,0.3343
565.0000,0.3414,0.3413,0.3402,0.3387,0.3362,0.3355,0.3330
570.0000,0.3409,0.3414,0.3399,0.3385,0.3360,0.3350,0.3333
575.0000,0.3397,0.3417,0.3394,0.3383,0.3357,0.3346,0.3333
580.0000,0.3409,0.3409,0.3393,0.3381,0.3351,0.3350,0.3314
585.0000,0.3404,0.3408,0.3390,0.3378,0.3350,0.3341,0.3323
590.0000,0.3397,0.3408,0.3387,0.3375,0.3348,0.3337,0.3323
595.0000,0.3404,0.3400,0.3388,0.3371,0.3346,0.3332,0.3322
600.0000,0.3399,0.3400,0.3383,0.3370,0.3340,0.3334,0.3310
605.0000,0.3392,0.3399,0.3381,0.3366,0.3339,0.3327,0.3314
610.0000,0.3397,0.3392,0.3382,0.3361,0.3338,0.3322,0.3313
615.0000,0.3392,0.3392,0.3377,0.3360,0.3332,0.3323,0.3301
620.0000,0.3384,0.3393,0.3373,0.3357,0.3330,0.3316,0.3305
625.0000,0.3390,0.3385,0.3374,0.3352,0.3329,0.3312,0.3304
630.0000,0.3385,0.3385,0.3368,0.3351,0.3322,0.3314,0.3293
635.0000,0.3375,0.3387,0.3364,0.3349,0.3319,0.3309,0.3294
640.0000,0.3383,0.3378,0.3364,0.3344,0.3318,0.3303,0.3295
645.0000,0.3378,0.3378,0.3359,0.3342,0.3312,0.3305,0.3285
650.0000,0.3372,0.3377,0.3356,0.3339,0.3310,0.3300,0.3287
655.0000,0.3376,0.3370,0.3356,0.3334,0.3308,0.3296,0.3286
660.0000,0.3371,0.3369,0.3351,0.3333,0.3301,0.3299,0.3272
665.0000,0.3364,0.3368,0.3348,0.3329,0.3301,0.3292,0.3279
670.0000,0.3367,0.3361,0.3347,0.3324,0.3300,0.3288,0.3279
675.0000,0.3363,0.3360,0.3342,0.3323,0.3293,0.3292,0.3265
680.0000,0.3356,0.3359,0.3338,0.3320,0.3292,0.3286,0.3268
685.0000,0.3359,0.3352,0.3338,0.3314,0.3292,0.3280,0.3271
690.0000,0.3354,0.3351,0.3333,0.3313,0.3286,0.3283,0.3257
695.0000,0.3348,0.3349,0.3329,0.3310,0.3285,0.3278,0.3260
700.0000,0.3336,0.3351,0.3324,0.3307,0.3282,0.3274,0.3259
705.0000,0.3345,0.3342,0.3322,0.3305,0.3277,0.3278,0.3240
710.0000,0.3340,0.3340,0.3319,0.3301,0.3278,0.3269,0.3249
715.0000,0.3331,0.3339,0.3315,0.3299,0.3275,0.3264,0.3248
720.0000,0.3337,0.3331,0.3314,0.3294,0.3275,0.3259,0.3244
725.0000,0.3331,0.3330,0.3309,0.3294,0.3269,0.3260,0.3230
730.0000,0.3322,0.3329,0.3306,0.3291,0.3268,0.3252,0.3231
735.0000,0.3328,0.3321,0.3306,0.3287,0.3267,0.3245,0.3227
740.0000,0.3322,0.3320,0.3301,0.3286,0.3261,0.3244,0.3212
745.0000,0.3313,0.3320,0.3297,0.3283,0.3259,0.3234,0.3212
750.0000,0.3318,0.3312,0.3297,0.3279,0.3257,0.3226,0.3207
755.0000,0.3313,0.3311,0.3293,0.3279,0.3250,0.3224,0.3193
760.0000,0.3304,0.3311,0.3288,0.3277,0.3245,0.3215,0.3188
765.0000,0.3309,0.3303,0.3289,0.3272,0.3242,0.3205,0.3184
770.0000,0.3304,0.3302,0.3285,0.3271,0.3233,0.3201,0.3169
775.0000,0.3297,0.3301,0.3281,0.3269,0.3227,0.3192,0.3166
780.0000,0.3300,0.3295,0.3282,0.3264,0.3222,0.3181,0.3162
785.0000,0.3295,0.3294,0.3277,0.3262,0.3211,0.3180,0.3144
790.0000,0.3289,0.3293,0.3275,0.3257,0.3205,0.3167,0.3148
795.0000,0.3292,0.3286,0.3275,0.3251,0.3198,0.3158,0.3145
800.0000,0.3288,0.3285,0.3271,0.3248,0.3186,0.3158,0.3130
805.0000,0.3282,0.3285,0.3267,0.3242,0.3178,0.3150,0.3131
810.0000,0.3285,0.3278,0.3267,0.3234,0.3172,0.3141,0.3132
815.0000,0.3281,0.3277,0.3263,0.3229,0.3161,0.3143,0.3119
820.0000,0.3275,0.3276,0.3259,0.3221,0.3153,0.3137,0.3122
825.0000,0.3264,0.3278,0.3253,0.3214,0.3146,0.3133,0.3122
830.0000,0.3273,0.3269,0.3250,0.3206,0.3137,0.3138,0.3104
835.0000,0.3267,0.3267,0.3246,0.3196,0.3135,0.3130,0.3114
840.0000,0.3259,0.3266,0.3239,0.3187,0.3131,0.3126,0.3116
845.0000,0.3264,0.3257,0.3236,0.3177,0.3129,0.3123,0.3116
850.0000,0.3258,0.3255,0.3228,0.3170,0.3123,0.3126,0.3105
855.0000,0.3249,0.3253,0.3220,0.3162,0.3123,0.3120,0.3110
860.0000,0.3253,0.3243,0.3215,0.3153,0.3123,0.3117,0.3110
865.0000,0.3246,0.3240,0.3204,0.3148,0.3119,0.3120,0.3099
870.0000,0.3234,0.3238,0.3193,0.3143,0.3118,0.3115,0.3102
875.0000,0.3238,0.3227,0.3188,0.3136,0.3120,0.3110,0.3102
880.0000,0.3229,0.3222,0.3177,0.3134,0.3116,0.3112,0.3092
885.0000,0.3217,0.3218,0.3167,0.3132,0.3115,0.3108,0.3092
890.0000,0.3220,0.3205,0.3162,0.3127,0.3116,0.3103,0.3091
895.0000,0.3211,0.3199,0.3153,0.3127,0.3111,0.3104,0.3079
900.0000,0.3199,0.3193,0.3146,0.3125,0.3110,0.3099,0.3078
905.0000,0.3198,0.3180,0.3143,0.3122,0.3110,0.3092,0.3075
910.0000,0.3189,0.3174,0.3136,0.3123,0.3104,0.3093,0.3058
915.0000,0.3178,0.3169,0.3132,0.3121,0.3104,0.3083,0.3063
920.0000,0.3176,0.3158,0.3131,0.3118,0.3103,0.3075,0.3060
925.0000,0.3167,0.3153,0.3126,0.3119,0.3096,0.3075,0.3045
930.0000,0.3157,0.3150,0.3123,0.3118,0.3092,0.3067,0.3045
935.0000,0.3156,0.3141,0.3123,0.3114,0.3089,0.3058,0.3044
940.0000,0.3148,0.3138,0.3120,0.3115,0.3081,0.3058,0.3030
945.0000,0.3140,0.3136,0.3118,0.3113,0.3075,0.3050,0.3030
950.0000,0.3127,0.3137,0.3114,0.3111,0.3069,0.3044,0.3028
955.0000,0.3135,0.3129,0.3115,0.3108,0.3060,0.3046,0.3009
960.0000,0.3128,0.3127,0.3114,0.3103,0.3056,0.3036,0.3016
965.0000,0.3120,0.3127,0.3113,0.3099,0.3050,0.3030,0.3015
970.0000,0.3126,0.3120,0.3114,0.3092,0.3046,0.3024,0.3013
975.0000,0.3121,0.3121,0.3111,0.3089,0.3038,0.3025,0.3001
980.0000,0.3114,0.3121,0.3109,0.3082,0.3034,0.3017,0.3005
985.0000,0.3119,0.3115,0.3109,0.3075,0.3031,0.3011,0.3004
990.0000,0.3115,0.3115,0.3105,0.3070,0.3023,0.3012,0.2994
995.0000,0.3107,0.3117,0.3099,0.3064,0.3019,0.3008,0.2996
1000.0000,0.3113,0.3110,0.3098,0.3056,0.3017,0.3003,0.2998
1005.0000,0.3109,0.3111,0.3091,0.3052,0.3010,0.3005,0.2989
1010.0000,0.3103,0.3110,0.3085,0.3047,0.3007,0.3001,0.2991
1015.0000,0.3107,0.3103,0.3082,0.3040,0.3006,0.2997,0.2993
1020.0000,0.3103,0.3101,0.3074,0.3036,0.3000,0.3000,0.2985
1025.0000,0.3096,0.3098,0.3068,0.3031,0.2999,0.2997,0.2989
1030.0000,0.3099,0.3090,0.3064,0.3025,0.2998,0.2994,0.2991
1035.0000,0.3093,0.3087,0.3057,0.3022,0.2993,0.2999,0.2981
1040.0000,0.3084,0.3084,0.3050,0.3017,0.2993,0.2995,0.2988
1045.0000,0.3086,0.3075,0.3047,0.3012,0.2994,0.2993,0.2990
1050.0000,0.3079,0.3071,0.3040,0.3011,0.2989,0.2998,0.2980
1055.0000,0.3071,0.3067,0.3034,0.3007,0.2990,0.2996,0.2986
1060.0000,0.3071,0.3058,0.3031,0.3003,0.2992,0.2992,0.2990
1065.0000,0.3064,0.3054,0.3024,0.3002,0.2988,0.2998,0.2980
1070.0000,0.3055,0.3050,0.3019,0.3000,0.2989,0.2996,0.2985
1075.0000,0.3042,0.3049,0.3013,0.2999,0.2989,0.2995,0.2987
1080.0000,0.3048,0.3038,0.3011,0.2998,0.2987,0.3001,0.2972
1085.0000,0.3040,0.3034,0.3007,0.2996,0.2990,0.2995,0.2982
1090.0000,0.3030,0.3032,0.3003,0.2995,0.2991,0.2993,0.2984
1095.0000,0.3033,0.3023,0.3003,0.2993,0.2993,0.2990,0.2985
1100.0000,0.3026,0.3021,0.2999,0.2994,0.2990,0.2993,0.2975
1105.0000,0.3016,0.3019,0.2996,0.2994,0.2992,0.2988,0.2980
1110.0000,0.3020,0.3011,0.2997,0.2992,0.2993,0.2985,0.2980
1115.0000,0.3014,0.3010,0.2993,0.2994,0.2990,0.2988,0.2971
1120.0000,0.3004,0.3010,0.2990,0.2995,0.2989,0.2985,0.2972
1125.0000,0.3009,0.3003,0.2992,0.2994,0.2990,0.2980,0.2974
1130.0000,0.3004,0.3002,0.2990,0.2996,0.2986,0.2982,0.2964
1135.0000,0.2998,0.3002,0.2989,0.2996,0.2985,0.2978,0.2967
1140.0000,0.3001,0.2996,0.2992,0.2994,0.2985,0.2973,0.2968
1145.0000,0.2997,0.2997,0.2990,0.2995,0.2980,0.2976,0.2959
1150.0000,0.2992,0.2997,0.2990,0.2995,0.2979,0.2972,0.2961
1155.0000,0.2996,0.2993,0.2992,0.2993,0.2978,0.2968,0.2961
1160.0000,0.2993,0.2994,0.2991,0.2994,0.2972,0.2972,0.2948
1165.0000,0.2989,0.2995,0.2991,0.2992,0.2972,0.2966,0.2955
1170.0000,0.2993,0.2991,0.2994,0.2988,0.2972,0.2962,0.2956
1175.0000,0.2991,0.2993,0.2992,0.2988,0.2966,0.2966,0.2945
1180.0000,0.2986,0.2996,0.2991,0.2987,0.2965,0.2962,0.2950
1185.0000,0.2992,0.2992,0.2993,0.2983,0.2965,0.2957,0.2953
1190.0000,0.2990,0.2994,0.2990,0.2982,0.2960,0.2961,0.2943
1195.0000,0.2988,0.2995,0.2989,0.2980,0.2959,0.2958,0.2948
1200.0000,0.2980,0.2999,0.2986,0.2978,0.2957,0.2956,0.2950
1205.0000,0.2990,0.2993,0.2986,0.2976,0.2953,0.2961,0.2936
1210.0000,0.2988,0.2994,0.2985,0.2973,0.2953,0.2956,0.2947
1215.0000,0.2982,0.2995,0.2982,0.2971,0.2953,0.2954,0.2950
1220.0000,0.2990,0.2989,0.2983,0.2967,0.2953,0.2952,0.2953
1225.0000,0.2986,0.2991,0.2979,0.2967,0.2950,0.2957,0.2946
1230.0000,0.2980,0.2992,0.2976,0.2964,0.2950,0.2955,0.2953
1235.0000,0.2987,0.2985,0.2976,0.2961,0.2951,0.2954,0.2955
1240.0000,0.2984,0.2986,0.2972,0.2961,0.2948,0.2959,0.2949
1245.0000,0.2977,0.2986,0.2969,0.2959,0.2949,0.2958,0.2954
1250.0000,0.2983,0.2980,0.2969,0.2956,0.2951,0.2957,0.2958
1255.0000,0.2979,0.2979,0.2966,0.2956,0.2949,0.2962,0.2951
1260.0000,0.2973,0.2979,0.2963,0.2955,0.2951,0.2961,0.2957
1265.0000,0.2977,0.2974,0.2963,0.2953,0.2953,0.2960,0.2960
1270.0000,0.2973,0.2974,0.2959,0.2954,0.2951,0.2967,0.2951
1275.0000,0.2968,0.2973,0.2957,0.2954,0.2954,0.2965,0.2958
1280.0000,0.2972,0.2967,0.2957,0.2952,0.2957,0.2964,0.2961
1285.0000,0.2968,0.2967,0.2954,0.2954,0.2955,0.2970,0.2950
1290.0000,0.2962,0.2966,0.2952,0.2954,0.2958,0.2966,0.2958
1295.0000,0.2966,0.2961,0.2954,0.2953,0.2961,0.2964,0.2960
1300.0000,0.2962,0.2961,0.2951,0.2955,0.2960,0.2969,0.2949
1305.0000,0.2956,0.2962,0.2949,0.2957,0.2962,0.2966,0.2955
1310.0000,0.2960,0.2957,0.2951,0.2956,0.2965,0.2962,0.2959
1315.0000,0.2957,0.2957,0.2949,0.2959,0.2962,0.2966,0.2949
1320.0000,0.2953,0.2957,0.2949,0.2961,0.2963,0.2964,0.2953
1325.0000,0.2944,0.2960,0.2947,0.2963,0.2963,0.2962,0.2955
1330.0000,0.2954,0.2955,0.2950,0.2964,0.2960,0.2967,0.2940
1335.0000,0.2950,0.2955,0.2950,0.2965,0.2961,0.2961,0.2950
1340.0000,0.2945,0.2957,0.2951,0.2966,0.2961,0.2959,0.2953
1345.0000,0.2952,0.2952,0.2955,0.2965,0.2961,0.2956,0.2954
1350.0000,0.2949,0.2955,0.2954,0.2968,0.2957,0.2960,0.2945
1355.0000,0.2944,0.2957,0.2955,0.2967,0.2958,0.2956,0.2951
1360.0000,0.2952,0.2953,0.2959,0.2965,0.2958,0.2954,0.2952
1365.0000,0.2951,0.2955,0.2960,0.2967,0.2955,0.2958,0.2945
1370.0000,0.2946,0.2959,0.2960,0.2966,0.2954,0.2955,0.2949
1375.0000,0.2954,0.2956,0.2963,0.2964,0.2955,0.2953,0.2952
1380.0000,0.2952,0.2959,0.2962,0.2964,0.2952,0.2957,0.2945
1385.0000,0.2949,0.2962,0.2962,0.2963,0.2951,0.2955,0.2950
1390.0000,0.2956,0.2960,0.2964,0.2961,0.2952,0.2954,0.2953
1395.0000,0.2955,0.2963,0.2962,0.2962,0.2948,0.2960,0.2942
1400.0000,0.2953,0.2965,0.2962,0.2960,0.2950,0.2956,0.2950
1405.0000,0.2960,0.2962,0.2964,0.2958,0.2952,0.2955,0.2954
1410.0000,0.2959,0.2964,0.2962,0.2958,0.2949,0.2961,0.2944
1415.0000,0.2956,0.2966,0.2960,0.2957,0.2951,0.2957,0.2953
1420.0000,0.2962,0.2963,0.2962,0.2954,0.2953,0.2956,0.2956
1425.0000,0.2960,0.2964,0.2959,0.2956,0.2950,0.2962,0.2946
1430.0000,0.2956,0.2966,0.2957,0.2955,0.2951,0.2961,0.2952
1435.0000,0.2962,0.2962,0.2958,0.2953,0.2954,0.2958,0.2957
1440.0000,0.2960,0.2963,0.2955,0.2955,0.2952,0.2964,0.2947
1445.0000,0.2957,0.2964,0.2954,0.2955,0.2953,0.2962,0.2954
1450.0000,0.2949,0.2967,0.2951,0.2955,0.2954,0.2961,0.2957
1455.0000,0.2959,0.2961,0.2952,0.2956,0.2953,0.2968,0.2943
1460.0000,0.2956,0.2961,0.2952,0.2955,0.2956,0.2963,0.2954
1465.0000,0.2951,0.2962,0.2950,0.2956,0.2957,0.2962,0.2957
1470.0000,0.2957,0.2956,0.2953,0.2955,0.2959,0.2960,0.2959
1475.0000,0.2954,0.2958,0.2950,0.2957,0.2957,0.2965,0.2952
1480.0000,0.2948,0.2959,0.2950,0.2958,0.2959,0.2962,0.2958
1485.0000,0.2955,0.2954,0.2952,0.2957,0.2961,0.2960,0.2960
1490.0000,0.2952,0.2955,0.2951,0.2959,0.2958,0.2964,0.2953
1495.0000,0.2945,0.2958,0.2949,0.2961,0.2959,0.2963,0.2957
1500.0000,0.2953,0.2953,0.2953,0.2959,0.2961,0.2960,0.2960
1505.0000,0.2951,0.2955,0.2952,0.2962,0.2958,0.2965,0.2953
1510.0000,0.2947,0.2956,0.2952,0.2962,0.2958,0.2963,0.2958
1515.0000,0.2953,0.2953,0.2955,0.2961,0.2960,0.2962,0.2961
1520.0000,0.2950,0.2955,0.2954,0.2964,0.2956,0.2968,0.2951
1525.0000,0.2948,0.2957,0.2955,0.2963,0.2958,0.2964,0.2959
1530.0000,0.2953,0.2953,0.2958,0.2961,0.2960,0.2963,0.2963
1535.0000,0.2952,0.2955,0.2957,0.2963,0.2957,0.2969,0.2954
1540.0000,0.2948,0.2958,0.2957,0.2963,0.2958,0.2967,0.2960
1545.0000,0.2954,0.2955,0.2960,0.2961,0.2961,0.2965,0.2965
1550.0000,0.2953,0.2958,0.2959,0.2963,0.2958,0.2971,0.2956
1555.0000,0.2950,0.2961,0.2958,0.2963,0.2960,0.2970,0.2963
1560.0000,0.2956,0.2957,0.2961,0.2961,0.2962,0.2968,0.2968
1565.0000,0.2955,0.2960,0.2959,0.2963,0.2960,0.2975,0.2958
1570.0000,0.2953,0.2962,0.2959,0.2963,0.2962,0.2973,0.2966
1575.0000,0.2945,0.2966,0.2957,0.2964,0.2963,0.2972,0.2970
1580.0000,0.2956,0.2961,0.2958,0.2964,0.2962,0.2979,0.2957
1585.0000,0.2955,0.2962,0.2958,0.2964,0.2965,0.2975,0.2969
1590.0000,0.2951,0.2964,0.2958,0.2964,0.2967,0.2975,0.2974
1595.0000,0.2959,0.2960,0.2960,0.2963,0.2969,0.2974,0.2976
1600.0000,0.2956,0.2963,0.2958,0.2966,0.2967,0.2980,0.2970
1605.0000,0.2951,0.2965,0.2957,0.2967,0.2969,0.2978,0.2977
1610.0000,0.2959,0.2960,0.2960,0.2966,0.2972,0.2978,0.2981
1615.0000,0.2957,0.2962,0.2959,0.2968,0.2970,0.2984,0.2975
1620.0000,0.2951,0.2965,0.2958,0.2970,0.2972,0.2983,0.2981
1625.0000,0.2959,0.2961,0.2961,0.2969,0.2975,0.2982,0.2985
1630.0000,0.2958,0.2962,0.2961,0.2971,0.2974,0.2988,0.2980
1635.0000,0.2954,0.2964,0.2961,0.2972,0.2976,0.2987,0.2986
1640.0000,0.2960,0.2961,0.2964,0.2972,0.2979,0.2987,0.2991
1645.0000,0.2958,0.2963,0.2963,0.2974,0.2977,0.2995,0.2983
1650.0000,0.2955,0.2965,0.2963,0.2975,0.2980,0.2993,0.2993
1655.0000,0.2961,0.2962,0.2967,0.2974,0.2983,0.2994,0.2998
1660.0000,0.2960,0.2965,0.2966,0.2977,0.2981,0.3002,0.2990
1665.0000,0.2956,0.2968,0.2966,0.2979,0.2984,0.3002,0.2998
1670.0000,0.2963,0.2965,0.2969,0.2978,0.2988,0.3001,0.3004
1675.0000,0.2962,0.2967,0.2969,0.2981,0.2987,0.3009,0.2996
1680.0000,0.2960,0.2969,0.2969,0.2982,0.2990,0.3009,0.3004
1685.0000,0.2953,0.2974,0.2969,0.2983,0.2993,0.3009,0.3009
1690.0000,0.2964,0.2969,0.2972,0.2985,0.2994,0.3016,0.3000
1695.0000,0.2963,0.2971,0.2973,0.2986,0.2998,0.3015,0.3008
1700.0000,0.2955,0.2977,0.2972,0.2988,0.3001,0.3015,0.3013
1705.0000,0.2967,0.2973,0.2975,0.2990,0.3002,0.3023,0.3000
1710.0000,0.2965,0.2975,0.2976,0.2992,0.3006,0.3019,0.3013
1715.0000,0.2962,0.2978,0.2976,0.2994,0.3009,0.3019,0.3017
1720.0000,0.2971,0.2975,0.2980,0.2995,0.3013,0.3018,0.3020
1725.0000,0.2969,0.2979,0.2979,0.3000,0.3011,0.3024,0.3013
1730.0000,0.2965,0.2982,0.2979,0.3002,0.3014,0.3022,0.3019
1735.0000,0.2974,0.2978,0.2984,0.3003,0.3017,0.3021,0.3021
1740.0000,0.2973,0.2981,0.2984,0.3007,0.3016,0.3026,0.3015
1745.0000,0.2968,0.2986,0.2985,0.3010,0.3017,0.3025,0.3020
1750.0000,0.2978,0.2982,0.2991,0.3010,0.3020,0.3023,0.3024
1755.0000,0.2978,0.2985,0.2992,0.3014,0.3019,0.3027,0.3018
1760.0000,0.2976,0.2988,0.2994,0.3016,0.3020,0.3026,0.3024
1765.0000,0.2983,0.2987,0.2999,0.3016,0.3022,0.3025,0.3028
1770.0000,0.2982,0.2991,0.2999,0.3020,0.3019,0.3032,0.3019
1775.0000,0.2981,0.2995,0.3001,0.3020,0.3021,0.3030,0.3028
1780.0000,0.2988,0.2993,0.3006,0.3020,0.3023,0.3030,0.3032
1785.0000,0.2989,0.2997,0.3007,0.3023,0.3020,0.3038,0.3023
1790.0000,0.2986,0.3002,0.3008,0.3024,0.3022,0.3037,0.3031
1795.0000,0.2994,0.3001,0.3013,0.3022,0.3025,0.3036,0.3038
1800.0000,0.2996,0.3004,0.3013,0.3024,0.3024,0.3043,0.3029
1805.0000,0.2996,0.3007,0.3014,0.3024,0.3026,0.3042,0.3037
1810.0000,0.2990,0.3013,0.3014,0.3025,0.3029,0.3042,0.3043
1815.0000,0.3003,0.3010,0.3017,0.3025,0.3029,0.3049,0.3035
1820.0000,0.3002,0.3013,0.3018,0.3025,0.3032,0.3048,0.3044
1825.0000,0.2995,0.3020,0.3017,0.3027,0.3034,0.3048,0.3049
1830.0000,0.3008,0.3017,0.3019,0.3028,0.3034,0.3056,0.3037
1835.0000,0.3007,0.3019,0.3019,0.3029,0.3038,0.3054,0.3050
1840.0000,0.3004,0.3023,0.3018,0.3031,0.3041,0.3054,0.3055
1845.0000,0.3014,0.3019,0.3022,0.3031,0.3044,0.3055,0.3060
1850.0000,0.3012,0.3023,0.3020,0.3034,0.3043,0.3062,0.3055
1855.0000,0.3009,0.3025,0.3020,0.3036,0.3047,0.3061,0.3062
1860.0000,0.3018,0.3021,0.3024,0.3036,0.3050,0.3062,0.3067
1865.0000,0.3017,0.3023,0.3023,0.3040,0.3050,0.3069,0.3062
1870.0000,0.3012,0.3027,0.3023,0.3042,0.3053,0.3069,0.3069
1875.0000,0.3020,0.3023,0.3028,0.3042,0.3057,0.3069,0.3075
1880.0000,0.3019,0.3025,0.3028,0.3046,0.3056,0.3076,0.3070
1885.0000,0.3016,0.3028,0.3029,0.3048,0.3059,0.3077,0.3076
1890.0000,0.3023,0.3026,0.3033,0.3048,0.3064,0.3078,0.3081
1895.0000,0.3022,0.3029,0.3032,0.3052,0.3063,0.3086,0.3072
1900.0000,0.3020,0.3032,0.3034,0.3054,0.3067,0.3084,0.3083
1905.0000,0.3026,0.3029,0.3039,0.3054,0.3072,0.3084,0.3089
1910.0000,0.3026,0.3032,0.3039,0.3058,0.3071,0.3092,0.3081
1915.0000,0.3023,0.3037,0.3040,0.3061,0.3075,0.3092,0.3089
1920.0000,0.3030,0.3035,0.3044,0.3061,0.3079,0.3092,0.3096
1925.0000,0.3031,0.3038,0.3045,0.3066,0.3079,0.3100,0.3088
1930.0000,0.3030,0.3041,0.3046,0.3068,0.3082,0.3100,0.3096
1935.0000,0.3023,0.3047,0.3046,0.3071,0.3085,0.3101,0.3101
1940.0000,0.3036,0.3044,0.3050,0.3074,0.3084,0.3110,0.3089
1945.0000,0.3035,0.3047,0.3053,0.3076,0.3089,0.3107,0.3103
1950.0000,0.3028,0.3053,0.3053,0.3079,0.3092,0.3107,0.3110
1955.0000,0.3042,0.3050,0.3057,0.3082,0.3092,0.3116,0.3098
1960.0000,0.3042,0.3053,0.3060,0.3083,0.3097,0.3113,0.3113
1965.0000,0.3039,0.3057,0.3062,0.3086,0.3099,0.3114,0.3121
1970.0000,0.3049,0.3055,0.3067,0.3087,0.3103,0.3116,0.3126
1975.0000,0.3047,0.3060,0.3067,0.3091,0.3102,0.3124,0.3123
1980.0000,0.3045,0.3065,0.3069,0.3094,0.3105,0.3126,0.3133
1985.0000,0.3055,0.3062,0.3074,0.3094,0.3109,0.3128,0.3140
1990.0000,0.3056,0.3066,0.3075,0.3098,0.3109,0.3138,0.3137
1995.0000,0.3051,0.3073,0.3076,0.3101,0.3113,0.3140,0.3147
2000.0000,0.3062,0.3070,0.3082,0.3101,0.3118,0.3143,0.3155
2005.0000,0.3063,0.3074,0.3083,0.3104,0.3119,0.3153,0.3153
2010.0000,0.3063,0.3077,0.3085,0.3106,0.3124,0.3156,0.3163
2015.0000,0.3071,0.3076,0.3090,0.3106,0.3131,0.3160,0.3172
2020.0000,0.3071,0.3081,0.3091,0.3111,0.3132,0.3172,0.3166
2025.0000,0.3070,0.3085,0.3093,0.3113,0.3139,0.3174,0.3178
2030.0000,0.3078,0.3084,0.3097,0.3114,0.3146,0.3177,0.3186
2035.0000,0.3078,0.3089,0.3097,0.3119,0.3149,0.3189,0.3180
2040.0000,0.3076,0.3094,0.3098,0.3123,0.3156,0.3191,0.3192
2045.0000,0.3085,0.3092,0.3102,0.3125,0.3164,0.3193,0.3200
2050.0000,0.3086,0.3096,0.3103,0.3131,0.3167,0.3203,0.3192
2055.0000,0.3086,0.3099,0.3105,0.3136,0.3175,0.3205,0.3203
2060.0000,0.3080,0.3106,0.3105,0.3142,0.3181,0.3207,0.3210
2065.0000,0.3093,0.3103,0.3110,0.3147,0.3184,0.3217,0.3198
2070.0000,0.3093,0.3106,0.3113,0.3152,0.3192,0.3215,0.3212
2075.0000,0.3091,0.3111,0.3116,0.3158,0.3197,0.3217,0.3218
2080.0000,0.3101,0.3109,0.3121,0.3165,0.3199,0.3226,0.3206
2085.0000,0.3100,0.3114,0.3124,0.3171,0.3205,0.3224,0.3219
2090.0000,0.3098,0.3119,0.3128,0.3177,0.3209,0.3224,0.3225
2095.0000,0.3109,0.3117,0.3136,0.3181,0.3214,0.3225,0.3229
2100.0000,0.3109,0.3124,0.3139,0.3189,0.3214,0.3232,0.3223
2105.0000,0.3108,0.3129,0.3144,0.3194,0.3218,0.3231,0.3229
2110.0000,0.3119,0.3128,0.3153,0.3197,0.3222,0.3230,0.3233
2115.0000,0.3121,0.3135,0.3158,0.3203,0.3221,0.3237,0.3227
2120.0000,0.3118,0.3143,0.3162,0.3208,0.3224,0.3236,0.3234
2125.0000,0.3131,0.3143,0.3172,0.3210,0.3228,0.3235,0.3239
2130.0000,0.3134,0.3150,0.3176,0.3215,0.3227,0.3241,0.3233
2135.0000,0.3136,0.3157,0.3181,0.3218,0.3229,0.3241,0.3240
2140.0000,0.3146,0.3159,0.3189,0.3220,0.3232,0.3241,0.3245
2145.0000,0.3149,0.3168,0.3192,0.3225,0.3230,0.3250,0.3236
2150.0000,0.3151,0.3174,0.3196,0.3226,0.3233,0.3248,0.3246
2155.0000,0.3163,0.3176,0.3203,0.3226,0.3236,0.3248,0.3252
2160.0000,0.3167,0.3183,0.3206,0.3230,0.3234,0.3257,0.3243
2165.0000,0.3167,0.3191,0.3208,0.3232,0.3237,0.3256,0.3252
2170.0000,0.3178,0.3192,0.3214,0.3231,0.3242,0.3255,0.3260
2175.0000,0.3182,0.3198,0.3216,0.3234,0.3241,0.3264,0.3252
2180.0000,0.3185,0.3203,0.3218,0.3235,0.3245,0.3263,0.3263
2185.0000,0.3180,0.3212,0.3218,0.3237,0.3247,0.3265,0.3270
2190.0000,0.3196,0.3211,0.3222,0.3239,0.3247,0.3275,0.3259
2195.0000,0.3198,0.3215,0.3224,0.3240,0.3251,0.3273,0.3274
2200.0000,0.3197,0.3221,0.3225,0.3242,0.3254,0.3275,0.3282
2205.0000,0.3209,0.3219,0.3229,0.3243,0.3259,0.3278,0.3288
2210.0000,0.3208,0.3224,0.3228,0.3247,0.3258,0.3287,0.3284
2215.0000,0.3206,0.3229,0.3229,0.3248,0.3263,0.3289,0.3294
2220.0000,0.3218,0.3225,0.3234,0.3249,0.3269,0.3291,0.3301
2225.0000,0.3217,0.3230,0.3233,0.3253,0.3269,0.3301,0.3297
2230.0000,0.3215,0.3233,0.3235,0.3255,0.3275,0.3302,0.3308
2235.0000,0.3225,0.3230,0.3240,0.3255,0.3281,0.3304,0.3316
2240.0000,0.3225,0.3233,0.3240,0.3259,0.3283,0.3313,0.3313
2245.0000,0.3220,0.3239,0.3240,0.3263,0.3288,0.3316,0.3323
2250.0000,0.3230,0.3236,0.3244,0.3265,0.3294,0.3320,0.3330
2255.0000,0.3230,0.3240,0.3244,0.3270,0.3296,0.3330,0.3326
2260.0000,0.3228,0.3244,0.3246,0.3274,0.3301,0.3332,0.3335
2265.0000,0.3236,0.3241,0.3251,0.3276,0.3308,0.3335,0.3343
2270.0000,0.3235,0.3246,0.3251,0.3282,0.3310,0.3346,0.3335
2275.0000,0.3235,0.3248,0.3256,0.3283,0.3323,0.3335,0.3381
2280.0000,0.3243,0.3243,0.3267,0.3278,0.3345,0.3305,0.3485
2285.0000,0.3244,0.3247,0.3267,0.3286,0.3344,0.3316,0.3577
2290.0000,0.3242,0.3252,0.3268,0.3293,0.3346,0.3321,0.3770
2295.0000,0.3247,0.3261,0.3257,0.3320,0.3304,0.3423,0.3867
2300.0000,0.3245,0.3270,0.3251,0.3337,0.3280,0.3520,0.4050
2305.0000,0.3239,0.3283,0.3243,0.3358,0.3247,0.3677,0.4188
2310.0000,0.3220,0.3297,0.3241,0.3369,0.3233,0.3851,0.4360
2315.0000,0.3252,0.3283,0.3259,0.3362,0.3246,0.4053,0.4526
2320.0000,0.3256,0.3278,0.3279,0.3344,0.3295,0.4258,0.4719
2325.0000,0.3272,0.3258,0.3321,0.3299,0.3411,0.4417,0.5049
2330.0000,0.3276,0.3247,0.3357,0.3255,0.3553,0.4598,0.5408
2335.0000,0.3294,0.3237,0.3381,0.3229,0.3697,0.4844,0.5757
2340.0000,0.3305,0.3239,0.3388,0.3222,0.3850,0.5142,0.6085
2345.0000,0.3288,0.3258,0.3383,0.3223,0.4051,0.5419,0.6543
2350.0000,0.3289,0.3278,0.3362,0.3255,0.4252,0.5761,0.7013
2355.0000,0.3266,0.3321,0.3313,0.3327,0.4448,0.6184,0.7440
2360.0000,0.3284,0.3336,0.3281,0.3404,0.4699,0.6592,0.7989
2365.0000,0.3272,0.3368,0.3233,0.3517,0.4956,0.7069,0.8547
2370.0000,0.3237,0.3401,0.3193,0.3650,0.5251,0.7569,0.9198
2375.0000,0.3292,0.3384,0.3178,0.3812,0.5543,0.8195,0.9720
2380.0000,0.3293,0.3378,0.3183,0.3982,0.5898,0.8819,1.0287
2385.0000,0.3319,0.3337,0.3239,0.4143,0.6341,0.9409,1.0986
2390.0000,0.3330,0.3300,0.3321,0.4320,0.6835,1.0019,1.1702
2395.0000,0.3360,0.3257,0.3424,0.4529,0.7352,1.0698,1.2347
2400.0000,0.3378,0.3243,0.3535,0.4776,0.7900,1.1424,1.2877
2405.0000,0.3340,0.3279,0.3655,0.5041,0.8536,1.2059,1.3549
2410.0000,0.3332,0.3342,0.3772,0.5367,0.9170,1.2761,1.4078
2415.0000,0.3302,0.3449,0.3898,0.5724,0.9873,1.3361,1.4785
2420.0000,0.3368,0.3542,0.4042,0.6145,1.0551,1.4043,1.5252
2425.0000,0.3430,0.3660,0.4203,0.6614,1.1248,1.4693,1.5647
2465.0000,0.4599,0.5214,0.6855,1.1671,1.6519,1.7745,1.7761
2470.0000,0.4871,0.5511,0.7399,1.2389,1.6990,1.7858,1.7760
2475.0000,0.5176,0.5841,0.7987,1.3104,1.7384,1.7934,1.7668
2480.0000,0.5413,0.6273,0.8585,1.3813,1.7716,1.7922,1.7600
2485.0000,0.5790,0.6697,0.9240,1.4488,1.7979,1.7863,1.7473
2490.0000,0.6206,0.7151,0.9930,1.5130,1.8160,1.7779,1.7275
2495.0000,0.6531,0.7721,1.0601,1.5746,1.8264,1.7642,1.7074
2500.0000,0.7045,0.8251,1.1329,1.6288,1.8324,1.7444,1.6880
2505.0000,0.7577,0.8815,1.2059,1.6783,1.8298,1.7251,1.6618
2510.0000,0.8143,0.9400,1.2795,1.7206,1.8221,1.7022,1.6354
2515.0000,0.8687,1.0035,1.3508,1.7568,1.8088,1.6779,1.6064
2520.0000,0.9205,1.0748,1.4160,1.7882,1.7883,1.6553,1.5707
2525.0000,0.9886,1.1372,1.4849,1.8077,1.7704,1.6217,1.5531
2530.0000,1.0515,1.2037,1.5471,1.8225,1.7454,1.5939,1.5245
2535.0000,1.1182,1.2678,1.6056,1.8300,1.7175,1.5674,1.4926
2540.0000,1.1703,1.3414,1.6528,1.8336,1.6865,1.5403,1.4635
2545.0000,1.2407,1.4028,1.7001,1.8271,1.6589,1.5073,1.4442
2550.0000,1.3087,1.4613,1.7399,1.8167,1.6270,1.4814,1.4158
2555.0000,1.3741,1.5160,1.7734,1.8006,1.5960,1.4541,1.3927
2560.0000,1.4152,1.5790,1.7928,1.7840,1.5621,1.4306,1.3666
2565.0000,1.4812,1.6248,1.8111,1.7614,1.5296,1.4095,1.3341
2570.0000,1.5365,1.6667,1.8229,1.7343,1.5020,1.3811,1.3212
2575.0000,1.5872,1.7025,1.8277,1.7060,1.4724,1.3597,1.2946
2580.0000,1.6329,1.7312,1.8276,1.6746,1.4467,1.3349,1.2726
2585.0000,1.6655,1.7597,1.8177,1.6449,1.4190,1.3149,1.2436
2590.0000,1.6962,1.7786,1.8058,1.6113,1.3986,1.2838,1.2382
2595.0000,1.7280,1.7882,1.7900,1.5789,1.3759,1.2595,1.2254
2600.0000,1.7486,1.7950,1.7679,1.5488,1.3515,1.2393,1.2127
2605.0000,1.7597,1.7982,1.7411,1.5206,1.3261,1.2226,1.2000
2610.0000,1.7733,1.7914,1.7142,1.4924,1.3014,1.2086,1.1880
2615.0000,1.7742,1.7843,1.6828,1.4665,1.2764,1.1973,1.1774
2620.0000,1.7671,1.7741,1.6497,1.4418,1.2516,1.1898,1.1633
2625.0000,1.7683,1.7518,1.6215,1.4142,1.2322,1.1796,1.1542
2630.0000,1.7563,1.7311,1.5905,1.3889,1.2125,1.1739,1.1396
2635.0000,1.7396,1.7073,1.5611,1.3626,1.1975,1.1649,1.1309
2640.0000,1.7258,1.6775,1.5349,1.3352,1.1865,1.1543,1.1232
2645.0000,1.7073,1.6472,1.5084,1.3097,1.1755,1.1478,1.1069
2650.0000,1.6821,1.6182,1.4823,1.2839,1.1701,1.1329,1.1079
2655.0000,1.6570,1.5888,1.4558,1.2609,1.1637,1.1217,1.1023
2660.0000,1.6294,1.5616,1.4273,1.2415,1.1557,1.1135,1.0933
2665.0000,1.6043,1.5328,1.4001,1.2237,1.1489,1.1038,1.0882
2670.0000,1.5760,1.5058,1.3723,1.2087,1.1414,1.0950,1.0833
2675.0000,1.5439,1.4833,1.3420,1.1979,1.1312,1.0893,1.0760
2680.0000,1.5103,1.4621,1.3121,1.1892,1.1206,1.0841,1.0699
2685.0000,1.4809,1.4378,1.2859,1.1807,1.1105,1.0792,1.0637
2690.0000,1.4640,1.4062,1.2658,1.1714,1.1010,1.0763,1.0523
2695.0000,1.4362,1.3797,1.2464,1.1623,1.0937,1.0691,1.0519
2700.0000,1.4112,1.3518,1.2308,1.1528,1.0869,1.0634,1.0481
2705.0000,1.3889,1.3235,1.2184,1.1426,1.0812,1.0576,1.0438
2710.0000,1.3692,1.2949,1.2088,1.1322,1.0756,1.0534,1.0364
2715.0000,1.3360,1.2768,1.1961,1.1236,1.0704,1.0470,1.0348
2720.0000,1.3140,1.2570,1.1858,1.1147,1.0656,1.0418,1.0310
2725.0000,1.2890,1.2430,1.1733,1.1080,1.0590,1.0391,1.0243
2730.0000,1.2697,1.2279,1.1630,1.1004,1.0544,1.0340,1.0215
2735.0000,1.2543,1.2122,1.1543,1.0926,1.0505,1.0285,1.0192
2740.0000,1.2362,1.2008,1.1438,1.0868,1.0448,1.0259,1.0133
2745.0000,1.2185,1.1905,1.1337,1.0810,1.0400,1.0219,1.0106
2750.0000,1.2080,1.1774,1.1260,1.0743,1.0364,1.0170,1.0085
2755.0000,1.1953,1.1668,1.1175,1.0691,1.0313,1.0148,1.0030
2760.0000,1.1807,1.1579,1.1089,1.0639,1.0271,1.0110,1.0008
2765.0000,1.1722,1.1466,1.1025,1.0582,1.0236,1.0072,0.9981
2770.0000,1.1621,1.1370,1.0954,1.0535,1.0188,1.0057,0.9914
2775.0000,1.1495,1.1293,1.0884,1.0485,1.0158,1.0009,0.9918
2780.0000,1.1421,1.1196,1.0829,1.0433,1.0128,0.9972,0.9898
2785.0000,1.1320,1.1128,1.0758,1.0396,1.0081,0.9962,0.9837
2790.0000,1.1235,1.1052,1.0702,1.0350,1.0052,0.9925,0.9829
2795.0000,1.1169,1.0967,1.0656,1.0301,1.0029,0.9885,0.9823
2800.0000,1.1081,1.0907,1.0595,1.0267,0.9987,0.9876,0.9769
2805.0000,1.0992,1.0852,1.0539,1.0230,0.9957,0.9845,0.9764
2810.0000,1.0906,1.0798,1.0486,1.0193,0.9928,0.9818,0.9751
2815.0000,1.0874,1.0721,1.0445,1.0157,0.9892,0.9816,0.9684
2820.0000,1.0797,1.0671,1.0398,1.0119,0.9872,0.9777,0.9707
2825.0000,1.0713,1.0628,1.0349,1.0087,0.9846,0.9754,0.9699
2830.0000,1.0687,1.0559,1.0316,1.0048,0.9826,0.9731,0.9687
2835.0000,1.0627,1.0513,1.0270,1.0021,0.9793,0.9729,0.9646
2840.0000,1.0554,1.0473,1.0228,0.9989,0.9776,0.9702,0.9652
2845.0000,1.0530,1.0410,1.0200,0.9952,0.9760,0.9681,0.9644
2850.0000,1.0471,1.0374,1.0157,0.9929,0.9731,0.9682,0.9606
2855.0000,1.0412,1.0337,1.0119,0.9900,0.9716,0.9662,0.9607
2860.0000,1.0390,1.0279,1.0095,0.9866,0.9707,0.9638,0.9606
2865.0000,1.0336,1.0248,1.0054,0.9847,0.9682,0.9639,0.9572
2870.0000,1.0279,1.0218,1.0017,0.9823,0.9669,0.9622,0.9574
2875.0000,1.0260,1.0168,0.9993,0.9796,0.9660,0.9604,0.9571
2880.0000,1.0216,1.0137,0.9956,0.9780,0.9636,0.9612,0.9527
2885.0000,1.0162,1.0109,0.9924,0.9759,0.9629,0.9588,0.9545
2890.0000,1.0146,1.0063,0.9903,0.9736,0.9622,0.9572,0.9544
2895.0000,1.0107,1.0035,0.9871,0.9724,0.9600,0.9581,0.9503
2900.0000,1.0059,1.0009,0.9843,0.9706,0.9594,0.9559,0.9523
2905.0000,1.0044,0.9966,0.9826,0.9685,0.9588,0.9544,0.9526
2910.0000,1.0005,0.9944,0.9796,0.9678,0.9567,0.9555,0.9489
2915.0000,0.9965,0.9920,0.9772,0.9663,0.9560,0.9541,0.9504
2920.0000,0.9953,0.9880,0.9761,0.9644,0.9557,0.9526,0.9514
2925.0000,0.9918,0.9860,0.9736,0.9638,0.9538,0.9539,0.9481
2930.0000,0.9881,0.9841,0.9716,0.9625,0.9532,0.9528,0.9498
2935.0000,0.9832,0.9828,0.9694,0.9615,0.9525,0.9521,0.9509
2940.0000,0.9841,0.9789,0.9685,0.9604,0.9511,0.9540,0.9465
2945.0000,0.9808,0.9773,0.9669,0.9590,0.9512,0.9524,0.9504
2950.0000,0.9768,0.9761,0.9652,0.9580,0.9509,0.9520,0.9519
2955.0000,0.9773,0.9728,0.9647,0.9565,0.9511,0.9517,0.9532
2960.0000,0.9746,0.9717,0.9628,0.9561,0.9499,0.9535,0.9517
2965.0000,0.9710,0.9708,0.9613,0.9552,0.9501,0.9532,0.9542
2970.0000,0.9717,0.9678,0.9611,0.9538,0.9506,0.9534,0.9560
2975.0000,0.9693,0.9670,0.9593,0.9537,0.9498,0.9557,0.9549
2980.0000,0.9660,0.9665,0.9578,0.9531,0.9503,0.9560,0.9577
2985.0000,0.9670,0.9637,0.9576,0.9520,0.9512,0.9566,0.9599
2990.0000,0.9648,0.9630,0.9560,0.9521,0.9508,0.9593,0.9589
2995.0000,0.9622,0.9624,0.9548,0.9518,0.9518,0.9601,0.9620
3000.0000,0.9628,0.9600,0.9548,0.9510,0.9533,0.9609,0.9648
3005.0000,0.9611,0.9595,0.9534,0.9515,0.9533,0.9643,0.9633
3010.0000,0.9588,0.9589,0.9525,0.9513,0.9550,0.9649,0.9676
3015.0000,0.9594,0.9567,0.9527,0.9509,0.9570,0.9659,0.9709
3020.0000,0.9578,0.9563,0.9515,0.9518,0.9574,0.9697,0.9699
3025.0000,0.9557,0.9561,0.9509,0.9521,0.9596,0.9702,0.9758
3030.0000,0.9564,0.9540,0.9515,0.9519,0.9627,0.9700,0.9838
3035.0000,0.9550,0.9540,0.9505,0.9534,0.9632,0.9742,0.9877
3040.0000,0.9529,0.9541,0.9499,0.9545,0.9652,0.9758,1.0010
3045.0000,0.9539,0.9527,0.9501,0.9559,0.9661,0.9810,1.0120
3050.0000,0.9527,0.9530,0.9493,0.9583,0.9659,0.9895,1.0228
3055.0000,0.9511,0.9534,0.9489,0.9603,0.9666,0.9982,1.0396
3060.0000,0.9472,0.9550,0.9481,0.9628,0.9669,1.0111,1.0548
3065.0000,0.9512,0.9527,0.9497,0.9642,0.9682,1.0273,1.0679
3070.0000,0.9501,0.9531,0.9504,0.9657,0.9711,1.0452,1.0801
3075.0000,0.9491,0.9527,0.9529,0.9651,0.9789,1.0595,1.1020
3080.0000,0.9517,0.9505,0.9570,0.9632,0.9901,1.0734,1.1272
3085.0000,0.9518,0.9506,0.9592,0.9634,1.0003,1.0936,1.1475
3090.0000,0.9518,0.9508,0.9615,0.9635,1.0138,1.1131,1.1727
3095.0000,0.9528,0.9509,0.9639,0.9638,1.0305,1.1315,1.2040
3100.0000,0.9530,0.9527,0.9641,0.9671,1.0459,1.1560,1.2326
3105.0000,0.9516,0.9556,0.9638,0.9713,1.0648,1.1780,1.2753
3110.0000,0.9538,0.9577,0.9623,0.9793,1.0806,1.2107,1.3078
3115.0000,0.9532,0.9616,0.9599,0.9891,1.0984,1.2447,1.3447
3120.0000,0.9518,0.9653,0.9581,1.0001,1.1189,1.2796,1.3895
3125.0000,0.9571,0.9645,0.9598,1.0109,1.1434,1.3149,1.4421
3130.0000,0.9564,0.9676,0.9595,1.0257,1.1661,1.3597,1.4903
3135.0000,0.9568,0.9691,0.9617,1.0414,1.1914,1.4095,1.5350
3140.0000,0.9620,0.9664,0.9692,1.0551,1.2243,1.4554,1.5929
3145.0000,0.9642,0.9661,0.9765,1.0720,1.2570,1.5103,1.6429
3150.0000,0.9667,0.9658,0.9865,1.0890,1.2956,1.5646,1.6981
3155.0000,0.9679,0.9668,0.9990,1.1057,1.3421,1.6134,1.7679
3160.0000,0.9700,0.9703,1.0105,1.1273,1.3867,1.6734,1.8265
3165.0000,0.9705,0.9772,1.0226,1.1506,1.4375,1.7287,1.9052
3170.0000,0.9745,0.9858,1.0335,1.1801,1.4845,1.7991,1.9609
3175.0000,0.9787,0.9966,1.0453,1.2123,1.5357,1.8693,2.0173
3180.0000,0.9834,1.0083,1.0600,1.2453,1.5946,1.9318,2.0946
3185.0000,0.9860,1.0226,1.0754,1.2821,1.6555,1.9966,2.1703
3190.0000,1.0019,1.0328,1.0944,1.3229,1.7154,2.0705,2.2313
3195.0000,1.0139,1.0459,1.1152,1.3669,1.7783,2.1443,2.2873
3200.0000,1.0263,1.0593,1.1407,1.4111,1.8488,2.2081,2.3584
3205.0000,1.0415,1.0733,1.1695,1.4582,1.9213,2.2714,2.4266
3210.0000,1.0521,1.0943,1.1971,1.5120,1.9899,2.3412,2.4826
3215.0000,1.0703,1.1135,1.2298,1.5675,2.0611,2.4079,2.5342
3255.0000,1.2729,1.3739,1.5940,2.1042,2.5973,2.8099,2.8581
3260.0000,1.3121,1.4179,1.6544,2.1763,2.6521,2.8423,2.8806
3265.0000,1.3576,1.4612,1.7208,2.2454,2.7061,2.8661,2.9049
3270.0000,1.4053,1.5073,1.7888,2.3153,2.7511,2.8943,2.9107
3275.0000,1.4447,1.5635,1.8560,2.3836,2.7946,2.9105,2.9308
3280.0000,1.4959,1.6185,1.9267,2.4493,2.8325,2.9261,2.9396
3285.0000,1.5490,1.6769,1.9976,2.5137,2.8630,2.9431,2.9347
3290.0000,1.5923,1.7459,2.0654,2.5755,2.8909,2.9498,2.9438
3295.0000,1.6571,1.8064,2.1392,2.6309,2.9166,2.9520,2.9497
3300.0000,1.7216,1.8693,2.2114,2.6844,2.9335,2.9595,2.9395
3305.0000,1.7858,1.9337,2.2837,2.7319,2.9496,2.9580,2.9402
3310.0000,1.8277,2.0127,2.3472,2.7788,2.9589,2.9564,2.9366
3315.0000,1.9057,2.0773,2.4151,2.8193,2.9630,2.9595,2.9152
3320.0000,1.9779,2.1422,2.4825,2.8519,2.9708,2.9475,2.9223
3325.0000,2.0478,2.2077,2.5461,2.8811,2.9729,2.9396,2.9173
3330.0000,2.1156,2.2731,2.6060,2.9058,2.9721,2.9314,2.9100
3335.0000,2.1708,2.3477,2.6550,2.9305,2.9639,2.9288,2.8936
3340.0000,2.2423,2.4095,2.7073,2.9457,2.9608,2.9159,2.8930
3345.0000,2.3120,2.4681,2.7554,2.9574,2.9545,2.9063,2.8863
3350.0000,2.3765,2.5262,2.7973,2.9669,2.9442,2.9015,2.8722
3355.0000,2.4218,2.5915,2.8296,2.9745,2.9339,2.8926,2.8680
3360.0000,2.4914,2.6395,2.8647,2.9749,2.9264,2.8813,2.8657
3365.0000,2.5513,2.6868,2.8926,2.9750,2.9144,2.8776,2.8536
3370.0000,2.6027,2.7321,2.9159,2.9718,2.9050,2.8693,2.8521
3375.0000,2.6554,2.7703,2.9366,2.9657,2.8964,2.8617,2.8496
3380.0000,2.6938,2.8136,2.9465,2.9624,2.8825,2.8629,2.8349
3385.0000,2.7405,2.8431,2.9592,2.9527,2.8761,2.8543,2.8385
3390.0000,2.7820,2.8679,2.9685,2.9424,2.8692,2.8492,2.8353
3395.0000,2.8141,2.8930,2.9711,2.9342,2.8591,2.8512,2.8200
3400.0000,2.8341,2.9189,2.9691,2.9249,2.8532,2.8458,2.8193
3405.0000,2.8680,2.9299,2.9711,2.9115,2.8528,2.8349,2.8259
3410.0000,2.8916,2.9414,2.9669,2.9023,2.8463,2.8353,2.8150
3415.0000,2.9082,2.9503,2.9615,2.8917,2.8447,2.8267,2.8269
3420.0000,2.9092,2.9629,2.9503,2.8846,2.8401,2.8230,2.8337
3425.0000,2.9321,2.9608,2.9430,2.8771,2.8341,2.8258,2.8323
3430.0000,2.9383,2.9626,2.9321,2.8710,2.8292,2.8267,2.8418
3435.0000,2.9347,2.9652,2.9190,2.8669,2.8228,2.8319,2.8472
3440.0000,2.9484,2.9558,2.9107,2.8617,2.8163,2.8436,2.8406
3445.0000,2.9439,2.9526,2.8999,2.8566,2.8140,2.8488,2.8502
3450.0000,2.9371,2.9473,2.8905,2.8509,2.8139,2.8546,2.8574
3455.0000,2.9428,2.9332,2.8867,2.8424,2.8183,2.8586,2.8645
3460.0000,2.9370,2.9245,2.8792,2.8375,2.8196,2.8700,2.8590
3465.0000,2.9273,2.9157,2.8739,2.8303,2.8283,2.8707,2.8704
3470.0000,2.9254,2.9026,2.8709,2.8231,2.8382,2.8722,2.8775
3475.0000,2.9163,2.8954,2.8637,2.8206,2.8440,2.8801,2.8736
3480.0000,2.9053,2.8892,2.8569,2.8182,2.8537,2.8804,2.8822
3485.0000,2.9013,2.8797,2.8515,2.8172,2.8630,2.8814,2.8869
3490.0000,2.8896,2.8771,2.8414,2.8214,2.8673,2.8877,2.8828
3495.0000,2.8757,2.8759,2.8315,2.8267,2.8731,2.8890,2.8876
3500.0000,2.8765,2.8664,2.8268,2.8313,2.8791,2.8899,2.8895
3505.0000,2.8665,2.8646,2.8179,2.8408,2.8793,2.8976,2.8791
3510.0000,2.8561,2.8609,2.8131,2.8481,2.8838,2.8956,2.8845
3515.0000,2.8590,2.8488,2.8151,2.8532,2.8887,2.8938,2.8850
3520.0000,2.8537,2.8422,2.8153,2.8613,2.8884,2.8988,2.8716
3525.0000,2.8484,2.8352,2.8194,2.8663,2.8925,2.8940,2.8744
3530.0000,2.8455,2.8273,2.8263,2.8700,2.8968,2.8879,2.8756
3535.0000,2.8393,2.8249,2.8307,2.8765,2.8952,2.8894,2.8620
3540.0000,2.8303,2.8265,2.8354,2.8815,2.8961,2.8831,2.8637
3545.0000,2.8196,2.8312,2.8393,2.8867,2.8953,2.8774,2.8623
3550.0000,2.8278,2.8288,2.8467,2.8912,2.8911,2.8786,2.8449
3555.0000,2.8248,2.8332,2.8526,2.8939,2.8908,2.8681,2.8549
3560.0000,2.8168,2.8417,2.8562,2.8977,2.8870,2.8622,2.8571
3565.0000,2.8301,2.8412,2.8636,2.9002,2.8799,2.8639,2.8449
3570.0000,2.8318,2.8465,2.8693,2.9008,2.8764,2.8567,2.8566
3575.0000,2.8312,2.8533,2.8739,2.9014,2.8707,2.8538,2.8636
3580.0000,2.8426,2.8542,2.8814,2.8994,2.8660,2.8521,2.8723
3585.0000,2.8432,2.8625,2.8835,2.8999,2.8568,2.8586,2.8752
3590.0000,2.8442,2.8694,2.8868,2.8974,2.8513,2.8619,2.8890
3595.0000,2.8567,2.8696,2.8930,2.8922,2.8479,2.8677,2.9037
3600.0000,2.8600,2.8755,2.8945,2.8890,2.8417,2.8818,2.9121
3605.0000,2.8585,2.8828,2.8953,2.8835,2.8407,2.8918,2.9354
3610.0000,2.8706,2.8822,2.8990,2.8760,2.8421,2.9067,2.9541
3615.0000,2.8737,2.8866,2.8980,2.8706,2.8426,2.9287,2.9660
3620.0000,2.8747,2.8904,2.8970,2.8634,2.8499,2.9456,2.9923
3625.0000,2.8827,2.8893,2.8973,2.8553,2.8612,2.9639,3.0181
3630.0000,2.8833,2.8931,2.8921,2.8517,2.8700,2.9924,3.0297
3635.0000,2.8827,2.8953,2.8873,2.8471,2.8862,3.0139,3.0539
3640.0000,2.8891,2.8919,2.8844,2.8426,2.9070,3.0342,3.0773
3645.0000,2.8884,2.8929,2.8764,2.8441,2.9245,3.0636,3.0831
