150.0000,1.3586,1.3593,1.3193,1.2467,1.2454,1.3054,1.3301
155.0000,1.3588,1.3516,1.3094,1.2399,1.2545,1.3156,1.3438
160.0000,1.3546,1.3451,1.2974,1.2365,1.2625,1.3301,1.3510
165.0000,1.3467,1.3386,1.2855,1.2345,1.2733,1.3417,1.3628
170.0000,1.3434,1.3280,1.2760,1.2331,1.2864,1.3519,1.3753
175.0000,1.3353,1.3199,1.2648,1.2357,1.2974,1.3662,1.3799
180.0000,1.3271,1.3103,1.2559,1.2388,1.3117,1.3752,1.3933
185.0000,1.3206,1.2990,1.2490,1.2436,1.3256,1.3852,1.4014
190.0000,1.3104,1.2907,1.2414,1.2517,1.3376,1.3975,1.4027
195.0000,1.2994,1.2828,1.2360,1.2605,1.3514,1.4048,1.4111
200.0000,1.2881,1.2753,1.2323,1.2708,1.3646,1.4117,1.4159
205.0000,1.2843,1.2650,1.2322,1.2821,1.3759,1.4207,1.4111
210.0000,1.2744,1.2590,1.2329,1.2939,1.3886,1.4232,1.4154
215.0000,1.2653,1.2540,1.2356,1.3065,1.4001,1.4248,1.4158
220.0000,1.2626,1.2478,1.2410,1.3200,1.4086,1.4288,1.4057
225.0000,1.2558,1.2457,1.2476,1.3328,1.4186,1.4248,1.4082
230.0000,1.2489,1.2460,1.2550,1.3465,1.4258,1.4213,1.4050
235.0000,1.2496,1.2450,1.2654,1.3592,1.4316,1.4163,1.4003
240.0000,1.2474,1.2484,1.2750,1.3731,1.4335,1.4128,1.3909
245.0000,1.2462,1.2530,1.2864,1.3853,1.4355,1.4043,1.3890
250.0000,1.2508,1.2570,1.2995,1.3966,1.4348,1.3968,1.3842
255.0000,1.2532,1.2649,1.3116,1.4080,1.4304,1.3913,1.3769
260.0000,1.2534,1.2760,1.3233,1.4180,1.4249,1.3844,1.3738
265.0000,1.2642,1.2830,1.3382,1.4250,1.4189,1.3771,1.3718
270.0000,1.2717,1.2933,1.3514,1.4314,1.4099,1.3733,1.3674
275.0000,1.2796,1.3043,1.3649,1.4351,1.4013,1.3684,1.3687
280.0000,1.2910,1.3142,1.3790,1.4361,1.3926,1.3649,1.3708
285.0000,1.2991,1.3277,1.3901,1.4368,1.3817,1.3663,1.3691
290.0000,1.3108,1.3389,1.4021,1.4336,1.3738,1.3655,1.3757
295.0000,1.3235,1.3495,1.4133,1.4283,1.3670,1.3667,1.3826
300.0000,1.3349,1.3612,1.4216,1.4226,1.3594,1.3732,1.3849
305.0000,1.3426,1.3747,1.4273,1.4151,1.3553,1.3772,1.3976
310.0000,1.3565,1.3841,1.4328,1.4061,1.3530,1.3839,1.4080
315.0000,1.3677,1.3942,1.4347,1.3978,1.3508,1.3955,1.4130
320.0000,1.3774,1.4032,1.4351,1.3882,1.3532,1.4037,1.4291
325.0000,1.3810,1.4137,1.4318,1.3799,1.3570,1.4138,1.4442
330.0000,1.3949,1.4177,1.4284,1.3722,1.3613,1.4293,1.4506
335.0000,1.4019,1.4224,1.4227,1.3652,1.3695,1.4414,1.4656
340.0000,1.4055,1.4260,1.4154,1.3597,1.3799,1.4531,1.4815
345.0000,1.4138,1.4251,1.4077,1.3564,1.3897,1.4701,1.4863
350.0000,1.4146,1.4256,1.3985,1.3546,1.4033,1.4816,1.5022
355.0000,1.4140,1.4239,1.3894,1.3546,1.4182,1.4928,1.5165
360.0000,1.4181,1.4176,1.3822,1.3561,1.4342,1.5037,1.5289
365.0000,1.4151,1.4138,1.3729,1.3617,1.4479,1.5178,1.5354
370.0000,1.4091,1.4095,1.3648,1.3689,1.4630,1.5287,1.5444
410.0000,1.3735,1.3661,1.3726,1.4722,1.5635,1.5634,1.5231
415.0000,1.3698,1.3660,1.3828,1.4864,1.5723,1.5530,1.5192
420.0000,1.3700,1.3665,1.3947,1.5008,1.5772,1.5436,1.5066
425.0000,1.3694,1.3707,1.4064,1.5160,1.5778,1.5350,1.4869
430.0000,1.3678,1.3780,1.4185,1.5303,1.5766,1.5222,1.4686
435.0000,1.3736,1.3833,1.4340,1.5417,1.5752,1.5035,1.4544
440.0000,1.3777,1.3927,1.4477,1.5538,1.5677,1.4884,1.4303
445.0000,1.3831,1.4031,1.4624,1.5635,1.5589,1.4691,1.4095
450.0000,1.3837,1.4179,1.4754,1.5724,1.5462,1.4500,1.3837
455.0000,1.3996,1.4268,1.4917,1.5778,1.5312,1.4310,1.3501
460.0000,1.4104,1.4384,1.5077,1.5793,1.5180,1.4020,1.3360
465.0000,1.4212,1.4511,1.5222,1.5797,1.4997,1.3776,1.3094
470.0000,1.4351,1.4629,1.5361,1.5776,1.4786,1.3544,1.2768
475.0000,1.4451,1.4777,1.5478,1.5722,1.4582,1.3246,1.2586
480.0000,1.4569,1.4917,1.5574,1.5655,1.4335,1.2997,1.2290
485.0000,1.4724,1.5033,1.5665,1.5552,1.4084,1.2735,1.1991
490.0000,1.4816,1.5185,1.5708,1.5440,1.3809,1.2487,1.1651
495.0000,1.4934,1.5299,1.5755,1.5276,1.3571,1.2155,1.1460
500.0000,1.5092,1.5379,1.5783,1.5097,1.3302,1.1871,1.1187
505.0000,1.5203,1.5466,1.5770,1.4908,1.3016,1.1603,1.0894
510.0000,1.5264,1.5558,1.5721,1.4704,1.2727,1.1328,1.0618
515.0000,1.5389,1.5584,1.5676,1.4462,1.2463,1.1016,1.0409
520.0000,1.5447,1.5627,1.5577,1.4230,1.2164,1.0755,1.0154
525.0000,1.5483,1.5648,1.5453,1.3985,1.1865,1.0501,0.9906
530.0000,1.5547,1.5617,1.5320,1.3722,1.1572,1.0253,0.9658
535.0000,1.5554,1.5587,1.5150,1.3460,1.1270,1.0029,0.9385
540.0000,1.5515,1.5539,1.4963,1.3180,1.1000,0.9759,0.9241
545.0000,1.5519,1.5433,1.4772,1.2893,1.0720,0.9537,0.9029
550.0000,1.5452,1.5337,1.4544,1.2614,1.0436,0.9340,0.8798
555.0000,1.5378,1.5202,1.4315,1.2321,1.0176,0.9129,0.8611
560.0000,1.5303,1.5024,1.4091,1.2012,0.9947,0.8897,0.8484
565.0000,1.5171,1.4857,1.3831,1.1725,0.9697,0.8720,0.8304
570.0000,1.5004,1.4681,1.3557,1.1439,0.9460,0.8546,0.8148
575.0000,1.4858,1.4464,1.3290,1.1148,0.9245,0.8370,0.8014
580.0000,1.4705,1.4223,1.3018,1.0865,0.9030,0.8226,0.7847
585.0000,1.4481,1.4003,1.2727,1.0588,0.8844,0.8046,0.7825
590.0000,1.4199,1.3802,1.2409,1.0339,0.8639,0.7921,0.7748
595.0000,1.4036,1.3523,1.2124,1.0081,0.8456,0.7808,0.7693
600.0000,1.3808,1.3259,1.1827,0.9841,0.8274,0.7726,0.7642
605.0000,1.3516,1.3008,1.1524,0.9610,0.8108,0.7647,0.7649
610.0000,1.3311,1.2705,1.1250,0.9379,0.7956,0.7602,0.7653
615.0000,1.3071,1.2405,1.0979,0.9158,0.7817,0.7585,0.7668
620.0000,1.2741,1.2148,1.0692,0.8956,0.7688,0.7593,0.7695
625.0000,1.2505,1.1840,1.0444,0.8744,0.7598,0.7604,0.7757
630.0000,1.2207,1.1575,1.0177,0.8558,0.7510,0.7659,0.7800
635.0000,1.1966,1.1272,0.9947,0.8362,0.7471,0.7697,0.7912
640.0000,1.1696,1.0983,0.9720,0.8182,0.7448,0.7766,0.8007
645.0000,1.1396,1.0730,0.9482,0.8027,0.7436,0.7865,0.8085
650.0000,1.1095,1.0486,0.9252,0.7882,0.7461,0.7949,0.8232
655.0000,1.0854,1.0222,0.9043,0.7749,0.7512,0.8042,0.8386
660.0000,1.0617,0.9962,0.8840,0.7642,0.7570,0.8172,0.8510
665.0000,1.0320,0.9752,0.8623,0.7568,0.7639,0.8313,0.8636
670.0000,1.0094,0.9515,0.8436,0.7503,0.7739,0.8442,0.8790
675.0000,0.9838,0.9317,0.8238,0.7478,0.7832,0.8607,0.8896
680.0000,0.9624,0.9097,0.8077,0.7459,0.7962,0.8740,0.9065
685.0000,0.9416,0.8883,0.7932,0.7465,0.8094,0.8897,0.9176
690.0000,0.9181,0.8706,0.7788,0.7503,0.8224,0.9065,0.9244
695.0000,0.8966,0.8529,0.7676,0.7548,0.8385,0.9189,0.9377
700.0000,0.8801,0.8338,0.7600,0.7605,0.8558,0.9302,0.9487
705.0000,0.8629,0.8168,0.7540,0.7688,0.8716,0.9437,0.9517
710.0000,0.8430,0.8040,0.7490,0.7788,0.8884,0.9532,0.9583
715.0000,0.8249,0.7928,0.7462,0.7903,0.9052,0.9603,0.9635
720.0000,0.8132,0.7812,0.7466,0.8026,0.9217,0.9655,0.9666
725.0000,0.8015,0.7724,0.7482,0.8171,0.9357,0.9711,0.9643
730.0000,0.7870,0.7678,0.7509,0.8327,0.9491,0.9727,0.9643
735.0000,0.7806,0.7622,0.7569,0.8485,0.9610,0.9726,0.9614
740.0000,0.7725,0.7609,0.7633,0.8659,0.9695,0.9726,0.9542
745.0000,0.7672,0.7605,0.7724,0.8825,0.9776,0.9679,0.9511
750.0000,0.7659,0.7605,0.7839,0.8989,0.9828,0.9631,0.9440
755.0000,0.7638,0.7642,0.7958,0.9154,0.9847,0.9582,0.9340
760.0000,0.7614,0.7708,0.8087,0.9310,0.9848,0.9510,0.9248
765.0000,0.7668,0.7756,0.8249,0.9439,0.9842,0.9409,0.9173
770.0000,0.7713,0.7836,0.8409,0.9563,0.9799,0.9325,0.9061
775.0000,0.7771,0.7931,0.8577,0.9665,0.9743,0.9226,0.8961
780.0000,0.7851,0.8035,0.8750,0.9745,0.9671,0.9123,0.8852
785.0000,0.7922,0.8173,0.8908,0.9814,0.9572,0.9036,0.8710
790.0000,0.8032,0.8299,0.9078,0.9844,0.9487,0.8904,0.8654
795.0000,0.8154,0.8434,0.9236,0.9858,0.9379,0.8798,0.8554
800.0000,0.8282,0.8576,0.9379,0.9853,0.9258,0.8707,0.8431
805.0000,0.8378,0.8747,0.9495,0.9831,0.9136,0.8606,0.8342
810.0000,0.8536,0.8883,0.9613,0.9776,0.9028,0.8489,0.8282
815.0000,0.8682,0.9025,0.9702,0.9715,0.8900,0.8408,0.8178
820.0000,0.8823,0.9159,0.9772,0.9634,0.8783,0.8318,0.8107
825.0000,0.8900,0.9317,0.9803,0.9550,0.8663,0.8237,0.8033
830.0000,0.9074,0.9415,0.9833,0.9448,0.8545,0.8178,0.7914
835.0000,0.9203,0.9509,0.9841,0.9330,0.8454,0.8079,0.7905
840.0000,0.9308,0.9592,0.9822,0.9213,0.8357,0.8008,0.7850
845.0000,0.9424,0.9645,0.9791,0.9090,0.8269,0.7942,0.7795
850.0000,0.9482,0.9709,0.9723,0.8978,0.8173,0.7897,0.7716
855.0000,0.9543,0.9739,0.9651,0.8856,0.8103,0.7824,0.7696
860.0000,0.9619,0.9731,0.9573,0.8735,0.8034,0.7768,0.7654
865.0000,0.9647,0.9724,0.9471,0.8627,0.7960,0.7730,0.7593
870.0000,0.9633,0.9710,0.9356,0.8523,0.7896,0.7683,0.7556
875.0000,0.9662,0.9646,0.9254,0.8414,0.7849,0.7627,0.7531
880.0000,0.9633,0.9593,0.9131,0.8325,0.7788,0.7596,0.7477
885.0000,0.9590,0.9523,0.9010,0.8236,0.7739,0.7554,0.7449
890.0000,0.9562,0.9422,0.8902,0.8148,0.7700,0.7508,0.7426
895.0000,0.9487,0.9337,0.8779,0.8077,0.7649,0.7483,0.7378
900.0000,0.9394,0.9247,0.8660,0.8009,0.7606,0.7448,0.7352
905.0000,0.9333,0.9128,0.8558,0.7940,0.7571,0.7411,0.7324
910.0000,0.9248,0.9015,0.8456,0.7882,0.7527,0.7393,0.7265
915.0000,0.9131,0.8914,0.8356,0.7825,0.7497,0.7348,0.7263
920.0000,0.9046,0.8794,0.8272,0.7769,0.7467,0.7313,0.7240
925.0000,0.8934,0.8696,0.8180,0.7727,0.7425,0.7298,0.7188
930.0000,0.8836,0.8587,0.8104,0.7680,0.7397,0.7262,0.7174
935.0000,0.8741,0.8478,0.8038,0.7632,0.7372,0.7224,0.7164
940.0000,0.8628,0.8392,0.7962,0.7598,0.7333,0.7210,0.7118
945.0000,0.8518,0.8310,0.7895,0.7562,0.7302,0.7182,0.7106
950.0000,0.8422,0.8225,0.7837,0.7526,0.7273,0.7155,0.7087
955.0000,0.8353,0.8133,0.7788,0.7491,0.7239,0.7147,0.7031
960.0000,0.8251,0.8066,0.7736,0.7456,0.7216,0.7111,0.7039
965.0000,0.8150,0.8006,0.7685,0.7425,0.7189,0.7088,0.7024
970.0000,0.8099,0.7928,0.7649,0.7389,0.7167,0.7063,0.7008
975.0000,0.8031,0.7867,0.7607,0.7360,0.7137,0.7053,0.6969
980.0000,0.7943,0.7820,0.7566,0.7328,0.7118,0.7023,0.6970
985.0000,0.7901,0.7756,0.7536,0.7294,0.7099,0.7000,0.6957
990.0000,0.7834,0.7715,0.7494,0.7270,0.7070,0.6992,0.6924
995.0000,0.7777,0.7670,0.7460,0.7241,0.7051,0.6970,0.6916
1000.0000,0.7741,0.7616,0.7434,0.7209,0.7036,0.6946,0.6910
1005.0000,0.7684,0.7583,0.7395,0.7188,0.7010,0.6940,0.6880
1010.0000,0.7624,0.7554,0.7358,0.7165,0.6990,0.6923,0.6875
1015.0000,0.7600,0.7507,0.7334,0.7136,0.6977,0.6902,0.6870
1020.0000,0.7558,0.7474,0.7300,0.7117,0.6953,0.6899,0.6841
1025.0000,0.7507,0.7446,0.7268,0.7095,0.6937,0.6883,0.6837
1030.0000,0.7486,0.7403,0.7246,0.7069,0.6925,0.6867,0.6829
1035.0000,0.7450,0.7372,0.7217,0.7052,0.6903,0.6868,0.6792
1040.0000,0.7405,0.7345,0.7190,0.7029,0.6895,0.6846,0.6802
1045.0000,0.7385,0.7306,0.7171,0.7006,0.6886,0.6829,0.6797
1050.0000,0.7348,0.7282,0.7141,0.6992,0.6866,0.6831,0.6764
1055.0000,0.7312,0.7257,0.7117,0.6973,0.6856,0.6814,0.6766
1060.0000,0.7294,0.7221,0.7100,0.6952,0.6850,0.6795,0.6767
1065.0000,0.7260,0.7201,0.7072,0.6941,0.6831,0.6796,0.6736
1070.0000,0.7224,0.7181,0.7048,0.6926,0.6821,0.6781,0.6739
1075.0000,0.7183,0.7163,0.7023,0.6913,0.6810,0.6769,0.6736
1080.0000,0.7182,0.7127,0.7008,0.6900,0.6794,0.6774,0.6695
1085.0000,0.7150,0.7107,0.6988,0.6886,0.6789,0.6753,0.6713
1090.0000,0.7113,0.7091,0.6968,0.6874,0.6779,0.6741,0.6712
1095.0000,0.7110,0.7058,0.6957,0.6858,0.6772,0.6730,0.6707
1100.0000,0.7083,0.7041,0.6938,0.6850,0.6756,0.6732,0.6683
1105.0000,0.7047,0.7027,0.6921,0.6838,0.6749,0.6717,0.6689
1110.0000,0.7045,0.6997,0.6913,0.6822,0.6744,0.6706,0.6685
1115.0000,0.7019,0.6984,0.6895,0.6815,0.6729,0.6709,0.6661
1120.0000,0.6991,0.6971,0.6880,0.6804,0.6722,0.6697,0.6662
1125.0000,0.6989,0.6944,0.6875,0.6789,0.6720,0.6683,0.6663
1130.0000,0.6965,0.6933,0.6858,0.6782,0.6707,0.6685,0.6640
1135.0000,0.6938,0.6924,0.6843,0.6773,0.6700,0.6674,0.6643
1140.0000,0.6936,0.6901,0.6837,0.6760,0.6698,0.6661,0.6644
1145.0000,0.6918,0.6892,0.6822,0.6754,0.6685,0.6664,0.6622
1150.0000,0.6894,0.6883,0.6808,0.6746,0.6678,0.6654,0.6624
1155.0000,0.6893,0.6862,0.6802,0.6734,0.6675,0.6643,0.6623
1160.0000,0.6876,0.6854,0.6788,0.6730,0.6660,0.6649,0.6593
1165.0000,0.6854,0.6846,0.6776,0.6721,0.6657,0.6634,0.6607
1170.0000,0.6854,0.6826,0.6772,0.6710,0.6654,0.6624,0.6606
1175.0000,0.6838,0.6818,0.6758,0.6707,0.6639,0.6631,0.6578
1180.0000,0.6819,0.6812,0.6747,0.6700,0.6635,0.6621,0.6584
1185.0000,0.6820,0.6792,0.6745,0.6688,0.6634,0.6607,0.6589
1190.0000,0.6805,0.6785,0.6733,0.6684,0.6621,0.6614,0.6560
1195.0000,0.6788,0.6778,0.6724,0.6677,0.6618,0.6603,0.6568
1200.0000,0.6761,0.6777,0.6712,0.6671,0.6613,0.6594,0.6570
1205.0000,0.6774,0.6756,0.6708,0.6664,0.6602,0.6602,0.6533
1210.0000,0.6759,0.6750,0.6701,0.6656,0.6602,0.6585,0.6554
1215.0000,0.6737,0.6747,0.6690,0.6650,0.6597,0.6577,0.6556
1220.0000,0.6747,0.6729,0.6689,0.6640,0.6595,0.6569,0.6554
1225.0000,0.6731,0.6726,0.6677,0.6638,0.6583,0.6574,0.6533
1230.0000,0.6712,0.6723,0.6668,0.6632,0.6580,0.6561,0.6544
1235.0000,0.6721,0.6705,0.6667,0.6622,0.6578,0.6554,0.6544
1240.0000,0.6709,0.6701,0.6656,0.6620,0.6567,0.6559,0.6526
1245.0000,0.6689,0.6700,0.6647,0.6615,0.6562,0.6553,0.6530
1250.0000,0.6699,0.6681,0.6647,0.6605,0.6562,0.6543,0.6533
1255.0000,0.6686,0.6678,0.6637,0.6603,0.6551,0.6550,0.6514
1260.0000,0.6671,0.6675,0.6629,0.6597,0.6548,0.6543,0.6521
1265.0000,0.6676,0.6660,0.6629,0.6588,0.6548,0.6535,0.6524
1270.0000,0.6665,0.6658,0.6619,0.6587,0.6537,0.6545,0.6498
1275.0000,0.6651,0.6654,0.6613,0.6580,0.6538,0.6533,0.6515
1280.0000,0.6656,0.6640,0.6612,0.6571,0.6538,0.6527,0.6518
1285.0000,0.6645,0.6638,0.6602,0.6571,0.6528,0.6537,0.6494
1290.0000,0.6629,0.6637,0.6595,0.6565,0.6529,0.6527,0.6510
1295.0000,0.6636,0.6622,0.6594,0.6557,0.6530,0.6521,0.6514
1300.0000,0.6626,0.6620,0.6584,0.6557,0.6520,0.6532,0.6491
1305.0000,0.6612,0.6619,0.6577,0.6553,0.6520,0.6525,0.6503
1310.0000,0.6619,0.6605,0.6577,0.6546,0.6523,0.6517,0.6511
1315.0000,0.6610,0.6603,0.6568,0.6546,0.6514,0.6528,0.6489
1320.0000,0.6598,0.6600,0.6562,0.6543,0.6514,0.6522,0.6502
1325.0000,0.6574,0.6603,0.6554,0.6541,0.6513,0.6519,0.6508
1330.0000,0.6593,0.6586,0.6553,0.6538,0.6507,0.6532,0.6477
1335.0000,0.6582,0.6583,0.6549,0.6534,0.6511,0.6521,0.6501
1340.0000,0.6566,0.6582,0.6543,0.6532,0.6511,0.6518,0.6508
1345.0000,0.6578,0.6567,0.6546,0.6526,0.6514,0.6514,0.6512
1350.0000,0.6567,0.6568,0.6538,0.6528,0.6507,0.6524,0.6495
1355.0000,0.6550,0.6569,0.6532,0.6526,0.6510,0.6518,0.6507
1360.0000,0.6563,0.6554,0.6536,0.6520,0.6514,0.6514,0.6511
1365.0000,0.6553,0.6555,0.6528,0.6523,0.6508,0.6524,0.6495
1370.0000,0.6538,0.6557,0.6523,0.6522,0.6509,0.6519,0.6506
1375.0000,0.6551,0.6543,0.6527,0.6517,0.6514,0.6513,0.6513
1380.0000,0.6543,0.6543,0.6521,0.6520,0.6509,0.6523,0.6499
1385.0000,0.6531,0.6544,0.6518,0.6519,0.6510,0.6519,0.6509
1390.0000,0.6540,0.6533,0.6521,0.6516,0.6513,0.6516,0.6516
1395.0000,0.6532,0.6535,0.6514,0.6520,0.6506,0.6530,0.6494
1400.0000,0.6521,0.6536,0.6512,0.6519,0.6509,0.6523,0.6513
1405.0000,0.6531,0.6525,0.6516,0.6516,0.6513,0.6520,0.6521
1410.0000,0.6525,0.6527,0.6512,0.6520,0.6506,0.6534,0.6501
1415.0000,0.6514,0.6529,0.6510,0.6519,0.6510,0.6528,0.6521
1420.0000,0.6524,0.6519,0.6515,0.6516,0.6515,0.6525,0.6530
1425.0000,0.6519,0.6521,0.6511,0.6519,0.6509,0.6540,0.6511
1430.0000,0.6508,0.6524,0.6509,0.6519,0.6512,0.6538,0.6528
1435.0000,0.6519,0.6515,0.6515,0.6515,0.6518,0.6535,0.6540
1440.0000,0.6514,0.6518,0.6511,0.6519,0.6513,0.6551,0.6521
1445.0000,0.6508,0.6520,0.6510,0.6519,0.6518,0.6549,0.6539
1450.0000,0.6488,0.6529,0.6506,0.6520,0.6521,0.6550,0.6550
1455.0000,0.6511,0.6518,0.6509,0.6522,0.6519,0.6568,0.6523
1460.0000,0.6506,0.6520,0.6509,0.6521,0.6527,0.6561,0.6551
1465.0000,0.6495,0.6524,0.6507,0.6522,0.6533,0.6562,0.6562
1470.0000,0.6512,0.6514,0.6513,0.6520,0.6540,0.6563,0.6570
1475.0000,0.6505,0.6519,0.6509,0.6526,0.6538,0.6577,0.6558
1480.0000,0.6495,0.6523,0.6508,0.6527,0.6546,0.6575,0.6574
1485.0000,0.6512,0.6513,0.6514,0.6526,0.6554,0.6575,0.6582
1490.0000,0.6507,0.6517,0.6511,0.6533,0.6552,0.6589,0.6569
1495.0000,0.6493,0.6525,0.6508,0.6537,0.6558,0.6588,0.6583
1500.0000,0.6511,0.6515,0.6515,0.6536,0.6567,0.6586,0.6593
1505.0000,0.6507,0.6519,0.6513,0.6544,0.6566,0.6600,0.6580
1510.0000,0.6501,0.6522,0.6514,0.6548,0.6572,0.6599,0.6594
1515.0000,0.6513,0.6515,0.6521,0.6549,0.6579,0.6598,0.6604
1520.0000,0.6509,0.6521,0.6519,0.6558,0.6576,0.6614,0.6585
1525.0000,0.6503,0.6525,0.6521,0.6561,0.6583,0.6610,0.6606
1530.0000,0.6515,0.6518,0.6530,0.6563,0.6590,0.6609,0.6616
1535.0000,0.6513,0.6523,0.6530,0.6571,0.6587,0.6626,0.6597
1540.0000,0.6505,0.6531,0.6531,0.6575,0.6592,0.6624,0.6616
1545.0000,0.6519,0.6525,0.6541,0.6576,0.6601,0.6622,0.6631
1550.0000,0.6518,0.6531,0.6542,0.6584,0.6597,0.6638,0.6614
1555.0000,0.6511,0.6539,0.6544,0.6588,0.6602,0.6638,0.6634
1560.0000,0.6526,0.6534,0.6554,0.6588,0.6611,0.6637,0.6650
1565.0000,0.6527,0.6540,0.6555,0.6595,0.6608,0.6655,0.6634
1570.0000,0.6525,0.6547,0.6559,0.6598,0.6614,0.6656,0.6656
1575.0000,0.6508,0.6560,0.6559,0.6603,0.6619,0.6660,0.6670
1580.0000,0.6536,0.6553,0.6567,0.6607,0.6618,0.6682,0.6647
1585.0000,0.6535,0.6560,0.6572,0.6608,0.6628,0.6679,0.6678
1590.0000,0.6530,0.6568,0.6574,0.6611,0.6636,0.6683,0.6696
1595.0000,0.6550,0.6562,0.6584,0.6611,0.6646,0.6687,0.6710
1600.0000,0.6547,0.6573,0.6583,0.6619,0.6647,0.6707,0.6704
1605.0000,0.6542,0.6581,0.6585,0.6622,0.6657,0.6710,0.6725
1610.0000,0.6563,0.6575,0.6595,0.6623,0.6669,0.6716,0.6741
1615.0000,0.6563,0.6583,0.6594,0.6631,0.6671,0.6736,0.6736
1620.0000,0.6553,0.6594,0.6594,0.6637,0.6681,0.6742,0.6758
1625.0000,0.6574,0.6588,0.6604,0.6639,0.6694,0.6748,0.6775
1630.0000,0.6575,0.6595,0.6603,0.6649,0.6697,0.6770,0.6770
1635.0000,0.6571,0.6602,0.6606,0.6655,0.6709,0.6776,0.6793
1640.0000,0.6587,0.6597,0.6615,0.6659,0.6724,0.6784,0.6812
1645.0000,0.6585,0.6607,0.6614,0.6671,0.6726,0.6810,0.6802
1650.0000,0.6583,0.6613,0.6618,0.6678,0.6741,0.6815,0.6830
1655.0000,0.6599,0.6608,0.6629,0.6682,0.6757,0.6822,0.6851
1660.0000,0.6600,0.6615,0.6631,0.6695,0.6762,0.6848,0.6841
1665.0000,0.6594,0.6625,0.6636,0.6704,0.6777,0.6854,0.6873
1670.0000,0.6610,0.6621,0.6647,0.6710,0.6793,0.6862,0.6895
1675.0000,0.6611,0.6629,0.6650,0.6725,0.6799,0.6889,0.6886
1680.0000,0.6611,0.6637,0.6657,0.6735,0.6815,0.6897,0.6918
1685.0000,0.6596,0.6652,0.6660,0.6747,0.6828,0.6909,0.6940
1690.0000,0.6626,0.6647,0.6673,0.6759,0.6837,0.6936,0.6932
1695.0000,0.6626,0.6656,0.6681,0.6769,0.6854,0.6944,0.6966
1700.0000,0.6613,0.6672,0.6686,0.6782,0.6869,0.6956,0.6993
1705.0000,0.6644,0.6668,0.6700,0.6795,0.6878,0.6987,0.6981
1710.0000,0.6646,0.6677,0.6710,0.6806,0.6897,0.6995,0.7022
1715.0000,0.6643,0.6689,0.6719,0.6818,0.6915,0.7009,0.7051
1720.0000,0.6668,0.6688,0.6736,0.6827,0.6934,0.7023,0.7078
1725.0000,0.6667,0.6704,0.6742,0.6845,0.6943,0.7054,0.7084
1730.0000,0.6666,0.6718,0.6752,0.6859,0.6961,0.7071,0.7116
1735.0000,0.6693,0.6717,0.6770,0.6869,0.6983,0.7088,0.7145
1740.0000,0.6698,0.6731,0.6779,0.6887,0.6994,0.7121,0.7151
1745.0000,0.6692,0.6750,0.6787,0.6902,0.7015,0.7139,0.7189
1750.0000,0.6721,0.6750,0.6807,0.6912,0.7039,0.7158,0.7220
1755.0000,0.6728,0.6765,0.6816,0.6931,0.7054,0.7194,0.7227
1760.0000,0.6733,0.6779,0.6829,0.6946,0.7079,0.7212,0.7272
1765.0000,0.6756,0.6783,0.6848,0.6958,0.7106,0.7233,0.7312
1770.0000,0.6761,0.6801,0.6856,0.6981,0.7120,0.7274,0.7322
1775.0000,0.6767,0.6817,0.6869,0.6998,0.7146,0.7299,0.7365
1780.0000,0.6791,0.6822,0.6889,0.7013,0.7176,0.7323,0.7411
1785.0000,0.6801,0.6839,0.6900,0.7037,0.7193,0.7370,0.7424
1790.0000,0.6800,0.6860,0.6911,0.7057,0.7223,0.7395,0.7488
1795.0000,0.6828,0.6865,0.6932,0.7075,0.7253,0.7429,0.7536
1800.0000,0.6840,0.6882,0.6945,0.7102,0.7273,0.7483,0.7555
1805.0000,0.6850,0.6897,0.6963,0.7122,0.7308,0.7515,0.7631
1810.0000,0.6843,0.6922,0.6976,0.7147,0.7341,0.7556,0.7698
1815.0000,0.6882,0.6926,0.6999,0.7171,0.7369,0.7617,0.7735
1820.0000,0.6893,0.6942,0.7019,0.7194,0.7408,0.7661,0.7827
1825.0000,0.6885,0.6971,0.7033,0.7222,0.7444,0.7720,0.7908
1830.0000,0.6927,0.6977,0.7057,0.7251,0.7476,0.7802,0.7953
1835.0000,0.6938,0.6998,0.7076,0.7280,0.7517,0.7879,0.8013
1840.0000,0.6946,0.7020,0.7098,0.7307,0.7568,0.7948,0.8082
1845.0000,0.6982,0.7027,0.7132,0.7329,0.7633,0.8012,0.8154
1850.0000,0.6992,0.7053,0.7152,0.7363,0.7688,0.8097,0.8186
1855.0000,0.7006,0.7074,0.7180,0.7390,0.7765,0.8152,0.8262
1860.0000,0.7041,0.7084,0.7215,0.7416,0.7850,0.8199,0.8341
1865.0000,0.7059,0.7109,0.7238,0.7458,0.7921,0.8270,0.8382
1870.0000,0.7065,0.7141,0.7261,0.7502,0.8003,0.8314,0.8476
1875.0000,0.7102,0.7160,0.7288,0.7553,0.8076,0.8373,0.8541
1880.0000,0.7120,0.7193,0.7306,0.7617,0.8139,0.8444,0.8593
1885.0000,0.7132,0.7229,0.7326,0.7685,0.8204,0.8503,0.8671
1890.0000,0.7174,0.7249,0.7359,0.7752,0.8268,0.8566,0.8743
1895.0000,0.7186,0.7290,0.7380,0.7833,0.8315,0.8652,0.8783
1900.0000,0.7206,0.7323,0.7416,0.7908,0.8372,0.8721,0.8845
1905.0000,0.7256,0.7336,0.7472,0.7973,0.8438,0.8783,0.8909
1910.0000,0.7284,0.7366,0.7524,0.8047,0.8490,0.8869,0.8923
1915.0000,0.7304,0.7400,0.7585,0.8110,0.8561,0.8919,0.8995
1920.0000,0.7350,0.7422,0.7661,0.8167,0.8636,0.8968,0.9049
1925.0000,0.7390,0.7456,0.7733,0.8229,0.8699,0.9037,0.9050
1930.0000,0.7429,0.7494,0.7810,0.8284,0.8779,0.9069,0.9111
1935.0000,0.7438,0.7560,0.7873,0.8347,0.8850,0.9105,0.9147
1940.0000,0.7498,0.7613,0.7940,0.8414,0.8907,0.9160,0.9125
1945.0000,0.7537,0.7683,0.8001,0.8479,0.8975,0.9176,0.9166
1950.0000,0.7547,0.7774,0.8050,0.8553,0.9032,0.9193,0.9184
1955.0000,0.7645,0.7825,0.8115,0.8624,0.9075,0.9229,0.9140
1960.0000,0.7705,0.7894,0.8175,0.8693,0.9126,0.9227,0.9151
1965.0000,0.7767,0.7957,0.8239,0.8762,0.9169,0.9224,0.9135
1970.0000,0.7850,0.8006,0.8312,0.8824,0.9209,0.9208,0.9110
1975.0000,0.7898,0.8081,0.8370,0.8896,0.9226,0.9205,0.9044
1980.0000,0.7960,0.8142,0.8440,0.8955,0.9253,0.9165,0.9016
1985.0000,0.8041,0.8193,0.8516,0.9010,0.9266,0.9128,0.8954
1990.0000,0.8101,0.8258,0.8583,0.9068,0.9262,0.9094,0.8859
1995.0000,0.8134,0.8339,0.8645,0.9120,0.9256,0.9034,0.8784
2000.0000,0.8225,0.8389,0.8725,0.9155,0.9253,0.8948,0.8720
2005.0000,0.8291,0.8457,0.8790,0.9197,0.9221,0.8880,0.8609
2010.0000,0.8350,0.8526,0.8853,0.9230,0.9183,0.8797,0.8497
2015.0000,0.8427,0.8584,0.8921,0.9251,0.9138,0.8702,0.8376
2020.0000,0.8478,0.8663,0.8970,0.9276,0.9070,0.8615,0.8210
2025.0000,0.8543,0.8727,0.9031,0.9276,0.9018,0.8470,0.8138
2030.0000,0.8623,0.8781,0.9087,0.9273,0.8939,0.8352,0.7995
2035.0000,0.8686,0.8844,0.9130,0.9266,0.8843,0.8237,0.7826
2040.0000,0.8727,0.8917,0.9163,0.9250,0.8741,0.8104,0.7666
2045.0000,0.8808,0.8957,0.9209,0.9209,0.8650,0.7933,0.7552
2050.0000,0.8866,0.9010,0.9234,0.9171,0.8527,0.7793,0.7381
2055.0000,0.8917,0.9060,0.9252,0.9121,0.8399,0.7641,0.7220
2060.0000,0.8933,0.9120,0.9253,0.9065,0.8259,0.7490,0.7043
2065.0000,0.9016,0.9140,0.9262,0.8992,0.8112,0.7344,0.6829
2070.0000,0.9057,0.9169,0.9260,0.8902,0.7981,0.7145,0.6736
2075.0000,0.9076,0.9202,0.9237,0.8813,0.7821,0.6985,0.6566
2080.0000,0.9131,0.9205,0.9216,0.8710,0.7657,0.6830,0.6374
2085.0000,0.9146,0.9219,0.9179,0.8595,0.7500,0.6645,0.6264
2090.0000,0.9155,0.9223,0.9127,0.8478,0.7323,0.6493,0.6091
2095.0000,0.9186,0.9202,0.9075,0.8347,0.7151,0.6338,0.5921
2100.0000,0.9172,0.9194,0.9000,0.8214,0.6971,0.6192,0.5733
2105.0000,0.9152,0.9169,0.8925,0.8061,0.6816,0.6004,0.5631
2110.0000,0.9161,0.9116,0.8846,0.7903,0.6649,0.5846,0.5486
2115.0000,0.9134,0.9070,0.8746,0.7747,0.6477,0.5699,0.5334
2120.0000,0.9088,0.9019,0.8635,0.7586,0.6308,0.5553,0.5190
2125.0000,0.9062,0.8937,0.8528,0.7411,0.6155,0.5389,0.5084
2130.0000,0.8996,0.8870,0.8394,0.7247,0.5987,0.5254,0.4957
2135.0000,0.8920,0.8792,0.8253,0.7081,0.5823,0.5123,0.4840
2140.0000,0.8866,0.8686,0.8113,0.6910,0.5665,0.5000,0.4721
2145.0000,0.8789,0.8578,0.7963,0.6742,0.5507,0.4889,0.4595
2150.0000,0.8667,0.8479,0.7799,0.6575,0.5362,0.4764,0.4524
2155.0000,0.8588,0.8344,0.7645,0.6403,0.5220,0.4657,0.4431
2160.0000,0.8470,0.8222,0.7474,0.6242,0.5076,0.4567,0.4327
2165.0000,0.8369,0.8071,0.7315,0.6072,0.4950,0.4470,0.4250
2170.0000,0.8249,0.7915,0.7156,0.5903,0.4837,0.4368,0.4194
2175.0000,0.8100,0.7774,0.6981,0.5747,0.4716,0.4294,0.4114
2180.0000,0.7947,0.7628,0.6806,0.5595,0.4605,0.4220,0.4049
2185.0000,0.7826,0.7455,0.6646,0.5439,0.4509,0.4146,0.3993
2190.0000,0.7681,0.7284,0.6482,0.5292,0.4414,0.4088,0.3917
2195.0000,0.7503,0.7134,0.6308,0.5153,0.4331,0.4016,0.3895
2200.0000,0.7306,0.6994,0.6126,0.5029,0.4243,0.3966,0.3845
2205.0000,0.7180,0.6816,0.5967,0.4901,0.4171,0.3913,0.3804
2210.0000,0.7028,0.6646,0.5806,0.4783,0.4100,0.3872,0.3752
2215.0000,0.6838,0.6493,0.5644,0.4673,0.4038,0.3821,0.3731
2220.0000,0.6700,0.6316,0.5498,0.4565,0.3982,0.3781,0.3697
2225.0000,0.6554,0.6140,0.5357,0.4465,0.3929,0.3748,0.3658
2230.0000,0.6358,0.5994,0.5210,0.4376,0.3881,0.3709,0.3642
2235.0000,0.6214,0.5827,0.5081,0.4289,0.3839,0.3675,0.3623
2240.0000,0.6041,0.5687,0.4944,0.4217,0.3791,0.3654,0.3595
2245.0000,0.5906,0.5527,0.4829,0.4142,0.3757,0.3625,0.3587
2250.0000,0.5758,0.5375,0.4719,0.4073,0.3725,0.3599,0.3582
2255.0000,0.5594,0.5246,0.4605,0.4016,0.3687,0.3587,0.3570
2260.0000,0.5431,0.5126,0.4498,0.3965,0.3654,0.3574,0.3575
2265.0000,0.5310,0.4991,0.4407,0.3913,0.3625,0.3567,0.3575
2270.0000,0.5188,0.4862,0.4325,0.3865,0.3598,0.3569,0.3569
2275.0000,0.5045,0.4754,0.4241,0.3823,0.3575,0.3572,0.3571
2280.0000,0.4931,0.4640,0.4172,0.3779,0.3560,0.3575,0.3572
2285.0000,0.4808,0.4546,0.4099,0.3744,0.3542,0.3590,0.3554
2290.0000,0.4707,0.4445,0.4043,0.3704,0.3540,0.3589,0.3563
2295.0000,0.4607,0.4351,0.3991,0.3665,0.3545,0.3585,0.3572
2300.0000,0.4503,0.4273,0.3936,0.3637,0.3545,0.3595,0.3554
2305.0000,0.4407,0.4201,0.3886,0.3610,0.3554,0.3589,0.3568
2310.0000,0.4327,0.4129,0.3841,0.3585,0.3566,0.3582,0.3577
2315.0000,0.4254,0.4062,0.3798,0.3569,0.3571,0.3586,0.3564
2320.0000,0.4168,0.4012,0.3751,0.3560,0.3579,0.3579,0.3579
2325.0000,0.4088,0.3966,0.3706,0.3557,0.3583,0.3578,0.3584
2330.0000,0.4042,0.3910,0.3672,0.3554,0.3586,0.3578,0.3587
2335.0000,0.3984,0.3864,0.3637,0.3559,0.3584,0.3583,0.3583
2340.0000,0.3912,0.3830,0.3604,0.3566,0.3582,0.3585,0.3588
2345.0000,0.3882,0.3779,0.3587,0.3569,0.3582,0.3586,0.3591
2350.0000,0.3834,0.3743,0.3568,0.3577,0.3577,0.3595,0.3583
2355.0000,0.3795,0.3703,0.3561,0.3579,0.3578,0.3594,0.3592
2360.0000,0.3763,0.3664,0.3560,0.3580,0.3581,0.3594,0.3596
2365.0000,0.3724,0.3638,0.3558,0.3583,0.3579,0.3602,0.3589
2370.0000,0.3693,0.3613,0.3561,0.3582,0.3583,0.3600,0.3598
2375.0000,0.3667,0.3592,0.3567,0.3581,0.3587,0.3600,0.3603
2380.0000,0.3639,0.3582,0.3568,0.3582,0.3587,0.3607,0.3597
2385.0000,0.3610,0.3579,0.3569,0.3584,0.3590,0.3607,0.3605
2390.0000,0.3601,0.3571,0.3574,0.3583,0.3594,0.3606,0.3611
2395.0000,0.3586,0.3574,0.3571,0.3587,0.3592,0.3616,0.3602
2400.0000,0.3575,0.3575,0.3573,0.3587,0.3596,0.3614,0.3614
2405.0000,0.3578,0.3570,0.3577,0.3587,0.3600,0.3615,0.3620
2410.0000,0.3573,0.3573,0.3576,0.3591,0.3599,0.3625,0.3611
2415.0000,0.3566,0.3578,0.3576,0.3593,0.3602,0.3625,0.3621
2420.0000,0.3573,0.3574,0.3580,0.3592,0.3608,0.3624,0.3629
2425.0000,0.3572,0.3577,0.3579,0.3596,0.3607,0.3634,0.3619
2430.0000,0.3569,0.3579,0.3580,0.3598,0.3611,0.3634,0.3631
2435.0000,0.3559,0.3586,0.3579,0.3601,0.3615,0.3635,0.3638
2440.0000,0.3574,0.3581,0.3583,0.3603,0.3615,0.3646,0.3624
2445.0000,0.3572,0.3583,0.3584,0.3605,0.3620,0.3644,0.3640
2450.0000,0.3568,0.3587,0.3585,0.3607,0.3625,0.3645,0.3647
2455.0000,0.3579,0.3583,0.3590,0.3608,0.3630,0.3646,0.3652
2460.0000,0.3576,0.3588,0.3589,0.3613,0.3630,0.3655,0.3646
2465.0000,0.3572,0.3591,0.3591,0.3615,0.3635,0.3654,0.3655
2470.0000,0.3583,0.3587,0.3596,0.3616,0.3640,0.3655,0.3661
2475.0000,0.3582,0.3591,0.3596,0.3621,0.3640,0.3663,0.3656
2480.0000,0.3576,0.3597,0.3597,0.3625,0.3645,0.3662,0.3667
2485.0000,0.3587,0.3593,0.3603,0.3625,0.3651,0.3661,0.3677
2490.0000,0.3587,0.3597,0.3604,0.3631,0.3650,0.3669,0.3677
2495.0000,0.3581,0.3603,0.3605,0.3635,0.3654,0.3670,0.3697
2500.0000,0.3593,0.3600,0.3610,0.3637,0.3657,0.3675,0.3712
2505.0000,0.3593,0.3604,0.3611,0.3643,0.3655,0.3688,0.3721
2510.0000,0.3591,0.3608,0.3614,0.3645,0.3659,0.3692,0.3759
2515.0000,0.3600,0.3606,0.3620,0.3647,0.3662,0.3704,0.3797
2520.0000,0.3599,0.3612,0.3620,0.3654,0.3659,0.3730,0.3827
2525.0000,0.3597,0.3618,0.3621,0.3659,0.3658,0.3761,0.3861
2530.0000,0.3607,0.3616,0.3628,0.3659,0.3664,0.3792,0.3907
2535.0000,0.3608,0.3620,0.3630,0.3663,0.3667,0.3838,0.3940
2540.0000,0.3606,0.3625,0.3634,0.3662,0.3681,0.3877,0.4003
2545.0000,0.3616,0.3623,0.3642,0.3660,0.3699,0.3927,0.4051
2550.0000,0.3618,0.3626,0.3646,0.3661,0.3719,0.3988,0.4084
2555.0000,0.3620,0.3628,0.3652,0.3657,0.3755,0.4034,0.4156
2560.0000,0.3616,0.3634,0.3657,0.3655,0.3799,0.4078,0.4240
2565.0000,0.3628,0.3633,0.3660,0.3659,0.3839,0.4145,0.4293
2570.0000,0.3629,0.3639,0.3661,0.3666,0.3888,0.4203,0.4375
2575.0000,0.3626,0.3646,0.3658,0.3677,0.3943,0.4262,0.4467
2580.0000,0.3637,0.3647,0.3658,0.3693,0.4002,0.4325,0.4568
2585.0000,0.3634,0.3658,0.3650,0.3721,0.4054,0.4406,0.4663
2590.0000,0.3627,0.3669,0.3641,0.3756,0.4107,0.4497,0.4756
2595.0000,0.3645,0.3664,0.3645,0.3789,0.4171,0.4584,0.4870
2600.0000,0.3644,0.3670,0.3644,0.3833,0.4230,0.4690,0.4976
2605.0000,0.3637,0.3676,0.3648,0.3878,0.4300,0.4791,0.5113
2610.0000,0.3654,0.3669,0.3664,0.3925,0.4372,0.4912,0.5230
2615.0000,0.3656,0.3671,0.3682,0.3977,0.4448,0.5042,0.5344
2620.0000,0.3656,0.3673,0.3710,0.4025,0.4544,0.5156,0.5511
2625.0000,0.3668,0.3672,0.3744,0.4077,0.4643,0.5287,0.5660
2630.0000,0.3675,0.3680,0.3779,0.4137,0.4743,0.5436,0.5799
2635.0000,0.3682,0.3689,0.3825,0.4189,0.4875,0.5544,0.6056
2640.0000,0.3691,0.3710,0.3866,0.4258,0.4991,0.5698,0.6282
2645.0000,0.3696,0.3743,0.3901,0.4340,0.5103,0.5881,0.6517
2650.0000,0.3708,0.3783,0.3933,0.4437,0.5202,0.6122,0.6658
2655.0000,0.3741,0.3811,0.3984,0.4524,0.5337,0.6331,0.6876
2660.0000,0.3765,0.3851,0.4033,0.4621,0.5474,0.6572,0.7058
2665.0000,0.3781,0.3898,0.4093,0.4712,0.5648,0.6777,0.7334
2670.0000,0.3832,0.3931,0.4165,0.4809,0.5827,0.7014,0.7552
2675.0000,0.3874,0.3974,0.4237,0.4915,0.6015,0.7268,0.7733
2680.0000,0.3924,0.4013,0.4326,0.5014,0.6246,0.7469,0.8040
2685.0000,0.3961,0.4068,0.4412,0.5128,0.6484,0.7680,0.8345
2690.0000,0.4013,0.4128,0.4493,0.5265,0.6707,0.7934,0.8596
2695.0000,0.4068,0.4196,0.4575,0.5417,0.6935,0.8198,0.8831
2700.0000,0.4126,0.4269,0.4665,0.5577,0.7184,0.8437,0.9132
2705.0000,0.4189,0.4349,0.4756,0.5755,0.7428,0.8692,0.9426
2710.0000,0.4232,0.4455,0.4838,0.5959,0.7660,0.8975,0.9704
2715.0000,0.4285,0.4562,0.4928,0.6177,0.7888,0.9282,0.9934
2720.0000,0.4399,0.4635,0.5058,0.6382,0.8153,0.9545,1.0230
2725.0000,0.4483,0.4732,0.5186,0.6609,0.8401,0.9846,1.0473
2730.0000,0.4553,0.4838,0.5334,0.6832,0.8677,1.0107,1.0798
2735.0000,0.4676,0.4927,0.5503,0.7064,0.8941,1.0411,1.1033
2740.0000,0.4793,0.5023,0.5690,0.7297,0.9216,1.0709,1.1246
2745.0000,0.4923,0.5120,0.5901,0.7520,0.9523,1.0953,1.1546
2750.0000,0.5018,0.5259,0.6102,0.7763,0.9816,1.1219,1.1785
2755.0000,0.5128,0.5417,0.6303,0.8021,1.0098,1.1496,1.1975
2760.0000,0.5246,0.5590,0.6515,0.8275,1.0405,1.1716,1.2252
2765.0000,0.5396,0.5765,0.6733,0.8539,1.0700,1.1941,1.2498
2770.0000,0.5515,0.5991,0.6927,0.8834,1.0960,1.2198,1.2680
2775.0000,0.5720,0.6171,0.7159,0.9117,1.1229,1.2433,1.2852
2780.0000,0.5912,0.6361,0.7403,0.9397,1.1505,1.2634,1.3046
2820.0000,0.7626,0.8219,0.9556,1.1640,1.3285,1.3762,1.3743
2825.0000,0.7886,0.8470,0.9852,1.1890,1.3455,1.3796,1.3775
2830.0000,0.8138,0.8734,1.0143,1.2135,1.3599,1.3819,1.3776
2835.0000,0.8349,0.9043,1.0402,1.2391,1.3697,1.3853,1.3720
2840.0000,0.8631,0.9314,1.0686,1.2617,1.3798,1.3836,1.3697
2845.0000,0.8919,0.9582,1.0970,1.2831,1.3874,1.3810,1.3644
2850.0000,0.9190,0.9862,1.1238,1.3038,1.3914,1.3791,1.3540
2855.0000,0.9380,1.0190,1.1479,1.3236,1.3936,1.3735,1.3468
2860.0000,0.9717,1.0439,1.1757,1.3391,1.3959,1.3647,1.3399
2865.0000,1.0017,1.0697,1.2018,1.3538,1.3942,1.3580,1.3269
2870.0000,1.0316,1.0943,1.2280,1.3655,1.3921,1.3480,1.3167
2875.0000,1.0582,1.1200,1.2522,1.3755,1.3879,1.3374,1.3047
2880.0000,1.0813,1.1487,1.2726,1.3852,1.3798,1.3289,1.2867
2885.0000,1.1091,1.1731,1.2944,1.3903,1.3741,1.3133,1.2804
2890.0000,1.1358,1.1969,1.3139,1.3941,1.3651,1.3007,1.2673
2895.0000,1.1578,1.2235,1.3290,1.3977,1.3528,1.2904,1.2496
2900.0000,1.1835,1.2453,1.3449,1.3971,1.3427,1.2747,1.2415
2905.0000,1.2090,1.2652,1.3589,1.3951,1.3302,1.2619,1.2277
2910.0000,1.2317,1.2848,1.3701,1.3918,1.3159,1.2509,1.2099
2915.0000,1.2482,1.3060,1.3778,1.3871,1.3020,1.2376,1.1963
2920.0000,1.2717,1.3204,1.3866,1.3786,1.2903,1.2211,1.1872
2925.0000,1.2912,1.3346,1.3918,1.3703,1.2754,1.2093,1.1703
2930.0000,1.3072,1.3477,1.3948,1.3603,1.2617,1.1953,1.1584
2935.0000,1.3155,1.3623,1.3940,1.3502,1.2471,1.1822,1.1446
2940.0000,1.3350,1.3689,1.3939,1.3383,1.2323,1.1713,1.1245
2945.0000,1.3477,1.3751,1.3919,1.3245,1.2206,1.1539,1.1197
2950.0000,1.3551,1.3813,1.3866,1.3116,1.2066,1.1407,1.1069
2955.0000,1.3658,1.3829,1.3811,1.2976,1.1933,1.1272,1.0943
2960.0000,1.3689,1.3865,1.3714,1.2850,1.1782,1.1161,1.0784
2965.0000,1.3719,1.3864,1.3622,1.2705,1.1663,1.0998,1.0735
2970.0000,1.3778,1.3820,1.3528,1.2560,1.1532,1.0867,1.0647
2975.0000,1.3774,1.3786,1.3406,1.2429,1.1385,1.0763,1.0546
2980.0000,1.3724,1.3751,1.3271,1.2298,1.1241,1.0659,1.0472
2985.0000,1.3735,1.3656,1.3155,1.2155,1.1110,1.0556,1.0417
2990.0000,1.3678,1.3581,1.3014,1.2025,1.0964,1.0488,1.0343
2995.0000,1.3602,1.3493,1.2874,1.1891,1.0827,1.0426,1.0277
3000.0000,1.3557,1.3367,1.2750,1.1747,1.0706,1.0370,1.0209
3005.0000,1.3472,1.3249,1.2615,1.1608,1.0585,1.0340,1.0102
3010.0000,1.3350,1.3136,1.2482,1.1459,1.0499,1.0268,1.0085
3015.0000,1.3267,1.2993,1.2359,1.1307,1.0426,1.0207,1.0042
3020.0000,1.3144,1.2873,1.2216,1.1171,1.0343,1.0180,0.9939
3025.0000,1.3033,1.2733,1.2089,1.1023,1.0303,1.0099,0.9941
3030.0000,1.2918,1.2590,1.1957,1.0886,1.0260,1.0037,0.9906
3035.0000,1.2778,1.2468,1.1804,1.0773,1.0203,1.0003,0.9827
3040.0000,1.2650,1.2334,1.1658,1.0662,1.0165,0.9940,0.9806
3045.0000,1.2527,1.2192,1.1515,1.0561,1.0131,0.9877,0.9787
3050.0000,1.2372,1.2080,1.1350,1.0489,1.0074,0.9845,0.9726
3055.0000,1.2209,1.1967,1.1188,1.0425,1.0021,0.9803,0.9698
3060.0000,1.2057,1.1842,1.1039,1.0367,0.9969,0.9765,0.9664
3065.0000,1.1976,1.1674,1.0919,1.0309,0.9914,0.9747,0.9582
3070.0000,1.1821,1.1542,1.0796,1.0256,0.9872,0.9695,0.9589
3075.0000,1.1665,1.1408,1.0686,1.0207,0.9825,0.9660,0.9562
3080.0000,1.1569,1.1245,1.0606,1.0150,0.9787,0.9623,0.9533
3085.0000,1.1453,1.1095,1.0531,1.0099,0.9742,0.9603,0.9476
3090.0000,1.1288,1.0978,1.0456,1.0047,0.9710,0.9557,0.9470
3095.0000,1.1176,1.0850,1.0398,0.9993,0.9679,0.9521,0.9446
3100.0000,1.1034,1.0759,1.0326,0.9954,0.9634,0.9506,0.9395
3105.0000,1.0916,1.0665,1.0267,0.9907,0.9603,0.9471,0.9379
3110.0000,1.0827,1.0564,1.0221,0.9856,0.9580,0.9430,0.9368
3115.0000,1.0709,1.0498,1.0157,0.9822,0.9538,0.9417,0.9323
3120.0000,1.0598,1.0438,1.0098,0.9784,0.9507,0.9387,0.9312
3125.0000,1.0540,1.0356,1.0056,0.9741,0.9481,0.9357,0.9295
3130.0000,1.0468,1.0290,1.0006,0.9707,0.9444,0.9351,0.9241
3135.0000,1.0376,1.0239,0.9957,0.9670,0.9421,0.9315,0.9249
3140.0000,1.0327,1.0170,0.9919,0.9630,0.9398,0.9289,0.9237
3145.0000,1.0254,1.0127,0.9867,0.9604,0.9360,0.9287,0.9186
3150.0000,1.0188,1.0078,0.9824,0.9569,0.9342,0.9256,0.9196
3155.0000,1.0150,1.0016,0.9792,0.9533,0.9323,0.9233,0.9185
3160.0000,1.0089,0.9975,0.9747,0.9508,0.9290,0.9234,0.9136
3165.0000,1.0031,0.9932,0.9709,0.9477,0.9273,0.9209,0.9138
3170.0000,0.9997,0.9875,0.9682,0.9441,0.9262,0.9181,0.9140
3175.0000,0.9942,0.9841,0.9640,0.9419,0.9234,0.9182,0.9096
3180.0000,0.9887,0.9806,0.9603,0.9393,0.9218,0.9160,0.9100
3185.0000,0.9825,0.9776,0.9565,0.9368,0.9202,0.9142,0.9096
3190.0000,0.9816,0.9722,0.9539,0.9345,0.9179,0.9147,0.9041
3195.0000,0.9763,0.9692,0.9505,0.9320,0.9170,0.9118,0.9066
3200.0000,0.9705,0.9666,0.9470,0.9301,0.9155,0.9103,0.9064
3205.0000,0.9696,0.9616,0.9449,0.9276,0.9145,0.9087,0.9057
3210.0000,0.9656,0.9587,0.9416,0.9261,0.9123,0.9091,0.9024
3215.0000,0.9602,0.9563,0.9387,0.9243,0.9114,0.9070,0.9032
3220.0000,0.9593,0.9516,0.9371,0.9220,0.9106,0.9055,0.9028
3225.0000,0.9553,0.9493,0.9340,0.9208,0.9086,0.9060,0.8995
3230.0000,0.9509,0.9469,0.9315,0.9192,0.9077,0.9044,0.8997
3235.0000,0.9501,0.9426,0.9303,0.9170,0.9074,0.9026,0.8998
3240.0000,0.9463,0.9406,0.9277,0.9160,0.9055,0.9029,0.8967
3245.0000,0.9421,0.9388,0.9254,0.9146,0.9048,0.9014,0.8971
3250.0000,0.9413,0.9352,0.9242,0.9128,0.9043,0.8999,0.8968
3255.0000,0.9384,0.9332,0.9220,0.9121,0.9024,0.9006,0.8928
3260.0000,0.9346,0.9316,0.9201,0.9108,0.9020,0.8984,0.8944
3265.0000,0.9339,0.9284,0.9191,0.9092,0.9015,0.8970,0.8941
3270.0000,0.9310,0.9271,0.9168,0.9088,0.8995,0.8978,0.8900
3275.0000,0.9279,0.9258,0.9151,0.9077,0.8989,0.8962,0.8907
3280.0000,0.9275,0.9227,0.9145,0.9061,0.8987,0.8942,0.8912
3285.0000,0.9251,0.9214,0.9126,0.9057,0.8969,0.8948,0.8872
3290.0000,0.9221,0.9203,0.9111,0.9047,0.8962,0.8932,0.8880
3295.0000,0.9219,0.9175,0.9107,0.9032,0.8960,0.8913,0.8883
3300.0000,0.9197,0.9166,0.9090,0.9028,0.8941,0.8920,0.8843
3305.0000,0.9172,0.9155,0.9078,0.9018,0.8935,0.8903,0.8850
3310.0000,0.9134,0.9152,0.9062,0.9011,0.8926,0.8889,0.8848
3315.0000,0.9151,0.9124,0.9058,0.9002,0.8909,0.8898,0.8795
3320.0000,0.9129,0.9116,0.9048,0.8990,0.8907,0.8871,0.8822
3325.0000,0.9099,0.9111,0.9035,0.8982,0.8898,0.8857,0.8821
3330.0000,0.9111,0.9086,0.9033,0.8968,0.8893,0.8843,0.8816
3335.0000,0.9091,0.9082,0.9018,0.8964,0.8874,0.8847,0.8785
3340.0000,0.9064,0.9078,0.9006,0.8954,0.8869,0.8828,0.8794
3345.0000,0.9077,0.9054,0.9005,0.8940,0.8863,0.8814,0.8790
3350.0000,0.9059,0.9049,0.8991,0.8935,0.8844,0.8819,0.8761
3355.0000,0.9033,0.9048,0.8978,0.8927,0.8835,0.8805,0.8762
3360.0000,0.9046,0.9023,0.8978,0.8911,0.8833,0.8788,0.8764
3365.0000,0.9030,0.9019,0.8964,0.8905,0.8815,0.8793,0.8734
3370.0000,0.9008,0.9015,0.8953,0.8895,0.8808,0.8779,0.8737
3375.0000,0.9016,0.8995,0.8951,0.8881,0.8803,0.8765,0.8735
3380.0000,0.9001,0.8992,0.8936,0.8876,0.8785,0.8774,0.8694
3385.0000,0.8981,0.8986,0.8926,0.8864,0.8783,0.8752,0.8713
3390.0000,0.8988,0.8966,0.8923,0.8849,0.8779,0.8738,0.8711
3395.0000,0.8975,0.8962,0.8908,0.8845,0.8761,0.8746,0.8673
3400.0000,0.8954,0.8959,0.8895,0.8836,0.8755,0.8731,0.8679
3405.0000,0.8961,0.8938,0.8893,0.8821,0.8754,0.8712,0.8683
3410.0000,0.8946,0.8934,0.8877,0.8817,0.8737,0.8719,0.8644
3415.0000,0.8929,0.8929,0.8865,0.8808,0.8731,0.8703,0.8653
3420.0000,0.8896,0.8931,0.8850,0.8800,0.8725,0.8687,0.8655
3425.0000,0.8919,0.8905,0.8847,0.8791,0.8711,0.8691,0.8617
3430.0000,0.8902,0.8899,0.8836,0.8782,0.8705,0.8676,0.8623
3435.0000,0.8868,0.8900,0.8821,0.8776,0.8697,0.8663,0.8618
3440.0000,0.8890,0.8875,0.8817,0.8768,0.8681,0.8671,0.8564
3445.0000,0.8873,0.8868,0.8808,0.8757,0.8680,0.8645,0.8587
3450.0000,0.8848,0.8865,0.8797,0.8749,0.8672,0.8629,0.8583
3455.0000,0.8862,0.8842,0.8796,0.8735,0.8668,0.8612,0.8575
3460.0000,0.8844,0.8839,0.8782,0.8732,0.8650,0.8613,0.8540
3465.0000,0.8819,0.8836,0.8771,0.8723,0.8645,0.8589,0.8547
3470.0000,0.8833,0.8814,0.8770,0.8710,0.8639,0.8572,0.8539
3475.0000,0.8817,0.8811,0.8756,0.8707,0.8619,0.8572,0.8506
3480.0000,0.8792,0.8810,0.8744,0.8700,0.8608,0.8555,0.8503
3485.0000,0.8807,0.8787,0.8744,0.8685,0.8602,0.8534,0.8500
3490.0000,0.8791,0.8784,0.8731,0.8681,0.8581,0.8533,0.8467
3495.0000,0.8772,0.8780,0.8721,0.8671,0.8570,0.8515,0.8466
3500.0000,0.8780,0.8761,0.8719,0.8657,0.8561,0.8498,0.8460
3505.0000,0.8766,0.8758,0.8706,0.8652,0.8537,0.8502,0.8416
3510.0000,0.8747,0.8754,0.8697,0.8639,0.8530,0.8477,0.8429
3515.0000,0.8754,0.8734,0.8696,0.8623,0.8521,0.8460,0.8423
3520.0000,0.8741,0.8730,0.8682,0.8615,0.8498,0.8463,0.8382
3525.0000,0.8726,0.8723,0.8676,0.8596,0.8500,0.8419,0.8460
3530.0000,0.8731,0.8703,0.8677,0.8573,0.8504,0.8376,0.8573
3535.0000,0.8718,0.8701,0.8660,0.8569,0.8475,0.8388,0.8658
3540.0000,0.8697,0.8703,0.8637,0.8569,0.8438,0.8426,0.8759
3545.0000,0.8651,0.8721,0.8602,0.8580,0.8380,0.8519,0.8822
3550.0000,0.8684,0.8694,0.8594,0.8572,0.8342,0.8623,0.8900
3555.0000,0.8663,0.8692,0.8575,0.8567,0.8309,0.8755,0.8935
3560.0000,0.8630,0.8687,0.8569,0.8540,0.8320,0.8855,0.9045
3565.0000,0.8663,0.8649,0.8578,0.8506,0.8339,0.9001,0.9054
3570.0000,0.8655,0.8622,0.8595,0.8451,0.8424,0.9067,0.9247
3575.0000,0.8648,0.8595,0.8610,0.8395,0.8529,0.9134,0.9441
3580.0000,0.8641,0.8574,0.8615,0.8351,0.8642,0.9219,0.9633
3585.0000,0.8636,0.8560,0.8603,0.8330,0.8745,0.9345,0.9805
3590.0000,0.8612,0.8563,0.8573,0.8329,0.8853,0.9483,0.9999
3595.0000,0.8600,0.8563,0.8534,0.8346,0.8967,0.9631,1.0227
3600.0000,0.8573,0.8579,0.8477,0.8392,0.9070,0.9814,1.0462
3605.0000,0.8515,0.8610,0.8406,0.8462,0.9172,1.0021,1.0723
3610.0000,0.8548,0.8589,0.8362,0.8541,0.9275,1.0276,1.0945
3615.0000,0.8513,0.8599,0.8309,0.8639,0.9388,1.0547,1.1178
3620.0000,0.8482,0.8587,0.8288,0.8727,0.9543,1.0793,1.1506
3625.0000,0.8521,0.8523,0.8313,0.8804,0.9728,1.1051,1.1848
3630.0000,0.8513,0.8482,0.8340,0.8902,0.9909,1.1370,1.2134
3635.0000,0.8525,0.8421,0.8402,0.8991,1.0128,1.1688,1.2433
3640.0000,0.8498,0.8385,0.8477,0.9079,1.0393,1.1973,1.2812
3645.0000,0.8493,0.8356,0.8557,0.9191,1.0652,1.2320,1.3115
