150.0000,0.6301,0.6357,0.6420,0.6516,0.6541,0.6546,0.6554
155.0000,0.6327,0.6365,0.6437,0.6522,0.6543,0.6546,0.6567
160.0000,0.6335,0.6387,0.6444,0.6534,0.6534,0.6563,0.6556
165.0000,0.6344,0.6404,0.6456,0.6540,0.6535,0.6564,0.6581
170.0000,0.6372,0.6409,0.6473,0.6541,0.6537,0.6569,0.6599
175.0000,0.6384,0.6424,0.6482,0.6548,0.6530,0.6592,0.6590
180.0000,0.6389,0.6442,0.6492,0.6549,0.6533,0.6599,0.6618
185.0000,0.6414,0.6446,0.6508,0.6545,0.6541,0.6609,0.6638
190.0000,0.6425,0.6460,0.6515,0.6548,0.6540,0.6637,0.6628
195.0000,0.6434,0.6473,0.6523,0.6545,0.6551,0.6646,0.6656
200.0000,0.6426,0.6493,0.6526,0.6544,0.6563,0.6658,0.6676
205.0000,0.6460,0.6493,0.6534,0.6543,0.6570,0.6688,0.6655
210.0000,0.6466,0.6505,0.6538,0.6540,0.6591,0.6692,0.6690
215.0000,0.6457,0.6523,0.6535,0.6542,0.6610,0.6700,0.6711
220.0000,0.6490,0.6521,0.6538,0.6546,0.6622,0.6726,0.6689
225.0000,0.6494,0.6530,0.6537,0.6550,0.6646,0.6724,0.6726
230.0000,0.6491,0.6540,0.6533,0.6558,0.6666,0.6729,0.6747
235.0000,0.6515,0.6535,0.6537,0.6565,0.6686,0.6734,0.6764
240.0000,0.6512,0.6545,0.6529,0.6583,0.6694,0.6753,0.6762
245.0000,0.6506,0.6553,0.6525,0.6598,0.6708,0.6758,0.6786
250.0000,0.6529,0.6543,0.6532,0.6611,0.6723,0.6765,0.6805
255.0000,0.6526,0.6548,0.6531,0.6633,0.6726,0.6787,0.6807
260.0000,0.6515,0.6555,0.6532,0.6651,0.6735,0.6798,0.6832
265.0000,0.6536,0.6544,0.6547,0.6665,0.6746,0.6810,0.6851
270.0000,0.6534,0.6547,0.6555,0.6683,0.6748,0.6837,0.6850
275.0000,0.6530,0.6551,0.6568,0.6696,0.6760,0.6850,0.6879
280.0000,0.6543,0.6546,0.6589,0.6705,0.6775,0.6863,0.6903
285.0000,0.6542,0.6555,0.6602,0.6720,0.6780,0.6895,0.6895
290.0000,0.6541,0.6564,0.6620,0.6728,0.6798,0.6906,0.6927
295.0000,0.6556,0.6566,0.6642,0.6733,0.6819,0.6918,0.6952
300.0000,0.6560,0.6580,0.6655,0.6746,0.6829,0.6950,0.6942
305.0000,0.6558,0.6599,0.6667,0.6754,0.6851,0.6959,0.6976
310.0000,0.6579,0.6606,0.6686,0.6760,0.6875,0.6969,0.7001
315.0000,0.6588,0.6625,0.6693,0.6776,0.6888,0.6998,0.6993
320.0000,0.6595,0.6643,0.6703,0.6788,0.6911,0.7004,0.7031
325.0000,0.6585,0.6670,0.6707,0.6804,0.6931,0.7015,0.7064
330.0000,0.6625,0.6673,0.6719,0.6821,0.6943,0.7046,0.7059
335.0000,0.6635,0.6689,0.6727,0.6838,0.6963,0.7055,0.7106
340.0000,0.6638,0.6707,0.6734,0.6857,0.6980,0.7073,0.7143
345.0000,0.6669,0.6709,0.6747,0.6877,0.6988,0.7111,0.7144
350.0000,0.6674,0.6725,0.6756,0.6896,0.7005,0.7131,0.7191
355.0000,0.6678,0.6738,0.6769,0.6914,0.7022,0.7155,0.7234
360.0000,0.6708,0.6737,0.6792,0.6928,0.7043,0.7182,0.7275
365.0000,0.6712,0.6753,0.6804,0.6948,0.7055,0.7227,0.7295
370.0000,0.6714,0.6768,0.6820,0.6964,0.7078,0.7261,0.7336
375.0000,0.6742,0.6769,0.6846,0.6974,0.7108,0.7293,0.7377
380.0000,0.6751,0.6785,0.6862,0.6992,0.7129,0.7343,0.7392
385.0000,0.6750,0.6805,0.6879,0.7006,0.7164,0.7374,0.7440
390.0000,0.6779,0.6811,0.6904,0.7017,0.7203,0.7407,0.7476
395.0000,0.6790,0.6830,0.6918,0.7037,0.7234,0.7455,0.7483
400.0000,0.6797,0.6851,0.6933,0.7054,0.7278,0.7481,0.7528
405.0000,0.6824,0.6862,0.6953,0.7071,0.7325,0.7504,0.7569
410.0000,0.6831,0.6888,0.6960,0.7102,0.7357,0.7548,0.7573
415.0000,0.6842,0.6910,0.6972,0.7129,0.7402,0.7567,0.7621
420.0000,0.6873,0.6919,0.6991,0.7156,0.7446,0.7586,0.7665
425.0000,0.6887,0.6940,0.7001,0.7196,0.7474,0.7626,0.7676
430.0000,0.6890,0.6965,0.7012,0.7234,0.7509,0.7647,0.7734
435.0000,0.6923,0.6971,0.7035,0.7271,0.7541,0.7675,0.7777
440.0000,0.6938,0.6990,0.7052,0.7316,0.7560,0.7722,0.7795
445.0000,0.6948,0.7009,0.7076,0.7356,0.7589,0.7751,0.7860
450.0000,0.6938,0.7039,0.7097,0.7398,0.7613,0.7789,0.7922
455.0000,0.6986,0.7042,0.7134,0.7437,0.7631,0.7850,0.7946
460.0000,0.7002,0.7062,0.7170,0.7471,0.7659,0.7895,0.8017
465.0000,0.7016,0.7084,0.7209,0.7500,0.7692,0.7941,0.8091
470.0000,0.7051,0.7099,0.7252,0.7532,0.7717,0.8018,0.8116
475.0000,0.7067,0.7127,0.7294,0.7556,0.7760,0.8068,0.8207
480.0000,0.7086,0.7157,0.7337,0.7578,0.7810,0.8119,0.8305
485.0000,0.7123,0.7181,0.7382,0.7598,0.7862,0.8178,0.8401
490.0000,0.7140,0.7225,0.7412,0.7630,0.7905,0.8263,0.8476
495.0000,0.7162,0.7267,0.7442,0.7660,0.7957,0.8345,0.8567
500.0000,0.7211,0.7294,0.7480,0.7684,0.8024,0.8419,0.8683
505.0000,0.7240,0.7337,0.7504,0.7722,0.8079,0.8522,0.8773
510.0000,0.7251,0.7387,0.7525,0.7759,0.8152,0.8605,0.8929
515.0000,0.7311,0.7412,0.7556,0.7798,0.8223,0.8714,0.9060
520.0000,0.7344,0.7450,0.7576,0.7847,0.8290,0.8844,0.9183
525.0000,0.7374,0.7482,0.7605,0.7891,0.8382,0.8949,0.9398
530.0000,0.7421,0.7503,0.7642,0.7937,0.8479,0.9068,0.9637
535.0000,0.7444,0.7542,0.7663,0.8002,0.8558,0.9241,0.9858
540.0000,0.7469,0.7578,0.7688,0.8072,0.8641,0.9442,1.0079
545.0000,0.7516,0.7596,0.7731,0.8133,0.8750,0.9641,1.0365
550.0000,0.7544,0.7629,0.7766,0.8208,0.8853,0.9893,1.0632
555.0000,0.7557,0.7670,0.7804,0.8283,0.8980,1.0153,1.0956
560.0000,0.7606,0.7695,0.7851,0.8368,0.9102,1.0497,1.1149
565.0000,0.7636,0.7731,0.7903,0.8448,0.9264,1.0833,1.1338
570.0000,0.7667,0.7765,0.7968,0.8522,0.9472,1.1154,1.1515
575.0000,0.7678,0.7813,0.8032,0.8603,0.9711,1.1479,1.1574
580.0000,0.7746,0.7838,0.8114,0.8684,0.9988,1.1789,1.1469
585.0000,0.7797,0.7870,0.8205,0.8762,1.0334,1.1987,1.1335
590.0000,0.7857,0.7901,0.8304,0.8846,1.0730,1.2072,1.1101
595.0000,0.7894,0.7953,0.8396,0.8953,1.1157,1.2024,1.0747
600.0000,0.7945,0.8019,0.8465,0.9117,1.1543,1.1915,1.0130
605.0000,0.8007,0.8079,0.8558,0.9278,1.1998,1.1472,0.9790
610.0000,0.8050,0.8171,0.8613,0.9522,1.2342,1.0965,0.9261
615.0000,0.8086,0.8294,0.8635,0.9852,1.2539,1.0401,0.8591
620.0000,0.8124,0.8415,0.8676,1.0210,1.2665,0.9607,0.8222
625.0000,0.8231,0.8520,0.8713,1.0651,1.2547,0.8895,0.7691
630.0000,0.8277,0.8659,0.8763,1.1118,1.2264,0.8131,0.7310
635.0000,0.8230,0.8852,0.8812,1.1621,1.1741,0.7495,0.6838
640.0000,0.8457,0.8896,0.9000,1.2046,1.1082,0.6906,0.6483
645.0000,0.8536,0.9007,0.9237,1.2392,1.0319,0.6339,0.6384
650.0000,0.8629,0.9106,0.9547,1.2649,0.9392,0.6037,0.6071
655.0000,0.8824,0.9152,0.9977,1.2732,0.8446,0.5850,0.5828
660.0000,0.8954,0.9252,1.0466,1.2625,0.7563,0.5702,0.5747
665.0000,0.9186,0.9319,1.1029,1.2317,0.6755,0.5672,0.5602
670.0000,0.9300,0.9499,1.1562,1.1839,0.6068,0.5687,0.5525
675.0000,0.9543,0.9662,1.2086,1.1191,0.5521,0.5784,0.5341
680.0000,0.9819,0.9875,1.2538,1.0387,0.5205,0.5763,0.5429
685.0000,0.9922,1.0256,1.2789,0.9537,0.5035,0.5721,0.5578
690.0000,1.0214,1.0584,1.2894,0.8679,0.4937,0.5804,0.5497
695.0000,1.0487,1.0953,1.2798,0.7835,0.5002,0.5749,0.5740
700.0000,1.0619,1.1391,1.2450,0.7095,0.5112,0.5711,0.6001
705.0000,1.0898,1.1716,1.1933,0.6471,0.5226,0.5756,0.6188
710.0000,1.1086,1.1985,1.1240,0.5984,0.5347,0.5819,0.6462
715.0000,1.1177,1.2148,1.0426,0.5636,0.5451,0.5932,0.6772
720.0000,1.1471,1.2020,0.9636,0.5374,0.5564,0.6083,0.7148
725.0000,1.1423,1.1882,0.8763,0.5255,0.5635,0.6300,0.7617
730.0000,1.1314,1.1569,0.7937,0.5234,0.5653,0.6682,0.7930
735.0000,1.1324,1.0993,0.7274,0.5218,0.5736,0.7057,0.8379
740.0000,1.1026,1.0427,0.6656,0.5265,0.5826,0.7491,0.8888
745.0000,1.0709,0.9741,0.6184,0.5324,0.5937,0.8039,0.9251
750.0000,1.0302,0.9008,0.5861,0.5354,0.6158,0.8542,0.9728
755.0000,0.9787,0.8322,0.5622,0.5400,0.6425,0.9100,1.0138
760.0000,0.9398,0.7585,0.5533,0.5409,0.6808,0.9612,1.0586
765.0000,0.8714,0.7062,0.5431,0.5473,0.7214,1.0174,1.0884
770.0000,0.8127,0.6603,0.5385,0.5552,0.7692,1.0708,1.1070
775.0000,0.7573,0.6248,0.5364,0.5654,0.8257,1.1131,1.1268
780.0000,0.7085,0.5976,0.5364,0.5792,0.8888,1.1446,1.1412
785.0000,0.6724,0.5743,0.5381,0.5996,0.9506,1.1748,1.1308
790.0000,0.6351,0.5620,0.5392,0.6252,1.0180,1.1821,1.1402
795.0000,0.6086,0.5540,0.5406,0.6589,1.0806,1.1825,1.1361
800.0000,0.5867,0.5521,0.5408,0.7027,1.1333,1.1797,1.1156
805.0000,0.5689,0.5536,0.5434,0.7530,1.1799,1.1628,1.1033
810.0000,0.5631,0.5534,0.5515,0.8085,1.2165,1.1381,1.0912
815.0000,0.5539,0.5607,0.5603,0.8715,1.2374,1.1124,1.0754
820.0000,0.5491,0.5683,0.5759,0.9373,1.2440,1.0872,1.0535
825.0000,0.5414,0.5801,0.5972,1.0042,1.2358,1.0648,1.0275
830.0000,0.5572,0.5831,0.6334,1.0638,1.2207,1.0375,1.0117
835.0000,0.5637,0.5944,0.6750,1.1191,1.1941,1.0152,0.9917
840.0000,0.5760,0.6066,0.7266,1.1653,1.1600,0.9981,0.9677
845.0000,0.5918,0.6224,0.7862,1.2000,1.1228,0.9826,0.9459
850.0000,0.6078,0.6458,0.8499,1.2229,1.0848,0.9683,0.9257
855.0000,0.6349,0.6703,0.9196,1.2309,1.0512,0.9507,0.9149
860.0000,0.6562,0.7059,0.9862,1.2286,1.0185,0.9368,0.9023
865.0000,0.6927,0.7412,1.0527,1.2146,0.9894,0.9263,0.8852
870.0000,0.7275,0.7867,1.1105,1.1922,0.9664,0.9119,0.8791
875.0000,0.7575,0.8426,1.1553,1.1653,0.9465,0.8979,0.8761
880.0000,0.8014,0.8964,1.1906,1.1349,0.9279,0.8900,0.8663
885.0000,0.8340,0.9593,1.2091,1.1047,0.9118,0.8818,0.8623
890.0000,0.8852,1.0118,1.2201,1.0722,0.9002,0.8734,0.8594
895.0000,0.9334,1.0608,1.2190,1.0419,0.8889,0.8691,0.8524
900.0000,0.9787,1.1026,1.2090,1.0130,0.8806,0.8636,0.8493
905.0000,1.0257,1.1329,1.1933,0.9857,0.8747,0.8583,0.8458
910.0000,1.0573,1.1619,1.1668,0.9642,0.8671,0.8567,0.8375
915.0000,1.0875,1.1777,1.1392,0.9435,0.8635,0.8507,0.8375
920.0000,1.1194,1.1790,1.1125,0.9243,0.8613,0.8454,0.8347
925.0000,1.1367,1.1763,1.0822,0.9096,0.8576,0.8426,0.8284
930.0000,1.1464,1.1661,1.0530,0.8968,0.8553,0.8376,0.8262
935.0000,1.1514,1.1486,1.0260,0.8856,0.8536,0.8321,0.8243
940.0000,1.1466,1.1293,0.9991,0.8778,0.8502,0.8288,0.8195
945.0000,1.1344,1.1085,0.9738,0.8719,0.8466,0.8248,0.8171
950.0000,1.1212,1.0841,0.9519,0.8671,0.8428,0.8211,0.8141
955.0000,1.1062,1.0576,0.9332,0.8632,0.8382,0.8191,0.8082
960.0000,1.0830,1.0347,0.9157,0.8603,0.8339,0.8150,0.8082
965.0000,1.0581,1.0127,0.9007,0.8581,0.8290,0.8124,0.8061
970.0000,1.0405,0.9878,0.8905,0.8547,0.8249,0.8096,0.8042
975.0000,1.0222,0.9642,0.8828,0.8512,0.8205,0.8081,0.8003
980.0000,0.9978,0.9459,0.8756,0.8478,0.8169,0.8052,0.8003
985.0000,0.9786,0.9280,0.8707,0.8437,0.8136,0.8031,0.7990
990.0000,0.9585,0.9144,0.8654,0.8405,0.8094,0.8029,0.7953
995.0000,0.9428,0.9010,0.8622,0.8359,0.8070,0.8007,0.7950
1000.0000,0.9278,0.8899,0.8594,0.8313,0.8052,0.7984,0.7948
1005.0000,0.9121,0.8829,0.8549,0.8279,0.8021,0.7985,0.7914
1010.0000,0.8985,0.8771,0.8508,0.8241,0.8003,0.7968,0.7914
1015.0000,0.8909,0.8698,0.8480,0.8197,0.7994,0.7947,0.7914
1020.0000,0.8828,0.8645,0.8443,0.8162,0.7976,0.7947,0.7884
1025.0000,0.8736,0.8609,0.8400,0.8130,0.7966,0.7930,0.7887
1030.0000,0.8691,0.8556,0.8367,0.8096,0.7960,0.7914,0.7884
1035.0000,0.8631,0.8522,0.8322,0.8074,0.7942,0.7919,0.7848
1040.0000,0.8566,0.8492,0.8278,0.8050,0.7936,0.7898,0.7861
1045.0000,0.8540,0.8443,0.8245,0.8026,0.7931,0.7884,0.7858
1050.0000,0.8491,0.8412,0.8199,0.8015,0.7912,0.7890,0.7823
1055.0000,0.8444,0.8378,0.8162,0.7999,0.7905,0.7876,0.7827
1060.0000,0.8421,0.8327,0.8137,0.7980,0.7903,0.7858,0.7829
1065.0000,0.8376,0.8294,0.8102,0.7973,0.7885,0.7863,0.7792
1070.0000,0.8330,0.8261,0.8073,0.7962,0.7878,0.7848,0.7797
1075.0000,0.8279,0.8231,0.8047,0.7951,0.7871,0.7834,0.7796
1080.0000,0.8269,0.8183,0.8032,0.7942,0.7857,0.7839,0.7750
1085.0000,0.8225,0.8154,0.8013,0.7929,0.7855,0.7814,0.7777
1090.0000,0.8175,0.8132,0.7993,0.7922,0.7846,0.7801,0.7779
1095.0000,0.8165,0.8094,0.7985,0.7910,0.7839,0.7790,0.7777
1100.0000,0.8130,0.8074,0.7966,0.7906,0.7821,0.7794,0.7755
1105.0000,0.8085,0.8061,0.7950,0.7898,0.7812,0.7782,0.7766
1110.0000,0.8082,0.8028,0.7947,0.7885,0.7805,0.7774,0.7767
1115.0000,0.8053,0.8016,0.7931,0.7881,0.7787,0.7783,0.7747
1120.0000,0.8020,0.8005,0.7920,0.7872,0.7779,0.7776,0.7755
1125.0000,0.8021,0.7976,0.7920,0.7856,0.7778,0.7766,0.7765
1130.0000,0.7998,0.7967,0.7908,0.7849,0.7765,0.7777,0.7747
1135.0000,0.7972,0.7960,0.7898,0.7837,0.7762,0.7771,0.7765
1140.0000,0.7972,0.7938,0.7897,0.7822,0.7764,0.7766,0.7778
1145.0000,0.7955,0.7932,0.7884,0.7816,0.7754,0.7780,0.7766
1150.0000,0.7933,0.7927,0.7873,0.7805,0.7755,0.7777,0.7789
1155.0000,0.7935,0.7909,0.7869,0.7793,0.7758,0.7778,0.7809
1160.0000,0.7918,0.7907,0.7852,0.7791,0.7749,0.7801,0.7798
1165.0000,0.7898,0.7904,0.7838,0.7784,0.7751,0.7806,0.7825
1170.0000,0.7904,0.7885,0.7834,0.7775,0.7757,0.7815,0.7842
1175.0000,0.7890,0.7881,0.7817,0.7775,0.7752,0.7845,0.7826
1180.0000,0.7871,0.7877,0.7805,0.7771,0.7761,0.7852,0.7855
1185.0000,0.7877,0.7855,0.7805,0.7761,0.7778,0.7857,0.7882
1190.0000,0.7865,0.7848,0.7793,0.7762,0.7781,0.7886,0.7867
1195.0000,0.7850,0.7839,0.7787,0.7758,0.7801,0.7885,0.7919
1200.0000,0.7824,0.7835,0.7779,0.7755,0.7824,0.7882,0.7988
1205.0000,0.7837,0.7815,0.7775,0.7759,0.7830,0.7913,0.8014
1210.0000,0.7820,0.7811,0.7768,0.7762,0.7852,0.7913,0.8161
1215.0000,0.7796,0.7811,0.7759,0.7770,0.7868,0.7929,0.8345
1220.0000,0.7808,0.7794,0.7759,0.7777,0.7881,0.7964,0.8592
1225.0000,0.7789,0.7799,0.7742,0.7803,0.7867,0.8066,0.8875
1230.0000,0.7759,0.7811,0.7722,0.7834,0.7843,0.8224,0.9214
1235.0000,0.7783,0.7791,0.7727,0.7850,0.7838,0.8417,0.9676
1240.0000,0.7768,0.7794,0.7719,0.7876,0.7825,0.8702,1.0217
1245.0000,0.7740,0.7803,0.7715,0.7897,0.7824,0.9080,1.0846
1250.0000,0.7767,0.7789,0.7718,0.7926,0.7808,0.9647,1.1367
1255.0000,0.7757,0.7785,0.7738,0.7922,0.7885,1.0232,1.2027
1260.0000,0.7750,0.7775,0.7772,0.7898,0.8036,1.0894,1.2719
1265.0000,0.7767,0.7752,0.7821,0.7857,0.8273,1.1638,1.3377
1270.0000,0.7776,0.7736,0.7870,0.7811,0.8607,1.2445,1.3964
1310.0000,0.7821,0.7872,0.7806,0.8775,1.5028,1.5471,1.4668
1315.0000,0.7805,0.7959,0.7666,0.9417,1.5720,1.5215,1.4393
1320.0000,0.7759,0.8055,0.7542,1.0189,1.6251,1.4820,1.4221
1325.0000,0.7600,0.8201,0.7428,1.1105,1.6520,1.4445,1.3951
1330.0000,0.7793,0.8159,0.7500,1.2031,1.6630,1.3985,1.3838
1335.0000,0.7743,0.8236,0.7614,1.3027,1.6469,1.3633,1.3605
1340.0000,0.7712,0.8280,0.7891,1.3988,1.6104,1.3381,1.3317
1345.0000,0.7925,0.8206,0.8403,1.4824,1.5615,1.3195,1.3049
1350.0000,0.7971,0.8248,0.9051,1.5513,1.5074,1.2991,1.2941
1355.0000,0.8133,0.8276,0.9883,1.6010,1.4490,1.2888,1.2745
1360.0000,0.8267,0.8404,1.0826,1.6303,1.3926,1.2821,1.2586
1365.0000,0.8511,0.8593,1.1860,1.6380,1.3422,1.2796,1.2401
1370.0000,0.8842,0.8891,1.2912,1.6253,1.3030,1.2732,1.2305
1375.0000,0.8994,0.9441,1.3852,1.5987,1.2737,1.2632,1.2285
1380.0000,0.9443,0.9990,1.4732,1.5595,1.2502,1.2625,1.2092
1385.0000,0.9921,1.0681,1.5440,1.5115,1.2396,1.2509,1.2105
1390.0000,1.0316,1.1533,1.5903,1.4634,1.2336,1.2397,1.2101
1395.0000,1.0810,1.2427,1.6135,1.4191,1.2270,1.2367,1.1952
1400.0000,1.1449,1.3227,1.6221,1.3742,1.2295,1.2223,1.2031
1405.0000,1.2156,1.3923,1.6145,1.3352,1.2314,1.2124,1.2031
1410.0000,1.2795,1.4544,1.5905,1.3044,1.2309,1.2060,1.1999
1415.0000,1.3220,1.5143,1.5495,1.2836,1.2274,1.2009,1.1997
1420.0000,1.3916,1.5401,1.5123,1.2641,1.2258,1.1962,1.1984
1425.0000,1.4356,1.5596,1.4671,1.2527,1.2205,1.1944,1.1968
1430.0000,1.4624,1.5676,1.4209,1.2459,1.2139,1.1939,1.1955
1435.0000,1.4975,1.5509,1.3848,1.2382,1.2097,1.1924,1.1957
1440.0000,1.5113,1.5287,1.3507,1.2336,1.2039,1.1936,1.1933
1445.0000,1.5109,1.5010,1.3214,1.2297,1.1992,1.1938,1.1951
1450.0000,1.5057,1.4667,1.2990,1.2252,1.1958,1.1941,1.1969
1455.0000,1.4905,1.4316,1.2809,1.2214,1.1916,1.1980,1.1926
1460.0000,1.4674,1.3987,1.2666,1.2169,1.1904,1.1977,1.1980
1465.0000,1.4377,1.3703,1.2541,1.2131,1.1891,1.1990,1.2010
1470.0000,1.4126,1.3421,1.2456,1.2086,1.1893,1.2001,1.2040
1475.0000,1.3894,1.3159,1.2394,1.2043,1.1892,1.2037,1.2030
1480.0000,1.3579,1.2983,1.2321,1.2010,1.1905,1.2048,1.2074
1485.0000,1.3363,1.2804,1.2273,1.1973,1.1929,1.2060,1.2109
1490.0000,1.3130,1.2686,1.2207,1.1958,1.1933,1.2104,1.2099
1495.0000,1.2956,1.2566,1.2163,1.1934,1.1965,1.2112,1.2153
1500.0000,1.2818,1.2453,1.2130,1.1914,1.1999,1.2125,1.2195
1505.0000,1.2660,1.2389,1.2075,1.1917,1.2012,1.2168,1.2197
1510.0000,1.2518,1.2336,1.2028,1.1920,1.2041,1.2184,1.2258
1515.0000,1.2454,1.2257,1.2003,1.1921,1.2073,1.2204,1.2314
1520.0000,1.2371,1.2206,1.1967,1.1940,1.2085,1.2257,1.2325
1525.0000,1.2276,1.2171,1.1936,1.1958,1.2111,1.2289,1.2389
1530.0000,1.2241,1.2110,1.1927,1.1972,1.2141,1.2324,1.2447
1535.0000,1.2176,1.2082,1.1904,1.2003,1.2151,1.2395,1.2455
1540.0000,1.2119,1.2052,1.1897,1.2024,1.2184,1.2435,1.2530
1545.0000,1.2100,1.2004,1.1910,1.2040,1.2223,1.2480,1.2586
1550.0000,1.2058,1.1985,1.1911,1.2068,1.2246,1.2557,1.2584
1555.0000,1.2017,1.1968,1.1925,1.2086,1.2296,1.2593,1.2671
1560.0000,1.2008,1.1940,1.1951,1.2100,1.2353,1.2631,1.2740
1565.0000,1.1980,1.1939,1.1963,1.2131,1.2390,1.2707,1.2743
1570.0000,1.1956,1.1941,1.1983,1.2154,1.2452,1.2737,1.2841
1575.0000,1.1914,1.1961,1.1995,1.2185,1.2509,1.2779,1.2923
1580.0000,1.1948,1.1953,1.2018,1.2221,1.2551,1.2857,1.2935
1585.0000,1.1935,1.1974,1.2034,1.2260,1.2608,1.2902,1.3028
1590.0000,1.1917,1.2001,1.2047,1.2304,1.2662,1.2955,1.3110
1595.0000,1.1960,1.2000,1.2079,1.2344,1.2720,1.3011,1.3185
1600.0000,1.1954,1.2034,1.2090,1.2402,1.2758,1.3097,1.3224
1605.0000,1.1950,1.2062,1.2112,1.2453,1.2812,1.3162,1.3298
1610.0000,1.2005,1.2058,1.2158,1.2493,1.2879,1.3220,1.3375
1615.0000,1.2018,1.2083,1.2189,1.2549,1.2926,1.3310,1.3403
1620.0000,1.2016,1.2115,1.2226,1.2597,1.2995,1.3364,1.3496
1625.0000,1.2068,1.2120,1.2282,1.2640,1.3069,1.3424,1.3566
1630.0000,1.2088,1.2150,1.2323,1.2696,1.3126,1.3510,1.3589
1635.0000,1.2102,1.2185,1.2370,1.2745,1.3204,1.3560,1.3679
1640.0000,1.2145,1.2208,1.2426,1.2794,1.3284,1.3610,1.3757
1645.0000,1.2161,1.2261,1.2461,1.2862,1.3338,1.3698,1.3773
1650.0000,1.2182,1.2310,1.2504,1.2922,1.3412,1.3748,1.3852
1655.0000,1.2241,1.2339,1.2561,1.2979,1.3490,1.3795,1.3923
1660.0000,1.2274,1.2392,1.2601,1.3054,1.3541,1.3879,1.3930
1665.0000,1.2289,1.2455,1.2644,1.3123,1.3610,1.3922,1.4016
1670.0000,1.2363,1.2483,1.2707,1.3186,1.3680,1.3969,1.4075
1675.0000,1.2406,1.2534,1.2757,1.3262,1.3728,1.4048,1.4071
1680.0000,1.2447,1.2582,1.2818,1.3328,1.3795,1.4086,1.4144
1685.0000,1.2452,1.2651,1.2870,1.3399,1.3855,1.4127,1.4193
1690.0000,1.2547,1.2680,1.2942,1.3467,1.3904,1.4196,1.4173
1695.0000,1.2593,1.2734,1.3011,1.3529,1.3971,1.4218,1.4242
1700.0000,1.2598,1.2811,1.3068,1.3597,1.4027,1.4245,1.4286
1705.0000,1.2699,1.2848,1.3143,1.3664,1.4067,1.4307,1.4243
1710.0000,1.2750,1.2910,1.3212,1.3723,1.4126,1.4315,1.4306
1715.0000,1.2791,1.2978,1.3279,1.3784,1.4176,1.4330,1.4336
1720.0000,1.2879,1.3024,1.3358,1.3838,1.4226,1.4341,1.4353
1725.0000,1.2916,1.3108,1.3411,1.3909,1.4248,1.4380,1.4322
1730.0000,1.2966,1.3179,1.3476,1.3965,1.4288,1.4378,1.4343
1735.0000,1.3064,1.3225,1.3554,1.4014,1.4325,1.4376,1.4343
1740.0000,1.3122,1.3297,1.3612,1.4074,1.4338,1.4399,1.4294
1745.0000,1.3146,1.3385,1.3666,1.4128,1.4360,1.4386,1.4295
1750.0000,1.3254,1.3427,1.3744,1.4165,1.4388,1.4361,1.4288
1755.0000,1.3318,1.3496,1.3802,1.4214,1.4389,1.4364,1.4225
1760.0000,1.3374,1.3563,1.3863,1.4252,1.4400,1.4333,1.4210
1765.0000,1.3459,1.3611,1.3932,1.4282,1.4409,1.4297,1.4183
1770.0000,1.3506,1.3690,1.3975,1.4325,1.4388,1.4292,1.4090
1775.0000,1.3563,1.3754,1.4031,1.4348,1.4391,1.4229,1.4098
1780.0000,1.3648,1.3799,1.4092,1.4366,1.4380,1.4181,1.4065
1785.0000,1.3705,1.3864,1.4132,1.4394,1.4342,1.4162,1.3976
1790.0000,1.3731,1.3942,1.4165,1.4413,1.4313,1.4109,1.3954
1795.0000,1.3823,1.3977,1.4220,1.4414,1.4291,1.4044,1.3939
1800.0000,1.3879,1.4033,1.4251,1.4426,1.4236,1.4021,1.3857
1805.0000,1.3927,1.4084,1.4285,1.4423,1.4194,1.3969,1.3838
1810.0000,1.3933,1.4152,1.4306,1.4419,1.4147,1.3918,1.3815
1815.0000,1.4035,1.4169,1.4343,1.4403,1.4089,1.3899,1.3734
1820.0000,1.4074,1.4212,1.4365,1.4381,1.4040,1.3854,1.3710
1825.0000,1.4070,1.4271,1.4372,1.4358,1.3988,1.3815,1.3671
1830.0000,1.4165,1.4278,1.4395,1.4324,1.3928,1.3808,1.3550
1835.0000,1.4198,1.4305,1.4409,1.4275,1.3900,1.3736,1.3570
1840.0000,1.4213,1.4336,1.4409,1.4230,1.3862,1.3687,1.3537
1845.0000,1.4274,1.4337,1.4416,1.4175,1.3831,1.3634,1.3495
1850.0000,1.4281,1.4368,1.4391,1.4135,1.3779,1.3610,1.3406
1855.0000,1.4284,1.4387,1.4370,1.4083,1.3752,1.3540,1.3394
1860.0000,1.4334,1.4374,1.4354,1.4028,1.3721,1.3483,1.3351
1865.0000,1.4337,1.4384,1.4311,1.3990,1.3669,1.3450,1.3269
1870.0000,1.4308,1.4400,1.4261,1.3951,1.3627,1.3392,1.3234
1875.0000,1.4352,1.4365,1.4232,1.3900,1.3595,1.3322,1.3208
1880.0000,1.4337,1.4358,1.4176,1.3869,1.3536,1.3288,1.3136
1885.0000,1.4311,1.4344,1.4123,1.3832,1.3485,1.3234,1.3106
1890.0000,1.4327,1.4295,1.4087,1.3788,1.3438,1.3181,1.3067
1895.0000,1.4298,1.4270,1.4032,1.3758,1.3368,1.3161,1.2979
1900.0000,1.4255,1.4238,1.3986,1.3714,1.3322,1.3098,1.2978
1905.0000,1.4253,1.4177,1.3957,1.3664,1.3274,1.3050,1.2947
1910.0000,1.4214,1.4139,1.3910,1.3626,1.3207,1.3035,1.2864
1915.0000,1.4167,1.4098,1.3871,1.3576,1.3160,1.2988,1.2844
1920.0000,1.4147,1.4036,1.3846,1.3516,1.3124,1.2933,1.2829
1925.0000,1.4097,1.4001,1.3800,1.3472,1.3065,1.2920,1.2746
1930.0000,1.4040,1.3968,1.3756,1.3418,1.3026,1.2873,1.2731
1935.0000,1.3966,1.3942,1.3708,1.3367,1.2987,1.2831,1.2703
1940.0000,1.3971,1.3878,1.3673,1.3314,1.2939,1.2820,1.2599
1945.0000,1.3915,1.3844,1.3627,1.3257,1.2915,1.2753,1.2623
1950.0000,1.3842,1.3819,1.3570,1.3209,1.2880,1.2709,1.2600
1955.0000,1.3846,1.3756,1.3527,1.3162,1.2834,1.2696,1.2508
1960.0000,1.3788,1.3722,1.3473,1.3114,1.2808,1.2636,1.2530
1965.0000,1.3716,1.3694,1.3410,1.3075,1.2769,1.2598,1.2508
1970.0000,1.3715,1.3627,1.3368,1.3028,1.2736,1.2561,1.2482
1975.0000,1.3662,1.3589,1.3307,1.2997,1.2686,1.2548,1.2420
1980.0000,1.3591,1.3551,1.3252,1.2958,1.2654,1.2503,1.2422
1985.0000,1.3584,1.3478,1.3216,1.2912,1.2624,1.2467,1.2406
1990.0000,1.3526,1.3435,1.3162,1.2881,1.2576,1.2459,1.2353
1995.0000,1.3462,1.3391,1.3115,1.2843,1.2544,1.2426,1.2348
2000.0000,1.3444,1.3318,1.3086,1.2796,1.2520,1.2391,1.2342
2005.0000,1.3382,1.3278,1.3037,1.2765,1.2477,1.2388,1.2295
2010.0000,1.3314,1.3239,1.2993,1.2728,1.2448,1.2363,1.2290
2015.0000,1.3291,1.3176,1.2964,1.2684,1.2426,1.2339,1.2277
2020.0000,1.3240,1.3135,1.2920,1.2653,1.2388,1.2345,1.2211
2025.0000,1.3174,1.3100,1.2879,1.2614,1.2374,1.2309,1.2228
2030.0000,1.3151,1.3043,1.2851,1.2572,1.2361,1.2283,1.2217
2035.0000,1.3098,1.3012,1.2803,1.2546,1.2328,1.2288,1.2150
2040.0000,1.3043,1.2978,1.2762,1.2512,1.2316,1.2256,1.2152
2045.0000,1.3024,1.2922,1.2736,1.2473,1.2313,1.2218,1.2154
2050.0000,1.2976,1.2891,1.2689,1.2452,1.2284,1.2217,1.2093
2055.0000,1.2923,1.2859,1.2648,1.2427,1.2272,1.2184,1.2098
2060.0000,1.2855,1.2835,1.2604,1.2406,1.2255,1.2155,1.2091
2065.0000,1.2859,1.2776,1.2575,1.2386,1.2227,1.2157,1.2019
2070.0000,1.2807,1.2746,1.2538,1.2365,1.2215,1.2114,1.2052
2075.0000,1.2740,1.2724,1.2497,1.2352,1.2191,1.2093,1.2048
2080.0000,1.2741,1.2669,1.2472,1.2337,1.2157,1.2101,1.1983
2085.0000,1.2695,1.2639,1.2442,1.2319,1.2140,1.2069,1.2012
2090.0000,1.2635,1.2613,1.2412,1.2303,1.2116,1.2053,1.2010
2095.0000,1.2636,1.2558,1.2403,1.2277,1.2100,1.2036,1.2006
2100.0000,1.2596,1.2530,1.2378,1.2262,1.2069,1.2045,1.1964
2105.0000,1.2542,1.2506,1.2359,1.2238,1.2057,1.2022,1.1981
2110.0000,1.2538,1.2459,1.2354,1.2208,1.2048,1.2006,1.1981
2115.0000,1.2498,1.2441,1.2330,1.2191,1.2023,1.2017,1.1943
2120.0000,1.2450,1.2427,1.2309,1.2168,1.2015,1.2001,1.1954
2125.0000,1.2452,1.2386,1.2302,1.2136,1.2015,1.1981,1.1964
2130.0000,1.2417,1.2375,1.2275,1.2121,1.1996,1.1991,1.1930
2135.0000,1.2377,1.2364,1.2250,1.2102,1.1991,1.1977,1.1946
2140.0000,1.2378,1.2332,1.2236,1.2078,1.1990,1.1964,1.1954
2145.0000,1.2349,1.2322,1.2204,1.2070,1.1970,1.1983,1.1912
2150.0000,1.2312,1.2312,1.2177,1.2055,1.1969,1.1966,1.1942
2155.0000,1.2317,1.2276,1.2163,1.2037,1.1968,1.1959,1.1949
2160.0000,1.2290,1.2263,1.2133,1.2034,1.1949,1.1981,1.1905
2165.0000,1.2257,1.2249,1.2108,1.2024,1.1947,1.1973,1.1920
2170.0000,1.2260,1.2210,1.2101,1.2006,1.1954,1.1960,1.1931
2175.0000,1.2233,1.2194,1.2077,1.2004,1.1940,1.1980,1.1880
2180.0000,1.2202,1.2176,1.2061,1.1994,1.1945,1.1966,1.1893
2185.0000,1.2153,1.2168,1.2041,1.1987,1.1948,1.1954,1.1891
2190.0000,1.2172,1.2128,1.2036,1.1981,1.1940,1.1970,1.1815
2195.0000,1.2141,1.2114,1.2024,1.1971,1.1953,1.1935,1.1848
2200.0000,1.2099,1.2108,1.2008,1.1968,1.1955,1.1914,1.1842
2205.0000,1.2112,1.2074,1.2007,1.1960,1.1960,1.1889,1.1828
2210.0000,1.2084,1.2070,1.1988,1.1966,1.1945,1.1887,1.1775
2215.0000,1.2046,1.2066,1.1975,1.1966,1.1945,1.1850,1.1782
2220.0000,1.2063,1.2036,1.1976,1.1962,1.1940,1.1820,1.1769
2225.0000,1.2036,1.2036,1.1959,1.1972,1.1914,1.1814,1.1723
2230.0000,1.2001,1.2036,1.1948,1.1975,1.1899,1.1781,1.1726
2235.0000,1.2024,1.2006,1.1955,1.1970,1.1882,1.1756,1.1711
2240.0000,1.2005,1.2003,1.1946,1.1976,1.1847,1.1753,1.1666
2245.0000,1.1974,1.2005,1.1941,1.1974,1.1822,1.1730,1.1659
2250.0000,1.1997,1.1976,1.1956,1.1958,1.1805,1.1702,1.1651
2255.0000,1.1981,1.1975,1.1954,1.1953,1.1769,1.1702,1.1603
2260.0000,1.1960,1.1976,1.1955,1.1938,1.1747,1.1681,1.1590
2265.0000,1.1974,1.1958,1.1968,1.1914,1.1730,1.1658,1.1566
2270.0000,1.1963,1.1962,1.1963,1.1900,1.1697,1.1662,1.1486
2275.0000,1.1946,1.1965,1.1964,1.1872,1.1691,1.1617,1.1491
2280.0000,1.1962,1.1952,1.1969,1.1841,1.1683,1.1582,1.1461
2285.0000,1.1954,1.1958,1.1956,1.1823,1.1656,1.1572,1.1375
2290.0000,1.1938,1.1966,1.1942,1.1798,1.1647,1.1521,1.1357
2295.0000,1.1956,1.1951,1.1938,1.1766,1.1644,1.1458,1.1345
2300.0000,1.1947,1.1956,1.1911,1.1753,1.1612,1.1432,1.1269
2305.0000,1.1932,1.1961,1.1884,1.1737,1.1588,1.1378,1.1247
2310.0000,1.1890,1.1975,1.1849,1.1727,1.1555,1.1330,1.1212
2315.0000,1.1933,1.1943,1.1831,1.1714,1.1509,1.1306,1.1122
2320.0000,1.1914,1.1937,1.1805,1.1698,1.1476,1.1241,1.1130
2325.0000,1.1883,1.1931,1.1775,1.1686,1.1427,1.1200,1.1094
2330.0000,1.1909,1.1891,1.1766,1.1662,1.1382,1.1158,1.1053
2335.0000,1.1886,1.1877,1.1742,1.1647,1.1321,1.1137,1.0982
2340.0000,1.1852,1.1861,1.1727,1.1617,1.1278,1.1085,1.0965
2345.0000,1.1865,1.1818,1.1726,1.1579,1.1236,1.1042,1.0925
2350.0000,1.1839,1.1800,1.1709,1.1547,1.1180,1.1021,1.0850
2355.0000,1.1805,1.1784,1.1696,1.1502,1.1145,1.0966,1.0832
2360.0000,1.1808,1.1748,1.1691,1.1451,1.1110,1.0919,1.0789
2365.0000,1.1780,1.1736,1.1668,1.1410,1.1061,1.0893,1.0710
2370.0000,1.1739,1.1731,1.1640,1.1364,1.1026,1.0840,1.0672
2375.0000,1.1746,1.1698,1.1624,1.1307,1.1002,1.0773,1.0645
2380.0000,1.1716,1.1692,1.1582,1.1268,1.0955,1.0737,1.0572
2385.0000,1.1680,1.1685,1.1539,1.1226,1.0916,1.0679,1.0540
2390.0000,1.1686,1.1650,1.1505,1.1180,1.0878,1.0623,1.0500
2395.0000,1.1658,1.1636,1.1452,1.1148,1.0821,1.0591,1.0418
2400.0000,1.1620,1.1616,1.1404,1.1109,1.0779,1.0526,1.0409
2405.0000,1.1622,1.1569,1.1367,1.1066,1.0732,1.0476,1.0369
2410.0000,1.1588,1.1541,1.1314,1.1035,1.0667,1.0450,1.0294
2415.0000,1.1547,1.1509,1.1267,1.0996,1.0615,1.0403,1.0260
2420.0000,1.1536,1.1451,1.1237,1.0946,1.0573,1.0347,1.0235
2425.0000,1.1492,1.1415,1.1191,1.0909,1.0510,1.0324,1.0157
2430.0000,1.1445,1.1376,1.1151,1.0862,1.0463,1.0277,1.0127
2435.0000,1.1388,1.1340,1.1111,1.0813,1.0418,1.0231,1.0088
2440.0000,1.1381,1.1278,1.1080,1.0762,1.0365,1.0210,0.9986
2445.0000,1.1328,1.1240,1.1043,1.0706,1.0335,1.0140,0.9994
2450.0000,1.1266,1.1209,1.0998,1.0655,1.0295,1.0090,0.9960
2455.0000,1.1252,1.1154,1.0964,1.0599,1.0259,1.0038,0.9921
2460.0000,1.1205,1.1119,1.0914,1.0554,1.0209,1.0007,0.9852
2465.0000,1.1138,1.1092,1.0861,1.0507,1.0172,0.9947,0.9837
2470.0000,1.1127,1.1037,1.0819,1.0457,1.0132,0.9899,0.9801
2475.0000,1.1073,1.1008,1.0759,1.0420,1.0076,0.9871,0.9741
2480.0000,1.1014,1.0975,1.0702,1.0378,1.0033,0.9819,0.9726
2485.0000,1.1004,1.0911,1.0662,1.0331,0.9989,0.9779,0.9692
2490.0000,1.0952,1.0872,1.0606,1.0294,0.9932,0.9758,0.9634
2495.0000,1.0895,1.0830,1.0555,1.0252,0.9886,0.9721,0.9604
2500.0000,1.0877,1.0761,1.0522,1.0199,0.9852,0.9674,0.9583
2505.0000,1.0820,1.0719,1.0472,1.0158,0.9802,0.9655,0.9524
2510.0000,1.0758,1.0676,1.0426,1.0112,0.9765,0.9615,0.9504
2515.0000,1.0731,1.0615,1.0392,1.0059,0.9734,0.9574,0.9477
2520.0000,1.0682,1.0569,1.0346,1.0017,0.9689,0.9558,0.9409
2525.0000,1.0619,1.0529,1.0301,0.9968,0.9663,0.9506,0.9412
2530.0000,1.0589,1.0473,1.0264,0.9919,0.9634,0.9467,0.9391
2535.0000,1.0535,1.0437,1.0210,0.9883,0.9590,0.9452,0.9332
2540.0000,1.0480,1.0399,1.0160,0.9842,0.9558,0.9414,0.9321
2545.0000,1.0452,1.0342,1.0122,0.9797,0.9532,0.9374,0.9313
2550.0000,1.0398,1.0307,1.0066,0.9766,0.9488,0.9363,0.9260
2555.0000,1.0341,1.0271,1.0015,0.9731,0.9455,0.9332,0.9253
2560.0000,1.0277,1.0235,0.9965,0.9698,0.9423,0.9305,0.9240
2565.0000,1.0269,1.0170,0.9929,0.9662,0.9384,0.9302,0.9176
2570.0000,1.0213,1.0129,0.9886,0.9625,0.9361,0.9265,0.9194
2575.0000,1.0150,1.0091,0.9842,0.9591,0.9332,0.9244,0.9182
2580.0000,1.0134,1.0029,0.9813,0.9550,0.9311,0.9221,0.9167
2585.0000,1.0087,0.9985,0.9773,0.9519,0.9279,0.9218,0.9123
2590.0000,1.0023,0.9950,0.9735,0.9483,0.9263,0.9188,0.9125
2595.0000,1.0001,0.9894,0.9707,0.9445,0.9248,0.9165,0.9111
2600.0000,0.9948,0.9862,0.9664,0.9419,0.9220,0.9161,0.9068
2605.0000,0.9891,0.9832,0.9623,0.9390,0.9205,0.9137,0.9059
2610.0000,0.9875,0.9778,0.9598,0.9354,0.9197,0.9107,0.9050
2615.0000,0.9824,0.9749,0.9555,0.9334,0.9172,0.9100,0.9007
2620.0000,0.9774,0.9719,0.9516,0.9310,0.9158,0.9074,0.8997
2625.0000,0.9759,0.9667,0.9492,0.9281,0.9149,0.9042,0.8987
2630.0000,0.9712,0.9639,0.9451,0.9266,0.9123,0.9033,0.8945
2635.0000,0.9660,0.9612,0.9415,0.9248,0.9105,0.9007,0.8934
2640.0000,0.9645,0.9565,0.9391,0.9226,0.9090,0.8980,0.8918
2645.0000,0.9606,0.9535,0.9357,0.9215,0.9060,0.8974,0.8864
2650.0000,0.9559,0.9507,0.9329,0.9197,0.9045,0.8938,0.8872
2655.0000,0.9543,0.9462,0.9312,0.9176,0.9026,0.8912,0.8858
2660.0000,0.9504,0.9437,0.9284,0.9165,0.8993,0.8907,0.8809
2665.0000,0.9463,0.9411,0.9261,0.9147,0.8972,0.8880,0.8804
2670.0000,0.9448,0.9369,0.9251,0.9122,0.8957,0.8849,0.8800
2675.0000,0.9412,0.9347,0.9228,0.9108,0.8924,0.8846,0.8753
2680.0000,0.9374,0.9327,0.9209,0.9088,0.8903,0.8822,0.8750
2685.0000,0.9325,0.9314,0.9187,0.9069,0.8881,0.8801,0.8738
2690.0000,0.9331,0.9277,0.9176,0.9047,0.8852,0.8802,0.8675
2695.0000,0.9298,0.9260,0.9159,0.9021,0.8840,0.8767,0.8696
2700.0000,0.9260,0.9247,0.9139,0.8998,0.8822,0.8744,0.8688
2705.0000,0.9262,0.9214,0.9129,0.8970,0.8807,0.8723,0.8675
2710.0000,0.9235,0.9202,0.9104,0.8952,0.8781,0.8719,0.8636
2715.0000,0.9197,0.9192,0.9081,0.8928,0.8768,0.8691,0.8640
2720.0000,0.9202,0.9160,0.9068,0.8902,0.8755,0.8670,0.8629
2725.0000,0.9176,0.9148,0.9040,0.8886,0.8729,0.8667,0.8593
2730.0000,0.9141,0.9138,0.9013,0.8866,0.8713,0.8646,0.8589
2735.0000,0.9147,0.9104,0.8999,0.8840,0.8703,0.8622,0.8585
2740.0000,0.9120,0.9090,0.8971,0.8825,0.8678,0.8620,0.8551
2745.0000,0.9089,0.9075,0.8945,0.8808,0.8662,0.8602,0.8545
2750.0000,0.9087,0.9042,0.8931,0.8784,0.8652,0.8580,0.8539
2755.0000,0.9062,0.9025,0.8904,0.8770,0.8629,0.8579,0.8502
2760.0000,0.9029,0.9008,0.8881,0.8752,0.8616,0.8559,0.8497
2765.0000,0.9025,0.8975,0.8867,0.8730,0.8606,0.8538,0.8488
2770.0000,0.9000,0.8957,0.8843,0.8717,0.8583,0.8539,0.8440
2775.0000,0.8967,0.8940,0.8823,0.8698,0.8576,0.8508,0.8453
2780.0000,0.8961,0.8908,0.8810,0.8677,0.8567,0.8485,0.8448
2785.0000,0.8934,0.8893,0.8785,0.8667,0.8543,0.8485,0.8409
2790.0000,0.8903,0.8878,0.8764,0.8652,0.8530,0.8462,0.8416
2795.0000,0.8898,0.8847,0.8752,0.8633,0.8520,0.8440,0.8420
2800.0000,0.8871,0.8834,0.8728,0.8625,0.8494,0.8443,0.8388
2805.0000,0.8842,0.8820,0.8708,0.8611,0.8477,0.8429,0.8395
2810.0000,0.8801,0.8811,0.8685,0.8600,0.8460,0.8419,0.8395
2815.0000,0.8814,0.8777,0.8675,0.8585,0.8436,0.8431,0.8349
2820.0000,0.8787,0.8761,0.8660,0.8567,0.8428,0.8413,0.8375
2825.0000,0.8753,0.8749,0.8644,0.8551,0.8416,0.8406,0.8376
2830.0000,0.8758,0.8717,0.8639,0.8528,0.8411,0.8397,0.8376
2835.0000,0.8735,0.8704,0.8621,0.8515,0.8396,0.8406,0.8347
2840.0000,0.8705,0.8692,0.8607,0.8495,0.8395,0.8392,0.8359
2845.0000,0.8707,0.8664,0.8601,0.8473,0.8396,0.8381,0.8357
2850.0000,0.8684,0.8655,0.8580,0.8462,0.8385,0.8389,0.8328
2855.0000,0.8653,0.8648,0.8560,0.8448,0.8385,0.8375,0.8333
2860.0000,0.8658,0.8621,0.8551,0.8430,0.8390,0.8359,0.8336
2865.0000,0.8634,0.8615,0.8526,0.8425,0.8380,0.8362,0.8309
2870.0000,0.8607,0.8608,0.8504,0.8418,0.8377,0.8349,0.8312
2875.0000,0.8611,0.8582,0.8492,0.8408,0.8377,0.8335,0.8310
2880.0000,0.8590,0.8572,0.8469,0.8409,0.8362,0.8342,0.8274
2885.0000,0.8564,0.8561,0.8452,0.8404,0.8360,0.8322,0.8290
2890.0000,0.8566,0.8533,0.8445,0.8397,0.8356,0.8310,0.8289
2895.0000,0.8546,0.8521,0.8427,0.8400,0.8338,0.8317,0.8255
2900.0000,0.8520,0.8508,0.8417,0.8395,0.8333,0.8300,0.8269
2905.0000,0.8520,0.8481,0.8416,0.8387,0.8328,0.8289,0.8269
2910.0000,0.8500,0.8471,0.8405,0.8387,0.8309,0.8298,0.8234
2915.0000,0.8476,0.8462,0.8398,0.8381,0.8302,0.8285,0.8245
2920.0000,0.8476,0.8439,0.8402,0.8369,0.8300,0.8270,0.8253
2925.0000,0.8458,0.8433,0.8394,0.8366,0.8283,0.8280,0.8221
2930.0000,0.8439,0.8427,0.8390,0.8357,0.8278,0.8268,0.8233
2935.0000,0.8407,0.8430,0.8381,0.8350,0.8272,0.8260,0.8236
2940.0000,0.8425,0.8410,0.8382,0.8341,0.8259,0.8274,0.8193
2945.0000,0.8409,0.8408,0.8377,0.8329,0.8260,0.8256,0.8220
2950.0000,0.8388,0.8409,0.8368,0.8321,0.8256,0.8248,0.8226
2955.0000,0.8403,0.8392,0.8369,0.8307,0.8256,0.8239,0.8228
2960.0000,0.8389,0.8395,0.8355,0.8305,0.8244,0.8248,0.8205
2965.0000,0.8369,0.8397,0.8345,0.8296,0.8244,0.8235,0.8223
2970.0000,0.8386,0.8378,0.8344,0.8284,0.8245,0.8227,0.8229
2975.0000,0.8376,0.8377,0.8331,0.8282,0.8234,0.8237,0.8213
2980.0000,0.8353,0.8379,0.8317,0.8278,0.8230,0.8234,0.8224
2985.0000,0.8370,0.8359,0.8316,0.8268,0.8231,0.8230,0.8231
2990.0000,0.8357,0.8357,0.8302,0.8268,0.8220,0.8244,0.8211
2995.0000,0.8341,0.8353,0.8293,0.8263,0.8219,0.8242,0.8221
3000.0000,0.8350,0.8334,0.8292,0.8253,0.8222,0.8239,0.8225
3005.0000,0.8337,0.8331,0.8280,0.8254,0.8213,0.8257,0.8191
3010.0000,0.8320,0.8326,0.8274,0.8246,0.8220,0.8245,0.8211
3015.0000,0.8327,0.8308,0.8276,0.8237,0.8229,0.8236,0.8217
3020.0000,0.8316,0.8304,0.8266,0.8238,0.8223,0.8249,0.8183
3025.0000,0.8300,0.8300,0.8260,0.8232,0.8233,0.8231,0.8208
3030.0000,0.8305,0.8284,0.8261,0.8226,0.8241,0.8220,0.8218
3035.0000,0.8293,0.8283,0.8249,0.8231,0.8233,0.8230,0.8194
3040.0000,0.8273,0.8286,0.8239,0.8233,0.8233,0.8220,0.8216
3045.0000,0.8282,0.8270,0.8239,0.8232,0.8235,0.8213,0.8232
3050.0000,0.8271,0.8271,0.8227,0.8241,0.8221,0.8229,0.8216
3055.0000,0.8256,0.8271,0.8220,0.8245,0.8216,0.8229,0.8239
3060.0000,0.8227,0.8278,0.8211,0.8250,0.8209,0.8235,0.8257
3065.0000,0.8255,0.8256,0.8216,0.8251,0.8197,0.8262,0.8231
3070.0000,0.8245,0.8252,0.8218,0.8248,0.8199,0.8264,0.8268
3075.0000,0.8230,0.8249,0.8221,0.8245,0.8200,0.8274,0.8286
3080.0000,0.8246,0.8232,0.8233,0.8235,0.8208,0.8283,0.8301
3085.0000,0.8236,0.8233,0.8233,0.8233,0.8207,0.8311,0.8286
3090.0000,0.8220,0.8235,0.8237,0.8224,0.8223,0.8313,0.8311
3095.0000,0.8234,0.8223,0.8246,0.8213,0.8243,0.8317,0.8327
3100.0000,0.8226,0.8230,0.8241,0.8213,0.8250,0.8340,0.8312
3105.0000,0.8208,0.8241,0.8236,0.8211,0.8269,0.8340,0.8334
3110.0000,0.8228,0.8231,0.8239,0.8207,0.8292,0.8338,0.8351
3115.0000,0.8222,0.8240,0.8227,0.8216,0.8300,0.8355,0.8338
3120.0000,0.8211,0.8249,0.8217,0.8224,0.8316,0.8354,0.8361
3125.0000,0.8229,0.8239,0.8216,0.8230,0.8331,0.8354,0.8378
3130.0000,0.8222,0.8246,0.8202,0.8249,0.8331,0.8376,0.8362
3135.0000,0.8212,0.8249,0.8195,0.8263,0.8341,0.8374,0.8394
3140.0000,0.8230,0.8234,0.8201,0.8274,0.8351,0.8377,0.8417
3145.0000,0.8225,0.8234,0.8198,0.8294,0.8346,0.8403,0.8408
3150.0000,0.8212,0.8235,0.8200,0.8308,0.8352,0.8410,0.8441
3155.0000,0.8226,0.8219,0.8215,0.8316,0.8360,0.8420,0.8467
3160.0000,0.8220,0.8220,0.8221,0.8332,0.8356,0.8454,0.8458
3165.0000,0.8209,0.8223,0.8233,0.8340,0.8365,0.8467,0.8493
3170.0000,0.8221,0.8214,0.8254,0.8343,0.8379,0.8483,0.8518
3175.0000,0.8218,0.8220,0.8265,0.8352,0.8381,0.8521,0.8502
3180.0000,0.8213,0.8229,0.8280,0.8355,0.8401,0.8533,0.8537
3185.0000,0.8193,0.8248,0.8290,0.8359,0.8421,0.8546,0.8563
3190.0000,0.8225,0.8245,0.8306,0.8364,0.8434,0.8584,0.8533
3195.0000,0.8226,0.8260,0.8317,0.8366,0.8464,0.8585,0.8576
3200.0000,0.8222,0.8277,0.8323,0.8372,0.8490,0.8593,0.8599
3205.0000,0.8251,0.8278,0.8337,0.8377,0.8520,0.8598,0.8616
3210.0000,0.8251,0.8300,0.8334,0.8395,0.8534,0.8621,0.8604
3215.0000,0.8249,0.8318,0.8335,0.8409,0.8559,0.8620,0.8632
3220.0000,0.8282,0.8316,0.8346,0.8422,0.8584,0.8620,0.8653
3225.0000,0.8286,0.8332,0.8344,0.8448,0.8592,0.8640,0.8650
3230.0000,0.8275,0.8352,0.8342,0.8472,0.8606,0.8642,0.8684
3235.0000,0.8311,0.8344,0.8357,0.8492,0.8619,0.8649,0.8712
3240.0000,0.8315,0.8355,0.8361,0.8520,0.8618,0.8675,0.8720
3245.0000,0.8314,0.8365,0.8371,0.8543,0.8624,0.8690,0.8761
3250.0000,0.8339,0.8360,0.8394,0.8560,0.8630,0.8710,0.8798
3255.0000,0.8340,0.8372,0.8406,0.8584,0.8625,0.8755,0.8805
3260.0000,0.8341,0.8382,0.8427,0.8598,0.8634,0.8782,0.8851
3265.0000,0.8363,0.8379,0.8459,0.8605,0.8650,0.8811,0.8895
3270.0000,0.8369,0.8393,0.8479,0.8618,0.8656,0.8867,0.8897
3275.0000,0.8369,0.8411,0.8503,0.8621,0.8682,0.8894,0.8960
3280.0000,0.8393,0.8417,0.8534,0.8620,0.8715,0.8925,0.9011
3285.0000,0.8405,0.8438,0.8551,0.8629,0.8737,0.8983,0.9017
3290.0000,0.8408,0.8464,0.8567,0.8632,0.8779,0.9009,0.9096
3295.0000,0.8436,0.8475,0.8588,0.8635,0.8825,0.9039,0.9162
3300.0000,0.8451,0.8501,0.8593,0.8653,0.8856,0.9099,0.9187
3305.0000,0.8461,0.8527,0.8599,0.8667,0.8903,0.9130,0.9287
3310.0000,0.8445,0.8565,0.8594,0.8692,0.8944,0.9174,0.9386
3315.0000,0.8499,0.8569,0.8601,0.8720,0.8976,0.9249,0.9445
3320.0000,0.8509,0.8591,0.8600,0.8754,0.9014,0.9317,0.9552
3325.0000,0.8512,0.8611,0.8602,0.8788,0.9055,0.9389,0.9676
3330.0000,0.8556,0.8604,0.8622,0.8817,0.9106,0.9468,0.9818
3335.0000,0.8559,0.8622,0.8627,0.8860,0.9142,0.9584,0.9945
3340.0000,0.8562,0.8633,0.8643,0.8899,0.9191,0.9704,1.0099
3345.0000,0.8598,0.8623,0.8678,0.8928,0.9261,0.9822,1.0293
3350.0000,0.8605,0.8634,0.8702,0.8969,0.9321,0.9985,1.0468
3355.0000,0.8601,0.8652,0.8732,0.9004,0.9406,1.0137,1.0721
3360.0000,0.8630,0.8657,0.8767,0.9045,0.9488,1.0345,1.0921
3365.0000,0.8639,0.8678,0.8797,0.9091,0.9584,1.0571,1.1125
3370.0000,0.8645,0.8703,0.8833,0.9133,0.9712,1.0790,1.1383
3375.0000,0.8676,0.8718,0.8876,0.9176,0.9860,1.1029,1.1627
3380.0000,0.8687,0.8754,0.8905,0.9236,1.0012,1.1306,1.1817
3385.0000,0.8701,0.8791,0.8937,0.9302,1.0190,1.1594,1.1942
3390.0000,0.8744,0.8810,0.8986,0.9364,1.0412,1.1849,1.2050
3395.0000,0.8770,0.8846,0.9024,0.9447,1.0644,1.2114,1.2033
3400.0000,0.8789,0.8884,0.9071,0.9531,1.0930,1.2291,1.2029
3405.0000,0.8836,0.8907,0.9130,0.9624,1.1246,1.2404,1.1938
3410.0000,0.8873,0.8945,0.9178,0.9754,1.1547,1.2496,1.1650
3415.0000,0.8910,0.8984,0.9234,0.9901,1.1872,1.2460,1.1328
3420.0000,0.8934,0.9029,0.9301,1.0057,1.2228,1.2235,1.1061
3425.0000,0.8983,0.9083,0.9352,1.0278,1.2489,1.2010,1.0533
3430.0000,0.9019,0.9148,0.9411,1.0523,1.2725,1.1609,1.0087
3435.0000,0.9008,0.9247,0.9460,1.0816,1.2868,1.1122,0.9570
3440.0000,0.9106,0.9308,0.9537,1.1139,1.2895,1.0582,0.8952
3445.0000,0.9147,0.9397,0.9636,1.1464,1.2857,0.9851,0.8703
3450.0000,0.9172,0.9511,0.9730,1.1838,1.2605,0.9230,0.8242
3455.0000,0.9304,0.9581,0.9882,1.2196,1.2204,0.8643,0.7797
3460.0000,0.9329,0.9720,1.0049,1.2523,1.1689,0.8044,0.7513
3465.0000,0.9385,0.9849,1.0269,1.2792,1.1042,0.7551,0.7235
3470.0000,0.9576,0.9920,1.0569,1.2969,1.0290,0.7200,0.6931
3475.0000,0.9695,1.0033,1.0917,1.3015,0.9538,0.6857,0.6833
3480.0000,0.9793,1.0189,1.1277,1.2956,0.8724,0.6716,0.6562
3485.0000,0.9990,1.0309,1.1702,1.2716,0.8002,0.6585,0.6425
3490.0000,1.0200,1.0446,1.2132,1.2327,0.7357,0.6523,0.6301
3495.0000,1.0444,1.0602,1.2538,1.1796,0.6833,0.6485,0.6227
3500.0000,1.0566,1.0864,1.2839,1.1170,0.6433,0.6453,0.6195
3505.0000,1.0805,1.1102,1.3058,1.0473,0.6127,0.6501,0.6020
3510.0000,1.1086,1.1332,1.3180,0.9703,0.6010,0.6411,0.6134
3515.0000,1.1225,1.1659,1.3092,0.8974,0.5951,0.6363,0.6178
3520.0000,1.1458,1.1922,1.2861,0.8292,0.5939,0.6370,0.6099
3525.0000,1.1588,1.2201,1.2452,0.7683,0.6000,0.6306,0.6176
3530.0000,1.1808,1.2354,1.1935,0.7159,0.6086,0.6251,0.6221
3535.0000,1.1919,1.2469,1.1277,0.6764,0.6151,0.6233,0.6221
3540.0000,1.1958,1.2477,1.0552,0.6473,0.6212,0.6209,0.6241
3545.0000,1.1854,1.2393,0.9784,0.6288,0.6247,0.6204,0.6242
3550.0000,1.1991,1.2024,0.9118,0.6139,0.6301,0.6180,0.6266
3555.0000,1.1804,1.1666,0.8432,0.6091,0.6305,0.6189,0.6253
3560.0000,1.1625,1.1152,0.7854,0.6072,0.6310,0.6191,0.6250
3565.0000,1.1397,1.0544,0.7381,0.6074,0.6311,0.6191,0.6258
3570.0000,1.0994,0.9957,0.6971,0.6110,0.6291,0.6205,0.6250
3575.0000,1.0505,0.9382,0.6645,0.6157,0.6265,0.6222,0.6246
3580.0000,1.0055,0.8792,0.6422,0.6193,0.6247,0.6232,0.6248
3585.0000,0.9646,0.8192,0.6304,0.6209,0.6241,0.6242,0.6241
3590.0000,0.9070,0.7749,0.6195,0.6240,0.6224,0.6252,0.6248
3595.0000,0.8572,0.7352,0.6142,0.6257,0.6216,0.6258,0.6255
3600.0000,0.8103,0.7039,0.6110,0.6276,0.6199,0.6283,0.6232
3605.0000,0.7783,0.6727,0.6143,0.6261,0.6215,0.6273,0.6255
3610.0000,0.7398,0.6530,0.6162,0.6255,0.6224,0.6269,0.6270
3615.0000,0.7070,0.6403,0.6174,0.6256,0.6222,0.6285,0.6254
3620.0000,0.6800,0.6324,0.6187,0.6252,0.6230,0.6283,0.6275
3625.0000,0.6631,0.6254,0.6211,0.6242,0.6243,0.6280,0.6291
3630.0000,0.6503,0.6209,0.6230,0.6237,0.6248,0.6293,0.6281
3635.0000,0.6372,0.6208,0.6232,0.6237,0.6256,0.6294,0.6300
3640.0000,0.6317,0.6197,0.6242,0.6233,0.6265,0.6298,0.6309
3645.0000,0.6258,0.6215,0.6232,0.6242,0.6262,0.6319,0.6291
