150.0000,0.6323,0.6365,0.6405,0.6484,0.6534,0.6581,0.6589
155.0000,0.6343,0.6367,0.6420,0.6490,0.6545,0.6585,0.6604
160.0000,0.6347,0.6383,0.6425,0.6503,0.6544,0.6606,0.6590
165.0000,0.6352,0.6396,0.6434,0.6509,0.6555,0.6607,0.6614
170.0000,0.6373,0.6398,0.6449,0.6513,0.6567,0.6611,0.6631
175.0000,0.6380,0.6411,0.6455,0.6525,0.6568,0.6632,0.6618
180.0000,0.6379,0.6427,0.6461,0.6533,0.6578,0.6636,0.6642
185.0000,0.6402,0.6429,0.6475,0.6536,0.6591,0.6640,0.6659
190.0000,0.6410,0.6441,0.6481,0.6547,0.6592,0.6662,0.6646
195.0000,0.6416,0.6452,0.6489,0.6554,0.6604,0.6665,0.6672
200.0000,0.6406,0.6470,0.6493,0.6562,0.6614,0.6672,0.6691
205.0000,0.6438,0.6469,0.6504,0.6571,0.6618,0.6697,0.6672
210.0000,0.6443,0.6479,0.6512,0.6577,0.6632,0.6698,0.6706
215.0000,0.6431,0.6498,0.6515,0.6586,0.6642,0.6706,0.6726
220.0000,0.6465,0.6496,0.6526,0.6595,0.6646,0.6732,0.6706
225.0000,0.6469,0.6506,0.6533,0.6602,0.6662,0.6733,0.6742
230.0000,0.6469,0.6517,0.6540,0.6610,0.6674,0.6741,0.6763
235.0000,0.6494,0.6515,0.6553,0.6615,0.6689,0.6749,0.6782
240.0000,0.6494,0.6529,0.6556,0.6628,0.6694,0.6772,0.6779
245.0000,0.6493,0.6541,0.6562,0.6637,0.6708,0.6779,0.6804
250.0000,0.6517,0.6538,0.6576,0.6643,0.6723,0.6788,0.6823
255.0000,0.6521,0.6549,0.6581,0.6657,0.6729,0.6812,0.6822
260.0000,0.6514,0.6565,0.6585,0.6668,0.6743,0.6822,0.6849
265.0000,0.6540,0.6563,0.6600,0.6675,0.6759,0.6833,0.6869
270.0000,0.6544,0.6574,0.6605,0.6689,0.6766,0.6858,0.6867
275.0000,0.6545,0.6585,0.6614,0.6700,0.6782,0.6869,0.6894
280.0000,0.6565,0.6585,0.6628,0.6707,0.6800,0.6879,0.6919
285.0000,0.6568,0.6599,0.6633,0.6724,0.6807,0.6909,0.6913
290.0000,0.6570,0.6610,0.6643,0.6734,0.6825,0.6918,0.6947
295.0000,0.6590,0.6610,0.6658,0.6743,0.6845,0.6930,0.6972
300.0000,0.6595,0.6623,0.6665,0.6759,0.6853,0.6960,0.6968
305.0000,0.6593,0.6639,0.6673,0.6773,0.6871,0.6972,0.7005
310.0000,0.6615,0.6640,0.6689,0.6782,0.6891,0.6986,0.7032
315.0000,0.6623,0.6652,0.6697,0.6800,0.6901,0.7018,0.7028
320.0000,0.6627,0.6665,0.6708,0.6813,0.6921,0.7031,0.7067
325.0000,0.6614,0.6686,0.6714,0.6829,0.6939,0.7048,0.7099
330.0000,0.6650,0.6685,0.6730,0.6845,0.6951,0.7085,0.7091
335.0000,0.6657,0.6698,0.6743,0.6859,0.6974,0.7099,0.7135
340.0000,0.6658,0.6712,0.6755,0.6874,0.6996,0.7117,0.7170
345.0000,0.6685,0.6716,0.6771,0.6891,0.7009,0.7157,0.7161
350.0000,0.6689,0.6732,0.6784,0.6906,0.7035,0.7171,0.7210
355.0000,0.6692,0.6747,0.6797,0.6922,0.7060,0.7189,0.7249
360.0000,0.6720,0.6750,0.6818,0.6935,0.7087,0.7210,0.7284
365.0000,0.6724,0.6770,0.6827,0.6958,0.7103,0.7247,0.7299
370.0000,0.6727,0.6788,0.6839,0.6977,0.7128,0.7272,0.7336
375.0000,0.6757,0.6791,0.6861,0.6992,0.7156,0.7296,0.7373
380.0000,0.6766,0.6809,0.6873,0.7017,0.7175,0.7337,0.7387
385.0000,0.6763,0.6832,0.6885,0.7038,0.7202,0.7362,0.7435
390.0000,0.6796,0.6836,0.6908,0.7056,0.7232,0.7391,0.7472
395.0000,0.6808,0.6854,0.6922,0.7081,0.7254,0.7435,0.7487
400.0000,0.6816,0.6872,0.6940,0.7102,0.7286,0.7462,0.7540
405.0000,0.6843,0.6879,0.6964,0.7121,0.7321,0.7490,0.7590
410.0000,0.6852,0.6902,0.6978,0.7151,0.7343,0.7540,0.7607
415.0000,0.6861,0.6922,0.6997,0.7175,0.7377,0.7573,0.7660
420.0000,0.6890,0.6930,0.7023,0.7196,0.7415,0.7606,0.7713
425.0000,0.6904,0.6951,0.7040,0.7227,0.7440,0.7661,0.7733
430.0000,0.6909,0.6977,0.7059,0.7254,0.7479,0.7695,0.7806
435.0000,0.6941,0.6988,0.7086,0.7279,0.7518,0.7737,0.7862
440.0000,0.6957,0.7011,0.7105,0.7313,0.7547,0.7799,0.7888
445.0000,0.6971,0.7033,0.7129,0.7341,0.7590,0.7839,0.7971
450.0000,0.6965,0.7066,0.7148,0.7374,0.7632,0.7885,0.8053
455.0000,0.7014,0.7076,0.7177,0.7407,0.7667,0.7958,0.8092
460.0000,0.7031,0.7100,0.7203,0.7440,0.7712,0.8015,0.8180
465.0000,0.7045,0.7125,0.7230,0.7473,0.7761,0.8075,0.8274
470.0000,0.7083,0.7141,0.7260,0.7510,0.7801,0.8164,0.8321
475.0000,0.7096,0.7171,0.7287,0.7546,0.7856,0.8234,0.8426
480.0000,0.7112,0.7199,0.7318,0.7581,0.7918,0.8303,0.8543
485.0000,0.7154,0.7214,0.7356,0.7614,0.7984,0.8381,0.8659
490.0000,0.7169,0.7250,0.7381,0.7660,0.8039,0.8487,0.8756
495.0000,0.7186,0.7283,0.7410,0.7706,0.8104,0.8594,0.8858
500.0000,0.7232,0.7300,0.7452,0.7744,0.8184,0.8692,0.8983
505.0000,0.7257,0.7333,0.7484,0.7795,0.8257,0.8818,0.9078
510.0000,0.7266,0.7374,0.7516,0.7845,0.8348,0.8924,0.9221
515.0000,0.7316,0.7396,0.7558,0.7896,0.8440,0.9051,0.9328
520.0000,0.7344,0.7432,0.7593,0.7957,0.8533,0.9190,0.9411
525.0000,0.7370,0.7467,0.7634,0.8014,0.8648,0.9302,0.9541
530.0000,0.7415,0.7494,0.7683,0.8074,0.8771,0.9414,0.9657
535.0000,0.7439,0.7539,0.7719,0.8152,0.8882,0.9552,0.9718
540.0000,0.7471,0.7579,0.7765,0.8227,0.9012,0.9660,0.9803
545.0000,0.7520,0.7609,0.7821,0.8304,0.9153,0.9753,0.9881
550.0000,0.7557,0.7653,0.7869,0.8400,0.9276,0.9865,0.9891
555.0000,0.7579,0.7707,0.7919,0.8498,0.9415,0.9934,0.9942
560.0000,0.7636,0.7743,0.7983,0.8599,0.9554,0.9988,0.9960
565.0000,0.7677,0.7796,0.8040,0.8718,0.9671,1.0050,0.9906
570.0000,0.7718,0.7850,0.8108,0.8837,0.9796,1.0061,0.9893
575.0000,0.7725,0.7927,0.8170,0.8968,0.9903,1.0060,0.9833
580.0000,0.7815,0.7970,0.8254,0.9101,0.9989,1.0057,0.9689
585.0000,0.7869,0.8030,0.8345,0.9229,1.0082,0.9978,0.9636
590.0000,0.7924,0.8096,0.8441,0.9364,1.0143,0.9896,0.9510
595.0000,0.8002,0.8155,0.8550,0.9495,1.0182,0.9791,0.9353
600.0000,0.8051,0.8244,0.8650,0.9633,1.0183,0.9677,0.9147
605.0000,0.8116,0.8326,0.8772,0.9751,1.0184,0.9493,0.9017
610.0000,0.8211,0.8403,0.8901,0.9865,1.0139,0.9319,0.8824
615.0000,0.8271,0.8514,0.9017,0.9978,1.0054,0.9140,0.8609
620.0000,0.8360,0.8612,0.9152,1.0062,0.9957,0.8914,0.8462
625.0000,0.8472,0.8707,0.9289,1.0135,0.9812,0.8717,0.8261
630.0000,0.8569,0.8818,0.9422,1.0188,0.9639,0.8518,0.8067
635.0000,0.8627,0.8959,0.9539,1.0223,0.9437,0.8326,0.7867
640.0000,0.8772,0.9057,0.9682,1.0209,0.9240,0.8106,0.7727
645.0000,0.8891,0.9172,0.9805,1.0175,0.9012,0.7921,0.7568
650.0000,0.9007,0.9288,0.9921,1.0108,0.8777,0.7744,0.7431
655.0000,0.9131,0.9397,1.0026,1.0008,0.8541,0.7582,0.7309
660.0000,0.9231,0.9524,1.0099,0.9886,0.8296,0.7451,0.7180
665.0000,0.9356,0.9625,1.0168,0.9722,0.8080,0.7300,0.7148
670.0000,0.9473,0.9720,1.0208,0.9539,0.7865,0.7190,0.7104
675.0000,0.9581,0.9810,1.0214,0.9340,0.7654,0.7119,0.7059
680.0000,0.9655,0.9905,1.0184,0.9125,0.7469,0.7051,0.7088
685.0000,0.9758,0.9962,1.0132,0.8896,0.7305,0.7014,0.7128
690.0000,0.9834,1.0010,1.0040,0.8668,0.7150,0.7023,0.7161
695.0000,0.9882,1.0043,0.9917,0.8437,0.7028,0.7043,0.7253
700.0000,0.9884,1.0065,0.9760,0.8211,0.6933,0.7086,0.7374
705.0000,0.9953,1.0020,0.9596,0.7988,0.6860,0.7179,0.7467
710.0000,0.9948,0.9973,0.9402,0.7777,0.6820,0.7283,0.7601
715.0000,0.9908,0.9901,0.9193,0.7579,0.6818,0.7396,0.7766
720.0000,0.9897,0.9774,0.8988,0.7388,0.6855,0.7522,0.7947
725.0000,0.9833,0.9639,0.8764,0.7228,0.6906,0.7689,0.8103
730.0000,0.9716,0.9499,0.8529,0.7095,0.6987,0.7864,0.8265
735.0000,0.9622,0.9316,0.8310,0.6976,0.7110,0.8025,0.8459
740.0000,0.9466,0.9151,0.8072,0.6904,0.7235,0.8224,0.8610
745.0000,0.9310,0.8960,0.7853,0.6853,0.7394,0.8406,0.8780
750.0000,0.9166,0.8741,0.7661,0.6822,0.7584,0.8568,0.8969
755.0000,0.8965,0.8553,0.7460,0.6842,0.7763,0.8761,0.9107
760.0000,0.8794,0.8337,0.7297,0.6879,0.7971,0.8917,0.9297
765.0000,0.8611,0.8127,0.7152,0.6953,0.8169,0.9096,0.9425
770.0000,0.8393,0.7952,0.7017,0.7063,0.8360,0.9273,0.9526
775.0000,0.8175,0.7785,0.6913,0.7194,0.8562,0.9419,0.9649
780.0000,0.8020,0.7599,0.6859,0.7335,0.8768,0.9547,0.9758
785.0000,0.7857,0.7437,0.6830,0.7503,0.8954,0.9687,0.9805
790.0000,0.7671,0.7313,0.6827,0.7683,0.9142,0.9786,0.9878
795.0000,0.7537,0.7190,0.6867,0.7867,0.9326,0.9863,0.9935
800.0000,0.7399,0.7111,0.6923,0.8071,0.9477,0.9951,0.9924
805.0000,0.7293,0.7047,0.7017,0.8269,0.9633,0.9988,0.9958
810.0000,0.7211,0.7007,0.7139,0.8467,0.9773,1.0008,0.9970
815.0000,0.7140,0.7009,0.7270,0.8675,0.9877,1.0037,0.9921
820.0000,0.7101,0.7033,0.7427,0.8871,0.9975,1.0024,0.9915
825.0000,0.7060,0.7100,0.7590,0.9067,1.0044,1.0008,0.9874
830.0000,0.7097,0.7167,0.7775,0.9253,1.0085,0.9998,0.9775
835.0000,0.7129,0.7271,0.7967,0.9421,1.0124,0.9936,0.9759
840.0000,0.7190,0.7392,0.8165,0.9578,1.0135,0.9880,0.9697
845.0000,0.7290,0.7521,0.8373,0.9716,1.0128,0.9820,0.9619
850.0000,0.7369,0.7694,0.8562,0.9847,1.0090,0.9768,0.9511
855.0000,0.7500,0.7853,0.8769,0.9943,1.0061,0.9673,0.9462
860.0000,0.7659,0.8012,0.8974,1.0019,1.0011,0.9591,0.9380
865.0000,0.7822,0.8182,0.9167,1.0078,0.9944,0.9518,0.9276
870.0000,0.7949,0.8383,0.9336,1.0121,0.9869,0.9432,0.9192
875.0000,0.8137,0.8558,0.9507,1.0133,0.9798,0.9330,0.9129
880.0000,0.8318,0.8740,0.9653,1.0137,0.9706,0.9253,0.9032
885.0000,0.8442,0.8951,0.9763,1.0130,0.9608,0.9172,0.8953
890.0000,0.8655,0.9108,0.9881,1.0092,0.9522,0.9078,0.8889
895.0000,0.8837,0.9268,0.9969,1.0049,0.9421,0.9009,0.8795
900.0000,0.9007,0.9415,1.0039,0.9990,0.9326,0.8931,0.8721
905.0000,0.9175,0.9543,1.0094,0.9918,0.9237,0.8852,0.8646
910.0000,0.9300,0.9683,1.0109,0.9850,0.9134,0.8799,0.8529
915.0000,0.9436,0.9786,1.0124,0.9758,0.9062,0.8698,0.8510
920.0000,0.9577,0.9860,1.0124,0.9663,0.8985,0.8617,0.8459
925.0000,0.9683,0.9930,1.0097,0.9574,0.8897,0.8561,0.8375
930.0000,0.9750,0.9995,1.0051,0.9483,0.8819,0.8487,0.8342
935.0000,0.9846,1.0016,1.0006,0.9384,0.8750,0.8413,0.8319
940.0000,0.9901,1.0036,0.9936,0.9298,0.8666,0.8370,0.8264
945.0000,0.9930,1.0043,0.9856,0.9212,0.8589,0.8323,0.8236
950.0000,0.9920,1.0046,0.9764,0.9131,0.8511,0.8286,0.8203
955.0000,0.9971,0.9995,0.9685,0.9045,0.8437,0.8270,0.8134
960.0000,0.9957,0.9955,0.9596,0.8958,0.8380,0.8227,0.8137
965.0000,0.9913,0.9910,0.9502,0.8876,0.8324,0.8201,0.8114
970.0000,0.9913,0.9826,0.9424,0.8786,0.8283,0.8170,0.8093
975.0000,0.9868,0.9753,0.9334,0.8708,0.8236,0.8160,0.8041
980.0000,0.9800,0.9677,0.9248,0.8626,0.8212,0.8120,0.8047
985.0000,0.9756,0.9581,0.9169,0.8546,0.8191,0.8090,0.8034
990.0000,0.9676,0.9504,0.9076,0.8483,0.8159,0.8078,0.7996
995.0000,0.9600,0.9419,0.8989,0.8419,0.8142,0.8049,0.7991
1000.0000,0.9533,0.9325,0.8908,0.8359,0.8128,0.8020,0.7985
1005.0000,0.9435,0.9254,0.8812,0.8319,0.8099,0.8012,0.7955
1010.0000,0.9326,0.9188,0.8716,0.8283,0.8076,0.7994,0.7950
1015.0000,0.9271,0.9090,0.8643,0.8244,0.8060,0.7973,0.7945
1020.0000,0.9187,0.9010,0.8563,0.8218,0.8032,0.7971,0.7916
1025.0000,0.9087,0.8934,0.8489,0.8193,0.8012,0.7956,0.7913
1030.0000,0.9028,0.8836,0.8436,0.8163,0.7998,0.7941,0.7908
1035.0000,0.8951,0.8751,0.8383,0.8141,0.7974,0.7945,0.7869
1040.0000,0.8856,0.8678,0.8335,0.8116,0.7964,0.7923,0.7883
1045.0000,0.8790,0.8595,0.8300,0.8089,0.7955,0.7908,0.7881
1050.0000,0.8708,0.8534,0.8257,0.8073,0.7934,0.7915,0.7844
1055.0000,0.8636,0.8473,0.8226,0.8051,0.7927,0.7897,0.7854
1060.0000,0.8578,0.8409,0.8202,0.8027,0.7923,0.7880,0.7859
1065.0000,0.8506,0.8367,0.8167,0.8015,0.7904,0.7886,0.7827
1070.0000,0.8438,0.8330,0.8137,0.8000,0.7896,0.7874,0.7836
1075.0000,0.8371,0.8297,0.8109,0.7986,0.7888,0.7863,0.7838
1080.0000,0.8351,0.8247,0.8090,0.7972,0.7873,0.7873,0.7797
1085.0000,0.8297,0.8219,0.8067,0.7958,0.7871,0.7855,0.7823
1090.0000,0.8243,0.8196,0.8044,0.7947,0.7864,0.7847,0.7828
1095.0000,0.8231,0.8155,0.8032,0.7931,0.7861,0.7838,0.7831
1100.0000,0.8194,0.8132,0.8011,0.7924,0.7847,0.7847,0.7810
1105.0000,0.8147,0.8116,0.7992,0.7914,0.7844,0.7836,0.7824
1110.0000,0.8141,0.8080,0.7984,0.7900,0.7844,0.7829,0.7831
1115.0000,0.8109,0.8065,0.7965,0.7896,0.7831,0.7840,0.7815
1120.0000,0.8075,0.8051,0.7950,0.7887,0.7829,0.7834,0.7831
1125.0000,0.8072,0.8020,0.7946,0.7874,0.7831,0.7829,0.7847
1130.0000,0.8045,0.8008,0.7929,0.7871,0.7821,0.7843,0.7838
1135.0000,0.8014,0.7999,0.7916,0.7865,0.7820,0.7841,0.7867
1140.0000,0.8013,0.7975,0.7912,0.7855,0.7823,0.7843,0.7892
1145.0000,0.7992,0.7966,0.7897,0.7853,0.7814,0.7865,0.7896
1150.0000,0.7966,0.7958,0.7886,0.7848,0.7817,0.7871,0.7948
1155.0000,0.7967,0.7936,0.7884,0.7839,0.7824,0.7881,0.8005
1160.0000,0.7950,0.7930,0.7871,0.7840,0.7816,0.7921,0.8038
1165.0000,0.7926,0.7925,0.7860,0.7838,0.7819,0.7953,0.8110
1170.0000,0.7930,0.7905,0.7860,0.7831,0.7830,0.7990,0.8197
1175.0000,0.7914,0.7900,0.7848,0.7834,0.7830,0.8060,0.8261
1180.0000,0.7895,0.7896,0.7841,0.7831,0.7848,0.8114,0.8401
1185.0000,0.7900,0.7879,0.7841,0.7828,0.7866,0.8200,0.8515
1190.0000,0.7886,0.7875,0.7833,0.7832,0.7883,0.8314,0.8619
1195.0000,0.7872,0.7870,0.7830,0.7830,0.7924,0.8414,0.8801
1200.0000,0.7846,0.7871,0.7826,0.7829,0.7977,0.8530,0.9003
1205.0000,0.7865,0.7852,0.7828,0.7833,0.8028,0.8695,0.9168
1210.0000,0.7851,0.7851,0.7823,0.7841,0.8097,0.8869,0.9360
1215.0000,0.7835,0.7850,0.7823,0.7848,0.8193,0.9039,0.9604
1220.0000,0.7848,0.7834,0.7830,0.7856,0.8309,0.9226,0.9865
1225.0000,0.7837,0.7837,0.7824,0.7883,0.8424,0.9458,1.0107
1230.0000,0.7818,0.7844,0.7815,0.7920,0.8557,0.9713,1.0336
1235.0000,0.7835,0.7829,0.7826,0.7952,0.8732,0.9948,1.0621
1240.0000,0.7827,0.7835,0.7823,0.8010,0.8906,1.0229,1.0864
1245.0000,0.7811,0.7842,0.7826,0.8071,0.9120,1.0482,1.1186
1250.0000,0.7829,0.7835,0.7837,0.8154,0.9335,1.0784,1.1427
1255.0000,0.7824,0.7844,0.7844,0.8257,0.9568,1.1092,1.1645
1260.0000,0.7819,0.7850,0.7867,0.8365,0.9843,1.1355,1.1940
1265.0000,0.7837,0.7847,0.7904,0.8489,1.0134,1.1614,1.2220
1270.0000,0.7836,0.7865,0.7933,0.8650,1.0412,1.1909,1.2420
1310.0000,0.8065,0.8230,0.8736,1.0580,1.2749,1.3382,1.3451
1315.0000,0.8132,0.8333,0.8913,1.0895,1.2955,1.3479,1.3430
1320.0000,0.8212,0.8444,0.9121,1.1204,1.3155,1.3516,1.3460
1325.0000,0.8250,0.8602,0.9333,1.1520,1.3314,1.3542,1.3447
1330.0000,0.8409,0.8730,0.9586,1.1825,1.3436,1.3574,1.3345
1335.0000,0.8539,0.8890,0.9857,1.2111,1.3552,1.3531,1.3345
1340.0000,0.8688,0.9064,1.0146,1.2381,1.3632,1.3486,1.3293
1345.0000,0.8861,0.9250,1.0452,1.2631,1.3682,1.3427,1.3222
1350.0000,0.9005,0.9491,1.0742,1.2874,1.3686,1.3379,1.3105
1355.0000,0.9216,0.9714,1.1062,1.3071,1.3692,1.3276,1.3059
1360.0000,0.9440,0.9952,1.1378,1.3246,1.3663,1.3188,1.2972
1365.0000,0.9674,1.0207,1.1685,1.3396,1.3603,1.3109,1.2860
1370.0000,0.9846,1.0519,1.1959,1.3526,1.3524,1.3019,1.2772
1375.0000,1.0136,1.0783,1.2249,1.3608,1.3448,1.2908,1.2708
1380.0000,1.0413,1.1061,1.2512,1.3671,1.3342,1.2830,1.2604
1385.0000,1.0686,1.1339,1.2756,1.3700,1.3238,1.2737,1.2537
1390.0000,1.0963,1.1612,1.2977,1.3701,1.3130,1.2651,1.2465
1395.0000,1.1191,1.1921,1.3140,1.3699,1.2995,1.2604,1.2343
1400.0000,1.1483,1.2167,1.3312,1.3645,1.2901,1.2501,1.2337
1405.0000,1.1766,1.2393,1.3456,1.3575,1.2801,1.2426,1.2296
1410.0000,1.2030,1.2604,1.3565,1.3495,1.2692,1.2386,1.2210
1415.0000,1.2224,1.2832,1.3628,1.3404,1.2602,1.2316,1.2210
1420.0000,1.2469,1.3002,1.3678,1.3299,1.2518,1.2266,1.2183
1425.0000,1.2676,1.3161,1.3688,1.3198,1.2426,1.2252,1.2112
1430.0000,1.2812,1.3323,1.3661,1.3095,1.2354,1.2213,1.2112
1435.0000,1.3012,1.3406,1.3640,1.2974,1.2305,1.2167,1.2123
1440.0000,1.3156,1.3483,1.3582,1.2871,1.2241,1.2168,1.2070
1445.0000,1.3259,1.3537,1.3510,1.2765,1.2202,1.2140,1.2093
1450.0000,1.3292,1.3589,1.3411,1.2671,1.2165,1.2123,1.2106
1455.0000,1.3412,1.3566,1.3325,1.2580,1.2126,1.2142,1.2053
1460.0000,1.3447,1.3547,1.3224,1.2491,1.2113,1.2118,1.2108
1465.0000,1.3437,1.3520,1.3112,1.2418,1.2097,1.2115,1.2133
1470.0000,1.3470,1.3444,1.3015,1.2344,1.2091,1.2115,1.2155
1475.0000,1.3433,1.3387,1.2897,1.2295,1.2071,1.2145,1.2144
1480.0000,1.3365,1.3321,1.2786,1.2246,1.2071,1.2150,1.2183
1485.0000,1.3350,1.3209,1.2700,1.2197,1.2081,1.2158,1.2216
1490.0000,1.3272,1.3127,1.2598,1.2170,1.2074,1.2197,1.2211
1495.0000,1.3186,1.3034,1.2511,1.2141,1.2088,1.2209,1.2261
1500.0000,1.3132,1.2916,1.2445,1.2113,1.2108,1.2227,1.2301
1505.0000,1.3031,1.2831,1.2367,1.2105,1.2112,1.2273,1.2303
1510.0000,1.2922,1.2748,1.2302,1.2095,1.2133,1.2293,1.2360
1515.0000,1.2858,1.2644,1.2259,1.2083,1.2162,1.2316,1.2411
1520.0000,1.2774,1.2561,1.2211,1.2088,1.2174,1.2373,1.2412
1525.0000,1.2665,1.2496,1.2168,1.2091,1.2203,1.2400,1.2475
1530.0000,1.2606,1.2414,1.2147,1.2092,1.2239,1.2429,1.2532
1535.0000,1.2519,1.2365,1.2111,1.2113,1.2254,1.2496,1.2533
1540.0000,1.2441,1.2316,1.2091,1.2125,1.2294,1.2525,1.2612
1545.0000,1.2400,1.2253,1.2089,1.2136,1.2336,1.2562,1.2671
1550.0000,1.2336,1.2220,1.2074,1.2163,1.2360,1.2632,1.2674
1555.0000,1.2277,1.2191,1.2072,1.2183,1.2406,1.2666,1.2759
1560.0000,1.2252,1.2149,1.2083,1.2201,1.2456,1.2706,1.2822
1565.0000,1.2206,1.2138,1.2081,1.2236,1.2485,1.2782,1.2826
1570.0000,1.2165,1.2129,1.2089,1.2263,1.2539,1.2817,1.2914
1575.0000,1.2111,1.2134,1.2095,1.2297,1.2589,1.2861,1.2988
1580.0000,1.2135,1.2110,1.2117,1.2333,1.2626,1.2942,1.2987
1585.0000,1.2111,1.2116,1.2133,1.2368,1.2682,1.2983,1.3074
1590.0000,1.2083,1.2128,1.2151,1.2407,1.2738,1.3029,1.3147
1595.0000,1.2113,1.2117,1.2186,1.2440,1.2799,1.3074,1.3216
1600.0000,1.2102,1.2139,1.2203,1.2491,1.2840,1.3151,1.3242
1605.0000,1.2089,1.2162,1.2228,1.2536,1.2897,1.3200,1.3311
1610.0000,1.2130,1.2159,1.2272,1.2574,1.2961,1.3247,1.3376
1615.0000,1.2134,1.2187,1.2299,1.2629,1.3005,1.3323,1.3396
1620.0000,1.2122,1.2224,1.2328,1.2679,1.3066,1.3367,1.3475
1625.0000,1.2174,1.2230,1.2378,1.2723,1.3130,1.3416,1.3532
1630.0000,1.2190,1.2264,1.2412,1.2782,1.3176,1.3490,1.3546
1635.0000,1.2202,1.2300,1.2453,1.2833,1.3240,1.3530,1.3620
1640.0000,1.2250,1.2318,1.2507,1.2880,1.3306,1.3570,1.3683
1645.0000,1.2267,1.2366,1.2542,1.2946,1.3347,1.3646,1.3685
1650.0000,1.2289,1.2408,1.2588,1.3000,1.3409,1.3682,1.3754
1655.0000,1.2345,1.2432,1.2647,1.3050,1.3472,1.3718,1.3810
1660.0000,1.2377,1.2479,1.2690,1.3116,1.3512,1.3789,1.3801
1665.0000,1.2389,1.2538,1.2735,1.3174,1.3568,1.3819,1.3870
1670.0000,1.2457,1.2565,1.2798,1.3225,1.3628,1.3850,1.3919
1675.0000,1.2497,1.2616,1.2846,1.3289,1.3664,1.3913,1.3902
1680.0000,1.2535,1.2665,1.2903,1.3343,1.3719,1.3936,1.3961
1685.0000,1.2537,1.2735,1.2949,1.3402,1.3767,1.3961,1.4002
1690.0000,1.2631,1.2764,1.3014,1.3458,1.3802,1.4014,1.3974
1695.0000,1.2675,1.2817,1.3073,1.3509,1.3853,1.4024,1.4032
1700.0000,1.2677,1.2894,1.3119,1.3566,1.3892,1.4042,1.4064
1705.0000,1.2779,1.2926,1.3184,1.3620,1.3917,1.4093,1.4015
1710.0000,1.2827,1.2982,1.3243,1.3667,1.3960,1.4092,1.4072
1715.0000,1.2864,1.3044,1.3298,1.3716,1.3995,1.4100,1.4096
1720.0000,1.2948,1.3081,1.3366,1.3756,1.4030,1.4105,1.4109
1725.0000,1.2980,1.3156,1.3408,1.3812,1.4039,1.4138,1.4076
1730.0000,1.3023,1.3218,1.3462,1.3853,1.4068,1.4130,1.4100
1735.0000,1.3112,1.3252,1.3529,1.3885,1.4095,1.4125,1.4105
1740.0000,1.3163,1.3313,1.3576,1.3930,1.4100,1.4146,1.4063
1745.0000,1.3181,1.3388,1.3619,1.3967,1.4115,1.4134,1.4074
1750.0000,1.3276,1.3420,1.3683,1.3991,1.4135,1.4116,1.4076
1755.0000,1.3327,1.3478,1.3725,1.4026,1.4130,1.4126,1.4027
1760.0000,1.3371,1.3535,1.3770,1.4052,1.4137,1.4106,1.4028
1765.0000,1.3445,1.3572,1.3824,1.4069,1.4145,1.4083,1.4017
1770.0000,1.3480,1.3638,1.3852,1.4102,1.4124,1.4094,1.3943
1775.0000,1.3523,1.3691,1.3891,1.4115,1.4128,1.4052,1.3962
1780.0000,1.3598,1.3721,1.3938,1.4124,1.4125,1.4023,1.3944
1785.0000,1.3642,1.3771,1.3965,1.4143,1.4098,1.4025,1.3868
1790.0000,1.3661,1.3830,1.3987,1.4154,1.4085,1.3990,1.3860
1795.0000,1.3736,1.3851,1.4029,1.4149,1.4080,1.3943,1.3855
1800.0000,1.3777,1.3893,1.4048,1.4158,1.4046,1.3936,1.3777
1805.0000,1.3810,1.3931,1.4070,1.4154,1.4027,1.3895,1.3767
1810.0000,1.3805,1.3984,1.4081,1.4152,1.4005,1.3852,1.3752
1815.0000,1.3891,1.3991,1.4106,1.4143,1.3969,1.3839,1.3672
1820.0000,1.3914,1.4024,1.4117,1.4132,1.3943,1.3795,1.3657
1825.0000,1.3898,1.4072,1.4115,1.4123,1.3911,1.3756,1.3627
1830.0000,1.3981,1.4069,1.4130,1.4106,1.3867,1.3748,1.3517
1835.0000,1.4001,1.4088,1.4137,1.4080,1.3848,1.3680,1.3540
1840.0000,1.4003,1.4113,1.4133,1.4059,1.3816,1.3634,1.3512
1845.0000,1.4057,1.4105,1.4142,1.4027,1.3787,1.3588,1.3477
1850.0000,1.4057,1.4128,1.4124,1.4010,1.3736,1.3569,1.3400
1855.0000,1.4051,1.4142,1.4113,1.3979,1.3706,1.3509,1.3391
1860.0000,1.4098,1.4124,1.4112,1.3943,1.3673,1.3462,1.3356
1865.0000,1.4096,1.4132,1.4089,1.3919,1.3620,1.3441,1.3282
1870.0000,1.4069,1.4147,1.4062,1.3890,1.3579,1.3394,1.3254
1875.0000,1.4110,1.4117,1.4056,1.3845,1.3550,1.3336,1.3233
1880.0000,1.4100,1.4115,1.4025,1.3817,1.3497,1.3313,1.3163
1885.0000,1.4080,1.4110,1.3997,1.3780,1.3456,1.3266,1.3138
1890.0000,1.4098,1.4078,1.3981,1.3736,1.3420,1.3219,1.3105
1895.0000,1.4078,1.4070,1.3943,1.3706,1.3363,1.3204,1.3015
1900.0000,1.4048,1.4057,1.3911,1.3663,1.3331,1.3142,1.3020
1905.0000,1.4058,1.4017,1.3890,1.3615,1.3295,1.3095,1.2991
1910.0000,1.4033,1.4000,1.3849,1.3582,1.3239,1.3080,1.2909
1915.0000,1.3997,1.3981,1.3811,1.3540,1.3201,1.3032,1.2891
1920.0000,1.3997,1.3935,1.3788,1.3488,1.3173,1.2976,1.2878
1925.0000,1.3963,1.3915,1.3742,1.3455,1.3118,1.2961,1.2799
1930.0000,1.3921,1.3892,1.3699,1.3413,1.3081,1.2916,1.2785
1935.0000,1.3859,1.3876,1.3651,1.3374,1.3041,1.2874,1.2758
1940.0000,1.3879,1.3817,1.3620,1.3332,1.2992,1.2864,1.2658
1945.0000,1.3834,1.3787,1.3579,1.3285,1.2966,1.2802,1.2681
1950.0000,1.3768,1.3765,1.3530,1.3246,1.2927,1.2762,1.2658
1955.0000,1.3780,1.3705,1.3497,1.3206,1.2879,1.2752,1.2567
1960.0000,1.3730,1.3672,1.3454,1.3161,1.2852,1.2696,1.2587
1965.0000,1.3667,1.3646,1.3405,1.3124,1.2814,1.2660,1.2565
1970.0000,1.3668,1.3585,1.3375,1.3078,1.2783,1.2623,1.2538
1975.0000,1.3620,1.3552,1.3325,1.3046,1.2735,1.2612,1.2473
1980.0000,1.3555,1.3521,1.3280,1.3005,1.2708,1.2565,1.2475
1985.0000,1.3551,1.3458,1.3252,1.2958,1.2681,1.2527,1.2455
1990.0000,1.3501,1.3426,1.3203,1.2927,1.2636,1.2517,1.2398
1995.0000,1.3441,1.3393,1.3158,1.2889,1.2607,1.2481,1.2387
2000.0000,1.3432,1.3330,1.3132,1.2843,1.2585,1.2440,1.2378
2005.0000,1.3379,1.3298,1.3084,1.2813,1.2543,1.2431,1.2326
2010.0000,1.3319,1.3267,1.3039,1.2779,1.2514,1.2400,1.2319
2015.0000,1.3305,1.3210,1.3009,1.2738,1.2491,1.2369,1.2304
2020.0000,1.3259,1.3175,1.2964,1.2711,1.2449,1.2370,1.2237
2025.0000,1.3199,1.3144,1.2922,1.2675,1.2429,1.2330,1.2253
2030.0000,1.3183,1.3088,1.2895,1.2636,1.2409,1.2301,1.2242
2035.0000,1.3135,1.3057,1.2848,1.2612,1.2369,1.2304,1.2179
2040.0000,1.3083,1.3025,1.2809,1.2580,1.2349,1.2274,1.2183
2045.0000,1.3067,1.2968,1.2786,1.2540,1.2338,1.2238,1.2186
2050.0000,1.3020,1.2937,1.2743,1.2517,1.2303,1.2241,1.2127
2055.0000,1.2969,1.2906,1.2706,1.2488,1.2285,1.2213,1.2134
2060.0000,1.2903,1.2881,1.2666,1.2462,1.2265,1.2189,1.2128
2065.0000,1.2908,1.2824,1.2640,1.2435,1.2236,1.2197,1.2055
2070.0000,1.2856,1.2795,1.2607,1.2407,1.2226,1.2159,1.2088
2075.0000,1.2793,1.2774,1.2568,1.2385,1.2207,1.2138,1.2084
2080.0000,1.2793,1.2722,1.2541,1.2363,1.2177,1.2149,1.2013
2085.0000,1.2750,1.2693,1.2511,1.2337,1.2169,1.2114,1.2045
2090.0000,1.2691,1.2670,1.2477,1.2317,1.2152,1.2096,1.2042
2095.0000,1.2692,1.2618,1.2461,1.2288,1.2142,1.2076,1.2034
2100.0000,1.2651,1.2592,1.2427,1.2274,1.2116,1.2081,1.1989
2105.0000,1.2595,1.2571,1.2399,1.2252,1.2107,1.2053,1.2002
2110.0000,1.2595,1.2522,1.2386,1.2226,1.2100,1.2032,1.1998
2115.0000,1.2554,1.2502,1.2354,1.2214,1.2074,1.2037,1.1957
2120.0000,1.2505,1.2484,1.2326,1.2197,1.2063,1.2017,1.1961
2125.0000,1.2506,1.2437,1.2316,1.2172,1.2059,1.1993,1.1963
2130.0000,1.2468,1.2420,1.2287,1.2162,1.2035,1.1998,1.1924
2135.0000,1.2424,1.2404,1.2261,1.2147,1.2023,1.1981,1.1928
2140.0000,1.2422,1.2364,1.2250,1.2126,1.2016,1.1964,1.1924
2145.0000,1.2390,1.2348,1.2223,1.2119,1.1990,1.1976,1.1869
2150.0000,1.2350,1.2332,1.2202,1.2102,1.1986,1.1948,1.1891
2155.0000,1.2349,1.2294,1.2194,1.2082,1.1981,1.1929,1.1887
2160.0000,1.2320,1.2280,1.2170,1.2076,1.1956,1.1941,1.1831
2165.0000,1.2284,1.2267,1.2151,1.2061,1.1950,1.1918,1.1840
2170.0000,1.2284,1.2231,1.2146,1.2039,1.1950,1.1890,1.1847
2175.0000,1.2257,1.2218,1.2124,1.2033,1.1927,1.1897,1.1794
2180.0000,1.2226,1.2206,1.2107,1.2020,1.1920,1.1874,1.1803
2185.0000,1.2176,1.2204,1.2084,1.2011,1.1909,1.1856,1.1797
2190.0000,1.2199,1.2167,1.2077,1.2001,1.1887,1.1866,1.1725
2195.0000,1.2170,1.2156,1.2062,1.1987,1.1884,1.1830,1.1755
2200.0000,1.2130,1.2152,1.2042,1.1978,1.1872,1.1810,1.1748
2205.0000,1.2148,1.2117,1.2040,1.1961,1.1864,1.1789,1.1734
2210.0000,1.2121,1.2112,1.2019,1.1957,1.1838,1.1791,1.1683
2215.0000,1.2086,1.2104,1.2005,1.1944,1.1831,1.1758,1.1690
2220.0000,1.2103,1.2071,1.2005,1.1925,1.1823,1.1733,1.1676
2225.0000,1.2078,1.2065,1.1986,1.1920,1.1797,1.1731,1.1626
2230.0000,1.2044,1.2060,1.1973,1.1907,1.1786,1.1699,1.1627
2235.0000,1.2060,1.2029,1.1973,1.1888,1.1775,1.1673,1.1609
2240.0000,1.2037,1.2024,1.1954,1.1882,1.1746,1.1669,1.1556
2245.0000,1.2001,1.2025,1.1937,1.1870,1.1729,1.1640,1.1544
2250.0000,1.2020,1.1993,1.1939,1.1848,1.1720,1.1603,1.1533
2255.0000,1.1999,1.1989,1.1920,1.1840,1.1690,1.1595,1.1479
2260.0000,1.1973,1.1985,1.1905,1.1825,1.1671,1.1563,1.1465
2265.0000,1.1984,1.1959,1.1902,1.1804,1.1655,1.1529,1.1443
2270.0000,1.1965,1.1955,1.1883,1.1795,1.1620,1.1523,1.1371
2275.0000,1.1940,1.1948,1.1869,1.1774,1.1605,1.1475,1.1379
2280.0000,1.1950,1.1922,1.1865,1.1751,1.1585,1.1440,1.1356
2285.0000,1.1932,1.1916,1.1845,1.1740,1.1546,1.1431,1.1286
2290.0000,1.1906,1.1913,1.1827,1.1721,1.1521,1.1394,1.1269
2295.0000,1.1915,1.1884,1.1823,1.1693,1.1504,1.1347,1.1256
2300.0000,1.1895,1.1878,1.1800,1.1678,1.1463,1.1335,1.1185
2305.0000,1.1871,1.1871,1.1782,1.1656,1.1436,1.1294,1.1169
2310.0000,1.1828,1.1872,1.1758,1.1635,1.1406,1.1256,1.1140
2315.0000,1.1858,1.1837,1.1748,1.1611,1.1366,1.1245,1.1047
2320.0000,1.1835,1.1825,1.1731,1.1580,1.1345,1.1185,1.1062
2325.0000,1.1800,1.1818,1.1708,1.1555,1.1313,1.1144,1.1034
2330.0000,1.1816,1.1784,1.1698,1.1522,1.1285,1.1103,1.0999
2335.0000,1.1791,1.1775,1.1670,1.1500,1.1240,1.1083,1.0931
2340.0000,1.1755,1.1766,1.1646,1.1469,1.1211,1.1030,1.0919
2345.0000,1.1768,1.1730,1.1632,1.1434,1.1180,1.0987,1.0884
2350.0000,1.1740,1.1720,1.1600,1.1410,1.1133,1.0964,1.0818
2355.0000,1.1701,1.1710,1.1571,1.1378,1.1100,1.0912,1.0804
2360.0000,1.1713,1.1671,1.1555,1.1340,1.1066,1.0870,1.0768
2365.0000,1.1685,1.1655,1.1522,1.1313,1.1017,1.0848,1.0701
2370.0000,1.1644,1.1642,1.1489,1.1281,1.0979,1.0805,1.0669
2375.0000,1.1652,1.1598,1.1474,1.1237,1.0951,1.0751,1.0644
2380.0000,1.1620,1.1580,1.1439,1.1206,1.0902,1.0725,1.0578
2385.0000,1.1582,1.1561,1.1406,1.1170,1.0865,1.0679,1.0549
2390.0000,1.1579,1.1521,1.1383,1.1127,1.0831,1.0632,1.0512
2395.0000,1.1549,1.1499,1.1345,1.1095,1.0780,1.0610,1.0430
2400.0000,1.1506,1.1478,1.1310,1.1055,1.0749,1.0548,1.0426
2405.0000,1.1500,1.1435,1.1285,1.1011,1.0714,1.0501,1.0390
2410.0000,1.1465,1.1412,1.1242,1.0980,1.0661,1.0477,1.0314
2415.0000,1.1426,1.1387,1.1203,1.0942,1.0621,1.0429,1.0287
2420.0000,1.1416,1.1340,1.1177,1.0895,1.0589,1.0371,1.0266
2425.0000,1.1377,1.1315,1.1133,1.0863,1.0535,1.0347,1.0194
2430.0000,1.1334,1.1288,1.1092,1.0824,1.0493,1.0300,1.0169
2435.0000,1.1276,1.1266,1.1048,1.0786,1.0450,1.0257,1.0134
2440.0000,1.1283,1.1211,1.1018,1.0746,1.0398,1.0238,1.0041
2445.0000,1.1237,1.1179,1.0980,1.0701,1.0365,1.0175,1.0049
2450.0000,1.1182,1.1152,1.0937,1.0661,1.0323,1.0133,1.0016
2455.0000,1.1178,1.1097,1.0909,1.0613,1.0286,1.0088,0.9979
2460.0000,1.1137,1.1063,1.0866,1.0575,1.0236,1.0063,0.9912
2465.0000,1.1080,1.1033,1.0825,1.0529,1.0202,1.0008,0.9901
2470.0000,1.1069,1.0980,1.0794,1.0481,1.0165,0.9964,0.9868
2475.0000,1.1021,1.0951,1.0746,1.0445,1.0115,0.9940,0.9807
2480.0000,1.0966,1.0922,1.0700,1.0402,1.0078,0.9891,0.9793
2485.0000,1.0956,1.0866,1.0668,1.0355,1.0041,0.9851,0.9761
2490.0000,1.0907,1.0835,1.0618,1.0320,0.9991,0.9831,0.9702
2495.0000,1.0853,1.0803,1.0572,1.0279,0.9952,0.9792,0.9674
2500.0000,1.0841,1.0744,1.0541,1.0229,0.9923,0.9744,0.9654
2505.0000,1.0791,1.0711,1.0492,1.0193,0.9877,0.9723,0.9596
2510.0000,1.0736,1.0677,1.0447,1.0152,0.9841,0.9682,0.9576
2515.0000,1.0717,1.0622,1.0413,1.0105,0.9810,0.9642,0.9550
2520.0000,1.0674,1.0583,1.0366,1.0070,0.9765,0.9625,0.9483
2525.0000,1.0617,1.0547,1.0323,1.0027,0.9737,0.9575,0.9485
2530.0000,1.0594,1.0493,1.0288,0.9984,0.9706,0.9538,0.9462
2535.0000,1.0545,1.0458,1.0239,0.9952,0.9660,0.9525,0.9403
2540.0000,1.0495,1.0421,1.0194,0.9914,0.9627,0.9489,0.9388
2545.0000,1.0470,1.0366,1.0162,0.9870,0.9601,0.9448,0.9377
2550.0000,1.0420,1.0332,1.0113,0.9840,0.9557,0.9437,0.9319
2555.0000,1.0367,1.0297,1.0069,0.9804,0.9526,0.9404,0.9308
2560.0000,1.0305,1.0265,1.0025,0.9769,0.9495,0.9374,0.9290
2565.0000,1.0299,1.0205,0.9993,0.9733,0.9457,0.9367,0.9217
2570.0000,1.0247,1.0168,0.9955,0.9694,0.9436,0.9322,0.9234
2575.0000,1.0188,1.0135,0.9913,0.9660,0.9409,0.9294,0.9217
2580.0000,1.0174,1.0078,0.9885,0.9620,0.9386,0.9264,0.9197
2585.0000,1.0130,1.0042,0.9844,0.9590,0.9352,0.9253,0.9148
2590.0000,1.0068,1.0012,0.9804,0.9556,0.9332,0.9216,0.9147
2595.0000,1.0053,0.9959,0.9775,0.9520,0.9310,0.9188,0.9128
2600.0000,1.0003,0.9931,0.9731,0.9496,0.9276,0.9179,0.9083
2605.0000,0.9949,0.9903,0.9690,0.9468,0.9252,0.9151,0.9070
2610.0000,0.9937,0.9849,0.9665,0.9432,0.9236,0.9117,0.9061
2615.0000,0.9890,0.9819,0.9624,0.9410,0.9203,0.9107,0.9018
2620.0000,0.9840,0.9789,0.9587,0.9384,0.9180,0.9081,0.9007
2625.0000,0.9827,0.9737,0.9565,0.9350,0.9164,0.9050,0.8996
2630.0000,0.9782,0.9707,0.9528,0.9330,0.9132,0.9041,0.8954
2635.0000,0.9732,0.9680,0.9493,0.9305,0.9110,0.9016,0.8944
2640.0000,0.9716,0.9634,0.9471,0.9276,0.9092,0.8991,0.8928
2645.0000,0.9677,0.9604,0.9437,0.9256,0.9060,0.8987,0.8873
2650.0000,0.9629,0.9578,0.9408,0.9230,0.9045,0.8951,0.8881
2655.0000,0.9614,0.9534,0.9388,0.9201,0.9028,0.8925,0.8868
2660.0000,0.9575,0.9509,0.9355,0.9183,0.8997,0.8921,0.8817
2665.0000,0.9535,0.9483,0.9327,0.9159,0.8979,0.8893,0.8814
2670.0000,0.9520,0.9442,0.9310,0.9130,0.8966,0.8861,0.8810
2675.0000,0.9483,0.9419,0.9279,0.9113,0.8936,0.8856,0.8763
2680.0000,0.9444,0.9397,0.9251,0.9091,0.8916,0.8831,0.8760
2685.0000,0.9393,0.9381,0.9221,0.9071,0.8895,0.8810,0.8748
2690.0000,0.9398,0.9339,0.9202,0.9050,0.8867,0.8809,0.8687
2695.0000,0.9361,0.9317,0.9178,0.9026,0.8854,0.8774,0.8707
2700.0000,0.9317,0.9299,0.9151,0.9005,0.8835,0.8753,0.8699
2705.0000,0.9317,0.9259,0.9137,0.8979,0.8819,0.8731,0.8687
2710.0000,0.9285,0.9240,0.9109,0.8962,0.8792,0.8728,0.8649
2715.0000,0.9242,0.9223,0.9085,0.8941,0.8777,0.8701,0.8653
2720.0000,0.9241,0.9185,0.9071,0.8915,0.8763,0.8681,0.8643
2725.0000,0.9210,0.9167,0.9044,0.8899,0.8737,0.8679,0.8608
2730.0000,0.9173,0.9150,0.9020,0.8878,0.8721,0.8660,0.8604
2735.0000,0.9171,0.9113,0.9008,0.8852,0.8711,0.8637,0.8601
2740.0000,0.9140,0.9098,0.8981,0.8837,0.8687,0.8635,0.8568
2745.0000,0.9104,0.9083,0.8956,0.8818,0.8672,0.8617,0.8566
2750.0000,0.9100,0.9049,0.8942,0.8793,0.8663,0.8596,0.8563
2755.0000,0.9073,0.9032,0.8917,0.8779,0.8641,0.8596,0.8530
2760.0000,0.9039,0.9016,0.8893,0.8761,0.8629,0.8578,0.8530
2765.0000,0.9034,0.8984,0.8879,0.8739,0.8620,0.8561,0.8524
2770.0000,0.9009,0.8967,0.8854,0.8727,0.8597,0.8565,0.8483
2775.0000,0.8975,0.8951,0.8833,0.8709,0.8590,0.8541,0.8496
2780.0000,0.8970,0.8919,0.8819,0.8688,0.8581,0.8525,0.8492
2785.0000,0.8943,0.8905,0.8794,0.8679,0.8559,0.8530,0.8451
2790.0000,0.8913,0.8890,0.8773,0.8664,0.8550,0.8512,0.8456
2795.0000,0.8908,0.8858,0.8762,0.8644,0.8545,0.8491,0.8459
2800.0000,0.8883,0.8843,0.8739,0.8635,0.8525,0.8495,0.8421
2805.0000,0.8855,0.8828,0.8720,0.8621,0.8516,0.8477,0.8429
2810.0000,0.8814,0.8818,0.8699,0.8609,0.8506,0.8463,0.8428
2815.0000,0.8825,0.8785,0.8688,0.8597,0.8488,0.8471,0.8380
2820.0000,0.8797,0.8770,0.8672,0.8582,0.8483,0.8447,0.8404
2825.0000,0.8762,0.8760,0.8654,0.8571,0.8472,0.8436,0.8403
2830.0000,0.8768,0.8729,0.8647,0.8555,0.8466,0.8424,0.8398
2835.0000,0.8743,0.8718,0.8627,0.8548,0.8447,0.8429,0.8368
2840.0000,0.8710,0.8709,0.8612,0.8535,0.8442,0.8411,0.8378
2845.0000,0.8717,0.8679,0.8607,0.8519,0.8438,0.8398,0.8376
2850.0000,0.8694,0.8669,0.8589,0.8512,0.8421,0.8403,0.8348
2855.0000,0.8664,0.8662,0.8574,0.8501,0.8415,0.8389,0.8352
2860.0000,0.8670,0.8633,0.8570,0.8484,0.8413,0.8374,0.8355
2865.0000,0.8649,0.8625,0.8553,0.8478,0.8398,0.8378,0.8328
2870.0000,0.8623,0.8618,0.8538,0.8469,0.8391,0.8367,0.8333
2875.0000,0.8625,0.8594,0.8533,0.8455,0.8388,0.8355,0.8332
2880.0000,0.8607,0.8587,0.8515,0.8451,0.8371,0.8365,0.8295
2885.0000,0.8582,0.8580,0.8503,0.8440,0.8369,0.8346,0.8314
2890.0000,0.8585,0.8557,0.8498,0.8428,0.8366,0.8334,0.8315
2895.0000,0.8567,0.8551,0.8481,0.8425,0.8349,0.8344,0.8281
2900.0000,0.8545,0.8544,0.8469,0.8415,0.8347,0.8328,0.8298
2905.0000,0.8549,0.8521,0.8466,0.8403,0.8345,0.8317,0.8299
2910.0000,0.8533,0.8514,0.8452,0.8400,0.8329,0.8328,0.8266
2915.0000,0.8512,0.8508,0.8441,0.8392,0.8325,0.8316,0.8277
2920.0000,0.8515,0.8486,0.8439,0.8379,0.8326,0.8302,0.8285
2925.0000,0.8499,0.8480,0.8426,0.8377,0.8312,0.8312,0.8252
2930.0000,0.8480,0.8474,0.8415,0.8369,0.8309,0.8300,0.8265
2935.0000,0.8446,0.8476,0.8401,0.8364,0.8304,0.8293,0.8269
2940.0000,0.8467,0.8452,0.8398,0.8358,0.8292,0.8306,0.8226
2945.0000,0.8450,0.8446,0.8390,0.8349,0.8294,0.8287,0.8254
2950.0000,0.8427,0.8443,0.8380,0.8343,0.8290,0.8280,0.8260
2955.0000,0.8440,0.8421,0.8380,0.8332,0.8290,0.8272,0.8261
2960.0000,0.8424,0.8419,0.8367,0.8331,0.8278,0.8281,0.8238
2965.0000,0.8400,0.8417,0.8358,0.8325,0.8277,0.8270,0.8251
2970.0000,0.8414,0.8396,0.8359,0.8315,0.8278,0.8262,0.8254
2975.0000,0.8399,0.8394,0.8347,0.8314,0.8266,0.8272,0.8232
2980.0000,0.8375,0.8395,0.8336,0.8310,0.8265,0.8264,0.8243
2985.0000,0.8390,0.8373,0.8338,0.8300,0.8267,0.8255,0.8251
2990.0000,0.8376,0.8371,0.8327,0.8299,0.8257,0.8265,0.8231
2995.0000,0.8359,0.8369,0.8320,0.8295,0.8255,0.8259,0.8243
3000.0000,0.8368,0.8352,0.8320,0.8287,0.8257,0.8253,0.8249
3005.0000,0.8355,0.8350,0.8309,0.8288,0.8245,0.8269,0.8221
3010.0000,0.8338,0.8348,0.8303,0.8283,0.8248,0.8259,0.8243
3015.0000,0.8347,0.8332,0.8305,0.8275,0.8251,0.8254,0.8251
3020.0000,0.8336,0.8331,0.8295,0.8276,0.8240,0.8271,0.8223
3025.0000,0.8319,0.8330,0.8289,0.8272,0.8245,0.8261,0.8246
3030.0000,0.8328,0.8314,0.8291,0.8264,0.8249,0.8256,0.8256
3035.0000,0.8319,0.8313,0.8282,0.8266,0.8241,0.8273,0.8230
3040.0000,0.8302,0.8314,0.8276,0.8263,0.8245,0.8267,0.8252
3045.0000,0.8312,0.8298,0.8279,0.8256,0.8251,0.8261,0.8267
3050.0000,0.8302,0.8298,0.8270,0.8260,0.8244,0.8279,0.8245
3055.0000,0.8290,0.8298,0.8264,0.8258,0.8247,0.8276,0.8266
3060.0000,0.8261,0.8305,0.8255,0.8259,0.8249,0.8277,0.8281
3065.0000,0.8287,0.8287,0.8257,0.8260,0.8244,0.8299,0.8248
3070.0000,0.8276,0.8286,0.8254,0.8258,0.8252,0.8292,0.8284
3075.0000,0.8259,0.8288,0.8249,0.8258,0.8256,0.8294,0.8301
3080.0000,0.8277,0.8271,0.8255,0.8254,0.8264,0.8296,0.8313
3085.0000,0.8265,0.8274,0.8247,0.8259,0.8260,0.8317,0.8301
3090.0000,0.8250,0.8276,0.8245,0.8259,0.8268,0.8317,0.8322
3095.0000,0.8267,0.8260,0.8252,0.8255,0.8279,0.8320,0.8336
3100.0000,0.8259,0.8262,0.8248,0.8261,0.8278,0.8341,0.8323
3105.0000,0.8239,0.8269,0.8244,0.8263,0.8288,0.8342,0.8345
3110.0000,0.8258,0.8255,0.8252,0.8261,0.8302,0.8343,0.8363
3115.0000,0.8250,0.8259,0.8247,0.8269,0.8302,0.8363,0.8353
3120.0000,0.8239,0.8263,0.8245,0.8273,0.8313,0.8365,0.8378
3125.0000,0.8253,0.8252,0.8251,0.8274,0.8325,0.8370,0.8396
3130.0000,0.8246,0.8259,0.8246,0.8286,0.8324,0.8396,0.8381
3135.0000,0.8236,0.8263,0.8245,0.8291,0.8335,0.8398,0.8411
3140.0000,0.8251,0.8253,0.8254,0.8294,0.8348,0.8405,0.8431
3145.0000,0.8247,0.8257,0.8252,0.8306,0.8348,0.8433,0.8414
3150.0000,0.8236,0.8264,0.8254,0.8313,0.8361,0.8437,0.8446
3155.0000,0.8252,0.8254,0.8265,0.8315,0.8377,0.8442,0.8468
3160.0000,0.8249,0.8259,0.8266,0.8328,0.8380,0.8471,0.8451
3165.0000,0.8239,0.8267,0.8270,0.8335,0.8395,0.8474,0.8486
3170.0000,0.8255,0.8259,0.8283,0.8338,0.8413,0.8480,0.8511
3175.0000,0.8254,0.8267,0.8285,0.8352,0.8416,0.8509,0.8497
3180.0000,0.8251,0.8274,0.8291,0.8360,0.8432,0.8515,0.8533
3185.0000,0.8229,0.8291,0.8292,0.8371,0.8446,0.8526,0.8560
3190.0000,0.8263,0.8283,0.8304,0.8383,0.8451,0.8559,0.8539
3195.0000,0.8260,0.8293,0.8310,0.8392,0.8469,0.8565,0.8583
3200.0000,0.8252,0.8305,0.8315,0.8404,0.8485,0.8577,0.8612
3205.0000,0.8280,0.8299,0.8331,0.8410,0.8504,0.8590,0.8638
3210.0000,0.8276,0.8314,0.8333,0.8428,0.8510,0.8622,0.8638
3215.0000,0.8272,0.8325,0.8341,0.8439,0.8529,0.8634,0.8673
3220.0000,0.8300,0.8318,0.8360,0.8446,0.8551,0.8647,0.8704
3225.0000,0.8303,0.8329,0.8367,0.8462,0.8561,0.8681,0.8709
3230.0000,0.8292,0.8347,0.8374,0.8476,0.8581,0.8696,0.8752
3235.0000,0.8321,0.8343,0.8392,0.8485,0.8603,0.8715,0.8786
3240.0000,0.8324,0.8357,0.8398,0.8504,0.8614,0.8753,0.8795
3245.0000,0.8323,0.8372,0.8408,0.8519,0.8637,0.8774,0.8845
3250.0000,0.8348,0.8372,0.8426,0.8530,0.8662,0.8796,0.8893
3255.0000,0.8349,0.8391,0.8431,0.8553,0.8673,0.8846,0.8906
3260.0000,0.8351,0.8406,0.8442,0.8568,0.8699,0.8873,0.8967
3265.0000,0.8378,0.8405,0.8463,0.8580,0.8729,0.8903,0.9028
3270.0000,0.8386,0.8420,0.8472,0.8603,0.8746,0.8962,0.9052
3275.0000,0.8385,0.8438,0.8484,0.8620,0.8777,0.8998,0.9137
3280.0000,0.8411,0.8440,0.8505,0.8636,0.8810,0.9047,0.9204
3285.0000,0.8420,0.8456,0.8516,0.8661,0.8834,0.9121,0.9238
3290.0000,0.8418,0.8477,0.8530,0.8680,0.8875,0.9171,0.9341
3295.0000,0.8447,0.8481,0.8553,0.8698,0.8919,0.9234,0.9423
3300.0000,0.8457,0.8499,0.8565,0.8726,0.8953,0.9324,0.9468
3305.0000,0.8465,0.8515,0.8584,0.8747,0.9010,0.9386,0.9587
3310.0000,0.8452,0.8543,0.8596,0.8775,0.9067,0.9460,0.9697
3315.0000,0.8498,0.8546,0.8619,0.8805,0.9118,0.9567,0.9756
3320.0000,0.8508,0.8565,0.8637,0.8837,0.9184,0.9658,0.9857
3325.0000,0.8513,0.8586,0.8657,0.8870,0.9260,0.9746,0.9967
3330.0000,0.8550,0.8591,0.8687,0.8902,0.9345,0.9835,1.0072
3335.0000,0.8556,0.8619,0.8702,0.8950,0.9420,0.9951,1.0142
3340.0000,0.8561,0.8644,0.8723,0.8997,0.9510,1.0050,1.0228
3345.0000,0.8602,0.8650,0.8759,0.9041,0.9615,1.0137,1.0319
3350.0000,0.8617,0.8677,0.8782,0.9103,0.9707,1.0246,1.0363
3355.0000,0.8616,0.8710,0.8808,0.9165,0.9817,1.0322,1.0454
3360.0000,0.8662,0.8721,0.8848,0.9230,0.9928,1.0401,1.0509
3365.0000,0.8681,0.8751,0.8880,0.9311,1.0027,1.0491,1.0520
3370.0000,0.8697,0.8782,0.8919,0.9391,1.0138,1.0544,1.0566
3375.0000,0.8738,0.8803,0.8970,0.9475,1.0249,1.0587,1.0590
3380.0000,0.8755,0.8847,0.9009,0.9577,1.0335,1.0646,1.0549
3385.0000,0.8777,0.8887,0.9062,0.9675,1.0433,1.0658,1.0548
3390.0000,0.8827,0.8915,0.9129,0.9775,1.0522,1.0662,1.0506
3395.0000,0.8858,0.8963,0.9189,0.9887,1.0585,1.0671,1.0398
3400.0000,0.8876,0.9022,0.9256,0.9996,1.0652,1.0629,1.0330
3405.0000,0.8942,0.9057,0.9349,1.0092,1.0718,1.0551,1.0261
3410.0000,0.8989,0.9113,0.9432,1.0202,1.0743,1.0490,1.0111
3415.0000,0.9038,0.9174,0.9525,1.0303,1.0761,1.0390,0.9978
3420.0000,0.9059,0.9255,0.9617,1.0400,1.0764,1.0254,0.9859
3425.0000,0.9151,0.9314,0.9722,1.0492,1.0731,1.0131,0.9674
3430.0000,0.9213,0.9395,0.9823,1.0577,1.0677,0.9982,0.9494
3435.0000,0.9233,0.9505,0.9912,1.0658,1.0594,0.9825,0.9284
3440.0000,0.9355,0.9574,1.0025,1.0716,1.0490,0.9663,0.9020
3445.0000,0.9438,0.9660,1.0139,1.0747,1.0393,0.9425,0.8905
3450.0000,0.9516,0.9756,1.0242,1.0773,1.0250,0.9223,0.8696
3455.0000,0.9624,0.9838,1.0350,1.0774,1.0089,0.9015,0.8478
3460.0000,0.9693,0.9950,1.0434,1.0764,0.9899,0.8813,0.8242
3465.0000,0.9790,1.0041,1.0529,1.0716,0.9721,0.8564,0.8101
3470.0000,0.9902,1.0124,1.0611,1.0653,0.9507,0.8357,0.7902
3475.0000,0.9995,1.0216,1.0673,1.0570,0.9280,0.8157,0.7710
3480.0000,1.0047,1.0327,1.0708,1.0471,0.9039,0.7969,0.7516
3485.0000,1.0168,1.0390,1.0752,1.0330,0.8820,0.7755,0.7384
3490.0000,1.0255,1.0464,1.0763,1.0181,0.8579,0.7582,0.7227
3495.0000,1.0328,1.0531,1.0752,1.0011,0.8342,0.7420,0.7084
3500.0000,1.0413,1.0572,1.0728,0.9819,0.8115,0.7269,0.6946
3505.0000,1.0458,1.0623,1.0666,0.9622,0.7887,0.7145,0.6790
3510.0000,1.0507,1.0642,1.0597,0.9396,0.7696,0.6988,0.6740
3515.0000,1.0562,1.0634,1.0507,0.9165,0.7507,0.6868,0.6652
3520.0000,1.0586,1.0618,1.0386,0.8934,0.7324,0.6776,0.6551
3525.0000,1.0580,1.0590,1.0240,0.8699,0.7162,0.6681,0.6483
3530.0000,1.0581,1.0527,1.0084,0.8459,0.7026,0.6584,0.6446
3535.0000,1.0541,1.0464,0.9892,0.8238,0.6885,0.6526,0.6375
3540.0000,1.0476,1.0384,0.9684,0.8021,0.6768,0.6462,0.6347
3545.0000,1.0385,1.0285,0.9462,0.7815,0.6664,0.6409,0.6319
3550.0000,1.0341,1.0130,0.9248,0.7615,0.6571,0.6380,0.6262
3555.0000,1.0215,0.9991,0.9012,0.7432,0.6498,0.6334,0.6273
3560.0000,1.0096,0.9818,0.8781,0.7261,0.6435,0.6303,0.6269
3565.0000,0.9982,0.9616,0.8558,0.7104,0.6377,0.6295,0.6236
3570.0000,0.9803,0.9431,0.8325,0.6965,0.6335,0.6273,0.6253
3575.0000,0.9593,0.9246,0.8093,0.6845,0.6295,0.6267,0.6254
3580.0000,0.9450,0.9015,0.7890,0.6728,0.6272,0.6260,0.6258
3585.0000,0.9276,0.8788,0.7695,0.6630,0.6250,0.6268,0.6244
3590.0000,0.9036,0.8590,0.7498,0.6548,0.6237,0.6264,0.6257
3595.0000,0.8858,0.8361,0.7333,0.6470,0.6236,0.6262,0.6266
3600.0000,0.8636,0.8166,0.7162,0.6416,0.6225,0.6277,0.6252
3605.0000,0.8459,0.7947,0.7026,0.6359,0.6234,0.6272,0.6270
3610.0000,0.8260,0.7745,0.6901,0.6315,0.6243,0.6271,0.6280
3615.0000,0.8041,0.7576,0.6774,0.6290,0.6242,0.6285,0.6270
3620.0000,0.7826,0.7422,0.6661,0.6271,0.6248,0.6286,0.6283
3625.0000,0.7669,0.7253,0.6575,0.6252,0.6259,0.6285,0.6293
3630.0000,0.7515,0.7095,0.6502,0.6242,0.6263,0.6298,0.6280
3635.0000,0.7328,0.6976,0.6429,0.6240,0.6270,0.6297,0.6298
3640.0000,0.7193,0.6849,0.6379,0.6237,0.6279,0.6297,0.6309
3645.0000,0.7046,0.6754,0.6326,0.6247,0.6275,0.6315,0.6293
