150.0000,0.6316,0.6362,0.6410,0.6491,0.6537,0.6577,0.6583
155.0000,0.6339,0.6366,0.6425,0.6496,0.6547,0.6579,0.6597
160.0000,0.6344,0.6383,0.6431,0.6509,0.6545,0.6599,0.6584
165.0000,0.6349,0.6397,0.6440,0.6515,0.6555,0.6600,0.6608
170.0000,0.6372,0.6401,0.6455,0.6519,0.6565,0.6603,0.6623
175.0000,0.6381,0.6415,0.6461,0.6530,0.6564,0.6625,0.6610
180.0000,0.6381,0.6432,0.6468,0.6537,0.6572,0.6628,0.6634
185.0000,0.6405,0.6434,0.6482,0.6539,0.6584,0.6632,0.6652
190.0000,0.6414,0.6446,0.6487,0.6549,0.6584,0.6654,0.6638
195.0000,0.6420,0.6458,0.6495,0.6554,0.6596,0.6658,0.6665
200.0000,0.6410,0.6477,0.6499,0.6562,0.6605,0.6665,0.6684
205.0000,0.6443,0.6475,0.6510,0.6569,0.6608,0.6690,0.6665
210.0000,0.6449,0.6485,0.6517,0.6573,0.6622,0.6692,0.6698
215.0000,0.6438,0.6504,0.6519,0.6581,0.6633,0.6699,0.6718
220.0000,0.6471,0.6501,0.6530,0.6589,0.6638,0.6725,0.6698
225.0000,0.6476,0.6510,0.6536,0.6594,0.6654,0.6726,0.6735
230.0000,0.6474,0.6522,0.6541,0.6601,0.6667,0.6733,0.6757
235.0000,0.6499,0.6519,0.6553,0.6606,0.6683,0.6741,0.6776
240.0000,0.6498,0.6534,0.6553,0.6620,0.6687,0.6765,0.6774
245.0000,0.6495,0.6545,0.6558,0.6629,0.6701,0.6773,0.6797
250.0000,0.6520,0.6541,0.6570,0.6635,0.6716,0.6783,0.6816
255.0000,0.6524,0.6551,0.6574,0.6649,0.6722,0.6807,0.6813
260.0000,0.6516,0.6565,0.6578,0.6660,0.6736,0.6816,0.6839
265.0000,0.6541,0.6560,0.6592,0.6667,0.6754,0.6826,0.6859
270.0000,0.6545,0.6570,0.6598,0.6681,0.6761,0.6850,0.6857
275.0000,0.6544,0.6580,0.6606,0.6692,0.6777,0.6859,0.6885
280.0000,0.6562,0.6579,0.6620,0.6700,0.6795,0.6869,0.6910
285.0000,0.6564,0.6593,0.6625,0.6717,0.6801,0.6898,0.6905
290.0000,0.6565,0.6603,0.6634,0.6728,0.6818,0.6908,0.6936
295.0000,0.6584,0.6603,0.6650,0.6737,0.6837,0.6919,0.6961
300.0000,0.6590,0.6615,0.6657,0.6754,0.6844,0.6950,0.6956
305.0000,0.6587,0.6631,0.6665,0.6767,0.6862,0.6961,0.6993
310.0000,0.6608,0.6632,0.6682,0.6777,0.6882,0.6975,0.7020
315.0000,0.6615,0.6645,0.6689,0.6795,0.6890,0.7007,0.7016
320.0000,0.6619,0.6657,0.6701,0.6807,0.6910,0.7020,0.7054
325.0000,0.6607,0.6678,0.6708,0.6823,0.6928,0.7036,0.7087
330.0000,0.6643,0.6678,0.6725,0.6838,0.6940,0.7073,0.7079
335.0000,0.6651,0.6689,0.6738,0.6850,0.6963,0.7086,0.7124
340.0000,0.6652,0.6704,0.6750,0.6865,0.6985,0.7104,0.7159
345.0000,0.6678,0.6708,0.6766,0.6882,0.6998,0.7144,0.7152
350.0000,0.6681,0.6725,0.6778,0.6896,0.7023,0.7159,0.7200
355.0000,0.6684,0.6742,0.6790,0.6912,0.7047,0.7178,0.7239
360.0000,0.6713,0.6744,0.6811,0.6925,0.7074,0.7199,0.7275
365.0000,0.6716,0.6765,0.6819,0.6947,0.7090,0.7237,0.7289
370.0000,0.6720,0.6782,0.6831,0.6966,0.7115,0.7262,0.7327
375.0000,0.6751,0.6785,0.6852,0.6981,0.7144,0.7287,0.7364
380.0000,0.6760,0.6802,0.6864,0.7004,0.7163,0.7328,0.7378
385.0000,0.6758,0.6824,0.6876,0.7025,0.7191,0.7354,0.7425
390.0000,0.6790,0.6827,0.6899,0.7043,0.7222,0.7383,0.7462
395.0000,0.6800,0.6846,0.6912,0.7068,0.7244,0.7427,0.7475
400.0000,0.6808,0.6863,0.6929,0.7089,0.7277,0.7454,0.7525
405.0000,0.6835,0.6870,0.6953,0.7109,0.7313,0.7481,0.7572
410.0000,0.6843,0.6893,0.6966,0.7138,0.7335,0.7530,0.7585
415.0000,0.6853,0.6912,0.6985,0.7162,0.7371,0.7560,0.7637
420.0000,0.6881,0.6920,0.7011,0.7184,0.7409,0.7589,0.7688
425.0000,0.6895,0.6940,0.7028,0.7215,0.7435,0.7641,0.7704
430.0000,0.6899,0.6966,0.7046,0.7243,0.7473,0.7670,0.7773
435.0000,0.6930,0.6976,0.7073,0.7270,0.7510,0.7709,0.7824
440.0000,0.6946,0.6999,0.7092,0.7305,0.7536,0.7767,0.7846
445.0000,0.6960,0.7022,0.7115,0.7335,0.7576,0.7804,0.7920
450.0000,0.6953,0.7055,0.7134,0.7368,0.7615,0.7847,0.7993
455.0000,0.7002,0.7064,0.7164,0.7402,0.7645,0.7915,0.8022
460.0000,0.7019,0.7088,0.7191,0.7434,0.7688,0.7964,0.8104
465.0000,0.7034,0.7113,0.7220,0.7465,0.7734,0.8014,0.8191
470.0000,0.7072,0.7128,0.7252,0.7501,0.7770,0.8095,0.8230
475.0000,0.7086,0.7158,0.7281,0.7535,0.7821,0.8154,0.8332
480.0000,0.7102,0.7185,0.7313,0.7567,0.7878,0.8213,0.8446
485.0000,0.7143,0.7202,0.7351,0.7598,0.7937,0.8283,0.8562
490.0000,0.7157,0.7240,0.7375,0.7642,0.7984,0.8380,0.8662
495.0000,0.7174,0.7275,0.7403,0.7686,0.8037,0.8483,0.8770
500.0000,0.7221,0.7293,0.7443,0.7722,0.8107,0.8579,0.8906
505.0000,0.7246,0.7327,0.7473,0.7770,0.8168,0.8706,0.9019
510.0000,0.7254,0.7369,0.7502,0.7815,0.8247,0.8819,0.9185
515.0000,0.7306,0.7390,0.7543,0.7862,0.8326,0.8962,0.9314
520.0000,0.7335,0.7425,0.7576,0.7915,0.8410,0.9118,0.9429
525.0000,0.7362,0.7458,0.7617,0.7963,0.8520,0.9251,0.9603
530.0000,0.7406,0.7481,0.7665,0.8012,0.8641,0.9393,0.9768
535.0000,0.7431,0.7523,0.7701,0.8077,0.8754,0.9567,0.9886
540.0000,0.7462,0.7561,0.7743,0.8143,0.8886,0.9729,1.0007
545.0000,0.7508,0.7589,0.7795,0.8207,0.9040,0.9873,1.0137
550.0000,0.7542,0.7631,0.7837,0.8291,0.9185,1.0043,1.0196
555.0000,0.7562,0.7682,0.7881,0.8378,0.9353,1.0170,1.0296
560.0000,0.7616,0.7716,0.7937,0.8471,0.9528,1.0289,1.0344
565.0000,0.7655,0.7765,0.7985,0.8584,0.9692,1.0413,1.0311
570.0000,0.7693,0.7813,0.8044,0.8699,0.9876,1.0472,1.0324
575.0000,0.7701,0.7881,0.8096,0.8831,1.0050,1.0512,1.0274
580.0000,0.7782,0.7920,0.8167,0.8975,1.0204,1.0546,1.0115
585.0000,0.7830,0.7974,0.8246,0.9120,1.0371,1.0482,1.0051
590.0000,0.7877,0.8033,0.8329,0.9280,1.0507,1.0400,0.9900
595.0000,0.7948,0.8087,0.8426,0.9449,1.0614,1.0282,0.9699
600.0000,0.7989,0.8170,0.8515,0.9635,1.0673,1.0144,0.9429
605.0000,0.8043,0.8247,0.8629,0.9808,1.0725,0.9909,0.9242
610.0000,0.8133,0.8318,0.8756,0.9987,1.0713,0.9679,0.8968
615.0000,0.8182,0.8427,0.8875,1.0171,1.0643,0.9429,0.8666
620.0000,0.8260,0.8524,0.9023,1.0329,1.0547,0.9114,0.8439
625.0000,0.8376,0.8614,0.9184,1.0477,1.0377,0.8831,0.8136
630.0000,0.8469,0.8726,0.9350,1.0599,1.0164,0.8530,0.7851
635.0000,0.8526,0.8871,0.9512,1.0696,0.9901,0.8234,0.7559
640.0000,0.8679,0.8973,0.9714,1.0729,0.9634,0.7896,0.7359
645.0000,0.8807,0.9101,0.9903,1.0733,0.9315,0.7602,0.7153
650.0000,0.8938,0.9237,1.0088,1.0691,0.8969,0.7336,0.6968
655.0000,0.9074,0.9379,1.0262,1.0602,0.8605,0.7105,0.6804
660.0000,0.9195,0.9545,1.0408,1.0469,0.8234,0.6909,0.6673
665.0000,0.9355,0.9689,1.0546,1.0276,0.7880,0.6731,0.6609
670.0000,0.9504,0.9836,1.0649,1.0044,0.7533,0.6610,0.6548
675.0000,0.9656,0.9975,1.0717,0.9770,0.7209,0.6534,0.6506
680.0000,0.9770,1.0127,1.0733,0.9463,0.6926,0.6476,0.6539
685.0000,0.9920,1.0238,1.0717,0.9122,0.6688,0.6451,0.6599
690.0000,1.0054,1.0333,1.0646,0.8771,0.6480,0.6488,0.6640
695.0000,1.0160,1.0407,1.0527,0.8406,0.6335,0.6523,0.6780
700.0000,1.0214,1.0467,1.0350,0.8046,0.6240,0.6582,0.6963
705.0000,1.0311,1.0465,1.0135,0.7702,0.6173,0.6708,0.7102
710.0000,1.0347,1.0440,0.9870,0.7379,0.6156,0.6846,0.7296
715.0000,1.0327,1.0387,0.9564,0.7087,0.6185,0.6999,0.7529
720.0000,1.0334,1.0261,0.9247,0.6822,0.6259,0.7172,0.7783
725.0000,1.0264,1.0119,0.8892,0.6611,0.6349,0.7393,0.8021
730.0000,1.0123,0.9957,0.8517,0.6450,0.6462,0.7648,0.8229
735.0000,1.0034,0.9710,0.8174,0.6311,0.6633,0.7879,0.8490
740.0000,0.9837,0.9480,0.7810,0.6238,0.6807,0.8152,0.8707
745.0000,0.9636,0.9200,0.7483,0.6195,0.7020,0.8414,0.8927
750.0000,0.9448,0.8868,0.7209,0.6175,0.7280,0.8642,0.9180
755.0000,0.9179,0.8568,0.6938,0.6217,0.7529,0.8904,0.9369
760.0000,0.8957,0.8223,0.6733,0.6276,0.7819,0.9116,0.9619
765.0000,0.8664,0.7916,0.6546,0.6390,0.8091,0.9360,0.9783
770.0000,0.8345,0.7650,0.6383,0.6546,0.8360,0.9592,0.9918
775.0000,0.8026,0.7410,0.6261,0.6731,0.8637,0.9789,1.0062
780.0000,0.7783,0.7159,0.6200,0.6933,0.8919,0.9958,1.0183
785.0000,0.7548,0.6939,0.6178,0.7165,0.9178,1.0130,1.0229
790.0000,0.7287,0.6777,0.6189,0.7415,0.9435,1.0246,1.0301
795.0000,0.7096,0.6624,0.6255,0.7673,0.9683,1.0330,1.0346
800.0000,0.6911,0.6528,0.6343,0.7954,0.9890,1.0418,1.0309
805.0000,0.6774,0.6453,0.6481,0.8229,1.0094,1.0440,1.0315
810.0000,0.6667,0.6415,0.6653,0.8504,1.0273,1.0431,1.0303
815.0000,0.6582,0.6430,0.6841,0.8790,1.0401,1.0428,1.0221
820.0000,0.6542,0.6474,0.7061,0.9063,1.0511,1.0377,1.0173
825.0000,0.6503,0.6573,0.7288,0.9333,1.0575,1.0323,1.0084
830.0000,0.6557,0.6680,0.7544,0.9587,1.0603,1.0265,0.9945
835.0000,0.6614,0.6829,0.7811,0.9815,1.0616,1.0153,0.9894
840.0000,0.6710,0.7000,0.8087,1.0023,1.0588,1.0055,0.9788
845.0000,0.6849,0.7186,0.8373,1.0202,1.0533,0.9952,0.9670
850.0000,0.6966,0.7427,0.8638,1.0364,1.0442,0.9858,0.9528
855.0000,0.7158,0.7646,0.8926,1.0473,1.0358,0.9722,0.9456
860.0000,0.7376,0.7870,0.9208,1.0552,1.0249,0.9608,0.9346
865.0000,0.7610,0.8098,0.9479,1.0597,1.0126,0.9503,0.9224
870.0000,0.7797,0.8370,0.9712,1.0618,0.9994,0.9396,0.9116
875.0000,0.8045,0.8618,0.9937,1.0598,0.9872,0.9272,0.9039
880.0000,0.8296,0.8865,1.0129,1.0559,0.9734,0.9180,0.8927
885.0000,0.8475,0.9151,1.0267,1.0505,0.9594,0.9086,0.8837
890.0000,0.8755,0.9370,1.0404,1.0413,0.9476,0.8979,0.8770
895.0000,0.9004,0.9585,1.0499,1.0314,0.9347,0.8903,0.8668
900.0000,0.9238,0.9777,1.0565,1.0196,0.9235,0.8813,0.8603
905.0000,0.9456,0.9945,1.0601,1.0068,0.9131,0.8726,0.8541
910.0000,0.9624,1.0119,1.0585,0.9949,0.9015,0.8670,0.8439
915.0000,0.9797,1.0244,1.0559,0.9812,0.8932,0.8574,0.8432
920.0000,0.9971,1.0327,1.0512,0.9677,0.8846,0.8504,0.8392
925.0000,1.0097,1.0398,1.0432,0.9554,0.8753,0.8459,0.8328
930.0000,1.0172,1.0455,1.0327,0.9435,0.8669,0.8408,0.8297
935.0000,1.0276,1.0451,1.0229,0.9311,0.8601,0.8356,0.8273
940.0000,1.0323,1.0443,1.0105,0.9203,0.8523,0.8332,0.8215
945.0000,1.0335,1.0414,0.9977,0.9098,0.8459,0.8297,0.8189
950.0000,1.0316,1.0365,0.9846,0.8997,0.8404,0.8264,0.8162
955.0000,1.0335,1.0268,0.9727,0.8898,0.8350,0.8252,0.8086
960.0000,1.0287,1.0177,0.9605,0.8802,0.8320,0.8201,0.8104
965.0000,1.0202,1.0087,0.9477,0.8718,0.8285,0.8168,0.8088
970.0000,1.0157,0.9962,0.9367,0.8634,0.8260,0.8134,0.8071
975.0000,1.0075,0.9845,0.9251,0.8565,0.8226,0.8118,0.8030
980.0000,0.9951,0.9741,0.9134,0.8502,0.8203,0.8083,0.8030
985.0000,0.9871,0.9612,0.9033,0.8442,0.8180,0.8057,0.8016
990.0000,0.9748,0.9509,0.8922,0.8400,0.8146,0.8047,0.7983
995.0000,0.9639,0.9396,0.8826,0.8357,0.8122,0.8025,0.7975
1000.0000,0.9547,0.9270,0.8746,0.8314,0.8103,0.8001,0.7970
1005.0000,0.9419,0.9175,0.8656,0.8287,0.8069,0.7998,0.7938
1010.0000,0.9290,0.9085,0.8575,0.8259,0.8045,0.7983,0.7934
1015.0000,0.9211,0.8970,0.8520,0.8223,0.8030,0.7963,0.7931
1020.0000,0.9117,0.8870,0.8465,0.8196,0.8005,0.7962,0.7900
1025.0000,0.9003,0.8788,0.8413,0.8169,0.7989,0.7946,0.7899
1030.0000,0.8923,0.8696,0.8375,0.8138,0.7979,0.7930,0.7895
1035.0000,0.8838,0.8620,0.8335,0.8114,0.7958,0.7934,0.7856
1040.0000,0.8736,0.8563,0.8295,0.8089,0.7951,0.7911,0.7871
1045.0000,0.8673,0.8495,0.8266,0.8063,0.7944,0.7896,0.7869
1050.0000,0.8595,0.8451,0.8226,0.8049,0.7923,0.7902,0.7834
1055.0000,0.8528,0.8406,0.8194,0.8030,0.7916,0.7886,0.7841
1060.0000,0.8485,0.8352,0.8172,0.8008,0.7912,0.7868,0.7846
1065.0000,0.8426,0.8318,0.8139,0.7997,0.7894,0.7874,0.7814
1070.0000,0.8371,0.8286,0.8111,0.7983,0.7887,0.7861,0.7822
1075.0000,0.8312,0.8258,0.8084,0.7970,0.7878,0.7850,0.7825
1080.0000,0.8300,0.8212,0.8066,0.7958,0.7863,0.7859,0.7783
1085.0000,0.8252,0.8187,0.8045,0.7945,0.7860,0.7841,0.7808
1090.0000,0.8202,0.8167,0.8022,0.7935,0.7853,0.7832,0.7813
1095.0000,0.8195,0.8128,0.8012,0.7920,0.7849,0.7824,0.7814
1100.0000,0.8162,0.8107,0.7992,0.7914,0.7834,0.7832,0.7792
1105.0000,0.8118,0.8091,0.7975,0.7904,0.7831,0.7821,0.7806
1110.0000,0.8114,0.8057,0.7969,0.7890,0.7829,0.7814,0.7810
1115.0000,0.8084,0.8043,0.7952,0.7885,0.7817,0.7824,0.7790
1120.0000,0.8051,0.8030,0.7937,0.7877,0.7814,0.7817,0.7802
1125.0000,0.8050,0.8001,0.7934,0.7863,0.7816,0.7809,0.7813
1130.0000,0.8024,0.7991,0.7918,0.7859,0.7806,0.7821,0.7797
1135.0000,0.7995,0.7983,0.7905,0.7852,0.7805,0.7816,0.7816
1140.0000,0.7995,0.7960,0.7901,0.7841,0.7808,0.7812,0.7831
1145.0000,0.7976,0.7951,0.7887,0.7839,0.7799,0.7827,0.7823
1150.0000,0.7951,0.7944,0.7876,0.7833,0.7800,0.7826,0.7852
1155.0000,0.7953,0.7923,0.7873,0.7824,0.7805,0.7826,0.7884
1160.0000,0.7936,0.7918,0.7860,0.7825,0.7796,0.7852,0.7886
1165.0000,0.7913,0.7913,0.7849,0.7822,0.7800,0.7859,0.7939
1170.0000,0.7917,0.7893,0.7848,0.7814,0.7807,0.7871,0.7999
1175.0000,0.7903,0.7889,0.7836,0.7817,0.7800,0.7914,0.8032
1180.0000,0.7883,0.7885,0.7828,0.7815,0.7808,0.7937,0.8140
1185.0000,0.7888,0.7867,0.7827,0.7812,0.7815,0.7985,0.8235
1190.0000,0.7875,0.7864,0.7817,0.7816,0.7813,0.8062,0.8319
1195.0000,0.7859,0.7860,0.7812,0.7815,0.7830,0.8130,0.8478
1200.0000,0.7830,0.7862,0.7805,0.7815,0.7852,0.8215,0.8666
1205.0000,0.7851,0.7842,0.7807,0.7816,0.7870,0.8349,0.8830
1210.0000,0.7836,0.7841,0.7802,0.7821,0.7900,0.8500,0.9030
1215.0000,0.7818,0.7840,0.7801,0.7820,0.7954,0.8658,0.9288
1220.0000,0.7834,0.7821,0.7810,0.7816,0.8026,0.8843,0.9574
1225.0000,0.7822,0.7823,0.7806,0.7825,0.8101,0.9080,0.9860
1230.0000,0.7804,0.7828,0.7799,0.7840,0.8191,0.9361,1.0126
1235.0000,0.7821,0.7810,0.7813,0.7843,0.8334,0.9628,1.0470
1240.0000,0.7813,0.7811,0.7811,0.7865,0.8484,0.9953,1.0784
1245.0000,0.7801,0.7813,0.7815,0.7887,0.8685,1.0263,1.1184
1250.0000,0.7812,0.7807,0.7816,0.7931,0.8891,1.0647,1.1488
1255.0000,0.7806,0.7812,0.7815,0.7990,0.9136,1.1036,1.1779
1260.0000,0.7799,0.7815,0.7823,0.8053,0.9440,1.1383,1.2155
1265.0000,0.7811,0.7809,0.7839,0.8135,0.9778,1.1730,1.2512
1270.0000,0.7809,0.7820,0.7842,0.8259,1.0115,1.2119,1.2774
1310.0000,0.7917,0.8029,0.8322,1.0327,1.3249,1.3904,1.3864
1315.0000,0.7952,0.8104,0.8469,1.0733,1.3526,1.3970,1.3801
1320.0000,0.7999,0.8189,0.8659,1.1144,1.3776,1.3965,1.3780
1325.0000,0.8005,0.8319,0.8869,1.1570,1.3962,1.3941,1.3705
1330.0000,0.8146,0.8414,0.9141,1.1985,1.4094,1.3908,1.3553
1335.0000,0.8244,0.8555,0.9445,1.2380,1.4197,1.3797,1.3507
1340.0000,0.8369,0.8714,0.9786,1.2755,1.4238,1.3690,1.3395
1345.0000,0.8532,0.8890,1.0163,1.3096,1.4233,1.3573,1.3267
1350.0000,0.8672,0.9128,1.0544,1.3413,1.4172,1.3462,1.3113
1355.0000,0.8887,0.9360,1.0967,1.3665,1.4101,1.3304,1.3032
1360.0000,0.9110,0.9630,1.1389,1.3878,1.3984,1.3174,1.2908
1365.0000,0.9366,0.9923,1.1812,1.4041,1.3840,1.3056,1.2778
1370.0000,0.9567,1.0290,1.2196,1.4165,1.3673,1.2941,1.2660
1375.0000,0.9889,1.0626,1.2590,1.4220,1.3519,1.2808,1.2584
1380.0000,1.0223,1.0976,1.2950,1.4236,1.3342,1.2715,1.2468
1385.0000,1.0563,1.1334,1.3277,1.4203,1.3180,1.2612,1.2398
1390.0000,1.0895,1.1702,1.3558,1.4133,1.3024,1.2520,1.2328
1395.0000,1.1189,1.2107,1.3758,1.4054,1.2849,1.2477,1.2199
1400.0000,1.1567,1.2433,1.3953,1.3916,1.2733,1.2372,1.2205
1405.0000,1.1924,1.2739,1.4096,1.3764,1.2620,1.2299,1.2173
1410.0000,1.2267,1.3014,1.4186,1.3605,1.2505,1.2265,1.2090
1415.0000,1.2515,1.3306,1.4204,1.3444,1.2417,1.2200,1.2101
1420.0000,1.2828,1.3515,1.4199,1.3276,1.2342,1.2154,1.2086
1425.0000,1.3083,1.3701,1.4139,1.3125,1.2260,1.2147,1.2023
1430.0000,1.3248,1.3878,1.4030,1.2983,1.2199,1.2115,1.2032
1435.0000,1.3486,1.3945,1.3932,1.2831,1.2165,1.2077,1.2047
1440.0000,1.3642,1.3996,1.3795,1.2708,1.2115,1.2083,1.2002
1445.0000,1.3738,1.4013,1.3645,1.2590,1.2089,1.2062,1.2027
1450.0000,1.3757,1.4013,1.3477,1.2492,1.2064,1.2050,1.2044
1455.0000,1.3854,1.3927,1.3330,1.2401,1.2038,1.2071,1.1997
1460.0000,1.3849,1.3846,1.3175,1.2320,1.2034,1.2053,1.2051
1465.0000,1.3788,1.3755,1.3018,1.2257,1.2025,1.2053,1.2078
1470.0000,1.3772,1.3613,1.2889,1.2195,1.2026,1.2055,1.2102
1475.0000,1.3690,1.3487,1.2751,1.2156,1.2013,1.2084,1.2096
1480.0000,1.3559,1.3367,1.2623,1.2123,1.2014,1.2093,1.2134
1485.0000,1.3486,1.3207,1.2528,1.2087,1.2025,1.2104,1.2166
1490.0000,1.3353,1.3083,1.2423,1.2073,1.2019,1.2145,1.2163
1495.0000,1.3232,1.2949,1.2343,1.2053,1.2034,1.2159,1.2213
1500.0000,1.3129,1.2806,1.2284,1.2034,1.2054,1.2177,1.2253
1505.0000,1.2989,1.2701,1.2216,1.2033,1.2058,1.2225,1.2255
1510.0000,1.2847,1.2608,1.2161,1.2030,1.2080,1.2246,1.2313
1515.0000,1.2760,1.2497,1.2130,1.2022,1.2109,1.2270,1.2367
1520.0000,1.2661,1.2409,1.2096,1.2029,1.2123,1.2327,1.2370
1525.0000,1.2541,1.2346,1.2066,1.2035,1.2153,1.2355,1.2435
1530.0000,1.2473,1.2269,1.2054,1.2038,1.2190,1.2385,1.2494
1535.0000,1.2384,1.2228,1.2028,1.2060,1.2206,1.2453,1.2498
1540.0000,1.2306,1.2188,1.2016,1.2073,1.2245,1.2485,1.2578
1545.0000,1.2269,1.2136,1.2019,1.2084,1.2288,1.2525,1.2636
1550.0000,1.2210,1.2113,1.2009,1.2112,1.2312,1.2598,1.2639
1555.0000,1.2155,1.2095,1.2009,1.2133,1.2360,1.2634,1.2724
1560.0000,1.2141,1.2061,1.2025,1.2150,1.2413,1.2674,1.2791
1565.0000,1.2104,1.2056,1.2025,1.2186,1.2446,1.2750,1.2796
1570.0000,1.2072,1.2052,1.2036,1.2212,1.2502,1.2785,1.2891
1575.0000,1.2024,1.2063,1.2043,1.2247,1.2554,1.2829,1.2970
1580.0000,1.2054,1.2044,1.2066,1.2284,1.2594,1.2911,1.2977
1585.0000,1.2035,1.2054,1.2081,1.2322,1.2649,1.2957,1.3065
1590.0000,1.2013,1.2070,1.2099,1.2363,1.2704,1.3008,1.3140
1595.0000,1.2047,1.2061,1.2134,1.2399,1.2766,1.3060,1.3212
1600.0000,1.2037,1.2087,1.2150,1.2452,1.2807,1.3142,1.3241
1605.0000,1.2027,1.2111,1.2176,1.2499,1.2866,1.3196,1.3314
1610.0000,1.2072,1.2109,1.2222,1.2537,1.2934,1.3246,1.3385
1615.0000,1.2080,1.2135,1.2251,1.2593,1.2983,1.3327,1.3409
1620.0000,1.2072,1.2171,1.2285,1.2643,1.3049,1.3374,1.3495
1625.0000,1.2123,1.2178,1.2336,1.2688,1.3117,1.3428,1.3557
1630.0000,1.2140,1.2212,1.2372,1.2747,1.3169,1.3506,1.3577
1635.0000,1.2153,1.2249,1.2415,1.2800,1.3237,1.3551,1.3655
1640.0000,1.2201,1.2270,1.2469,1.2850,1.3308,1.3597,1.3723
1645.0000,1.2218,1.2321,1.2503,1.2919,1.3353,1.3679,1.3729
1650.0000,1.2240,1.2366,1.2549,1.2977,1.3420,1.3721,1.3801
1655.0000,1.2299,1.2391,1.2609,1.3031,1.3489,1.3761,1.3861
1660.0000,1.2331,1.2441,1.2652,1.3101,1.3533,1.3837,1.3855
1665.0000,1.2345,1.2501,1.2698,1.3164,1.3596,1.3870,1.3930
1670.0000,1.2416,1.2528,1.2764,1.3219,1.3661,1.3904,1.3982
1675.0000,1.2459,1.2578,1.2816,1.3288,1.3702,1.3972,1.3969
1680.0000,1.2499,1.2627,1.2876,1.3346,1.3763,1.3997,1.4032
1685.0000,1.2502,1.2698,1.2926,1.3410,1.3815,1.4026,1.4074
1690.0000,1.2596,1.2730,1.2994,1.3472,1.3855,1.4083,1.4049
1695.0000,1.2639,1.2787,1.3056,1.3528,1.3909,1.4096,1.4109
1700.0000,1.2641,1.2868,1.3106,1.3592,1.3952,1.4117,1.4144
1705.0000,1.2747,1.2903,1.3174,1.3651,1.3980,1.4171,1.4096
1710.0000,1.2798,1.2962,1.3238,1.3704,1.4027,1.4171,1.4155
1715.0000,1.2840,1.3026,1.3299,1.3757,1.4064,1.4181,1.4180
1720.0000,1.2927,1.3066,1.3372,1.3802,1.4103,1.4188,1.4194
1725.0000,1.2963,1.3143,1.3421,1.3862,1.4115,1.4223,1.4161
1730.0000,1.3009,1.3209,1.3481,1.3906,1.4147,1.4217,1.4183
1735.0000,1.3101,1.3249,1.3553,1.3943,1.4176,1.4213,1.4186
1740.0000,1.3155,1.3315,1.3605,1.3991,1.4182,1.4234,1.4141
1745.0000,1.3176,1.3396,1.3652,1.4032,1.4200,1.4221,1.4149
1750.0000,1.3276,1.3433,1.3721,1.4058,1.4223,1.4199,1.4150
1755.0000,1.3333,1.3496,1.3769,1.4098,1.4220,1.4207,1.4098
1760.0000,1.3382,1.3558,1.3818,1.4126,1.4228,1.4182,1.4096
1765.0000,1.3461,1.3600,1.3876,1.4147,1.4235,1.4156,1.4081
1770.0000,1.3501,1.3671,1.3907,1.4182,1.4213,1.4163,1.4004
1775.0000,1.3549,1.3728,1.3950,1.4198,1.4216,1.4118,1.4018
1780.0000,1.3629,1.3763,1.4001,1.4209,1.4210,1.4084,1.3996
1785.0000,1.3678,1.3818,1.4030,1.4231,1.4179,1.4082,1.3916
1790.0000,1.3699,1.3883,1.4056,1.4244,1.4161,1.4043,1.3904
1795.0000,1.3780,1.3907,1.4101,1.4239,1.4152,1.3992,1.3894
1800.0000,1.3825,1.3952,1.4124,1.4248,1.4113,1.3981,1.3813
1805.0000,1.3864,1.3993,1.4149,1.4244,1.4089,1.3937,1.3797
1810.0000,1.3863,1.4048,1.4164,1.4239,1.4063,1.3888,1.3779
1815.0000,1.3952,1.4058,1.4192,1.4228,1.4023,1.3871,1.3696
1820.0000,1.3979,1.4094,1.4206,1.4213,1.3992,1.3824,1.3678
1825.0000,1.3966,1.4145,1.4205,1.4201,1.3955,1.3781,1.3644
1830.0000,1.4051,1.4145,1.4221,1.4181,1.3907,1.3770,1.3531
1835.0000,1.4074,1.4168,1.4227,1.4150,1.3884,1.3699,1.3551
1840.0000,1.4077,1.4196,1.4222,1.4124,1.3847,1.3650,1.3519
1845.0000,1.4135,1.4189,1.4230,1.4088,1.3814,1.3601,1.3480
1850.0000,1.4136,1.4215,1.4209,1.4067,1.3759,1.3578,1.3398
1855.0000,1.4133,1.4229,1.4196,1.4031,1.3727,1.3514,1.3390
1860.0000,1.4181,1.4210,1.4192,1.3989,1.3691,1.3464,1.3353
1865.0000,1.4181,1.4217,1.4165,1.3961,1.3635,1.3439,1.3279
1870.0000,1.4153,1.4230,1.4134,1.3927,1.3591,1.3390,1.3248
1875.0000,1.4194,1.4199,1.4123,1.3879,1.3558,1.3331,1.3225
1880.0000,1.4182,1.4196,1.4087,1.3847,1.3501,1.3306,1.3153
1885.0000,1.4159,1.4188,1.4054,1.3807,1.3457,1.3257,1.3128
1890.0000,1.4177,1.4153,1.4033,1.3759,1.3418,1.3209,1.3093
1895.0000,1.4154,1.4141,1.3991,1.3726,1.3358,1.3193,1.3004
1900.0000,1.4122,1.4123,1.3955,1.3679,1.3323,1.3131,1.3008
1905.0000,1.4128,1.4079,1.3930,1.3628,1.3286,1.3084,1.2977
1910.0000,1.4100,1.4057,1.3886,1.3591,1.3228,1.3069,1.2893
1915.0000,1.4060,1.4034,1.3844,1.3545,1.3189,1.3020,1.2874
1920.0000,1.4056,1.3984,1.3817,1.3490,1.3161,1.2963,1.2861
1925.0000,1.4018,1.3958,1.3767,1.3453,1.3106,1.2946,1.2781
1930.0000,1.3973,1.3932,1.3721,1.3409,1.3068,1.2899,1.2767
1935.0000,1.3906,1.3912,1.3669,1.3367,1.3028,1.2857,1.2739
1940.0000,1.3921,1.3850,1.3634,1.3323,1.2979,1.2845,1.2639
1945.0000,1.3870,1.3817,1.3589,1.3276,1.2952,1.2782,1.2661
1950.0000,1.3802,1.3792,1.3536,1.3236,1.2912,1.2742,1.2638
1955.0000,1.3811,1.3727,1.3499,1.3195,1.2864,1.2732,1.2546
1960.0000,1.3757,1.3691,1.3454,1.3150,1.2836,1.2674,1.2566
1965.0000,1.3691,1.3660,1.3402,1.3112,1.2797,1.2638,1.2544
1970.0000,1.3688,1.3596,1.3370,1.3065,1.2765,1.2601,1.2518
1975.0000,1.3637,1.3559,1.3318,1.3032,1.2716,1.2590,1.2455
1980.0000,1.3567,1.3526,1.3272,1.2991,1.2687,1.2543,1.2456
1985.0000,1.3560,1.3460,1.3242,1.2944,1.2659,1.2507,1.2436
1990.0000,1.3506,1.3425,1.3192,1.2912,1.2613,1.2498,1.2378
1995.0000,1.3446,1.3389,1.3147,1.2873,1.2583,1.2463,1.2367
2000.0000,1.3434,1.3324,1.3121,1.2825,1.2563,1.2422,1.2359
2005.0000,1.3378,1.3290,1.3072,1.2794,1.2521,1.2414,1.2307
2010.0000,1.3316,1.3258,1.3027,1.2758,1.2494,1.2382,1.2301
2015.0000,1.3299,1.3200,1.2997,1.2716,1.2471,1.2351,1.2287
2020.0000,1.3252,1.3165,1.2949,1.2688,1.2430,1.2351,1.2223
2025.0000,1.3190,1.3133,1.2907,1.2653,1.2411,1.2312,1.2239
2030.0000,1.3173,1.3076,1.2878,1.2614,1.2391,1.2284,1.2229
2035.0000,1.3124,1.3045,1.2830,1.2590,1.2351,1.2288,1.2167
2040.0000,1.3072,1.3011,1.2790,1.2558,1.2331,1.2258,1.2171
2045.0000,1.3054,1.2954,1.2765,1.2519,1.2319,1.2225,1.2174
2050.0000,1.3006,1.2922,1.2721,1.2498,1.2285,1.2229,1.2116
2055.0000,1.2953,1.2891,1.2683,1.2469,1.2267,1.2202,1.2121
2060.0000,1.2888,1.2864,1.2644,1.2443,1.2249,1.2180,1.2115
2065.0000,1.2892,1.2806,1.2618,1.2416,1.2220,1.2188,1.2039
2070.0000,1.2841,1.2774,1.2586,1.2387,1.2213,1.2147,1.2075
2075.0000,1.2777,1.2751,1.2548,1.2365,1.2196,1.2125,1.2073
2080.0000,1.2775,1.2700,1.2522,1.2344,1.2168,1.2135,1.2003
2085.0000,1.2731,1.2671,1.2492,1.2318,1.2160,1.2100,1.2036
2090.0000,1.2671,1.2649,1.2457,1.2299,1.2143,1.2081,1.2035
2095.0000,1.2671,1.2597,1.2440,1.2273,1.2132,1.2062,1.2029
2100.0000,1.2629,1.2574,1.2406,1.2260,1.2104,1.2069,1.1987
2105.0000,1.2572,1.2554,1.2376,1.2241,1.2093,1.2045,1.2001
2110.0000,1.2574,1.2504,1.2364,1.2215,1.2085,1.2027,1.1997
2115.0000,1.2534,1.2483,1.2333,1.2204,1.2059,1.2036,1.1956
2120.0000,1.2486,1.2464,1.2308,1.2187,1.2048,1.2018,1.1962
2125.0000,1.2487,1.2417,1.2300,1.2160,1.2046,1.1996,1.1966
2130.0000,1.2450,1.2399,1.2273,1.2149,1.2024,1.2003,1.1927
2135.0000,1.2406,1.2382,1.2250,1.2133,1.2016,1.1985,1.1935
2140.0000,1.2403,1.2344,1.2239,1.2111,1.2013,1.1968,1.1934
2145.0000,1.2372,1.2329,1.2213,1.2103,1.1990,1.1980,1.1883
2150.0000,1.2332,1.2314,1.2192,1.2087,1.1987,1.1954,1.1907
2155.0000,1.2332,1.2279,1.2183,1.2068,1.1984,1.1938,1.1908
2160.0000,1.2302,1.2267,1.2157,1.2064,1.1961,1.1951,1.1858
2165.0000,1.2266,1.2256,1.2135,1.2053,1.1954,1.1934,1.1868
2170.0000,1.2268,1.2220,1.2130,1.2034,1.1954,1.1912,1.1874
2175.0000,1.2241,1.2209,1.2107,1.2030,1.1932,1.1924,1.1821
2180.0000,1.2212,1.2195,1.2090,1.2019,1.1928,1.1904,1.1832
2185.0000,1.2165,1.2191,1.2070,1.2010,1.1920,1.1888,1.1827
2190.0000,1.2188,1.2153,1.2065,1.2001,1.1902,1.1901,1.1753
2195.0000,1.2159,1.2140,1.2053,1.1986,1.1905,1.1864,1.1786
2200.0000,1.2120,1.2135,1.2037,1.1978,1.1897,1.1843,1.1782
2205.0000,1.2136,1.2102,1.2036,1.1963,1.1894,1.1821,1.1771
2210.0000,1.2109,1.2097,1.2016,1.1961,1.1872,1.1823,1.1722
2215.0000,1.2073,1.2092,1.2002,1.1952,1.1866,1.1792,1.1728
2220.0000,1.2090,1.2062,1.2001,1.1938,1.1858,1.1768,1.1714
2225.0000,1.2064,1.2060,1.1982,1.1937,1.1832,1.1767,1.1665
2230.0000,1.2030,1.2058,1.1969,1.1929,1.1821,1.1736,1.1666
2235.0000,1.2050,1.2027,1.1970,1.1913,1.1810,1.1711,1.1648
2240.0000,1.2030,1.2023,1.1955,1.1910,1.1781,1.1709,1.1595
2245.0000,1.1997,1.2023,1.1941,1.1901,1.1765,1.1680,1.1583
2250.0000,1.2017,1.1991,1.1947,1.1880,1.1757,1.1644,1.1572
2255.0000,1.1998,1.1988,1.1933,1.1873,1.1727,1.1635,1.1517
2260.0000,1.1974,1.1984,1.1923,1.1858,1.1710,1.1603,1.1504
2265.0000,1.1985,1.1961,1.1924,1.1838,1.1695,1.1569,1.1482
2270.0000,1.1968,1.1959,1.1907,1.1829,1.1660,1.1563,1.1409
2275.0000,1.1944,1.1957,1.1896,1.1810,1.1646,1.1515,1.1416
2280.0000,1.1956,1.1934,1.1894,1.1788,1.1626,1.1479,1.1390
2285.0000,1.1940,1.1933,1.1875,1.1777,1.1587,1.1470,1.1317
2290.0000,1.1914,1.1934,1.1857,1.1759,1.1562,1.1430,1.1300
2295.0000,1.1928,1.1907,1.1855,1.1731,1.1546,1.1381,1.1288
2300.0000,1.1913,1.1903,1.1834,1.1717,1.1504,1.1366,1.1216
2305.0000,1.1892,1.1898,1.1816,1.1696,1.1476,1.1325,1.1199
2310.0000,1.1851,1.1901,1.1793,1.1675,1.1444,1.1286,1.1167
2315.0000,1.1883,1.1867,1.1784,1.1652,1.1403,1.1274,1.1072
2320.0000,1.1862,1.1856,1.1768,1.1622,1.1381,1.1213,1.1085
2325.0000,1.1828,1.1851,1.1745,1.1597,1.1347,1.1171,1.1055
2330.0000,1.1846,1.1818,1.1737,1.1563,1.1317,1.1127,1.1019
2335.0000,1.1822,1.1811,1.1709,1.1541,1.1270,1.1105,1.0948
2340.0000,1.1788,1.1802,1.1686,1.1509,1.1241,1.1050,1.0937
2345.0000,1.1802,1.1767,1.1673,1.1473,1.1208,1.1005,1.0900
2350.0000,1.1776,1.1757,1.1642,1.1447,1.1158,1.0981,1.0833
2355.0000,1.1738,1.1748,1.1613,1.1415,1.1123,1.0929,1.0815
2360.0000,1.1750,1.1709,1.1597,1.1375,1.1087,1.0887,1.0776
2365.0000,1.1722,1.1694,1.1563,1.1347,1.1037,1.0863,1.0705
2370.0000,1.1682,1.1682,1.1530,1.1312,1.0998,1.0817,1.0671
2375.0000,1.1691,1.1638,1.1515,1.1266,1.0969,1.0759,1.0646
2380.0000,1.1659,1.1620,1.1478,1.1233,1.0920,1.0730,1.0578
2385.0000,1.1621,1.1602,1.1444,1.1195,1.0882,1.0681,1.0548
2390.0000,1.1619,1.1561,1.1420,1.1151,1.0846,1.0631,1.0510
2395.0000,1.1588,1.1539,1.1380,1.1118,1.0793,1.0607,1.0428
2400.0000,1.1546,1.1517,1.1344,1.1077,1.0758,1.0544,1.0423
2405.0000,1.1539,1.1473,1.1316,1.1033,1.0719,1.0496,1.0386
2410.0000,1.1504,1.1449,1.1272,1.1000,1.0663,1.0472,1.0309
2415.0000,1.1463,1.1424,1.1231,1.0961,1.0620,1.0424,1.0279
2420.0000,1.1452,1.1375,1.1203,1.0912,1.0586,1.0366,1.0257
2425.0000,1.1412,1.1349,1.1158,1.0878,1.0530,1.0342,1.0182
2430.0000,1.1368,1.1320,1.1116,1.0836,1.0487,1.0294,1.0156
2435.0000,1.1312,1.1294,1.1072,1.0795,1.0443,1.0249,1.0120
2440.0000,1.1316,1.1237,1.1041,1.0752,1.0392,1.0228,1.0025
2445.0000,1.1270,1.1203,1.1003,1.0703,1.0360,1.0163,1.0034
2450.0000,1.1213,1.1174,1.0959,1.0660,1.0317,1.0118,1.0001
2455.0000,1.1206,1.1119,1.0928,1.0610,1.0280,1.0072,0.9963
2460.0000,1.1162,1.1086,1.0882,1.0571,1.0228,1.0045,0.9897
2465.0000,1.1101,1.1057,1.0836,1.0526,1.0192,0.9991,0.9883
2470.0000,1.1091,1.1002,1.0802,1.0478,1.0153,0.9947,0.9848
2475.0000,1.1041,1.0973,1.0749,1.0441,1.0100,0.9923,0.9785
2480.0000,1.0985,1.0941,1.0702,1.0398,1.0063,0.9873,0.9770
2485.0000,1.0975,1.0881,1.0668,1.0349,1.0025,0.9831,0.9737
2490.0000,1.0925,1.0846,1.0618,1.0312,0.9974,0.9809,0.9676
2495.0000,1.0870,1.0810,1.0571,1.0270,0.9935,0.9768,0.9649
2500.0000,1.0854,1.0749,1.0540,1.0218,0.9906,0.9718,0.9630
2505.0000,1.0802,1.0714,1.0490,1.0181,0.9858,0.9696,0.9574
2510.0000,1.0744,1.0679,1.0443,1.0139,0.9821,0.9655,0.9554
2515.0000,1.0722,1.0623,1.0407,1.0092,0.9788,0.9616,0.9526
2520.0000,1.0677,1.0583,1.0359,1.0056,0.9740,0.9600,0.9459
2525.0000,1.0618,1.0547,1.0314,1.0013,0.9710,0.9552,0.9459
2530.0000,1.0594,1.0491,1.0279,0.9967,0.9679,0.9515,0.9436
2535.0000,1.0544,1.0455,1.0228,0.9934,0.9632,0.9502,0.9375
2540.0000,1.0493,1.0416,1.0184,0.9894,0.9601,0.9465,0.9364
2545.0000,1.0467,1.0359,1.0150,0.9849,0.9575,0.9423,0.9355
2550.0000,1.0416,1.0323,1.0102,0.9817,0.9532,0.9411,0.9299
2555.0000,1.0362,1.0287,1.0056,0.9780,0.9501,0.9379,0.9290
2560.0000,1.0299,1.0254,1.0011,0.9744,0.9469,0.9350,0.9271
2565.0000,1.0291,1.0193,0.9977,0.9708,0.9432,0.9345,0.9201
2570.0000,1.0237,1.0156,0.9937,0.9668,0.9411,0.9302,0.9217
2575.0000,1.0175,1.0123,0.9893,0.9635,0.9383,0.9275,0.9202
2580.0000,1.0161,1.0066,0.9863,0.9594,0.9362,0.9247,0.9184
2585.0000,1.0116,1.0028,0.9821,0.9565,0.9328,0.9238,0.9138
2590.0000,1.0053,0.9997,0.9780,0.9531,0.9308,0.9204,0.9137
2595.0000,1.0038,0.9942,0.9751,0.9495,0.9288,0.9178,0.9119
2600.0000,0.9988,0.9912,0.9706,0.9470,0.9256,0.9170,0.9074
2605.0000,0.9934,0.9880,0.9666,0.9441,0.9234,0.9143,0.9062
2610.0000,0.9920,0.9825,0.9642,0.9406,0.9221,0.9110,0.9053
2615.0000,0.9871,0.9795,0.9600,0.9384,0.9190,0.9101,0.9011
2620.0000,0.9819,0.9765,0.9563,0.9358,0.9170,0.9074,0.9000
2625.0000,0.9805,0.9713,0.9540,0.9327,0.9155,0.9043,0.8990
2630.0000,0.9758,0.9684,0.9501,0.9308,0.9125,0.9035,0.8948
2635.0000,0.9707,0.9657,0.9466,0.9286,0.9104,0.9010,0.8937
2640.0000,0.9691,0.9610,0.9443,0.9258,0.9086,0.8984,0.8920
2645.0000,0.9654,0.9580,0.9410,0.9241,0.9055,0.8980,0.8865
2650.0000,0.9607,0.9552,0.9382,0.9216,0.9041,0.8944,0.8874
2655.0000,0.9590,0.9508,0.9363,0.9189,0.9024,0.8917,0.8860
2660.0000,0.9551,0.9483,0.9331,0.9173,0.8992,0.8913,0.8809
2665.0000,0.9509,0.9459,0.9305,0.9151,0.8973,0.8885,0.8804
2670.0000,0.9494,0.9417,0.9289,0.9123,0.8960,0.8852,0.8800
2675.0000,0.9458,0.9395,0.9260,0.9107,0.8929,0.8847,0.8753
2680.0000,0.9419,0.9374,0.9235,0.9086,0.8909,0.8821,0.8751
2685.0000,0.9371,0.9358,0.9207,0.9066,0.8887,0.8799,0.8740
2690.0000,0.9375,0.9317,0.9191,0.9045,0.8859,0.8799,0.8680
2695.0000,0.9339,0.9296,0.9168,0.9021,0.8845,0.8765,0.8699
2700.0000,0.9296,0.9281,0.9143,0.9000,0.8824,0.8744,0.8690
2705.0000,0.9297,0.9243,0.9129,0.8974,0.8809,0.8723,0.8678
2710.0000,0.9266,0.9226,0.9102,0.8957,0.8781,0.8720,0.8639
2715.0000,0.9225,0.9210,0.9079,0.8934,0.8766,0.8694,0.8644
2720.0000,0.9226,0.9173,0.9066,0.8907,0.8753,0.8673,0.8634
2725.0000,0.9197,0.9156,0.9040,0.8890,0.8727,0.8671,0.8598
2730.0000,0.9161,0.9141,0.9016,0.8869,0.8712,0.8652,0.8595
2735.0000,0.9160,0.9105,0.9003,0.8842,0.8703,0.8628,0.8592
2740.0000,0.9130,0.9090,0.8976,0.8826,0.8679,0.8626,0.8559
2745.0000,0.9095,0.9076,0.8950,0.8807,0.8665,0.8607,0.8558
2750.0000,0.9092,0.9043,0.8935,0.8783,0.8656,0.8586,0.8555
2755.0000,0.9066,0.9027,0.8908,0.8769,0.8633,0.8586,0.8523
2760.0000,0.9032,0.9011,0.8884,0.8752,0.8620,0.8570,0.8520
2765.0000,0.9028,0.8978,0.8869,0.8731,0.8610,0.8553,0.8513
2770.0000,0.9002,0.8961,0.8843,0.8719,0.8587,0.8558,0.8469
2775.0000,0.8968,0.8945,0.8822,0.8701,0.8581,0.8532,0.8484
2780.0000,0.8963,0.8912,0.8810,0.8680,0.8573,0.8514,0.8480
2785.0000,0.8937,0.8896,0.8785,0.8670,0.8552,0.8518,0.8440
2790.0000,0.8907,0.8880,0.8765,0.8655,0.8543,0.8498,0.8447
2795.0000,0.8901,0.8848,0.8754,0.8635,0.8537,0.8478,0.8450
2800.0000,0.8875,0.8833,0.8731,0.8626,0.8516,0.8482,0.8414
2805.0000,0.8845,0.8819,0.8711,0.8613,0.8505,0.8467,0.8419
2810.0000,0.8803,0.8810,0.8689,0.8602,0.8493,0.8454,0.8416
2815.0000,0.8815,0.8777,0.8678,0.8590,0.8475,0.8463,0.8366
2820.0000,0.8788,0.8762,0.8663,0.8575,0.8470,0.8438,0.8391
2825.0000,0.8753,0.8751,0.8645,0.8563,0.8461,0.8425,0.8391
2830.0000,0.8759,0.8720,0.8639,0.8545,0.8455,0.8412,0.8388
2835.0000,0.8735,0.8709,0.8620,0.8537,0.8437,0.8416,0.8360
2840.0000,0.8703,0.8699,0.8605,0.8524,0.8432,0.8399,0.8370
2845.0000,0.8708,0.8670,0.8600,0.8508,0.8427,0.8387,0.8367
2850.0000,0.8686,0.8660,0.8582,0.8501,0.8410,0.8393,0.8339
2855.0000,0.8656,0.8653,0.8565,0.8490,0.8403,0.8381,0.8342
2860.0000,0.8662,0.8625,0.8561,0.8473,0.8402,0.8365,0.8345
2865.0000,0.8640,0.8617,0.8543,0.8467,0.8386,0.8370,0.8318
2870.0000,0.8612,0.8611,0.8528,0.8458,0.8380,0.8358,0.8323
2875.0000,0.8616,0.8587,0.8522,0.8444,0.8378,0.8346,0.8323
2880.0000,0.8597,0.8580,0.8504,0.8440,0.8361,0.8356,0.8287
2885.0000,0.8574,0.8571,0.8492,0.8429,0.8360,0.8337,0.8306
2890.0000,0.8577,0.8547,0.8487,0.8416,0.8357,0.8326,0.8306
2895.0000,0.8560,0.8539,0.8471,0.8413,0.8341,0.8335,0.8273
2900.0000,0.8536,0.8532,0.8459,0.8404,0.8339,0.8319,0.8288
2905.0000,0.8539,0.8510,0.8456,0.8392,0.8337,0.8308,0.8290
2910.0000,0.8522,0.8504,0.8440,0.8390,0.8321,0.8319,0.8256
2915.0000,0.8499,0.8499,0.8428,0.8383,0.8317,0.8306,0.8268
2920.0000,0.8504,0.8477,0.8426,0.8371,0.8317,0.8293,0.8276
2925.0000,0.8488,0.8471,0.8413,0.8369,0.8303,0.8303,0.8243
2930.0000,0.8470,0.8464,0.8404,0.8361,0.8299,0.8292,0.8255
2935.0000,0.8439,0.8463,0.8391,0.8355,0.8295,0.8283,0.8259
2940.0000,0.8458,0.8439,0.8389,0.8349,0.8283,0.8296,0.8215
2945.0000,0.8440,0.8433,0.8382,0.8340,0.8285,0.8277,0.8244
2950.0000,0.8416,0.8431,0.8371,0.8334,0.8281,0.8269,0.8249
2955.0000,0.8429,0.8410,0.8371,0.8323,0.8281,0.8261,0.8251
2960.0000,0.8411,0.8409,0.8358,0.8323,0.8269,0.8270,0.8228
2965.0000,0.8388,0.8408,0.8349,0.8317,0.8267,0.8258,0.8242
2970.0000,0.8403,0.8387,0.8349,0.8306,0.8268,0.8251,0.8245
2975.0000,0.8389,0.8384,0.8338,0.8306,0.8256,0.8261,0.8223
2980.0000,0.8367,0.8385,0.8328,0.8301,0.8253,0.8255,0.8233
2985.0000,0.8381,0.8364,0.8330,0.8291,0.8256,0.8246,0.8239
2990.0000,0.8367,0.8362,0.8319,0.8290,0.8245,0.8257,0.8218
2995.0000,0.8349,0.8360,0.8311,0.8285,0.8244,0.8250,0.8229
3000.0000,0.8358,0.8343,0.8312,0.8276,0.8247,0.8243,0.8236
3005.0000,0.8346,0.8342,0.8301,0.8277,0.8236,0.8258,0.8206
3010.0000,0.8330,0.8339,0.8295,0.8271,0.8239,0.8246,0.8229
3015.0000,0.8338,0.8323,0.8297,0.8263,0.8243,0.8239,0.8238
3020.0000,0.8328,0.8322,0.8287,0.8265,0.8232,0.8255,0.8213
3025.0000,0.8311,0.8321,0.8280,0.8261,0.8236,0.8245,0.8236
3030.0000,0.8320,0.8306,0.8281,0.8254,0.8239,0.8241,0.8246
3035.0000,0.8309,0.8305,0.8271,0.8257,0.8229,0.8259,0.8222
3040.0000,0.8291,0.8307,0.8263,0.8255,0.8230,0.8255,0.8242
3045.0000,0.8302,0.8291,0.8266,0.8248,0.8236,0.8251,0.8257
3050.0000,0.8293,0.8290,0.8258,0.8252,0.8227,0.8270,0.8233
3055.0000,0.8281,0.8288,0.8254,0.8249,0.8231,0.8268,0.8257
3060.0000,0.8254,0.8294,0.8246,0.8249,0.8234,0.8269,0.8272
3065.0000,0.8279,0.8275,0.8248,0.8248,0.8230,0.8292,0.8239
3070.0000,0.8268,0.8274,0.8246,0.8244,0.8239,0.8285,0.8275
3075.0000,0.8251,0.8275,0.8242,0.8243,0.8245,0.8287,0.8292
3080.0000,0.8267,0.8260,0.8248,0.8238,0.8255,0.8288,0.8305
3085.0000,0.8255,0.8264,0.8240,0.8243,0.8252,0.8308,0.8293
3090.0000,0.8237,0.8267,0.8235,0.8244,0.8262,0.8308,0.8317
3095.0000,0.8256,0.8252,0.8241,0.8241,0.8273,0.8310,0.8332
3100.0000,0.8247,0.8255,0.8234,0.8248,0.8272,0.8331,0.8322
3105.0000,0.8228,0.8262,0.8229,0.8252,0.8280,0.8335,0.8344
3110.0000,0.8248,0.8247,0.8236,0.8251,0.8292,0.8339,0.8361
3115.0000,0.8241,0.8250,0.8230,0.8260,0.8292,0.8361,0.8350
3120.0000,0.8229,0.8252,0.8229,0.8265,0.8303,0.8366,0.8373
3125.0000,0.8243,0.8240,0.8237,0.8266,0.8317,0.8370,0.8392
3130.0000,0.8236,0.8245,0.8233,0.8277,0.8316,0.8397,0.8373
3135.0000,0.8226,0.8248,0.8235,0.8281,0.8331,0.8397,0.8406
3140.0000,0.8240,0.8237,0.8245,0.8283,0.8347,0.8401,0.8427
3145.0000,0.8235,0.8242,0.8243,0.8296,0.8348,0.8428,0.8412
3150.0000,0.8223,0.8250,0.8245,0.8303,0.8362,0.8430,0.8445
3155.0000,0.8239,0.8241,0.8256,0.8307,0.8378,0.8436,0.8467
3160.0000,0.8236,0.8247,0.8257,0.8320,0.8380,0.8464,0.8454
3165.0000,0.8225,0.8257,0.8259,0.8330,0.8393,0.8471,0.8487
3170.0000,0.8243,0.8250,0.8272,0.8335,0.8409,0.8479,0.8510
3175.0000,0.8242,0.8259,0.8273,0.8350,0.8411,0.8510,0.8495
3180.0000,0.8238,0.8266,0.8279,0.8359,0.8426,0.8518,0.8528
3185.0000,0.8217,0.8283,0.8282,0.8371,0.8440,0.8528,0.8554
3190.0000,0.8253,0.8274,0.8295,0.8381,0.8446,0.8562,0.8529
3195.0000,0.8253,0.8281,0.8305,0.8389,0.8468,0.8564,0.8575
3200.0000,0.8246,0.8292,0.8313,0.8399,0.8485,0.8574,0.8603
3205.0000,0.8272,0.8287,0.8330,0.8405,0.8506,0.8584,0.8628
3210.0000,0.8268,0.8302,0.8333,0.8422,0.8513,0.8613,0.8626
3215.0000,0.8262,0.8316,0.8340,0.8434,0.8532,0.8623,0.8658
3220.0000,0.8291,0.8312,0.8357,0.8442,0.8553,0.8635,0.8685
3225.0000,0.8293,0.8326,0.8362,0.8461,0.8560,0.8666,0.8686
3230.0000,0.8282,0.8346,0.8367,0.8476,0.8578,0.8680,0.8725
3235.0000,0.8314,0.8342,0.8386,0.8486,0.8599,0.8695,0.8755
3240.0000,0.8319,0.8356,0.8392,0.8506,0.8607,0.8730,0.8760
3245.0000,0.8320,0.8369,0.8403,0.8520,0.8627,0.8746,0.8805
3250.0000,0.8345,0.8369,0.8422,0.8531,0.8650,0.8765,0.8847
3255.0000,0.8347,0.8386,0.8429,0.8553,0.8658,0.8810,0.8853
3260.0000,0.8350,0.8400,0.8442,0.8567,0.8681,0.8832,0.8908
3265.0000,0.8375,0.8400,0.8463,0.8578,0.8708,0.8856,0.8961
3270.0000,0.8382,0.8415,0.8474,0.8598,0.8720,0.8909,0.8976
3275.0000,0.8380,0.8435,0.8486,0.8614,0.8748,0.8938,0.9051
3280.0000,0.8407,0.8437,0.8507,0.8627,0.8778,0.8977,0.9113
3285.0000,0.8416,0.8455,0.8518,0.8649,0.8797,0.9041,0.9140
3290.0000,0.8415,0.8477,0.8530,0.8667,0.8832,0.9082,0.9236
3295.0000,0.8445,0.8480,0.8552,0.8682,0.8870,0.9135,0.9316
3300.0000,0.8455,0.8498,0.8563,0.8707,0.8897,0.9216,0.9360
3305.0000,0.8464,0.8515,0.8580,0.8725,0.8945,0.9270,0.9483
3310.0000,0.8451,0.8542,0.8590,0.8749,0.8992,0.9337,0.9605
3315.0000,0.8497,0.8544,0.8611,0.8776,0.9032,0.9441,0.9681
3320.0000,0.8506,0.8564,0.8625,0.8805,0.9084,0.9538,0.9795
3325.0000,0.8508,0.8585,0.8641,0.8834,0.9146,0.9635,0.9926
3330.0000,0.8546,0.8588,0.8669,0.8859,0.9220,0.9739,1.0059
3335.0000,0.8551,0.8613,0.8682,0.8899,0.9285,0.9874,1.0165
3340.0000,0.8556,0.8636,0.8701,0.8938,0.9367,1.0004,1.0279
3345.0000,0.8596,0.8638,0.8735,0.8970,0.9472,1.0121,1.0411
3350.0000,0.8609,0.8660,0.8757,0.9019,0.9568,1.0268,1.0497
3355.0000,0.8609,0.8687,0.8783,0.9066,0.9690,1.0383,1.0638
3360.0000,0.8649,0.8696,0.8818,0.9119,0.9816,1.0514,1.0731
3365.0000,0.8666,0.8723,0.8844,0.9187,0.9939,1.0653,1.0783
3370.0000,0.8679,0.8751,0.8876,0.9256,1.0084,1.0755,1.0875
3375.0000,0.8714,0.8769,0.8917,0.9331,1.0234,1.0845,1.0942
3380.0000,0.8728,0.8808,0.8945,0.9431,1.0366,1.0955,1.0934
3385.0000,0.8746,0.8845,0.8984,0.9532,1.0512,1.1018,1.0950
3390.0000,0.8791,0.8868,0.9037,0.9639,1.0658,1.1060,1.0927
3395.0000,0.8816,0.8911,0.9082,0.9767,1.0778,1.1107,1.0820
3400.0000,0.8828,0.8963,0.9137,0.9896,1.0906,1.1087,1.0754
3405.0000,0.8888,0.8989,0.9218,1.0020,1.1033,1.1022,1.0675
3410.0000,0.8927,0.9037,0.9292,1.0166,1.1115,1.0967,1.0495
3415.0000,0.8967,0.9090,0.9379,1.0311,1.1184,1.0860,1.0321
3420.0000,0.8982,0.9161,0.9472,1.0455,1.1238,1.0695,1.0168
3425.0000,0.9066,0.9212,0.9582,1.0601,1.1241,1.0537,0.9929
3430.0000,0.9119,0.9288,0.9693,1.0745,1.1212,1.0341,0.9692
3435.0000,0.9129,0.9397,0.9799,1.0887,1.1140,1.0128,0.9417
3440.0000,0.9250,0.9464,0.9937,1.1007,1.1033,0.9900,0.9088
3445.0000,0.9328,0.9556,1.0083,1.1098,1.0920,0.9583,0.8931
3450.0000,0.9408,0.9660,1.0224,1.1181,1.0738,0.9313,0.8657
3455.0000,0.9523,0.9755,1.0378,1.1234,1.0523,0.9038,0.8377
3460.0000,0.9598,0.9887,1.0514,1.1266,1.0270,0.8765,0.8096
3465.0000,0.9709,1.0000,1.0667,1.1247,1.0017,0.8450,0.7918
3470.0000,0.9841,1.0111,1.0810,1.1201,0.9717,0.8193,0.7680
3475.0000,0.9961,1.0233,1.0939,1.1118,0.9404,0.7942,0.7470
3480.0000,1.0038,1.0385,1.1035,1.1005,0.9071,0.7723,0.7248
3485.0000,1.0191,1.0491,1.1140,1.0833,0.8766,0.7481,0.7106
3490.0000,1.0321,1.0606,1.1209,1.0635,0.8447,0.7290,0.6950
3495.0000,1.0440,1.0716,1.1247,1.0404,0.8140,0.7121,0.6809
3500.0000,1.0560,1.0811,1.1256,1.0141,0.7852,0.6972,0.6678
3505.0000,1.0648,1.0913,1.1215,0.9864,0.7576,0.6859,0.6532
3510.0000,1.0749,1.0975,1.1153,0.9552,0.7352,0.6714,0.6499
3515.0000,1.0841,1.1012,1.1052,0.9233,0.7144,0.6610,0.6435
3520.0000,1.0908,1.1031,1.0905,0.8917,0.6953,0.6540,0.6349
3525.0000,1.0930,1.1037,1.0713,0.8603,0.6796,0.6465,0.6312
3530.0000,1.0966,1.0990,1.0500,0.8290,0.6674,0.6390,0.6301
3535.0000,1.0949,1.0935,1.0237,0.8008,0.6553,0.6358,0.6249
3540.0000,1.0898,1.0849,0.9950,0.7740,0.6463,0.6316,0.6249
3545.0000,1.0806,1.0733,0.9643,0.7496,0.6390,0.6286,0.6246
3550.0000,1.0764,1.0542,0.9345,0.7270,0.6331,0.6277,0.6212
3555.0000,1.0615,1.0364,0.9020,0.7076,0.6288,0.6257,0.6231
3560.0000,1.0472,1.0135,0.8710,0.6902,0.6258,0.6246,0.6239
3565.0000,1.0328,0.9867,0.8415,0.6751,0.6234,0.6253,0.6216
3570.0000,1.0097,0.9617,0.8117,0.6627,0.6221,0.6247,0.6237
3575.0000,0.9829,0.9364,0.7831,0.6529,0.6211,0.6249,0.6244
3580.0000,0.9636,0.9059,0.7589,0.6439,0.6214,0.6248,0.6252
3585.0000,0.9412,0.8753,0.7370,0.6367,0.6216,0.6257,0.6243
3590.0000,0.9102,0.8494,0.7154,0.6319,0.6221,0.6258,0.6256
3595.0000,0.8861,0.8208,0.6980,0.6275,0.6233,0.6256,0.6264
3600.0000,0.8578,0.7967,0.6811,0.6255,0.6231,0.6270,0.6252
3605.0000,0.8359,0.7701,0.6688,0.6229,0.6247,0.6264,0.6268
3610.0000,0.8106,0.7471,0.6579,0.6216,0.6257,0.6263,0.6278
3615.0000,0.7842,0.7284,0.6474,0.6219,0.6255,0.6275,0.6270
3620.0000,0.7591,0.7120,0.6387,0.6225,0.6257,0.6278,0.6282
3625.0000,0.7411,0.6948,0.6332,0.6227,0.6262,0.6280,0.6292
3630.0000,0.7246,0.6790,0.6294,0.6231,0.6262,0.6294,0.6279
3635.0000,0.7052,0.6679,0.6256,0.6240,0.6265,0.6295,0.6296
3640.0000,0.6914,0.6569,0.6239,0.6244,0.6270,0.6298,0.6306
3645.0000,0.6772,0.6494,0.6217,0.6257,0.6264,0.6318,0.6286
