150.0000,0.6482,0.6395,0.6436,0.6526,0.6438,0.6418,0.6389
155.0000,0.6457,0.6385,0.6464,0.6516,0.6434,0.6406,0.6395
160.0000,0.6432,0.6393,0.6481,0.6511,0.6419,0.6412,0.6373
165.0000,0.6408,0.6409,0.6495,0.6500,0.6415,0.6399,0.6392
170.0000,0.6415,0.6416,0.6511,0.6487,0.6410,0.6396,0.6395
175.0000,0.6415,0.6436,0.6514,0.6479,0.6396,0.6407,0.6374
180.0000,0.6411,0.6458,0.6514,0.6469,0.6391,0.6406,0.6379
185.0000,0.6434,0.6465,0.6519,0.6453,0.6394,0.6395,0.6396
190.0000,0.6441,0.6483,0.6510,0.6446,0.6384,0.6408,0.6377
195.0000,0.6444,0.6499,0.6502,0.6436,0.6387,0.6399,0.6412
200.0000,0.6429,0.6520,0.6485,0.6431,0.6383,0.6402,0.6431
205.0000,0.6471,0.6510,0.6480,0.6423,0.6377,0.6421,0.6420
210.0000,0.6476,0.6511,0.6469,0.6417,0.6376,0.6430,0.6435
215.0000,0.6472,0.6513,0.6457,0.6412,0.6375,0.6446,0.6430
220.0000,0.6494,0.6496,0.6452,0.6406,0.6373,0.6474,0.6388
225.0000,0.6489,0.6490,0.6446,0.6396,0.6388,0.6469,0.6400
230.0000,0.6470,0.6489,0.6437,0.6388,0.6406,0.6458,0.6413
235.0000,0.6483,0.6470,0.6438,0.6375,0.6434,0.6433,0.6441
240.0000,0.6469,0.6469,0.6423,0.6378,0.6441,0.6434,0.6438
245.0000,0.6455,0.6466,0.6413,0.6378,0.6456,0.6414,0.6487
250.0000,0.6464,0.6450,0.6406,0.6384,0.6458,0.6416,0.6519
255.0000,0.6456,0.6445,0.6393,0.6397,0.6451,0.6429,0.6557
260.0000,0.6432,0.6449,0.6373,0.6419,0.6429,0.6472,0.6555
265.0000,0.6441,0.6434,0.6366,0.6435,0.6409,0.6523,0.6534
270.0000,0.6422,0.6435,0.6356,0.6450,0.6396,0.6570,0.6504
275.0000,0.6402,0.6433,0.6356,0.6456,0.6400,0.6599,0.6482
280.0000,0.6417,0.6407,0.6378,0.6442,0.6431,0.6593,0.6480
285.0000,0.6409,0.6400,0.6389,0.6439,0.6449,0.6615,0.6400
290.0000,0.6411,0.6380,0.6419,0.6413,0.6512,0.6550,0.6472
295.0000,0.6407,0.6369,0.6440,0.6397,0.6561,0.6500,0.6517
300.0000,0.6409,0.6363,0.6451,0.6396,0.6587,0.6475,0.6535
305.0000,0.6411,0.6364,0.6454,0.6403,0.6605,0.6445,0.6597
310.0000,0.6398,0.6383,0.6436,0.6434,0.6585,0.6469,0.6596
315.0000,0.6385,0.6411,0.6413,0.6469,0.6562,0.6485,0.6635
320.0000,0.6353,0.6454,0.6375,0.6519,0.6512,0.6548,0.6593
325.0000,0.6291,0.6507,0.6337,0.6567,0.6463,0.6615,0.6533
330.0000,0.6375,0.6479,0.6349,0.6586,0.6439,0.6673,0.6426
335.0000,0.6384,0.6471,0.6369,0.6585,0.6452,0.6668,0.6414
340.0000,0.6416,0.6435,0.6417,0.6559,0.6496,0.6624,0.6419
345.0000,0.6435,0.6406,0.6460,0.6541,0.6520,0.6618,0.6303
350.0000,0.6473,0.6357,0.6531,0.6490,0.6601,0.6499,0.6422
355.0000,0.6488,0.6338,0.6575,0.6463,0.6648,0.6419,0.6479
360.0000,0.6444,0.6369,0.6579,0.6466,0.6655,0.6376,0.6517
365.0000,0.6427,0.6405,0.6570,0.6482,0.6643,0.6343,0.6596
370.0000,0.6364,0.6486,0.6519,0.6531,0.6584,0.6369,0.6633
375.0000,0.6410,0.6507,0.6503,0.6554,0.6555,0.6347,0.6833
380.0000,0.6395,0.6566,0.6455,0.6604,0.6479,0.6402,0.7051
385.0000,0.6375,0.6604,0.6437,0.6618,0.6458,0.6377,0.7685
390.0000,0.6462,0.6576,0.6446,0.6633,0.6394,0.6497,0.8401
395.0000,0.6492,0.6564,0.6448,0.6655,0.6295,0.6770,0.9297
400.0000,0.6525,0.6531,0.6475,0.6652,0.6220,0.7148,1.0595
405.0000,0.6527,0.6540,0.6443,0.6726,0.5977,0.8051,1.1570
410.0000,0.6523,0.6527,0.6468,0.6711,0.5903,0.8976,1.3008
415.0000,0.6442,0.6615,0.6371,0.6831,0.5582,1.0822,1.2598
420.0000,0.6500,0.6575,0.6428,0.6757,0.5663,1.2444,1.2252
425.0000,0.6481,0.6553,0.6538,0.6551,0.6129,1.3848,1.1433
430.0000,0.6525,0.6452,0.6764,0.6170,0.7113,1.4702,1.0412
435.0000,0.6551,0.6280,0.7148,0.5535,0.8880,1.4271,1.0455
440.0000,0.6650,0.6160,0.7331,0.5199,1.0376,1.4220,0.8680
445.0000,0.6851,0.5962,0.7588,0.4770,1.2468,1.2606,0.9337
450.0000,0.7196,0.5826,0.7611,0.4711,1.4254,1.0832,0.9900
455.0000,0.6686,0.6239,0.7098,0.5280,1.5323,0.9317,1.0448
460.0000,0.6554,0.6593,0.6398,0.6321,1.5676,0.8208,1.0757
465.0000,0.6033,0.7253,0.5355,0.7933,1.5089,0.7877,1.0487
470.0000,0.6336,0.7365,0.4708,0.9468,1.4403,0.7134,1.1992
475.0000,0.5721,0.8035,0.3703,1.1539,1.2503,0.8186,1.0422
480.0000,0.5249,0.8274,0.3300,1.3232,1.0717,0.9075,0.9650
485.0000,0.6258,0.7466,0.3926,1.4203,0.9369,0.9683,0.9268
490.0000,0.6232,0.7017,0.4805,1.4808,0.8165,1.0403,0.8534
495.0000,0.6932,0.5929,0.6571,1.4554,0.7758,1.0417,0.8687
500.0000,0.6772,0.5305,0.8468,1.3878,0.7732,1.0251,0.8820
505.0000,0.7259,0.4547,1.0602,1.2840,0.7906,1.0310,0.8179
510.0000,0.8249,0.3898,1.2785,1.1407,0.8697,0.9577,0.8736
515.0000,0.6914,0.5024,1.3816,1.0415,0.9183,0.9132,0.8959
520.0000,0.7024,0.5953,1.4620,0.9457,0.9690,0.8711,0.9155
525.0000,0.6710,0.7721,1.4495,0.8971,0.9875,0.8526,0.9165
530.0000,0.7154,0.9368,1.3961,0.8756,0.9861,0.8515,0.9053
535.0000,0.7054,1.1528,1.2716,0.8954,0.9615,0.8531,0.9199
540.0000,0.7571,1.3055,1.1476,0.9267,0.9226,0.8784,0.8904
545.0000,0.9493,1.3255,1.0806,0.9342,0.9056,0.8850,0.8828
550.0000,1.0502,1.3397,1.0097,0.9498,0.8826,0.8979,0.8675
555.0000,1.1524,1.2942,0.9758,0.9491,0.8751,0.8975,0.8671
560.0000,1.1997,1.2362,0.9569,0.9429,0.8739,0.8917,0.8715
565.0000,1.2395,1.1492,0.9646,0.9259,0.8790,0.8876,0.8642
570.0000,1.2277,1.0870,0.9673,0.9116,0.8850,0.8786,0.8693
575.0000,1.2025,1.0380,0.9682,0.9000,0.8891,0.8722,0.8699
580.0000,1.1417,1.0152,0.9592,0.8949,0.8881,0.8697,0.8675
585.0000,1.0878,1.0035,0.9461,0.8932,0.8853,0.8673,0.8676
590.0000,1.0392,0.9993,0.9304,0.8942,0.8804,0.8669,0.8667
595.0000,1.0239,0.9843,0.9219,0.8928,0.8772,0.8657,0.8667
600.0000,1.0012,0.9766,0.9107,0.8938,0.8718,0.8672,0.8645
605.0000,0.9847,0.9659,0.9036,0.8929,0.8685,0.8667,0.8662
610.0000,0.9780,0.9509,0.9010,0.8901,0.8666,0.8661,0.8679
615.0000,0.9705,0.9364,0.9000,0.8869,0.8645,0.8676,0.8669
620.0000,0.9603,0.9245,0.8997,0.8829,0.8643,0.8668,0.8710
625.0000,0.9478,0.9162,0.8986,0.8794,0.8638,0.8673,0.8743
630.0000,0.9358,0.9110,0.8963,0.8769,0.8625,0.8702,0.8755
635.0000,0.9233,0.9086,0.8930,0.8747,0.8619,0.8725,0.8792
640.0000,0.9184,0.9039,0.8911,0.8721,0.8620,0.8757,0.8811
645.0000,0.9104,0.9030,0.8871,0.8708,0.8614,0.8806,0.8804
650.0000,0.9051,0.9007,0.8843,0.8687,0.8631,0.8834,0.8828
655.0000,0.9038,0.8962,0.8829,0.8659,0.8663,0.8850,0.8853
660.0000,0.9010,0.8931,0.8804,0.8644,0.8685,0.8891,0.8822
665.0000,0.8973,0.8902,0.8785,0.8624,0.8734,0.8884,0.8877
670.0000,0.8951,0.8868,0.8767,0.8611,0.8781,0.8882,0.8914
675.0000,0.8914,0.8852,0.8734,0.8618,0.8808,0.8906,0.8907
680.0000,0.8872,0.8840,0.8701,0.8629,0.8843,0.8904,0.8959
685.0000,0.8862,0.8810,0.8678,0.8646,0.8870,0.8916,0.8985
690.0000,0.8829,0.8799,0.8644,0.8678,0.8879,0.8945,0.8990
695.0000,0.8793,0.8787,0.8616,0.8713,0.8890,0.8968,0.9014
700.0000,0.8747,0.8776,0.8595,0.8750,0.8895,0.8999,0.9021
705.0000,0.8766,0.8734,0.8597,0.8782,0.8898,0.9043,0.8982
710.0000,0.8736,0.8714,0.8601,0.8809,0.8916,0.9055,0.9004
715.0000,0.8699,0.8699,0.8614,0.8832,0.8939,0.9059,0.9021
720.0000,0.8708,0.8662,0.8650,0.8841,0.8976,0.9046,0.9053
725.0000,0.8694,0.8648,0.8675,0.8861,0.8991,0.9063,0.9039
730.0000,0.8682,0.8636,0.8712,0.8869,0.9027,0.9036,0.9113
735.0000,0.8677,0.8631,0.8744,0.8885,0.9047,0.9036,0.9163
740.0000,0.8668,0.8642,0.8767,0.8908,0.9051,0.9055,0.9210
745.0000,0.8636,0.8679,0.8773,0.8942,0.9040,0.9099,0.9235
750.0000,0.8660,0.8694,0.8793,0.8969,0.9031,0.9149,0.9260
755.0000,0.8652,0.8734,0.8798,0.9001,0.9018,0.9212,0.9273
760.0000,0.8628,0.8782,0.8804,0.9026,0.9018,0.9263,0.9308
765.0000,0.8695,0.8776,0.8844,0.9026,0.9046,0.9293,0.9365
770.0000,0.8719,0.8794,0.8869,0.9035,0.9061,0.9358,0.9365
775.0000,0.8750,0.8797,0.8911,0.9024,0.9114,0.9372,0.9465
780.0000,0.8778,0.8802,0.8950,0.9015,0.9167,0.9395,0.9553
785.0000,0.8801,0.8816,0.8977,0.9017,0.9206,0.9452,0.9603
790.0000,0.8818,0.8836,0.8999,0.9021,0.9256,0.9497,0.9694
795.0000,0.8834,0.8861,0.9011,0.9033,0.9302,0.9553,0.9786
800.0000,0.8844,0.8898,0.9008,0.9060,0.9336,0.9636,0.9857
805.0000,0.8829,0.8951,0.8992,0.9096,0.9373,0.9716,0.9963
810.0000,0.8878,0.8965,0.8994,0.9129,0.9417,0.9809,1.0053
815.0000,0.8887,0.9003,0.8979,0.9176,0.9451,0.9929,1.0110
820.0000,0.8900,0.9024,0.8981,0.9211,0.9514,1.0015,1.0253
825.0000,0.8903,0.9038,0.8993,0.9246,0.9587,1.0107,1.0399
830.0000,0.8967,0.9017,0.9023,0.9281,0.9655,1.0239,1.0478
835.0000,0.8997,0.9002,0.9061,0.9310,0.9749,1.0342,1.0636
840.0000,0.9018,0.8990,0.9108,0.9333,0.9870,1.0417,1.0882
845.0000,0.9021,0.8993,0.9150,0.9365,0.9993,1.0499,1.1184
850.0000,0.9018,0.9017,0.9171,0.9426,1.0082,1.0654,1.1483
855.0000,0.8986,0.9068,0.9180,0.9501,1.0172,1.0829,1.1893
860.0000,0.9026,0.9083,0.9216,0.9562,1.0295,1.0990,1.2517
865.0000,0.9025,0.9139,0.9219,0.9666,1.0362,1.1294,1.3201
870.0000,0.9011,0.9202,0.9219,0.9785,1.0416,1.1711,1.4018
875.0000,0.9080,0.9244,0.9198,0.9971,1.0329,1.2543,1.4367
880.0000,0.9102,0.9276,0.9241,1.0075,1.0425,1.3248,1.5010
885.0000,0.9061,0.9361,0.9236,1.0243,1.0421,1.4390,1.4625
890.0000,0.9172,0.9355,0.9309,1.0356,1.0540,1.5611,1.3513
895.0000,0.9207,0.9340,0.9482,1.0312,1.1055,1.6367,1.2038
900.0000,0.9302,0.9259,0.9762,1.0142,1.1934,1.6576,1.0070
905.0000,0.9336,0.9161,1.0162,0.9776,1.3400,1.5570,0.8593
910.0000,0.9497,0.9076,1.0431,0.9643,1.4606,1.4630,0.5437
915.0000,0.9814,0.8821,1.0945,0.9210,1.6658,1.1271,0.6435
920.0000,0.9525,0.9114,1.0904,0.9393,1.7869,0.8292,0.6670
925.0000,0.9603,0.9348,1.0659,1.0033,1.8268,0.5567,0.7282
930.0000,0.9461,0.9877,1.0012,1.1268,1.7543,0.3618,0.7866
935.0000,0.9529,1.0422,0.9133,1.3048,1.5464,0.3240,0.7246
940.0000,0.9354,1.0992,0.8449,1.4640,1.3382,0.2273,0.9362
945.0000,0.8972,1.1648,0.7690,1.6534,1.0009,0.3666,0.7948
950.0000,0.8098,1.2251,0.7343,1.7992,0.6652,0.5455,0.6787
955.0000,0.9598,1.1378,0.8324,1.8291,0.4196,0.6852,0.6122
960.0000,0.9872,1.0814,0.9678,1.7852,0.2401,0.8114,0.5460
965.0000,1.0799,0.9659,1.1891,1.6304,0.1827,0.8568,0.5551
970.0000,1.0681,0.9075,1.4126,1.4130,0.2184,0.8384,0.5950
975.0000,1.1794,0.8037,1.6550,1.1581,0.2873,0.8646,0.4884
980.0000,1.3058,0.7295,1.8784,0.8620,0.4627,0.7447,0.6053
985.0000,1.1259,0.8858,1.9207,0.6524,0.5902,0.6766,0.6381
990.0000,1.1469,0.9966,1.9192,0.4703,0.7203,0.6007,0.6766
995.0000,1.0807,1.2144,1.7763,0.3823,0.7906,0.5626,0.6851
1000.0000,1.1175,1.4051,1.5684,0.3602,0.8124,0.5626,0.6586
1005.0000,1.0923,1.6281,1.2841,0.4015,0.8070,0.5426,0.7040
1010.0000,1.0697,1.7971,0.9807,0.4936,0.7466,0.5840,0.6597
1015.0000,1.3061,1.7360,0.7888,0.5558,0.7072,0.6078,0.6374
1020.0000,1.3382,1.7029,0.5890,0.6421,0.6493,0.6360,0.6252
1025.0000,1.4572,1.5102,0.5095,0.6807,0.6236,0.6460,0.6205
1030.0000,1.4600,1.3104,0.4737,0.7040,0.6073,0.6487,0.6230
1035.0000,1.4755,1.0522,0.5132,0.6933,0.6109,0.6473,0.6137
1040.0000,1.4035,0.8461,0.5634,0.6754,0.6224,0.6345,0.6278
1045.0000,1.1991,0.7465,0.5829,0.6725,0.6200,0.6343,0.6295
1050.0000,1.0488,0.6648,0.6119,0.6630,0.6214,0.6345,0.6273
1055.0000,0.9210,0.6173,0.6348,0.6540,0.6236,0.6329,0.6305
1060.0000,0.8119,0.5997,0.6484,0.6476,0.6244,0.6328,0.6322
1065.0000,0.7220,0.6092,0.6486,0.6470,0.6207,0.6376,0.6276
1070.0000,0.6675,0.6191,0.6497,0.6439,0.6207,0.6382,0.6303
1075.0000,0.6468,0.6222,0.6544,0.6380,0.6238,0.6373,0.6320
1080.0000,0.6394,0.6250,0.6578,0.6326,0.6265,0.6383,0.6280
1085.0000,0.6351,0.6295,0.6589,0.6277,0.6306,0.6366,0.6283
1090.0000,0.6325,0.6356,0.6573,0.6243,0.6342,0.6344,0.6276
1095.0000,0.6343,0.6403,0.6546,0.6219,0.6381,0.6306,0.6287
1100.0000,0.6329,0.6476,0.6480,0.6226,0.6390,0.6292,0.6273
1105.0000,0.6313,0.6538,0.6409,0.6241,0.6403,0.6247,0.6341
1110.0000,0.6395,0.6536,0.6359,0.6261,0.6395,0.6235,0.6383
1115.0000,0.6411,0.6547,0.6297,0.6298,0.6368,0.6239,0.6447
1120.0000,0.6414,0.6543,0.6241,0.6344,0.6313,0.6299,0.6433
1125.0000,0.6460,0.6492,0.6219,0.6377,0.6260,0.6377,0.6385
1130.0000,0.6464,0.6443,0.6215,0.6394,0.6229,0.6435,0.6345
1135.0000,0.6453,0.6391,0.6230,0.6394,0.6218,0.6483,0.6280
1140.0000,0.6434,0.6334,0.6271,0.6362,0.6262,0.6453,0.6294
1145.0000,0.6410,0.6294,0.6304,0.6340,0.6285,0.6466,0.6202
1150.0000,0.6379,0.6263,0.6348,0.6295,0.6362,0.6375,0.6295
1155.0000,0.6346,0.6252,0.6377,0.6262,0.6423,0.6296,0.6378
1160.0000,0.6334,0.6248,0.6390,0.6249,0.6453,0.6255,0.6445
1165.0000,0.6314,0.6266,0.6378,0.6261,0.6448,0.6259,0.6468
1170.0000,0.6301,0.6294,0.6348,0.6296,0.6407,0.6312,0.6438
1175.0000,0.6292,0.6323,0.6316,0.6329,0.6375,0.6344,0.6463
1180.0000,0.6248,0.6377,0.6264,0.6380,0.6313,0.6432,0.6363
1185.0000,0.6294,0.6368,0.6257,0.6395,0.6301,0.6456,0.6341
1190.0000,0.6280,0.6393,0.6232,0.6422,0.6274,0.6508,0.6232
1195.0000,0.6278,0.6388,0.6243,0.6413,0.6303,0.6471,0.6278
1200.0000,0.6301,0.6355,0.6279,0.6387,0.6350,0.6416,0.6320
1205.0000,0.6339,0.6309,0.6322,0.6364,0.6377,0.6401,0.6278
1210.0000,0.6388,0.6245,0.6383,0.6325,0.6430,0.6337,0.6337
1215.0000,0.6421,0.6203,0.6427,0.6303,0.6458,0.6302,0.6348
1220.0000,0.6351,0.6231,0.6425,0.6309,0.6456,0.6290,0.6350
1225.0000,0.6320,0.6261,0.6413,0.6323,0.6446,0.6277,0.6373
1230.0000,0.6218,0.6355,0.6354,0.6368,0.6401,0.6300,0.6358
1235.0000,0.6266,0.6379,0.6326,0.6400,0.6360,0.6327,0.6339
1240.0000,0.6228,0.6451,0.6269,0.6446,0.6305,0.6366,0.6306
1245.0000,0.6212,0.6487,0.6240,0.6474,0.6267,0.6397,0.6265
1250.0000,0.6320,0.6429,0.6276,0.6456,0.6276,0.6378,0.6265
1255.0000,0.6377,0.6373,0.6319,0.6436,0.6276,0.6388,0.6195
1260.0000,0.6449,0.6290,0.6394,0.6383,0.6324,0.6324,0.6245
1265.0000,0.6402,0.6276,0.6433,0.6346,0.6360,0.6267,0.6295
1270.0000,0.6414,0.6243,0.6476,0.6312,0.6381,0.6234,0.6325
1275.0000,0.6349,0.6286,0.6466,0.6308,0.6375,0.6221,0.6364
1280.0000,0.6331,0.6326,0.6442,0.6319,0.6346,0.6244,0.6369
1285.0000,0.6279,0.6407,0.6386,0.6348,0.6305,0.6273,0.6398
1290.0000,0.6248,0.6473,0.6328,0.6382,0.6249,0.6342,0.6350
1295.0000,0.6330,0.6456,0.6321,0.6383,0.6228,0.6380,0.6332
1300.0000,0.6360,0.6449,0.6311,0.6385,0.6207,0.6433,0.6262
1305.0000,0.6397,0.6413,0.6329,0.6360,0.6229,0.6429,0.6268
1310.0000,0.6409,0.6378,0.6356,0.6323,0.6274,0.6395,0.6296
1315.0000,0.6414,0.6348,0.6376,0.6296,0.6301,0.6397,0.6239
1320.0000,0.6400,0.6332,0.6393,0.6264,0.6352,0.6345,0.6286
1325.0000,0.6387,0.6326,0.6397,0.6243,0.6393,0.6298,0.6326
1330.0000,0.6374,0.6329,0.6387,0.6241,0.6410,0.6275,0.6344
1335.0000,0.6365,0.6337,0.6367,0.6249,0.6415,0.6255,0.6391
1340.0000,0.6330,0.6367,0.6324,0.6281,0.6389,0.6274,0.6396
1345.0000,0.6343,0.6375,0.6288,0.6318,0.6348,0.6318,0.6377
1350.0000,0.6296,0.6417,0.6236,0.6363,0.6305,0.6360,0.6367
1355.0000,0.6251,0.6446,0.6195,0.6400,0.6264,0.6409,0.6326
1360.0000,0.6326,0.6394,0.6214,0.6399,0.6265,0.6417,0.6315
1365.0000,0.6334,0.6366,0.6228,0.6401,0.6257,0.6450,0.6237
1370.0000,0.6383,0.6296,0.6285,0.6363,0.6306,0.6398,0.6285
1375.0000,0.6364,0.6258,0.6332,0.6328,0.6355,0.6343,0.6333
1380.0000,0.6373,0.6214,0.6380,0.6299,0.6385,0.6319,0.6338
1385.0000,0.6347,0.6212,0.6402,0.6282,0.6410,0.6286,0.6386
1390.0000,0.6305,0.6241,0.6395,0.6289,0.6404,0.6291,0.6397
1395.0000,0.6269,0.6289,0.6369,0.6308,0.6388,0.6299,0.6431
1400.0000,0.6222,0.6354,0.6322,0.6345,0.6347,0.6348,0.6395
1405.0000,0.6271,0.6363,0.6304,0.6366,0.6318,0.6391,0.6360
1410.0000,0.6271,0.6394,0.6274,0.6393,0.6286,0.6440,0.6294
1415.0000,0.6273,0.6405,0.6264,0.6401,0.6282,0.6455,0.6253
1420.0000,0.6324,0.6368,0.6291,0.6382,0.6309,0.6431,0.6223
1425.0000,0.6343,0.6343,0.6312,0.6370,0.6324,0.6431,0.6102
1430.0000,0.6371,0.6300,0.6358,0.6330,0.6389,0.6333,0.6150
1435.0000,0.6355,0.6284,0.6388,0.6300,0.6446,0.6224,0.6219
1440.0000,0.6361,0.6265,0.6409,0.6287,0.6466,0.6159,0.6247
1445.0000,0.6349,0.6274,0.6407,0.6292,0.6466,0.6096,0.6334
1450.0000,0.6286,0.6330,0.6363,0.6336,0.6406,0.6110,0.6355
1455.0000,0.6301,0.6353,0.6333,0.6372,0.6346,0.6120,0.6451
1460.0000,0.6252,0.6423,0.6266,0.6440,0.6231,0.6234,0.6352
1465.0000,0.6212,0.6470,0.6220,0.6487,0.6136,0.6337,0.6277
1470.0000,0.6308,0.6426,0.6242,0.6483,0.6096,0.6397,0.6222
1475.0000,0.6321,0.6410,0.6261,0.6470,0.6066,0.6470,0.6081
1480.0000,0.6385,0.6335,0.6341,0.6394,0.6132,0.6410,0.6108
1485.0000,0.6384,0.6287,0.6415,0.6310,0.6219,0.6324,0.6127
1490.0000,0.6407,0.6240,0.6478,0.6239,0.6282,0.6279,0.6052
1495.0000,0.6432,0.6205,0.6534,0.6161,0.6380,0.6144,0.6150
1500.0000,0.6361,0.6248,0.6521,0.6136,0.6416,0.6071,0.6188
1505.0000,0.6337,0.6293,0.6486,0.6135,0.6428,0.6005,0.6272
1510.0000,0.6284,0.6379,0.6397,0.6184,0.6370,0.6021,0.6263
1515.0000,0.6315,0.6421,0.6314,0.6246,0.6282,0.6083,0.6221
1520.0000,0.6271,0.6504,0.6208,0.6318,0.6191,0.6133,0.6227
1525.0000,0.6239,0.6554,0.6123,0.6383,0.6095,0.6213,0.6169
1530.0000,0.6347,0.6486,0.6124,0.6391,0.6056,0.6243,0.6169
1535.0000,0.6360,0.6447,0.6121,0.6398,0.6009,0.6311,0.6077
1540.0000,0.6412,0.6344,0.6188,0.6346,0.6039,0.6282,0.6142
1545.0000,0.6397,0.6268,0.6257,0.6282,0.6086,0.6246,0.6199
1550.0000,0.6411,0.6177,0.6338,0.6214,0.6127,0.6245,0.6179
1555.0000,0.6429,0.6105,0.6411,0.6142,0.6185,0.6216,0.6205
1560.0000,0.6323,0.6136,0.6417,0.6107,0.6217,0.6210,0.6195
1565.0000,0.6273,0.6173,0.6403,0.6086,0.6242,0.6203,0.6179
1570.0000,0.6198,0.6256,0.6344,0.6093,0.6252,0.6195,0.6175
1575.0000,0.6084,0.6370,0.6254,0.6124,0.6247,0.6185,0.6184
1580.0000,0.6187,0.6375,0.6206,0.6145,0.6240,0.6188,0.6162
1585.0000,0.6189,0.6411,0.6140,0.6178,0.6229,0.6174,0.6204
1590.0000,0.6226,0.6396,0.6103,0.6206,0.6211,0.6180,0.6210
1595.0000,0.6291,0.6340,0.6096,0.6223,0.6193,0.6195,0.6200
1600.0000,0.6324,0.6276,0.6106,0.6232,0.6180,0.6211,0.6184
1605.0000,0.6341,0.6208,0.6132,0.6230,0.6177,0.6216,0.6174
1610.0000,0.6299,0.6172,0.6153,0.6226,0.6179,0.6214,0.6169
1615.0000,0.6263,0.6149,0.6171,0.6223,0.6175,0.6225,0.6130
1620.0000,0.6202,0.6153,0.6183,0.6215,0.6188,0.6198,0.6163
1625.0000,0.6191,0.6144,0.6202,0.6202,0.6205,0.6169,0.6200
1630.0000,0.6157,0.6166,0.6198,0.6205,0.6199,0.6171,0.6209
1635.0000,0.6148,0.6176,0.6202,0.6202,0.6201,0.6160,0.6261
1640.0000,0.6164,0.6175,0.6207,0.6202,0.6191,0.6175,0.6290
1645.0000,0.6175,0.6176,0.6210,0.6204,0.6179,0.6199,0.6326
1650.0000,0.6179,0.6181,0.6207,0.6209,0.6158,0.6248,0.6321
1655.0000,0.6183,0.6186,0.6206,0.6211,0.6146,0.6295,0.6318
1660.0000,0.6171,0.6205,0.6195,0.6216,0.6134,0.6352,0.6284
1665.0000,0.6142,0.6233,0.6183,0.6214,0.6143,0.6382,0.6281
1670.0000,0.6179,0.6216,0.6200,0.6190,0.6185,0.6375,0.6308
1675.0000,0.6183,0.6220,0.6199,0.6182,0.6208,0.6404,0.6253
1680.0000,0.6205,0.6201,0.6217,0.6158,0.6265,0.6374,0.6291
1685.0000,0.6249,0.6167,0.6241,0.6134,0.6324,0.6340,0.6316
1690.0000,0.6228,0.6167,0.6239,0.6133,0.6359,0.6328,0.6304
1695.0000,0.6221,0.6169,0.6231,0.6140,0.6391,0.6303,0.6320
1700.0000,0.6164,0.6208,0.6195,0.6171,0.6395,0.6298,0.6308
1705.0000,0.6181,0.6215,0.6171,0.6205,0.6393,0.6296,0.6292
1710.0000,0.6146,0.6255,0.6127,0.6255,0.6374,0.6297,0.6279
1715.0000,0.6118,0.6280,0.6095,0.6303,0.6349,0.6302,0.6255
1720.0000,0.6179,0.6247,0.6102,0.6331,0.6336,0.6295,0.6234
1725.0000,0.6185,0.6234,0.6107,0.6361,0.6312,0.6301,0.6186
1730.0000,0.6206,0.6196,0.6142,0.6367,0.6312,0.6268,0.6194
1735.0000,0.6212,0.6163,0.6185,0.6366,0.6312,0.6235,0.6200
1740.0000,0.6215,0.6138,0.6228,0.6364,0.6302,0.6221,0.6179
1745.0000,0.6212,0.6125,0.6272,0.6353,0.6301,0.6184,0.6216
1750.0000,0.6190,0.6137,0.6301,0.6350,0.6283,0.6173,0.6230
1755.0000,0.6173,0.6164,0.6318,0.6349,0.6258,0.6173,0.6248
1760.0000,0.6150,0.6208,0.6321,0.6354,0.6222,0.6192,0.6247
1765.0000,0.6177,0.6230,0.6330,0.6351,0.6189,0.6223,0.6232
1770.0000,0.6172,0.6277,0.6323,0.6352,0.6155,0.6262,0.6197
1775.0000,0.6189,0.6302,0.6328,0.6336,0.6145,0.6276,0.6190
1780.0000,0.6236,0.6300,0.6349,0.6304,0.6158,0.6270,0.6197
1785.0000,0.6262,0.6306,0.6357,0.6279,0.6160,0.6289,0.6140
1790.0000,0.6287,0.6304,0.6374,0.6239,0.6197,0.6252,0.6184
1795.0000,0.6301,0.6306,0.6380,0.6207,0.6229,0.6220,0.6212
1800.0000,0.6313,0.6311,0.6373,0.6187,0.6245,0.6212,0.6205
1805.0000,0.6312,0.6325,0.6352,0.6178,0.6257,0.6199,0.6211
1810.0000,0.6291,0.6351,0.6316,0.6183,0.6253,0.6202,0.6192
1815.0000,0.6317,0.6350,0.6289,0.6190,0.6249,0.6204,0.6170
1820.0000,0.6302,0.6366,0.6249,0.6205,0.6240,0.6199,0.6165
1825.0000,0.6262,0.6386,0.6208,0.6223,0.6230,0.6188,0.6175
1830.0000,0.6311,0.6356,0.6193,0.6236,0.6215,0.6195,0.6145
1835.0000,0.6303,0.6342,0.6177,0.6246,0.6209,0.6175,0.6195
1840.0000,0.6295,0.6319,0.6171,0.6253,0.6197,0.6171,0.6222
1845.0000,0.6309,0.6279,0.6181,0.6254,0.6185,0.6178,0.6244
1850.0000,0.6311,0.6241,0.6195,0.6252,0.6170,0.6196,0.6261
1855.0000,0.6298,0.6214,0.6211,0.6246,0.6159,0.6218,0.6279
1860.0000,0.6274,0.6199,0.6225,0.6239,0.6150,0.6248,0.6290
1865.0000,0.6247,0.6197,0.6232,0.6232,0.6142,0.6287,0.6284
1870.0000,0.6201,0.6217,0.6229,0.6226,0.6140,0.6323,0.6269
1875.0000,0.6213,0.6209,0.6243,0.6205,0.6163,0.6336,0.6263
1880.0000,0.6197,0.6226,0.6237,0.6195,0.6177,0.6365,0.6203
1885.0000,0.6199,0.6228,0.6245,0.6172,0.6223,0.6341,0.6217
1890.0000,0.6216,0.6218,0.6256,0.6145,0.6281,0.6293,0.6250
1895.0000,0.6229,0.6212,0.6255,0.6137,0.6314,0.6276,0.6232
1900.0000,0.6240,0.6207,0.6251,0.6133,0.6351,0.6232,0.6277
1905.0000,0.6232,0.6217,0.6227,0.6153,0.6354,0.6228,0.6263
1910.0000,0.6220,0.6233,0.6196,0.6182,0.6348,0.6221,0.6268
1915.0000,0.6177,0.6271,0.6147,0.6230,0.6314,0.6247,0.6207
1920.0000,0.6211,0.6257,0.6134,0.6259,0.6300,0.6241,0.6190
1925.0000,0.6199,0.6267,0.6110,0.6298,0.6268,0.6254,0.6134
1930.0000,0.6197,0.6254,0.6112,0.6315,0.6262,0.6221,0.6175
1935.0000,0.6208,0.6224,0.6135,0.6320,0.6261,0.6182,0.6236
1940.0000,0.6225,0.6188,0.6165,0.6325,0.6242,0.6182,0.6253
1945.0000,0.6228,0.6159,0.6201,0.6321,0.6227,0.6178,0.6312
1950.0000,0.6211,0.6151,0.6227,0.6322,0.6198,0.6210,0.6331
1955.0000,0.6200,0.6148,0.6254,0.6317,0.6171,0.6251,0.6354
1960.0000,0.6183,0.6162,0.6272,0.6312,0.6144,0.6313,0.6329
1965.0000,0.6161,0.6187,0.6287,0.6297,0.6137,0.6358,0.6325
1970.0000,0.6178,0.6196,0.6310,0.6268,0.6157,0.6378,0.6337
1975.0000,0.6169,0.6231,0.6311,0.6250,0.6168,0.6422,0.6288
1980.0000,0.6167,0.6257,0.6319,0.6217,0.6218,0.6405,0.6329
1985.0000,0.6209,0.6258,0.6331,0.6182,0.6274,0.6386,0.6347
1990.0000,0.6228,0.6271,0.6325,0.6166,0.6315,0.6387,0.6325
1995.0000,0.6260,0.6270,0.6321,0.6149,0.6367,0.6358,0.6348
2000.0000,0.6271,0.6276,0.6303,0.6151,0.6400,0.6343,0.6347
2005.0000,0.6287,0.6275,0.6280,0.6164,0.6423,0.6329,0.6346
2010.0000,0.6265,0.6298,0.6237,0.6198,0.6426,0.6325,0.6332
2015.0000,0.6276,0.6301,0.6202,0.6236,0.6419,0.6325,0.6311
2020.0000,0.6237,0.6338,0.6147,0.6293,0.6392,0.6336,0.6275
2025.0000,0.6199,0.6360,0.6108,0.6342,0.6371,0.6326,0.6277
2030.0000,0.6257,0.6312,0.6119,0.6366,0.6364,0.6307,0.6285
2035.0000,0.6266,0.6279,0.6132,0.6392,0.6341,0.6311,0.6256
2040.0000,0.6301,0.6216,0.6178,0.6395,0.6338,0.6288,0.6284
2045.0000,0.6277,0.6186,0.6218,0.6398,0.6326,0.6278,0.6294
2050.0000,0.6272,0.6151,0.6268,0.6393,0.6313,0.6281,0.6289
2055.0000,0.6239,0.6154,0.6302,0.6390,0.6297,0.6284,0.6296
2060.0000,0.6173,0.6194,0.6316,0.6392,0.6276,0.6298,0.6290
2065.0000,0.6190,0.6210,0.6338,0.6386,0.6257,0.6323,0.6251
2070.0000,0.6173,0.6252,0.6346,0.6378,0.6250,0.6325,0.6259
2075.0000,0.6182,0.6280,0.6359,0.6362,0.6252,0.6324,0.6254
2080.0000,0.6227,0.6290,0.6375,0.6345,0.6250,0.6341,0.6191
2085.0000,0.6251,0.6303,0.6389,0.6319,0.6273,0.6311,0.6216
2090.0000,0.6278,0.6312,0.6399,0.6296,0.6292,0.6289,0.6204
2095.0000,0.6299,0.6322,0.6401,0.6278,0.6310,0.6263,0.6185
2100.0000,0.6306,0.6341,0.6389,0.6271,0.6316,0.6247,0.6142
2105.0000,0.6303,0.6363,0.6372,0.6266,0.6327,0.6205,0.6142
2110.0000,0.6329,0.6366,0.6357,0.6265,0.6331,0.6164,0.6138
2115.0000,0.6329,0.6383,0.6327,0.6279,0.6314,0.6140,0.6124
2120.0000,0.6309,0.6403,0.6296,0.6294,0.6297,0.6100,0.6167
2125.0000,0.6346,0.6387,0.6281,0.6309,0.6265,0.6087,0.6191
2130.0000,0.6343,0.6386,0.6259,0.6328,0.6220,0.6089,0.6231
2135.0000,0.6338,0.6377,0.6244,0.6347,0.6163,0.6125,0.6232
2140.0000,0.6353,0.6350,0.6246,0.6354,0.6108,0.6180,0.6209
2145.0000,0.6346,0.6331,0.6253,0.6351,0.6065,0.6235,0.6176
2150.0000,0.6336,0.6309,0.6273,0.6329,0.6047,0.6274,0.6141
2155.0000,0.6332,0.6282,0.6307,0.6285,0.6064,0.6276,0.6132
2160.0000,0.6318,0.6271,0.6328,0.6248,0.6074,0.6306,0.6033
2165.0000,0.6316,0.6254,0.6363,0.6184,0.6143,0.6234,0.6115
2170.0000,0.6303,0.6252,0.6381,0.6131,0.6206,0.6164,0.6194
2175.0000,0.6302,0.6256,0.6378,0.6101,0.6240,0.6136,0.6225
2180.0000,0.6295,0.6273,0.6355,0.6087,0.6263,0.6106,0.6303
2185.0000,0.6259,0.6315,0.6299,0.6106,0.6243,0.6135,0.6320
2190.0000,0.6280,0.6327,0.6253,0.6126,0.6225,0.6158,0.6383
2195.0000,0.6254,0.6364,0.6181,0.6172,0.6171,0.6247,0.6309
2200.0000,0.6215,0.6393,0.6119,0.6211,0.6132,0.6316,0.6271
2205.0000,0.6278,0.6349,0.6107,0.6219,0.6131,0.6348,0.6255
2210.0000,0.6259,0.6339,0.6083,0.6235,0.6122,0.6401,0.6169
2215.0000,0.6271,0.6285,0.6107,0.6211,0.6175,0.6363,0.6210
2220.0000,0.6286,0.6221,0.6145,0.6180,0.6236,0.6319,0.6228
2225.0000,0.6308,0.6151,0.6189,0.6154,0.6283,0.6298,0.6192
2230.0000,0.6320,0.6091,0.6235,0.6123,0.6347,0.6231,0.6238
2235.0000,0.6246,0.6097,0.6237,0.6126,0.6371,0.6201,0.6243
2240.0000,0.6215,0.6103,0.6233,0.6139,0.6383,0.6169,0.6270
2245.0000,0.6134,0.6161,0.6190,0.6183,0.6358,0.6173,0.6264
2250.0000,0.6142,0.6185,0.6158,0.6229,0.6320,0.6191,0.6250
2255.0000,0.6092,0.6253,0.6100,0.6289,0.6268,0.6214,0.6249
2260.0000,0.6072,0.6288,0.6065,0.6338,0.6217,0.6243,0.6242
2265.0000,0.6150,0.6250,0.6084,0.6353,0.6192,0.6257,0.6250
2270.0000,0.6169,0.6229,0.6102,0.6367,0.6160,0.6296,0.6212
2275.0000,0.6222,0.6167,0.6164,0.6343,0.6170,0.6286,0.6253
2280.0000,0.6210,0.6136,0.6219,0.6316,0.6182,0.6283,0.6279
2285.0000,0.6224,0.6097,0.6281,0.6282,0.6195,0.6298,0.6265
2290.0000,0.6220,0.6087,0.6329,0.6246,0.6222,0.6290,0.6299
2295.0000,0.6181,0.6118,0.6346,0.6224,0.6239,0.6297,0.6303
2300.0000,0.6156,0.6166,0.6342,0.6215,0.6247,0.6316,0.6285
2305.0000,0.6133,0.6226,0.6320,0.6213,0.6257,0.6326,0.6279
2310.0000,0.6094,0.6294,0.6286,0.6218,0.6268,0.6327,0.6277
2315.0000,0.6174,0.6300,0.6273,0.6219,0.6278,0.6340,0.6226
2320.0000,0.6203,0.6315,0.6256,0.6218,0.6304,0.6310,0.6272
2325.0000,0.6235,0.6312,0.6243,0.6222,0.6321,0.6290,0.6290
2330.0000,0.6268,0.6298,0.6235,0.6230,0.6330,0.6281,0.6293
2335.0000,0.6275,0.6291,0.6222,0.6246,0.6328,0.6281,0.6289
2340.0000,0.6268,0.6286,0.6211,0.6263,0.6324,0.6277,0.6296
2345.0000,0.6278,0.6268,0.6209,0.6278,0.6318,0.6277,0.6302
2350.0000,0.6264,0.6265,0.6201,0.6298,0.6302,0.6288,0.6298
2355.0000,0.6238,0.6267,0.6198,0.6314,0.6290,0.6291,0.6317
2360.0000,0.6254,0.6246,0.6211,0.6321,0.6282,0.6298,0.6331
2365.0000,0.6242,0.6243,0.6218,0.6331,0.6266,0.6321,0.6327
2370.0000,0.6230,0.6240,0.6232,0.6333,0.6259,0.6336,0.6336
2375.0000,0.6242,0.6224,0.6257,0.6325,0.6262,0.6349,0.6339
2380.0000,0.6238,0.6222,0.6275,0.6319,0.6261,0.6373,0.6314
2385.0000,0.6238,0.6220,0.6297,0.6305,0.6277,0.6376,0.6315
2390.0000,0.6239,0.6222,0.6317,0.6288,0.6300,0.6368,0.6318
2395.0000,0.6238,0.6233,0.6325,0.6280,0.6313,0.6377,0.6277
2400.0000,0.6232,0.6251,0.6330,0.6268,0.6344,0.6345,0.6314
2405.0000,0.6244,0.6262,0.6331,0.6261,0.6368,0.6320,0.6339
2410.0000,0.6245,0.6286,0.6316,0.6271,0.6372,0.6316,0.6340
2415.0000,0.6233,0.6316,0.6294,0.6286,0.6372,0.6306,0.6375
2420.0000,0.6266,0.6316,0.6282,0.6302,0.6362,0.6318,0.6378
2425.0000,0.6275,0.6325,0.6265,0.6324,0.6345,0.6336,0.6384
2430.0000,0.6281,0.6327,0.6254,0.6344,0.6325,0.6364,0.6371
2435.0000,0.6263,0.6334,0.6245,0.6362,0.6307,0.6392,0.6350
2440.0000,0.6296,0.6312,0.6255,0.6369,0.6295,0.6428,0.6285
2445.0000,0.6287,0.6306,0.6267,0.6367,0.6305,0.6421,0.6289
2450.0000,0.6280,0.6297,0.6286,0.6356,0.6327,0.6402,0.6290
2455.0000,0.6295,0.6276,0.6316,0.6336,0.6361,0.6364,0.6298
2460.0000,0.6304,0.6264,0.6338,0.6325,0.6377,0.6349,0.6265
2465.0000,0.6311,0.6254,0.6360,0.6310,0.6407,0.6299,0.6301
2470.0000,0.6298,0.6264,0.6364,0.6311,0.6413,0.6277,0.6303
2475.0000,0.6288,0.6283,0.6357,0.6321,0.6407,0.6259,0.6315
2480.0000,0.6255,0.6324,0.6331,0.6347,0.6378,0.6268,0.6294
2485.0000,0.6283,0.6333,0.6320,0.6367,0.6349,0.6278,0.6273
2490.0000,0.6271,0.6364,0.6295,0.6393,0.6313,0.6294,0.6245
2495.0000,0.6250,0.6391,0.6277,0.6412,0.6283,0.6303,0.6221
2500.0000,0.6307,0.6365,0.6295,0.6407,0.6276,0.6289,0.6213
2505.0000,0.6319,0.6355,0.6306,0.6405,0.6257,0.6297,0.6159
2510.0000,0.6340,0.6330,0.6336,0.6383,0.6266,0.6265,0.6168
2515.0000,0.6344,0.6312,0.6367,0.6356,0.6281,0.6223,0.6184
2520.0000,0.6357,0.6291,0.6394,0.6334,0.6282,0.6205,0.6164
2525.0000,0.6354,0.6287,0.6414,0.6309,0.6291,0.6162,0.6217
2530.0000,0.6337,0.6304,0.6412,0.6301,0.6278,0.6150,0.6238
2535.0000,0.6323,0.6331,0.6397,0.6300,0.6255,0.6151,0.6270
2540.0000,0.6287,0.6379,0.6360,0.6315,0.6210,0.6189,0.6250
2545.0000,0.6322,0.6385,0.6342,0.6319,0.6172,0.6233,0.6210
2550.0000,0.6319,0.6410,0.6314,0.6325,0.6138,0.6276,0.6153
2555.0000,0.6325,0.6413,0.6303,0.6314,0.6128,0.6295,0.6115
2560.0000,0.6335,0.6398,0.6310,0.6285,0.6151,0.6271,0.6114
2565.0000,0.6369,0.6365,0.6323,0.6257,0.6163,0.6278,0.6015
2570.0000,0.6390,0.6324,0.6351,0.6208,0.6223,0.6187,0.6124
2575.0000,0.6396,0.6298,0.6364,0.6173,0.6263,0.6124,0.6190
2580.0000,0.6368,0.6300,0.6350,0.6164,0.6270,0.6100,0.6225
2585.0000,0.6349,0.6306,0.6326,0.6166,0.6264,0.6084,0.6289
2590.0000,0.6295,0.6342,0.6273,0.6196,0.6217,0.6132,0.6271
2595.0000,0.6312,0.6343,0.6235,0.6222,0.6169,0.6189,0.6249
2600.0000,0.6284,0.6366,0.6189,0.6251,0.6126,0.6242,0.6235
2605.0000,0.6243,0.6384,0.6150,0.6273,0.6090,0.6298,0.6194
2610.0000,0.6298,0.6333,0.6165,0.6255,0.6105,0.6299,0.6203
2615.0000,0.6294,0.6307,0.6169,0.6246,0.6105,0.6335,0.6130
2620.0000,0.6309,0.6256,0.6204,0.6207,0.6157,0.6292,0.6178
2625.0000,0.6302,0.6214,0.6240,0.6166,0.6215,0.6243,0.6218
2630.0000,0.6306,0.6171,0.6271,0.6136,0.6254,0.6222,0.6216
2635.0000,0.6300,0.6149,0.6288,0.6115,0.6290,0.6193,0.6237
2640.0000,0.6252,0.6166,0.6272,0.6119,0.6299,0.6187,0.6232
2645.0000,0.6226,0.6187,0.6248,0.6134,0.6299,0.6181,0.6243
2650.0000,0.6160,0.6247,0.6191,0.6174,0.6272,0.6200,0.6215
2655.0000,0.6190,0.6254,0.6160,0.6204,0.6250,0.6214,0.6189
2660.0000,0.6165,0.6294,0.6110,0.6248,0.6213,0.6242,0.6137
2665.0000,0.6144,0.6313,0.6080,0.6278,0.6192,0.6246,0.6111
2670.0000,0.6207,0.6263,0.6101,0.6277,0.6200,0.6217,0.6112
2675.0000,0.6230,0.6220,0.6125,0.6277,0.6193,0.6217,0.6045
2680.0000,0.6262,0.6158,0.6176,0.6253,0.6218,0.6160,0.6081
2685.0000,0.6291,0.6102,0.6230,0.6225,0.6245,0.6098,0.6134
2690.0000,0.6233,0.6103,0.6250,0.6219,0.6238,0.6074,0.6154
2695.0000,0.6200,0.6114,0.6262,0.6217,0.6227,0.6051,0.6219
2700.0000,0.6130,0.6167,0.6240,0.6237,0.6181,0.6077,0.6238
2705.0000,0.6146,0.6191,0.6228,0.6256,0.6126,0.6133,0.6231
2710.0000,0.6107,0.6252,0.6194,0.6278,0.6074,0.6189,0.6238
2715.0000,0.6099,0.6286,0.6175,0.6287,0.6032,0.6256,0.6202
2720.0000,0.6174,0.6258,0.6200,0.6261,0.6034,0.6284,0.6199
2725.0000,0.6201,0.6245,0.6217,0.6237,0.6035,0.6334,0.6123
2730.0000,0.6247,0.6205,0.6262,0.6180,0.6094,0.6302,0.6162
2735.0000,0.6244,0.6187,0.6294,0.6125,0.6165,0.6251,0.6210
2740.0000,0.6254,0.6172,0.6313,0.6087,0.6212,0.6237,0.6198
2745.0000,0.6243,0.6178,0.6312,0.6059,0.6265,0.6195,0.6247
2750.0000,0.6226,0.6202,0.6286,0.6057,0.6288,0.6184,0.6260
2755.0000,0.6211,0.6233,0.6243,0.6073,0.6298,0.6175,0.6294
2760.0000,0.6185,0.6273,0.6184,0.6110,0.6282,0.6194,0.6298
2765.0000,0.6215,0.6276,0.6139,0.6148,0.6257,0.6228,0.6287
2770.0000,0.6191,0.6305,0.6079,0.6199,0.6223,0.6267,0.6275
2775.0000,0.6167,0.6317,0.6038,0.6240,0.6197,0.6297,0.6272
2780.0000,0.6220,0.6264,0.6046,0.6254,0.6195,0.6309,0.6284
2785.0000,0.6219,0.6230,0.6053,0.6271,0.6182,0.6348,0.6237
2790.0000,0.6240,0.6167,0.6097,0.6256,0.6211,0.6329,0.6291
2795.0000,0.6221,0.6124,0.6140,0.6240,0.6241,0.6314,0.6333
2800.0000,0.6221,0.6077,0.6191,0.6222,0.6263,0.6322,0.6335
2805.0000,0.6206,0.6056,0.6229,0.6206,0.6289,0.6318,0.6372
2810.0000,0.6148,0.6083,0.6237,0.6210,0.6296,0.6339,0.6369
2815.0000,0.6130,0.6109,0.6238,0.6218,0.6300,0.6365,0.6352
2820.0000,0.6083,0.6170,0.6214,0.6238,0.6298,0.6391,0.6320
2825.0000,0.6055,0.6221,0.6193,0.6256,0.6305,0.6402,0.6294
2830.0000,0.6121,0.6216,0.6203,0.6254,0.6335,0.6378,0.6292
2835.0000,0.6135,0.6234,0.6195,0.6269,0.6344,0.6380,0.6237
2840.0000,0.6178,0.6218,0.6215,0.6263,0.6386,0.6319,0.6291
2845.0000,0.6201,0.6206,0.6228,0.6268,0.6406,0.6282,0.6311
2850.0000,0.6217,0.6197,0.6239,0.6280,0.6411,0.6258,0.6330
2855.0000,0.6208,0.6206,0.6236,0.6305,0.6394,0.6257,0.6329
2860.0000,0.6212,0.6213,0.6233,0.6335,0.6359,0.6283,0.6292
2865.0000,0.6199,0.6232,0.6226,0.6363,0.6328,0.6298,0.6272
2870.0000,0.6174,0.6259,0.6219,0.6390,0.6294,0.6318,0.6231
2875.0000,0.6208,0.6249,0.6241,0.6392,0.6288,0.6303,0.6232
2880.0000,0.6205,0.6264,0.6248,0.6402,0.6263,0.6320,0.6169
2885.0000,0.6216,0.6258,0.6281,0.6384,0.6280,0.6268,0.6246
2890.0000,0.6238,0.6246,0.6316,0.6365,0.6289,0.6236,0.6293
2895.0000,0.6256,0.6239,0.6345,0.6349,0.6283,0.6232,0.6320
2900.0000,0.6279,0.6232,0.6372,0.6334,0.6275,0.6242,0.6338
2905.0000,0.6270,0.6250,0.6380,0.6327,0.6254,0.6273,0.6334
2910.0000,0.6270,0.6271,0.6383,0.6320,0.6238,0.6305,0.6334
2915.0000,0.6250,0.6312,0.6368,0.6320,0.6217,0.6351,0.6290
2920.0000,0.6276,0.6325,0.6367,0.6305,0.6223,0.6367,0.6271
2925.0000,0.6270,0.6363,0.6343,0.6303,0.6218,0.6404,0.6186
2930.0000,0.6273,0.6383,0.6333,0.6285,0.6248,0.6382,0.6186
2935.0000,0.6284,0.6386,0.6332,0.6260,0.6293,0.6334,0.6192
2940.0000,0.6334,0.6363,0.6336,0.6243,0.6321,0.6314,0.6120
2945.0000,0.6371,0.6330,0.6350,0.6217,0.6374,0.6230,0.6188
2950.0000,0.6391,0.6307,0.6350,0.6209,0.6399,0.6174,0.6209
2955.0000,0.6366,0.6313,0.6325,0.6227,0.6391,0.6148,0.6207
2960.0000,0.6344,0.6324,0.6294,0.6254,0.6369,0.6124,0.6235
2965.0000,0.6268,0.6373,0.6234,0.6306,0.6310,0.6144,0.6209
2970.0000,0.6305,0.6362,0.6211,0.6340,0.6259,0.6158,0.6206
2975.0000,0.6271,0.6385,0.6174,0.6380,0.6197,0.6187,0.6197
2980.0000,0.6246,0.6389,0.6161,0.6402,0.6150,0.6206,0.6216
2985.0000,0.6304,0.6331,0.6195,0.6391,0.6129,0.6215,0.6248
2990.0000,0.6325,0.6282,0.6235,0.6372,0.6106,0.6249,0.6242
2995.0000,0.6355,0.6221,0.6296,0.6330,0.6112,0.6262,0.6272
3000.0000,0.6316,0.6206,0.6336,0.6292,0.6118,0.6288,0.6274
3005.0000,0.6312,0.6185,0.6378,0.6248,0.6134,0.6319,0.6244
3010.0000,0.6274,0.6204,0.6395,0.6207,0.6163,0.6328,0.6239
3015.0000,0.6257,0.6230,0.6399,0.6170,0.6202,0.6322,0.6232
3020.0000,0.6240,0.6274,0.6376,0.6153,0.6228,0.6334,0.6168
3025.0000,0.6221,0.6320,0.6346,0.6134,0.6278,0.6286,0.6212
3030.0000,0.6261,0.6330,0.6323,0.6122,0.6322,0.6239,0.6243
3035.0000,0.6275,0.6350,0.6279,0.6134,0.6338,0.6218,0.6247
3040.0000,0.6276,0.6365,0.6232,0.6155,0.6347,0.6189,0.6298
3045.0000,0.6308,0.6350,0.6196,0.6186,0.6332,0.6193,0.6311
3050.0000,0.6313,0.6339,0.6160,0.6223,0.6308,0.6202,0.6352
3055.0000,0.6299,0.6328,0.6126,0.6266,0.6264,0.6246,0.6339
3060.0000,0.6261,0.6320,0.6101,0.6307,0.6217,0.6303,0.6309
3065.0000,0.6287,0.6274,0.6109,0.6327,0.6185,0.6359,0.6252
3070.0000,0.6261,0.6249,0.6123,0.6334,0.6177,0.6382,0.6240
3075.0000,0.6237,0.6220,0.6155,0.6322,0.6192,0.6384,0.6228
3080.0000,0.6241,0.6179,0.6206,0.6291,0.6233,0.6356,0.6225
3085.0000,0.6243,0.6147,0.6251,0.6265,0.6262,0.6352,0.6156
3090.0000,0.6258,0.6113,0.6307,0.6222,0.6326,0.6279,0.6192
3095.0000,0.6217,0.6127,0.6328,0.6203,0.6362,0.6232,0.6186
3100.0000,0.6209,0.6142,0.6336,0.6196,0.6384,0.6189,0.6175
3105.0000,0.6169,0.6193,0.6314,0.6212,0.6383,0.6154,0.6168
3110.0000,0.6180,0.6228,0.6287,0.6237,0.6363,0.6132,0.6153
3115.0000,0.6158,0.6291,0.6237,0.6280,0.6324,0.6117,0.6152
3120.0000,0.6139,0.6342,0.6189,0.6326,0.6271,0.6118,0.6142
3125.0000,0.6212,0.6327,0.6181,0.6351,0.6225,0.6119,0.6137
3130.0000,0.6221,0.6334,0.6166,0.6380,0.6167,0.6140,0.6113
3135.0000,0.6253,0.6304,0.6185,0.6381,0.6131,0.6142,0.6121
3140.0000,0.6276,0.6266,0.6221,0.6368,0.6104,0.6150,0.6115
3145.0000,0.6290,0.6228,0.6264,0.6344,0.6081,0.6172,0.6071
3150.0000,0.6302,0.6192,0.6316,0.6301,0.6085,0.6161,0.6076
3155.0000,0.6271,0.6192,0.6349,0.6259,0.6094,0.6149,0.6069
3160.0000,0.6258,0.6200,0.6371,0.6222,0.6097,0.6154,0.6015
3165.0000,0.6236,0.6226,0.6379,0.6182,0.6121,0.6115,0.6044
3170.0000,0.6240,0.6248,0.6379,0.6147,0.6145,0.6071,0.6082
3175.0000,0.6236,0.6287,0.6351,0.6132,0.6145,0.6059,0.6085
3180.0000,0.6236,0.6321,0.6316,0.6124,0.6145,0.6038,0.6133
3185.0000,0.6222,0.6356,0.6268,0.6130,0.6124,0.6046,0.6158
3190.0000,0.6275,0.6348,0.6237,0.6133,0.6103,0.6062,0.6189
3195.0000,0.6279,0.6354,0.6194,0.6148,0.6069,0.6107,0.6177
3200.0000,0.6268,0.6352,0.6158,0.6158,0.6040,0.6152,0.6167
3205.0000,0.6300,0.6315,0.6148,0.6152,0.6031,0.6184,0.6164
3210.0000,0.6288,0.6294,0.6133,0.6149,0.6021,0.6230,0.6122
3215.0000,0.6276,0.6261,0.6137,0.6127,0.6047,0.6229,0.6139
3220.0000,0.6278,0.6217,0.6154,0.6096,0.6086,0.6215,0.6150
3225.0000,0.6266,0.6185,0.6162,0.6076,0.6115,0.6223,0.6109
3230.0000,0.6265,0.6148,0.6179,0.6047,0.6166,0.6185,0.6140
3235.0000,0.6230,0.6137,0.6177,0.6033,0.6204,0.6157,0.6150
3240.0000,0.6204,0.6134,0.6164,0.6035,0.6226,0.6140,0.6147
3245.0000,0.6166,0.6150,0.6133,0.6052,0.6233,0.6129,0.6138
3250.0000,0.6162,0.6154,0.6105,0.6078,0.6226,0.6129,0.6112
3255.0000,0.6128,0.6180,0.6061,0.6117,0.6207,0.6133,0.6080
3260.0000,0.6095,0.6200,0.6026,0.6153,0.6189,0.6122,0.6073
3265.0000,0.6133,0.6170,0.6024,0.6172,0.6181,0.6099,0.6080
3270.0000,0.6126,0.6161,0.6015,0.6201,0.6153,0.6103,0.6051
3275.0000,0.6132,0.6130,0.6032,0.6210,0.6143,0.6078,0.6090
3280.0000,0.6136,0.6096,0.6058,0.6215,0.6125,0.6072,0.6100
3285.0000,0.6135,0.6066,0.6090,0.6214,0.6104,0.6079,0.6099
3290.0000,0.6130,0.6045,0.6123,0.6208,0.6085,0.6091,0.6091
3295.0000,0.6106,0.6045,0.6149,0.6200,0.6067,0.6107,0.6070
3300.0000,0.6087,0.6058,0.6167,0.6191,0.6050,0.6130,0.6022
3305.0000,0.6065,0.6082,0.6181,0.6174,0.6050,0.6126,0.6017
3310.0000,0.6035,0.6116,0.6188,0.6154,0.6062,0.6104,0.6029
3315.0000,0.6075,0.6123,0.6200,0.6135,0.6064,0.6108,0.5975
3320.0000,0.6087,0.6139,0.6207,0.6109,0.6089,0.6061,0.6039
3325.0000,0.6107,0.6150,0.6207,0.6090,0.6103,0.6033,0.6071
3330.0000,0.6130,0.6157,0.6201,0.6080,0.6105,0.6022,0.6093
3335.0000,0.6139,0.6171,0.6184,0.6079,0.6097,0.6022,0.6121
3340.0000,0.6133,0.6190,0.6156,0.6088,0.6074,0.6045,0.6123
3345.0000,0.6156,0.6190,0.6136,0.6096,0.6050,0.6076,0.6118
3350.0000,0.6149,0.6202,0.6108,0.6107,0.6027,0.6111,0.6109
3355.0000,0.6113,0.6224,0.6077,0.6120,0.6005,0.6152,0.6078
3360.0000,0.6157,0.6193,0.6081,0.6108,0.6012,0.6164,0.6056
3365.0000,0.6154,0.6182,0.6075,0.6102,0.6014,0.6191,0.5978
3370.0000,0.6163,0.6150,0.6092,0.6076,0.6052,0.6162,0.5966
3375.0000,0.6165,0.6118,0.6114,0.6044,0.6104,0.6104,0.5968
3380.0000,0.6177,0.6081,0.6134,0.6022,0.6138,0.6071,0.5909
3385.0000,0.6175,0.6056,0.6149,0.5999,0.6187,0.5983,0.5963
3390.0000,0.6138,0.6067,0.6135,0.6004,0.6199,0.5929,0.5980
3395.0000,0.6110,0.6087,0.6105,0.6026,0.6187,0.5887,0.6015
3400.0000,0.6056,0.6134,0.6052,0.6071,0.6140,0.5882,0.6024
3405.0000,0.6083,0.6135,0.6021,0.6113,0.6078,0.5907,0.6009
3410.0000,0.6065,0.6159,0.5981,0.6158,0.6011,0.5932,0.6023
3415.0000,0.6058,0.6164,0.5959,0.6193,0.5938,0.5987,0.5979
3420.0000,0.6049,0.6150,0.5962,0.6206,0.5886,0.6033,0.5936
3425.0000,0.6096,0.6096,0.6001,0.6191,0.5854,0.6080,0.5843
3430.0000,0.6109,0.6049,0.6055,0.6150,0.5864,0.6073,0.5815
3435.0000,0.6129,0.5999,0.6122,0.6086,0.5909,0.6021,0.5818
3440.0000,0.6098,0.5988,0.6163,0.6037,0.5933,0.6009,0.5710
3445.0000,0.6099,0.5968,0.6214,0.5967,0.6007,0.5894,0.5820
3450.0000,0.6084,0.5984,0.6227,0.5925,0.6046,0.5818,0.5867
3455.0000,0.6055,0.6028,0.6202,0.5916,0.6045,0.5784,0.5880
3460.0000,0.6030,0.6085,0.6154,0.5924,0.6028,0.5754,0.5933
3465.0000,0.5981,0.6163,0.6073,0.5964,0.5964,0.5788,0.5902
3470.0000,0.6045,0.6174,0.6022,0.5992,0.5906,0.5823,0.5887
3475.0000,0.6038,0.6207,0.5959,0.6027,0.5843,0.5861,0.5881
3480.0000,0.6018,0.6223,0.5911,0.6052,0.5788,0.5906,0.5860
3485.0000,0.6095,0.6161,0.5921,0.6038,0.5771,0.5920,0.5863
3490.0000,0.6112,0.6112,0.5932,0.6021,0.5753,0.5958,0.5808
3495.0000,0.6136,0.6041,0.5973,0.5975,0.5776,0.5948,0.5812
3500.0000,0.6109,0.5996,0.6009,0.5925,0.5812,0.5925,0.5810
3505.0000,0.6113,0.5940,0.6051,0.5874,0.5845,0.5917,0.5752
3510.0000,0.6091,0.5912,0.6078,0.5823,0.5900,0.5857,0.5786
3515.0000,0.6034,0.5928,0.6070,0.5797,0.5934,0.5813,0.5793
3520.0000,0.6002,0.5953,0.6041,0.5790,0.5948,0.5781,0.5790
3525.0000,0.5946,0.6006,0.5984,0.5804,0.5945,0.5751,0.5815
3530.0000,0.5967,0.6019,0.5937,0.5826,0.5924,0.5742,0.5819
3535.0000,0.5944,0.6060,0.5868,0.5866,0.5884,0.5745,0.5838
3540.0000,0.5931,0.6078,0.5810,0.5906,0.5833,0.5771,0.5828
3545.0000,0.5928,0.6066,0.5777,0.5935,0.5786,0.5800,0.5821
3550.0000,0.5985,0.6004,0.5783,0.5944,0.5750,0.5836,0.5789
3555.0000,0.5999,0.5945,0.5805,0.5934,0.5737,0.5846,0.5812
3560.0000,0.6006,0.5886,0.5841,0.5911,0.5738,0.5850,0.5836
3565.0000,0.5973,0.5851,0.5868,0.5890,0.5732,0.5882,0.5799
3570.0000,0.5943,0.5825,0.5902,0.5854,0.5756,0.5869,0.5856
3575.0000,0.5897,0.5826,0.5918,0.5827,0.5774,0.5873,0.5876
3580.0000,0.5880,0.5828,0.5929,0.5800,0.5795,0.5880,0.5885
3585.0000,0.5862,0.5843,0.5925,0.5783,0.5810,0.5896,0.5874
3590.0000,0.5849,0.5861,0.5915,0.5768,0.5835,0.5895,0.5890
3595.0000,0.5859,0.5870,0.5903,0.5758,0.5860,0.5891,0.5905
3600.0000,0.5852,0.5891,0.5873,0.5763,0.5871,0.5901,0.5900
3605.0000,0.5826,0.5920,0.5837,0.5774,0.5885,0.5897,0.5928
3610.0000,0.5862,0.5910,0.5816,0.5784,0.5896,0.5901,0.5944
3615.0000,0.5857,0.5917,0.5784,0.5807,0.5894,0.5917,0.5950
3620.0000,0.5856,0.5909,0.5763,0.5828,0.5891,0.5935,0.5950
3625.0000,0.5877,0.5880,0.5758,0.5844,0.5890,0.5958,0.5931
3630.0000,0.5878,0.5855,0.5758,0.5859,0.5889,0.5984,0.5888
3635.0000,0.5869,0.5829,0.5767,0.5866,0.5903,0.5983,0.5869
3640.0000,0.5858,0.5805,0.5783,0.5869,0.5921,0.5975,0.5833
3645.0000,0.5839,0.5795,0.5793,0.5877,0.5930,0.5976,0.5744
