150.0000,0.9144,0.8993,0.8582,0.8058,0.7535,0.7267,0.7116
155.0000,0.9086,0.8902,0.8514,0.7983,0.7477,0.7209,0.7066
160.0000,0.9010,0.8824,0.8438,0.7916,0.7410,0.7169,0.6986
165.0000,0.8915,0.8753,0.8363,0.7845,0.7359,0.7100,0.6970
170.0000,0.8854,0.8665,0.8297,0.7772,0.7307,0.7044,0.6931
175.0000,0.8771,0.8594,0.8220,0.7710,0.7243,0.7007,0.6867
180.0000,0.8697,0.8516,0.8150,0.7642,0.7193,0.6950,0.6849
185.0000,0.8629,0.8433,0.8085,0.7573,0.7146,0.6893,0.6843
190.0000,0.8542,0.8370,0.8006,0.7518,0.7083,0.6864,0.6809
195.0000,0.8453,0.8308,0.7929,0.7460,0.7029,0.6825,0.6827
200.0000,0.8367,0.8244,0.7854,0.7404,0.6975,0.6797,0.6852
205.0000,0.8324,0.8156,0.7791,0.7348,0.6916,0.6797,0.6858
210.0000,0.8236,0.8094,0.7718,0.7294,0.6863,0.6795,0.6915
215.0000,0.8156,0.8026,0.7652,0.7239,0.6817,0.6807,0.6990
220.0000,0.8112,0.7941,0.7596,0.7182,0.6770,0.6853,0.7045
225.0000,0.8029,0.7876,0.7533,0.7126,0.6737,0.6901,0.7153
230.0000,0.7941,0.7816,0.7472,0.7068,0.6717,0.6964,0.7287
235.0000,0.7896,0.7734,0.7425,0.7004,0.6714,0.7042,0.7447
240.0000,0.7833,0.7666,0.7369,0.6949,0.6714,0.7162,0.7605
245.0000,0.7748,0.7611,0.7309,0.6898,0.6731,0.7302,0.7783
250.0000,0.7700,0.7537,0.7262,0.6840,0.6780,0.7446,0.8011
255.0000,0.7628,0.7484,0.7200,0.6800,0.6831,0.7637,0.8228
260.0000,0.7563,0.7426,0.7144,0.6760,0.6918,0.7829,0.8514
265.0000,0.7513,0.7363,0.7085,0.6737,0.7010,0.8079,0.8750
270.0000,0.7442,0.7316,0.7020,0.6727,0.7127,0.8348,0.8995
275.0000,0.7371,0.7267,0.6961,0.6721,0.7288,0.8603,0.9311
280.0000,0.7332,0.7201,0.6915,0.6725,0.7478,0.8876,0.9625
285.0000,0.7275,0.7147,0.6860,0.6758,0.7677,0.9193,0.9893
290.0000,0.7205,0.7103,0.6807,0.6811,0.7900,0.9523,1.0118
295.0000,0.7167,0.7037,0.6780,0.6867,0.8178,0.9811,1.0392
300.0000,0.7110,0.6990,0.6746,0.6962,0.8453,1.0135,1.0568
305.0000,0.7062,0.6937,0.6735,0.7065,0.8782,1.0387,1.0839
310.0000,0.7017,0.6890,0.6730,0.7201,0.9111,1.0650,1.1013
315.0000,0.6965,0.6862,0.6727,0.7377,0.9435,1.0912,1.1102
320.0000,0.6913,0.6843,0.6743,0.7572,0.9784,1.1099,1.1247
325.0000,0.6856,0.6838,0.6773,0.7798,1.0127,1.1251,1.1353
365.0000,0.6982,0.7206,0.7916,1.0325,1.1769,1.1276,1.0882
370.0000,0.7067,0.7333,0.8195,1.0630,1.1791,1.1129,1.0766
375.0000,0.7195,0.7474,0.8502,1.0912,1.1759,1.0990,1.0601
380.0000,0.7326,0.7647,0.8825,1.1163,1.1685,1.0842,1.0423
385.0000,0.7438,0.7871,0.9149,1.1382,1.1573,1.0686,1.0240
390.0000,0.7638,0.8082,0.9503,1.1542,1.1453,1.0493,1.0099
395.0000,0.7850,0.8321,0.9850,1.1667,1.1293,1.0327,0.9924
400.0000,0.8074,0.8583,1.0187,1.1745,1.1115,1.0159,0.9757
405.0000,0.8304,0.8867,1.0504,1.1779,1.0924,0.9996,0.9584
410.0000,0.8529,0.9188,1.0780,1.1782,1.0712,0.9855,0.9377
415.0000,0.8826,0.9470,1.1057,1.1718,1.0534,0.9658,0.9292
420.0000,0.9103,0.9768,1.1284,1.1631,1.0336,0.9503,0.9151
425.0000,0.9395,1.0053,1.1471,1.1515,1.0135,0.9371,0.8983
430.0000,0.9615,1.0373,1.1590,1.1382,0.9940,0.9230,0.8856
435.0000,0.9924,1.0619,1.1696,1.1208,0.9776,0.9067,0.8777
440.0000,1.0202,1.0852,1.1746,1.1032,0.9596,0.8954,0.8640
445.0000,1.0458,1.1051,1.1757,1.0839,0.9437,0.8826,0.8556
450.0000,1.0613,1.1261,1.1704,1.0654,0.9276,0.8716,0.8462
455.0000,1.0868,1.1377,1.1639,1.0458,0.9124,0.8631,0.8328
460.0000,1.1035,1.1480,1.1535,1.0260,0.8998,0.8511,0.8300
465.0000,1.1162,1.1547,1.1399,1.0072,0.8868,0.8425,0.8224
470.0000,1.1305,1.1548,1.1255,0.9885,0.8744,0.8360,0.8113
475.0000,1.1362,1.1541,1.1084,0.9705,0.8642,0.8268,0.8083
480.0000,1.1375,1.1503,1.0897,0.9539,0.8538,0.8200,0.8014
485.0000,1.1416,1.1403,1.0721,0.9370,0.8452,0.8129,0.7948
490.0000,1.1379,1.1304,1.0523,0.9223,0.8361,0.8078,0.7854
495.0000,1.1303,1.1182,1.0331,0.9075,0.8296,0.7992,0.7830
500.0000,1.1250,1.1017,1.0152,0.8935,0.8232,0.7922,0.7779
505.0000,1.1133,1.0867,0.9958,0.8817,0.8159,0.7870,0.7708
510.0000,1.1009,1.0697,0.9777,0.8704,0.8097,0.7806,0.7662
515.0000,1.0885,1.0509,0.9611,0.8595,0.8043,0.7738,0.7628
520.0000,1.0712,1.0346,0.9434,0.8508,0.7973,0.7693,0.7570
525.0000,1.0524,1.0186,0.9265,0.8429,0.7907,0.7644,0.7529
530.0000,1.0387,0.9995,0.9123,0.8348,0.7848,0.7596,0.7485
535.0000,1.0231,0.9814,0.8988,0.8276,0.7783,0.7564,0.7416
540.0000,1.0033,0.9658,0.8856,0.8207,0.7729,0.7511,0.7401
545.0000,0.9886,0.9482,0.8749,0.8135,0.7678,0.7467,0.7365
550.0000,0.9712,0.9337,0.8636,0.8076,0.7616,0.7444,0.7299
555.0000,0.9570,0.9177,0.8549,0.8007,0.7573,0.7398,0.7273
560.0000,0.9421,0.9030,0.8469,0.7937,0.7537,0.7348,0.7254
565.0000,0.9262,0.8910,0.8382,0.7881,0.7486,0.7324,0.7195
570.0000,0.9108,0.8801,0.8300,0.7823,0.7446,0.7284,0.7173
575.0000,0.8979,0.8691,0.8228,0.7765,0.7410,0.7245,0.7143
580.0000,0.8876,0.8580,0.8162,0.7711,0.7367,0.7224,0.7073
585.0000,0.8744,0.8497,0.8090,0.7659,0.7337,0.7174,0.7074
590.0000,0.8609,0.8428,0.8014,0.7615,0.7298,0.7140,0.7045
595.0000,0.8543,0.8332,0.7957,0.7565,0.7267,0.7104,0.7013
600.0000,0.8451,0.8258,0.7891,0.7525,0.7226,0.7081,0.6960
605.0000,0.8345,0.8192,0.7829,0.7483,0.7196,0.7037,0.6947
610.0000,0.8290,0.8108,0.7780,0.7438,0.7166,0.7002,0.6916
615.0000,0.8216,0.8039,0.7726,0.7401,0.7127,0.6978,0.6867
620.0000,0.8119,0.7984,0.7671,0.7364,0.7097,0.6937,0.6853
625.0000,0.8071,0.7910,0.7628,0.7324,0.7067,0.6903,0.6823
630.0000,0.7995,0.7859,0.7575,0.7294,0.7026,0.6882,0.6775
635.0000,0.7929,0.7803,0.7530,0.7259,0.6994,0.6848,0.6749
640.0000,0.7885,0.7736,0.7496,0.7218,0.6969,0.6806,0.6731
645.0000,0.7817,0.7691,0.7449,0.7189,0.6929,0.6784,0.6686
650.0000,0.7748,0.7649,0.7406,0.7156,0.6897,0.6751,0.6666
655.0000,0.7712,0.7591,0.7374,0.7119,0.6868,0.6717,0.6641
660.0000,0.7663,0.7546,0.7335,0.7089,0.6830,0.6700,0.6591
665.0000,0.7601,0.7508,0.7298,0.7055,0.6803,0.6660,0.6589
670.0000,0.7568,0.7457,0.7268,0.7019,0.6773,0.6630,0.6568
675.0000,0.7517,0.7423,0.7227,0.6991,0.6734,0.6617,0.6523
680.0000,0.7471,0.7386,0.7192,0.6958,0.6704,0.6588,0.6507
685.0000,0.7441,0.7338,0.7165,0.6920,0.6681,0.6556,0.6496
690.0000,0.7394,0.7307,0.7127,0.6892,0.6645,0.6545,0.6452
695.0000,0.7347,0.7276,0.7092,0.6860,0.6618,0.6518,0.6442
700.0000,0.7297,0.7246,0.7056,0.6828,0.6593,0.6493,0.6426
705.0000,0.7284,0.7199,0.7028,0.6795,0.6563,0.6485,0.6373
710.0000,0.7240,0.7168,0.6996,0.6761,0.6545,0.6450,0.6384
715.0000,0.7191,0.7141,0.6959,0.6731,0.6522,0.6427,0.6370
720.0000,0.7176,0.7097,0.6933,0.6698,0.6503,0.6404,0.6354
725.0000,0.7139,0.7066,0.6897,0.6672,0.6476,0.6394,0.6320
730.0000,0.7090,0.7040,0.6861,0.6644,0.6458,0.6368,0.6317
735.0000,0.7074,0.6997,0.6834,0.6614,0.6440,0.6347,0.6301
740.0000,0.7033,0.6972,0.6796,0.6593,0.6413,0.6340,0.6268
745.0000,0.6991,0.6944,0.6762,0.6568,0.6396,0.6315,0.6264
750.0000,0.6977,0.6900,0.6738,0.6541,0.6380,0.6296,0.6249
755.0000,0.6937,0.6873,0.6703,0.6522,0.6356,0.6289,0.6216
760.0000,0.6899,0.6843,0.6673,0.6499,0.6339,0.6268,0.6205
765.0000,0.6882,0.6800,0.6653,0.6472,0.6329,0.6243,0.6196
770.0000,0.6843,0.6774,0.6622,0.6454,0.6306,0.6234,0.6163
775.0000,0.6801,0.6749,0.6594,0.6434,0.6291,0.6213,0.6154
780.0000,0.6783,0.6712,0.6573,0.6411,0.6277,0.6191,0.6140
785.0000,0.6752,0.6685,0.6546,0.6396,0.6254,0.6184,0.6100
790.0000,0.6711,0.6663,0.6520,0.6377,0.6241,0.6156,0.6102
795.0000,0.6695,0.6628,0.6502,0.6356,0.6227,0.6135,0.6088
800.0000,0.6662,0.6607,0.6475,0.6343,0.6202,0.6129,0.6050
805.0000,0.6630,0.6584,0.6452,0.6326,0.6185,0.6107,0.6041
810.0000,0.6615,0.6551,0.6438,0.6305,0.6173,0.6081,0.6035
815.0000,0.6586,0.6531,0.6414,0.6292,0.6148,0.6074,0.5997
820.0000,0.6554,0.6511,0.6394,0.6275,0.6131,0.6052,0.5992
825.0000,0.6516,0.6495,0.6372,0.6259,0.6113,0.6033,0.5980
830.0000,0.6514,0.6463,0.6359,0.6242,0.6090,0.6028,0.5934
835.0000,0.6485,0.6444,0.6342,0.6222,0.6078,0.5998,0.5948
840.0000,0.6452,0.6430,0.6322,0.6205,0.6060,0.5978,0.5944
845.0000,0.6448,0.6400,0.6311,0.6183,0.6046,0.5958,0.5941
850.0000,0.6424,0.6385,0.6291,0.6168,0.6021,0.5953,0.5922
855.0000,0.6391,0.6373,0.6271,0.6151,0.6005,0.5935,0.5936
860.0000,0.6388,0.6345,0.6259,0.6130,0.5989,0.5923,0.5948
865.0000,0.6364,0.6333,0.6237,0.6116,0.5964,0.5928,0.5948
870.0000,0.6335,0.6321,0.6217,0.6098,0.5949,0.5922,0.5988
875.0000,0.6334,0.6293,0.6205,0.6077,0.5934,0.5926,0.6028
880.0000,0.6310,0.6281,0.6183,0.6062,0.5912,0.5951,0.6061
885.0000,0.6283,0.6268,0.6163,0.6044,0.5899,0.5972,0.6133
890.0000,0.6282,0.6240,0.6151,0.6023,0.5890,0.6009,0.6204
895.0000,0.6259,0.6227,0.6130,0.6007,0.5879,0.6068,0.6274
900.0000,0.6233,0.6212,0.6113,0.5985,0.5884,0.6120,0.6399
905.0000,0.6228,0.6186,0.6101,0.5962,0.5896,0.6193,0.6531
910.0000,0.6208,0.6170,0.6081,0.5947,0.5906,0.6298,0.6657
915.0000,0.6181,0.6159,0.6058,0.5934,0.5926,0.6424,0.6779
920.0000,0.6175,0.6131,0.6047,0.5912,0.5975,0.6542,0.6949
925.0000,0.6154,0.6117,0.6026,0.5902,0.6024,0.6700,0.7090
930.0000,0.6133,0.6100,0.6009,0.5889,0.6104,0.6845,0.7295
935.0000,0.6123,0.6077,0.5992,0.5885,0.6189,0.7031,0.7444
940.0000,0.6101,0.6062,0.5970,0.5891,0.6291,0.7229,0.7574
945.0000,0.6079,0.6046,0.5953,0.5897,0.6430,0.7398,0.7772
950.0000,0.6052,0.6031,0.5937,0.5914,0.6588,0.7571,0.7956
955.0000,0.6050,0.6007,0.5921,0.5950,0.6748,0.7773,0.8071
960.0000,0.6027,0.5994,0.5904,0.5999,0.6930,0.7952,0.8198
965.0000,0.5999,0.5983,0.5891,0.6062,0.7134,0.8103,0.8336
970.0000,0.5997,0.5962,0.5888,0.6142,0.7346,0.8244,0.8444
975.0000,0.5975,0.5957,0.5879,0.6251,0.7545,0.8391,0.8494
980.0000,0.5948,0.5955,0.5880,0.6375,0.7756,0.8496,0.8556
985.0000,0.5954,0.5938,0.5902,0.6512,0.7969,0.8569,0.8605
990.0000,0.5938,0.5943,0.5921,0.6681,0.8151,0.8645,0.8592
995.0000,0.5913,0.5958,0.5955,0.6863,0.8327,0.8678,0.8596
1000.0000,0.5935,0.5954,0.6021,0.7050,0.8489,0.8680,0.8585
1005.0000,0.5932,0.5977,0.6091,0.7258,0.8612,0.8682,0.8525
1010.0000,0.5939,0.6004,0.6186,0.7466,0.8717,0.8646,0.8487
1015.0000,0.5972,0.6031,0.6309,0.7672,0.8795,0.8591,0.8437
1020.0000,0.5991,0.6087,0.6439,0.7883,0.8831,0.8540,0.8360
1025.0000,0.6022,0.6154,0.6592,0.8082,0.8840,0.8474,0.8281
1030.0000,0.6086,0.6223,0.6772,0.8262,0.8826,0.8399,0.8194
1035.0000,0.6138,0.6327,0.6954,0.8430,0.8778,0.8331,0.8083
1040.0000,0.6226,0.6427,0.7163,0.8562,0.8728,0.8227,0.8034
1045.0000,0.6323,0.6547,0.7376,0.8672,0.8651,0.8142,0.7949
1050.0000,0.6433,0.6683,0.7590,0.8756,0.8555,0.8069,0.7848
1055.0000,0.6525,0.6855,0.7791,0.8814,0.8453,0.7987,0.7770
1060.0000,0.6674,0.7014,0.7998,0.8833,0.8359,0.7891,0.7719
1065.0000,0.6834,0.7181,0.8189,0.8831,0.8248,0.7825,0.7628
1070.0000,0.6998,0.7356,0.8362,0.8801,0.8147,0.7748,0.7575
1075.0000,0.7103,0.7571,0.8492,0.8760,0.8040,0.7682,0.7517
1080.0000,0.7304,0.7745,0.8613,0.8696,0.7933,0.7638,0.7415
1085.0000,0.7487,0.7914,0.8710,0.8609,0.7854,0.7557,0.7412
1090.0000,0.7657,0.8079,0.8774,0.8516,0.7771,0.7501,0.7370
1095.0000,0.7832,0.8222,0.8814,0.8414,0.7697,0.7447,0.7329
1100.0000,0.7955,0.8380,0.8806,0.8321,0.7615,0.7417,0.7262
1105.0000,0.8104,0.8490,0.8792,0.8213,0.7560,0.7357,0.7252
1110.0000,0.8257,0.8565,0.8761,0.8106,0.7507,0.7312,0.7221
1115.0000,0.8363,0.8634,0.8700,0.8010,0.7450,0.7285,0.7170
1120.0000,0.8422,0.8694,0.8617,0.7919,0.7402,0.7246,0.7147
1125.0000,0.8525,0.8695,0.8543,0.7824,0.7368,0.7202,0.7131
1130.0000,0.8577,0.8691,0.8447,0.7746,0.7324,0.7178,0.7090
1135.0000,0.8586,0.8679,0.8341,0.7674,0.7287,0.7147,0.7071
1140.0000,0.8616,0.8625,0.8247,0.7601,0.7258,0.7112,0.7057
1145.0000,0.8598,0.8576,0.8140,0.7546,0.7218,0.7096,0.7020
1150.0000,0.8561,0.8512,0.8038,0.7491,0.7186,0.7070,0.7004
1155.0000,0.8538,0.8421,0.7951,0.7438,0.7160,0.7045,0.6985
1160.0000,0.8483,0.8336,0.7860,0.7395,0.7125,0.7036,0.6938
1165.0000,0.8399,0.8254,0.7774,0.7352,0.7103,0.7004,0.6941
1170.0000,0.8342,0.8153,0.7705,0.7309,0.7082,0.6979,0.6928
1175.0000,0.8257,0.8069,0.7629,0.7278,0.7050,0.6973,0.6885
1180.0000,0.8180,0.7975,0.7569,0.7241,0.7032,0.6947,0.6880
1185.0000,0.8102,0.7882,0.7517,0.7204,0.7017,0.6919,0.6875
1190.0000,0.8009,0.7809,0.7458,0.7179,0.6988,0.6913,0.6837
1195.0000,0.7916,0.7741,0.7405,0.7153,0.6968,0.6892,0.6833
1200.0000,0.7830,0.7674,0.7358,0.7127,0.6949,0.6873,0.6823
1205.0000,0.7777,0.7597,0.7321,0.7102,0.6925,0.6871,0.6775
1210.0000,0.7694,0.7543,0.7281,0.7077,0.6911,0.6843,0.6789
1215.0000,0.7610,0.7497,0.7241,0.7055,0.6893,0.6827,0.6781
1220.0000,0.7571,0.7433,0.7215,0.7029,0.6879,0.6809,0.6770
1225.0000,0.7514,0.7387,0.7183,0.7011,0.6857,0.6805,0.6738
1230.0000,0.7442,0.7352,0.7151,0.6990,0.6845,0.6784,0.6740
1235.0000,0.7412,0.7300,0.7131,0.6966,0.6833,0.6767,0.6731
1240.0000,0.7360,0.7268,0.7101,0.6950,0.6812,0.6764,0.6701
1245.0000,0.7313,0.7236,0.7076,0.6931,0.6800,0.6746,0.6697
1250.0000,0.7289,0.7193,0.7060,0.6907,0.6792,0.6725,0.6694
1255.0000,0.7244,0.7169,0.7033,0.6894,0.6773,0.6722,0.6666
1260.0000,0.7198,0.7148,0.7007,0.6879,0.6760,0.6706,0.6663
1265.0000,0.7182,0.7112,0.6991,0.6860,0.6750,0.6690,0.6656
1270.0000,0.7149,0.7091,0.6967,0.6849,0.6730,0.6691,0.6621
1275.0000,0.7111,0.7072,0.6946,0.6833,0.6721,0.6670,0.6630
1280.0000,0.7099,0.7039,0.6932,0.6815,0.6712,0.6654,0.6625
1285.0000,0.7071,0.7020,0.6911,0.6805,0.6692,0.6656,0.6593
1290.0000,0.7037,0.7003,0.6892,0.6790,0.6684,0.6637,0.6602
1295.0000,0.7027,0.6974,0.6880,0.6773,0.6675,0.6623,0.6598
1300.0000,0.7001,0.6959,0.6860,0.6765,0.6655,0.6627,0.6566
1305.0000,0.6974,0.6943,0.6843,0.6751,0.6646,0.6613,0.6570
1310.0000,0.6965,0.6915,0.6834,0.6733,0.6640,0.6596,0.6573
1315.0000,0.6942,0.6901,0.6816,0.6724,0.6623,0.6600,0.6544
1320.0000,0.6916,0.6888,0.6800,0.6711,0.6615,0.6587,0.6549
1325.0000,0.6882,0.6879,0.6783,0.6700,0.6606,0.6577,0.6547
1330.0000,0.6888,0.6852,0.6774,0.6688,0.6591,0.6584,0.6508
1335.0000,0.6865,0.6840,0.6760,0.6674,0.6589,0.6565,0.6528
1340.0000,0.6836,0.6831,0.6744,0.6663,0.6582,0.6555,0.6528
1345.0000,0.6839,0.6806,0.6737,0.6648,0.6578,0.6544,0.6526
1350.0000,0.6819,0.6796,0.6720,0.6641,0.6564,0.6548,0.6503
1355.0000,0.6792,0.6788,0.6705,0.6630,0.6560,0.6534,0.6511
1360.0000,0.6796,0.6764,0.6698,0.6617,0.6557,0.6524,0.6510
1365.0000,0.6776,0.6755,0.6682,0.6612,0.6544,0.6528,0.6490
1370.0000,0.6751,0.6748,0.6667,0.6604,0.6538,0.6519,0.6494
1375.0000,0.6755,0.6724,0.6662,0.6592,0.6536,0.6509,0.6497
1380.0000,0.6736,0.6716,0.6646,0.6588,0.6523,0.6514,0.6477
1385.0000,0.6715,0.6708,0.6634,0.6580,0.6519,0.6506,0.6482
1390.0000,0.6716,0.6687,0.6629,0.6569,0.6516,0.6498,0.6483
1395.0000,0.6700,0.6678,0.6616,0.6566,0.6504,0.6506,0.6457
1400.0000,0.6680,0.6670,0.6606,0.6557,0.6503,0.6494,0.6471
1405.0000,0.6680,0.6651,0.6603,0.6547,0.6502,0.6486,0.6473
1410.0000,0.6664,0.6644,0.6590,0.6545,0.6491,0.6495,0.6446
1415.0000,0.6646,0.6638,0.6581,0.6537,0.6491,0.6483,0.6460
1420.0000,0.6646,0.6620,0.6579,0.6528,0.6491,0.6476,0.6462
1425.0000,0.6632,0.6615,0.6567,0.6526,0.6480,0.6485,0.6436
1430.0000,0.6614,0.6611,0.6558,0.6521,0.6479,0.6476,0.6443
1435.0000,0.6616,0.6594,0.6556,0.6511,0.6481,0.6465,0.6448
1440.0000,0.6603,0.6590,0.6545,0.6511,0.6471,0.6473,0.6421
1445.0000,0.6589,0.6585,0.6537,0.6506,0.6470,0.6463,0.6429
1450.0000,0.6564,0.6585,0.6527,0.6503,0.6468,0.6456,0.6429
1455.0000,0.6579,0.6567,0.6524,0.6500,0.6460,0.6464,0.6392
1460.0000,0.6566,0.6561,0.6519,0.6494,0.6462,0.6446,0.6412
1465.0000,0.6547,0.6559,0.6511,0.6491,0.6459,0.6437,0.6413
1470.0000,0.6557,0.6543,0.6512,0.6485,0.6458,0.6427,0.6411
1475.0000,0.6544,0.6542,0.6502,0.6486,0.6447,0.6431,0.6390
1480.0000,0.6526,0.6540,0.6496,0.6483,0.6444,0.6419,0.6397
1485.0000,0.6537,0.6524,0.6498,0.6477,0.6442,0.6410,0.6395
1490.0000,0.6526,0.6523,0.6490,0.6477,0.6430,0.6414,0.6375
1495.0000,0.6508,0.6524,0.6484,0.6474,0.6424,0.6404,0.6380
1500.0000,0.6520,0.6508,0.6487,0.6466,0.6423,0.6393,0.6384
1505.0000,0.6510,0.6507,0.6481,0.6465,0.6411,0.6397,0.6367
1510.0000,0.6498,0.6506,0.6477,0.6461,0.6405,0.6390,0.6373
1515.0000,0.6505,0.6494,0.6479,0.6453,0.6402,0.6384,0.6375
1520.0000,0.6496,0.6495,0.6472,0.6451,0.6388,0.6394,0.6351
1525.0000,0.6485,0.6494,0.6469,0.6444,0.6387,0.6384,0.6367
1530.0000,0.6492,0.6483,0.6471,0.6434,0.6386,0.6378,0.6372
1535.0000,0.6485,0.6483,0.6463,0.6431,0.6374,0.6389,0.6349
1540.0000,0.6473,0.6485,0.6457,0.6424,0.6373,0.6383,0.6361
1545.0000,0.6481,0.6473,0.6458,0.6413,0.6376,0.6376,0.6370
1550.0000,0.6475,0.6473,0.6450,0.6411,0.6368,0.6387,0.6348
1555.0000,0.6463,0.6475,0.6442,0.6405,0.6368,0.6382,0.6361
1560.0000,0.6471,0.6462,0.6442,0.6395,0.6373,0.6375,0.6370
1565.0000,0.6464,0.6462,0.6432,0.6394,0.6366,0.6387,0.6348
1570.0000,0.6455,0.6460,0.6424,0.6389,0.6368,0.6381,0.6362
1575.0000,0.6433,0.6464,0.6413,0.6387,0.6369,0.6378,0.6370
1580.0000,0.6451,0.6448,0.6410,0.6385,0.6364,0.6391,0.6341
1585.0000,0.6441,0.6445,0.6403,0.6381,0.6369,0.6381,0.6366
1590.0000,0.6425,0.6445,0.6395,0.6380,0.6370,0.6379,0.6374
1595.0000,0.6437,0.6429,0.6395,0.6376,0.6374,0.6377,0.6378
1600.0000,0.6426,0.6428,0.6385,0.6380,0.6367,0.6388,0.6363
1605.0000,0.6410,0.6426,0.6380,0.6379,0.6370,0.6383,0.6376
1610.0000,0.6421,0.6409,0.6382,0.6375,0.6375,0.6381,0.6381
1615.0000,0.6412,0.6407,0.6376,0.6378,0.6369,0.6392,0.6366
1620.0000,0.6394,0.6408,0.6372,0.6379,0.6372,0.6389,0.6376
1625.0000,0.6405,0.6393,0.6376,0.6375,0.6378,0.6384,0.6383
1630.0000,0.6395,0.6393,0.6372,0.6378,0.6373,0.6395,0.6368
1635.0000,0.6383,0.6393,0.6370,0.6378,0.6376,0.6391,0.6378
1640.0000,0.6391,0.6382,0.6374,0.6376,0.6381,0.6388,0.6383
1645.0000,0.6383,0.6383,0.6370,0.6380,0.6376,0.6400,0.6361
1650.0000,0.6373,0.6385,0.6369,0.6380,0.6381,0.6392,0.6376
1655.0000,0.6381,0.6376,0.6373,0.6378,0.6386,0.6388,0.6381
1660.0000,0.6375,0.6379,0.6369,0.6383,0.6380,0.6400,0.6358
1665.0000,0.6365,0.6383,0.6367,0.6384,0.6383,0.6394,0.6369
1670.0000,0.6376,0.6374,0.6373,0.6382,0.6388,0.6386,0.6378
1675.0000,0.6372,0.6377,0.6370,0.6387,0.6382,0.6396,0.6355
1680.0000,0.6366,0.6379,0.6370,0.6388,0.6384,0.6389,0.6366
1685.0000,0.6348,0.6387,0.6367,0.6390,0.6385,0.6383,0.6372
1690.0000,0.6371,0.6376,0.6372,0.6391,0.6381,0.6391,0.6349
1695.0000,0.6365,0.6378,0.6373,0.6392,0.6383,0.6384,0.6361
1700.0000,0.6346,0.6388,0.6370,0.6394,0.6381,0.6379,0.6366
1705.0000,0.6370,0.6378,0.6375,0.6395,0.6374,0.6391,0.6335
1710.0000,0.6365,0.6381,0.6376,0.6394,0.6377,0.6379,0.6358
1715.0000,0.6355,0.6386,0.6376,0.6395,0.6376,0.6375,0.6363
1720.0000,0.6373,0.6377,0.6383,0.6391,0.6378,0.6370,0.6366
1725.0000,0.6367,0.6384,0.6380,0.6394,0.6369,0.6379,0.6349
1730.0000,0.6359,0.6388,0.6381,0.6393,0.6370,0.6371,0.6360
1735.0000,0.6376,0.6380,0.6388,0.6388,0.6372,0.6367,0.6363
1740.0000,0.6373,0.6385,0.6385,0.6390,0.6365,0.6376,0.6346
1745.0000,0.6361,0.6393,0.6383,0.6389,0.6364,0.6372,0.6354
1750.0000,0.6379,0.6384,0.6389,0.6382,0.6368,0.6365,0.6359
1755.0000,0.6376,0.6388,0.6386,0.6384,0.6362,0.6374,0.6342
1760.0000,0.6370,0.6393,0.6384,0.6381,0.6363,0.6368,0.6350
1765.0000,0.6383,0.6386,0.6388,0.6376,0.6366,0.6362,0.6355
1770.0000,0.6378,0.6391,0.6382,0.6379,0.6358,0.6373,0.6332
1775.0000,0.6373,0.6394,0.6380,0.6376,0.6361,0.6364,0.6348
1780.0000,0.6385,0.6386,0.6383,0.6372,0.6364,0.6358,0.6352
1785.0000,0.6382,0.6389,0.6378,0.6375,0.6356,0.6369,0.6330
1790.0000,0.6372,0.6394,0.6373,0.6374,0.6357,0.6363,0.6342
1795.0000,0.6384,0.6385,0.6377,0.6370,0.6360,0.6355,0.6351
1800.0000,0.6381,0.6387,0.6372,0.6373,0.6352,0.6366,0.6329
1805.0000,0.6375,0.6388,0.6369,0.6372,0.6353,0.6361,0.6342
1810.0000,0.6357,0.6394,0.6364,0.6372,0.6353,0.6356,0.6349
1815.0000,0.6378,0.6381,0.6368,0.6370,0.6348,0.6366,0.6328
1820.0000,0.6372,0.6382,0.6366,0.6369,0.6349,0.6361,0.6340
1825.0000,0.6352,0.6389,0.6361,0.6369,0.6349,0.6358,0.6346
1830.0000,0.6374,0.6377,0.6364,0.6368,0.6344,0.6371,0.6315
1835.0000,0.6368,0.6377,0.6364,0.6364,0.6349,0.6360,0.6340
1840.0000,0.6356,0.6380,0.6362,0.6363,0.6350,0.6356,0.6347
1845.0000,0.6371,0.6370,0.6366,0.6358,0.6353,0.6352,0.6351
1850.0000,0.6363,0.6374,0.6361,0.6362,0.6347,0.6362,0.6336
1855.0000,0.6351,0.6379,0.6357,0.6360,0.6349,0.6356,0.6348
1860.0000,0.6367,0.6368,0.6362,0.6356,0.6352,0.6353,0.6353
1865.0000,0.6362,0.6371,0.6357,0.6359,0.6346,0.6363,0.6338
1870.0000,0.6348,0.6376,0.6353,0.6360,0.6347,0.6360,0.6347
1875.0000,0.6365,0.6365,0.6358,0.6355,0.6352,0.6355,0.6354
1880.0000,0.6360,0.6367,0.6354,0.6358,0.6347,0.6365,0.6338
1885.0000,0.6351,0.6369,0.6352,0.6358,0.6349,0.6362,0.6348
1890.0000,0.6362,0.6360,0.6356,0.6354,0.6353,0.6358,0.6353
1895.0000,0.6356,0.6364,0.6351,0.6358,0.6346,0.6371,0.6330
1900.0000,0.6349,0.6365,0.6350,0.6357,0.6351,0.6362,0.6347
1905.0000,0.6359,0.6357,0.6355,0.6354,0.6356,0.6358,0.6353
1910.0000,0.6355,0.6359,0.6351,0.6358,0.6349,0.6370,0.6331
1915.0000,0.6345,0.6363,0.6348,0.6358,0.6352,0.6364,0.6343
1920.0000,0.6356,0.6355,0.6353,0.6355,0.6357,0.6357,0.6351
1925.0000,0.6352,0.6357,0.6349,0.6359,0.6351,0.6368,0.6329
1930.0000,0.6346,0.6360,0.6348,0.6359,0.6353,0.6363,0.6341
1935.0000,0.6327,0.6368,0.6343,0.6362,0.6353,0.6359,0.6345
1940.0000,0.6350,0.6357,0.6347,0.6363,0.6348,0.6372,0.6314
1945.0000,0.6345,0.6358,0.6348,0.6361,0.6353,0.6360,0.6337
1950.0000,0.6327,0.6366,0.6344,0.6363,0.6353,0.6356,0.6342
1955.0000,0.6349,0.6355,0.6349,0.6364,0.6347,0.6368,0.6311
1960.0000,0.6344,0.6357,0.6350,0.6363,0.6351,0.6356,0.6333
1965.0000,0.6334,0.6362,0.6348,0.6363,0.6352,0.6351,0.6337
1970.0000,0.6350,0.6352,0.6355,0.6360,0.6354,0.6346,0.6338
1975.0000,0.6343,0.6358,0.6351,0.6364,0.6346,0.6355,0.6320
1980.0000,0.6334,0.6363,0.6350,0.6363,0.6348,0.6346,0.6330
1985.0000,0.6350,0.6353,0.6357,0.6359,0.6350,0.6340,0.6331
1990.0000,0.6347,0.6358,0.6354,0.6362,0.6343,0.6348,0.6312
1995.0000,0.6334,0.6365,0.6351,0.6362,0.6343,0.6341,0.6319
2000.0000,0.6352,0.6355,0.6358,0.6357,0.6346,0.6332,0.6322
2005.0000,0.6348,0.6359,0.6355,0.6359,0.6338,0.6338,0.6304
2010.0000,0.6342,0.6363,0.6353,0.6358,0.6338,0.6332,0.6309
2015.0000,0.6354,0.6356,0.6358,0.6354,0.6339,0.6325,0.6309
2020.0000,0.6349,0.6361,0.6353,0.6357,0.6329,0.6334,0.6282
2025.0000,0.6343,0.6364,0.6352,0.6355,0.6330,0.6321,0.6294
2030.0000,0.6355,0.6356,0.6357,0.6350,0.6331,0.6313,0.6294
2035.0000,0.6352,0.6360,0.6352,0.6352,0.6321,0.6320,0.6266
2040.0000,0.6343,0.6365,0.6349,0.6350,0.6320,0.6309,0.6273
2045.0000,0.6355,0.6356,0.6354,0.6344,0.6322,0.6296,0.6278
2050.0000,0.6352,0.6358,0.6350,0.6346,0.6312,0.6301,0.6252
2055.0000,0.6347,0.6360,0.6348,0.6343,0.6310,0.6290,0.6260
2060.0000,0.6329,0.6368,0.6342,0.6342,0.6305,0.6282,0.6261
2065.0000,0.6351,0.6357,0.6344,0.6340,0.6294,0.6289,0.6227
2070.0000,0.6345,0.6358,0.6343,0.6336,0.6293,0.6274,0.6245
2075.0000,0.6333,0.6362,0.6338,0.6333,0.6287,0.6267,0.6246
2080.0000,0.6349,0.6353,0.6339,0.6331,0.6275,0.6275,0.6212
2085.0000,0.6342,0.6355,0.6337,0.6326,0.6274,0.6261,0.6231
2090.0000,0.6331,0.6357,0.6333,0.6321,0.6269,0.6253,0.6233
2095.0000,0.6347,0.6346,0.6337,0.6313,0.6267,0.6246,0.6232
2100.0000,0.6339,0.6349,0.6331,0.6311,0.6255,0.6252,0.6211
2105.0000,0.6329,0.6350,0.6327,0.6304,0.6254,0.6241,0.6220
2110.0000,0.6342,0.6338,0.6330,0.6295,0.6253,0.6233,0.6219
2115.0000,0.6336,0.6340,0.6324,0.6292,0.6243,0.6238,0.6200
2120.0000,0.6321,0.6345,0.6317,0.6287,0.6240,0.6229,0.6204
2125.0000,0.6336,0.6332,0.6318,0.6277,0.6241,0.6219,0.6208
2130.0000,0.6329,0.6334,0.6309,0.6275,0.6231,0.6223,0.6190
2135.0000,0.6319,0.6335,0.6302,0.6270,0.6228,0.6216,0.6195
2140.0000,0.6328,0.6324,0.6301,0.6262,0.6227,0.6209,0.6196
2145.0000,0.6320,0.6325,0.6290,0.6262,0.6216,0.6217,0.6171
2150.0000,0.6310,0.6323,0.6284,0.6257,0.6215,0.6206,0.6183
2155.0000,0.6318,0.6310,0.6283,0.6249,0.6214,0.6199,0.6184
2160.0000,0.6311,0.6308,0.6274,0.6248,0.6204,0.6207,0.6158
2165.0000,0.6299,0.6307,0.6268,0.6244,0.6202,0.6198,0.6166
2170.0000,0.6306,0.6293,0.6269,0.6235,0.6204,0.6187,0.6172
2175.0000,0.6298,0.6291,0.6260,0.6234,0.6194,0.6194,0.6146
2180.0000,0.6287,0.6289,0.6255,0.6230,0.6193,0.6185,0.6153
2185.0000,0.6265,0.6291,0.6246,0.6227,0.6190,0.6178,0.6154
2190.0000,0.6282,0.6276,0.6245,0.6224,0.6182,0.6186,0.6118
2195.0000,0.6272,0.6273,0.6241,0.6218,0.6183,0.6170,0.6136
2200.0000,0.6256,0.6273,0.6234,0.6215,0.6180,0.6162,0.6136
2205.0000,0.6268,0.6259,0.6235,0.6208,0.6180,0.6152,0.6133
2210.0000,0.6256,0.6260,0.6226,0.6209,0.6170,0.6156,0.6111
2215.0000,0.6241,0.6259,0.6221,0.6205,0.6168,0.6142,0.6118
2220.0000,0.6253,0.6245,0.6222,0.6198,0.6166,0.6132,0.6116
2225.0000,0.6243,0.6246,0.6214,0.6199,0.6155,0.6135,0.6095
2230.0000,0.6228,0.6245,0.6209,0.6195,0.6151,0.6123,0.6102
2235.0000,0.6240,0.6231,0.6211,0.6188,0.6147,0.6114,0.6099
2240.0000,0.6231,0.6231,0.6204,0.6188,0.6135,0.6117,0.6080
2245.0000,0.6215,0.6233,0.6198,0.6184,0.6129,0.6109,0.6082
2250.0000,0.6227,0.6219,0.6201,0.6176,0.6127,0.6097,0.6084
2255.0000,0.6218,0.6219,0.6194,0.6174,0.6114,0.6101,0.6065
2260.0000,0.6207,0.6218,0.6190,0.6168,0.6109,0.6093,0.6070
2265.0000,0.6215,0.6207,0.6192,0.6159,0.6106,0.6084,0.6071
2270.0000,0.6208,0.6207,0.6185,0.6156,0.6094,0.6092,0.6047
2275.0000,0.6198,0.6206,0.6181,0.6148,0.6092,0.6080,0.6062
2280.0000,0.6205,0.6195,0.6181,0.6138,0.6090,0.6073,0.6065
2285.0000,0.6198,0.6195,0.6173,0.6135,0.6079,0.6082,0.6043
2290.0000,0.6185,0.6197,0.6165,0.6129,0.6075,0.6075,0.6052
2295.0000,0.6193,0.6185,0.6165,0.6119,0.6076,0.6066,0.6061
2300.0000,0.6186,0.6185,0.6156,0.6116,0.6066,0.6076,0.6040
2305.0000,0.6177,0.6184,0.6148,0.6110,0.6065,0.6071,0.6051
2310.0000,0.6156,0.6187,0.6138,0.6105,0.6062,0.6068,0.6055
2315.0000,0.6175,0.6171,0.6135,0.6100,0.6055,0.6081,0.6025
2320.0000,0.6165,0.6168,0.6129,0.6093,0.6058,0.6070,0.6047
2325.0000,0.6151,0.6166,0.6121,0.6088,0.6059,0.6066,0.6052
2330.0000,0.6162,0.6151,0.6120,0.6080,0.6062,0.6061,0.6055
2335.0000,0.6151,0.6149,0.6110,0.6079,0.6056,0.6069,0.6038
2340.0000,0.6134,0.6148,0.6102,0.6075,0.6060,0.6061,0.6049
2345.0000,0.6144,0.6132,0.6102,0.6069,0.6063,0.6057,0.6051
2350.0000,0.6134,0.6130,0.6092,0.6071,0.6057,0.6064,0.6035
2355.0000,0.6116,0.6130,0.6083,0.6070,0.6058,0.6057,0.6044
2360.0000,0.6127,0.6115,0.6084,0.6065,0.6061,0.6053,0.6045
2365.0000,0.6116,0.6113,0.6076,0.6068,0.6054,0.6060,0.6028
2370.0000,0.6099,0.6113,0.6069,0.6069,0.6054,0.6055,0.6032
2375.0000,0.6109,0.6097,0.6072,0.6064,0.6057,0.6047,0.6036
2380.0000,0.6099,0.6095,0.6066,0.6067,0.6051,0.6053,0.6017
2385.0000,0.6087,0.6094,0.6062,0.6067,0.6051,0.6046,0.6022
2390.0000,0.6093,0.6082,0.6066,0.6063,0.6052,0.6039,0.6022
2395.0000,0.6085,0.6081,0.6061,0.6066,0.6044,0.6046,0.5996
2400.0000,0.6074,0.6081,0.6060,0.6064,0.6046,0.6033,0.6010
2405.0000,0.6080,0.6071,0.6064,0.6060,0.6046,0.6025,0.6010
2410.0000,0.6073,0.6072,0.6060,0.6063,0.6037,0.6031,0.5986
2415.0000,0.6063,0.6074,0.6057,0.6062,0.6035,0.6022,0.5992
2420.0000,0.6071,0.6065,0.6062,0.6057,0.6035,0.6010,0.5998
2425.0000,0.6065,0.6068,0.6058,0.6060,0.6025,0.6017,0.5974
2430.0000,0.6057,0.6070,0.6056,0.6058,0.6021,0.6008,0.5983
2435.0000,0.6040,0.6077,0.6051,0.6057,0.6016,0.6002,0.5985
2440.0000,0.6061,0.6065,0.6055,0.6055,0.6006,0.6011,0.5953
2445.0000,0.6056,0.6066,0.6054,0.6050,0.6006,0.5998,0.5972
2450.0000,0.6045,0.6069,0.6052,0.6046,0.6002,0.5992,0.5975
2455.0000,0.6060,0.6059,0.6057,0.6039,0.6001,0.5985,0.5976
2460.0000,0.6053,0.6063,0.6052,0.6038,0.5991,0.5992,0.5958
2465.0000,0.6042,0.6067,0.6049,0.6032,0.5990,0.5983,0.5968
2470.0000,0.6057,0.6056,0.6052,0.6024,0.5990,0.5977,0.5970
2475.0000,0.6052,0.6059,0.6046,0.6022,0.5981,0.5983,0.5954
2480.0000,0.6039,0.6064,0.6041,0.6018,0.5980,0.5976,0.5964
2485.0000,0.6054,0.6053,0.6043,0.6010,0.5981,0.5971,0.5966
2490.0000,0.6048,0.6055,0.6035,0.6008,0.5972,0.5978,0.5950
2495.0000,0.6034,0.6059,0.6028,0.6005,0.5971,0.5974,0.5957
2500.0000,0.6049,0.6047,0.6029,0.5997,0.5973,0.5967,0.5962
2505.0000,0.6043,0.6047,0.6021,0.5997,0.5966,0.5975,0.5946
2510.0000,0.6033,0.6048,0.6015,0.5993,0.5966,0.5970,0.5953
2515.0000,0.6042,0.6036,0.6015,0.5987,0.5968,0.5965,0.5957
2520.0000,0.6035,0.6036,0.6006,0.5988,0.5960,0.5976,0.5934
2525.0000,0.6025,0.6035,0.6001,0.5984,0.5963,0.5966,0.5948
2530.0000,0.6032,0.6023,0.6002,0.5978,0.5966,0.5961,0.5951
2535.0000,0.6025,0.6022,0.5994,0.5980,0.5958,0.5970,0.5928
2540.0000,0.6014,0.6021,0.5989,0.5977,0.5960,0.5963,0.5938
2545.0000,0.6020,0.6009,0.5990,0.5972,0.5964,0.5955,0.5944
2550.0000,0.6012,0.6009,0.5983,0.5974,0.5956,0.5963,0.5922
2555.0000,0.6003,0.6008,0.5979,0.5973,0.5957,0.5955,0.5931
2560.0000,0.5982,0.6012,0.5972,0.5974,0.5955,0.5950,0.5934
2565.0000,0.6000,0.5998,0.5973,0.5973,0.5949,0.5960,0.5903
2570.0000,0.5992,0.5996,0.5971,0.5971,0.5951,0.5947,0.5922
2575.0000,0.5978,0.5997,0.5967,0.5970,0.5950,0.5942,0.5925
2580.0000,0.5990,0.5984,0.5971,0.5966,0.5950,0.5935,0.5925
2585.0000,0.5981,0.5986,0.5966,0.5969,0.5942,0.5941,0.5907
2590.0000,0.5969,0.5988,0.5964,0.5967,0.5942,0.5932,0.5915
2595.0000,0.5981,0.5976,0.5968,0.5962,0.5942,0.5926,0.5915
2600.0000,0.5974,0.5978,0.5964,0.5963,0.5933,0.5931,0.5897
2605.0000,0.5960,0.5982,0.5960,0.5962,0.5931,0.5925,0.5902
2610.0000,0.5974,0.5971,0.5966,0.5956,0.5933,0.5916,0.5905
2615.0000,0.5968,0.5972,0.5962,0.5957,0.5924,0.5921,0.5888
2620.0000,0.5955,0.5977,0.5958,0.5955,0.5922,0.5914,0.5893
2625.0000,0.5969,0.5967,0.5963,0.5948,0.5923,0.5905,0.5897
2630.0000,0.5963,0.5969,0.5958,0.5948,0.5914,0.5911,0.5880
2635.0000,0.5955,0.5971,0.5955,0.5945,0.5912,0.5904,0.5886
2640.0000,0.5965,0.5963,0.5957,0.5939,0.5912,0.5897,0.5890
2645.0000,0.5959,0.5966,0.5951,0.5940,0.5901,0.5906,0.5868
2650.0000,0.5952,0.5968,0.5948,0.5936,0.5901,0.5896,0.5883
2655.0000,0.5961,0.5959,0.5950,0.5930,0.5901,0.5891,0.5887
2660.0000,0.5957,0.5960,0.5944,0.5930,0.5891,0.5901,0.5867
2665.0000,0.5947,0.5963,0.5940,0.5927,0.5890,0.5896,0.5878
2670.0000,0.5957,0.5953,0.5942,0.5919,0.5892,0.5890,0.5887
2675.0000,0.5952,0.5954,0.5936,0.5919,0.5883,0.5901,0.5867
2680.0000,0.5945,0.5954,0.5932,0.5915,0.5883,0.5897,0.5879
2685.0000,0.5927,0.5959,0.5926,0.5912,0.5883,0.5894,0.5885
2690.0000,0.5946,0.5946,0.5926,0.5909,0.5878,0.5908,0.5857
2695.0000,0.5939,0.5945,0.5923,0.5903,0.5883,0.5897,0.5882
2700.0000,0.5927,0.5946,0.5918,0.5900,0.5884,0.5895,0.5889
2705.0000,0.5939,0.5935,0.5920,0.5895,0.5888,0.5893,0.5894
2710.0000,0.5930,0.5937,0.5911,0.5896,0.5883,0.5903,0.5881
2715.0000,0.5917,0.5939,0.5906,0.5894,0.5886,0.5899,0.5892
2720.0000,0.5930,0.5926,0.5907,0.5890,0.5890,0.5897,0.5896
2725.0000,0.5923,0.5926,0.5900,0.5893,0.5886,0.5907,0.5883
2730.0000,0.5909,0.5929,0.5894,0.5893,0.5888,0.5905,0.5890
2735.0000,0.5921,0.5915,0.5897,0.5889,0.5894,0.5900,0.5896
2740.0000,0.5914,0.5915,0.5891,0.5892,0.5890,0.5909,0.5880
2745.0000,0.5904,0.5915,0.5888,0.5892,0.5894,0.5905,0.5888
2750.0000,0.5912,0.5904,0.5891,0.5890,0.5899,0.5899,0.5893
2755.0000,0.5905,0.5905,0.5886,0.5894,0.5895,0.5907,0.5877
2760.0000,0.5895,0.5905,0.5884,0.5895,0.5898,0.5902,0.5883
2765.0000,0.5902,0.5896,0.5888,0.5894,0.5902,0.5897,0.5885
2770.0000,0.5895,0.5898,0.5883,0.5899,0.5895,0.5906,0.5861
2775.0000,0.5886,0.5899,0.5883,0.5900,0.5899,0.5895,0.5874
2780.0000,0.5894,0.5891,0.5888,0.5898,0.5901,0.5888,0.5876
2785.0000,0.5890,0.5893,0.5885,0.5904,0.5894,0.5896,0.5853
2790.0000,0.5880,0.5897,0.5883,0.5905,0.5894,0.5888,0.5861
2795.0000,0.5890,0.5889,0.5890,0.5903,0.5896,0.5878,0.5867
2800.0000,0.5887,0.5891,0.5888,0.5907,0.5887,0.5885,0.5845
2805.0000,0.5882,0.5893,0.5889,0.5907,0.5886,0.5877,0.5852
2810.0000,0.5865,0.5901,0.5887,0.5909,0.5882,0.5872,0.5854
2815.0000,0.5886,0.5892,0.5892,0.5909,0.5874,0.5881,0.5823
2820.0000,0.5881,0.5895,0.5894,0.5906,0.5875,0.5867,0.5843
2825.0000,0.5872,0.5900,0.5894,0.5904,0.5872,0.5861,0.5847
2830.0000,0.5888,0.5893,0.5901,0.5899,0.5871,0.5855,0.5849
2835.0000,0.5883,0.5899,0.5898,0.5900,0.5861,0.5862,0.5833
2840.0000,0.5875,0.5904,0.5897,0.5896,0.5860,0.5854,0.5843
2845.0000,0.5892,0.5896,0.5903,0.5890,0.5860,0.5849,0.5846
2850.0000,0.5889,0.5901,0.5899,0.5889,0.5851,0.5857,0.5832
2855.0000,0.5879,0.5908,0.5895,0.5886,0.5849,0.5852,0.5840
2860.0000,0.5895,0.5899,0.5900,0.5879,0.5851,0.5847,0.5846
2865.0000,0.5892,0.5903,0.5895,0.5878,0.5843,0.5856,0.5832
2870.0000,0.5885,0.5907,0.5891,0.5874,0.5843,0.5853,0.5842
2875.0000,0.5897,0.5899,0.5893,0.5867,0.5845,0.5849,0.5849
2880.0000,0.5892,0.5903,0.5885,0.5867,0.5838,0.5862,0.5830
2885.0000,0.5886,0.5903,0.5882,0.5862,0.5841,0.5855,0.5848
2890.0000,0.5896,0.5894,0.5883,0.5856,0.5844,0.5853,0.5857
2895.0000,0.5891,0.5896,0.5875,0.5858,0.5838,0.5866,0.5840
2900.0000,0.5883,0.5897,0.5870,0.5854,0.5842,0.5862,0.5857
2905.0000,0.5891,0.5887,0.5871,0.5850,0.5846,0.5861,0.5864
2910.0000,0.5886,0.5887,0.5863,0.5852,0.5841,0.5876,0.5846
2915.0000,0.5875,0.5889,0.5858,0.5851,0.5845,0.5874,0.5860
2920.0000,0.5884,0.5878,0.5860,0.5846,0.5852,0.5871,0.5870
2925.0000,0.5878,0.5877,0.5853,0.5850,0.5849,0.5884,0.5851
2930.0000,0.5870,0.5876,0.5850,0.5849,0.5855,0.5881,0.5867
2935.0000,0.5852,0.5879,0.5844,0.5850,0.5859,0.5880,0.5875
2940.0000,0.5869,0.5866,0.5846,0.5852,0.5858,0.5894,0.5850
2945.0000,0.5861,0.5865,0.5844,0.5852,0.5866,0.5886,0.5872
2950.0000,0.5848,0.5867,0.5841,0.5854,0.5870,0.5885,0.5880
2955.0000,0.5860,0.5855,0.5845,0.5854,0.5875,0.5883,0.5885
2960.0000,0.5851,0.5859,0.5839,0.5860,0.5872,0.5894,0.5872
2965.0000,0.5838,0.5861,0.5838,0.5863,0.5876,0.5890,0.5884
2970.0000,0.5852,0.5850,0.5844,0.5863,0.5882,0.5887,0.5889
2975.0000,0.5846,0.5852,0.5841,0.5870,0.5878,0.5898,0.5876
2980.0000,0.5833,0.5857,0.5840,0.5874,0.5880,0.5895,0.5886
2985.0000,0.5848,0.5847,0.5848,0.5873,0.5886,0.5891,0.5893
2990.0000,0.5844,0.5849,0.5848,0.5879,0.5882,0.5901,0.5880
2995.0000,0.5837,0.5852,0.5850,0.5881,0.5885,0.5898,0.5892
3000.0000,0.5847,0.5846,0.5858,0.5880,0.5889,0.5896,0.5899
3005.0000,0.5842,0.5852,0.5857,0.5886,0.5883,0.5910,0.5881
3010.0000,0.5836,0.5857,0.5859,0.5887,0.5887,0.5905,0.5897
3015.0000,0.5848,0.5852,0.5867,0.5886,0.5892,0.5903,0.5904
3020.0000,0.5847,0.5858,0.5866,0.5891,0.5886,0.5917,0.5886
3025.0000,0.5840,0.5865,0.5868,0.5891,0.5891,0.5911,0.5904
3030.0000,0.5854,0.5860,0.5875,0.5889,0.5897,0.5910,0.5912
3035.0000,0.5854,0.5865,0.5875,0.5894,0.5892,0.5923,0.5895
3040.0000,0.5848,0.5873,0.5875,0.5895,0.5896,0.5921,0.5909
3045.0000,0.5861,0.5868,0.5882,0.5892,0.5902,0.5918,0.5918
3050.0000,0.5861,0.5873,0.5880,0.5897,0.5899,0.5932,0.5899
3055.0000,0.5859,0.5878,0.5881,0.5898,0.5904,0.5929,0.5915
3060.0000,0.5844,0.5889,0.5878,0.5900,0.5908,0.5927,0.5924
3065.0000,0.5868,0.5882,0.5883,0.5902,0.5906,0.5942,0.5899
3070.0000,0.5867,0.5885,0.5884,0.5902,0.5913,0.5934,0.5925
3075.0000,0.5859,0.5891,0.5884,0.5905,0.5917,0.5933,0.5935
3080.0000,0.5877,0.5884,0.5890,0.5904,0.5922,0.5933,0.5941
3085.0000,0.5872,0.5891,0.5886,0.5911,0.5918,0.5946,0.5930
3090.0000,0.5865,0.5896,0.5886,0.5913,0.5922,0.5944,0.5943
3095.0000,0.5882,0.5888,0.5893,0.5912,0.5928,0.5944,0.5951
3100.0000,0.5880,0.5893,0.5892,0.5918,0.5925,0.5957,0.5940
3105.0000,0.5869,0.5900,0.5891,0.5921,0.5929,0.5956,0.5953
3110.0000,0.5886,0.5892,0.5900,0.5919,0.5936,0.5955,0.5963
3115.0000,0.5884,0.5896,0.5899,0.5925,0.5934,0.5968,0.5952
3120.0000,0.5879,0.5901,0.5900,0.5927,0.5939,0.5967,0.5965
3125.0000,0.5891,0.5895,0.5907,0.5926,0.5946,0.5968,0.5975
3130.0000,0.5888,0.5902,0.5906,0.5933,0.5943,0.5983,0.5959
3135.0000,0.5885,0.5906,0.5908,0.5934,0.5950,0.5981,0.5978
3140.0000,0.5897,0.5901,0.5915,0.5934,0.5958,0.5981,0.5987
3145.0000,0.5896,0.5907,0.5914,0.5940,0.5955,0.5997,0.5970
3150.0000,0.5888,0.5915,0.5914,0.5943,0.5963,0.5994,0.5988
3155.0000,0.5902,0.5909,0.5921,0.5943,0.5971,0.5993,0.5998
3160.0000,0.5901,0.5915,0.5920,0.5950,0.5969,0.6009,0.5981
3165.0000,0.5896,0.5922,0.5921,0.5954,0.5976,0.6007,0.5998
3170.0000,0.5910,0.5916,0.5928,0.5954,0.5985,0.6004,0.6010
3175.0000,0.5910,0.5921,0.5928,0.5961,0.5983,0.6018,0.5995
3180.0000,0.5908,0.5925,0.5931,0.5965,0.5989,0.6017,0.6012
3185.0000,0.5891,0.5937,0.5929,0.5971,0.5993,0.6019,0.6023
3190.0000,0.5916,0.5930,0.5935,0.5976,0.5992,0.6036,0.6000
3195.0000,0.5914,0.5935,0.5939,0.5979,0.5999,0.6031,0.6026
3200.0000,0.5907,0.5942,0.5940,0.5984,0.6004,0.6032,0.6040
3205.0000,0.5926,0.5935,0.5950,0.5985,0.6010,0.6035,0.6049
3210.0000,0.5922,0.5944,0.5949,0.5993,0.6008,0.6050,0.6040
3215.0000,0.5917,0.5950,0.5953,0.5996,0.6015,0.6051,0.6055
3220.0000,0.5935,0.5943,0.5964,0.5996,0.6023,0.6053,0.6067
3225.0000,0.5935,0.5950,0.5965,0.6003,0.6023,0.6068,0.6058
3230.0000,0.5925,0.5960,0.5967,0.6007,0.6029,0.6071,0.6074
3235.0000,0.5944,0.5955,0.5977,0.6007,0.6039,0.6073,0.6085
3240.0000,0.5945,0.5962,0.5978,0.6013,0.6040,0.6088,0.6076
3245.0000,0.5942,0.5970,0.5981,0.6017,0.6048,0.6090,0.6091
3250.0000,0.5956,0.5967,0.5990,0.6018,0.6058,0.6092,0.6103
3255.0000,0.5955,0.5977,0.5988,0.6027,0.6058,0.6110,0.6088
3260.0000,0.5953,0.5984,0.5991,0.6031,0.6068,0.6109,0.6108
3265.0000,0.5969,0.5980,0.6000,0.6033,0.6078,0.6111,0.6119
3270.0000,0.5971,0.5987,0.6000,0.6042,0.6078,0.6128,0.6102
3275.0000,0.5966,0.5996,0.6001,0.6048,0.6087,0.6128,0.6120
3280.0000,0.5981,0.5992,0.6011,0.6050,0.6098,0.6127,0.6132
3285.0000,0.5983,0.5999,0.6011,0.6060,0.6098,0.6143,0.6114
3290.0000,0.5977,0.6008,0.6013,0.6067,0.6106,0.6142,0.6131
3295.0000,0.5993,0.6004,0.6024,0.6070,0.6117,0.6140,0.6143
3300.0000,0.5995,0.6010,0.6026,0.6081,0.6116,0.6154,0.6124
3305.0000,0.5994,0.6016,0.6031,0.6086,0.6124,0.6151,0.6144
3310.0000,0.5980,0.6029,0.6033,0.6095,0.6129,0.6151,0.6155
3315.0000,0.6006,0.6024,0.6042,0.6102,0.6128,0.6167,0.6133
3320.0000,0.6006,0.6031,0.6048,0.6107,0.6136,0.6162,0.6158
3325.0000,0.6001,0.6040,0.6053,0.6114,0.6140,0.6164,0.6170
3330.0000,0.6022,0.6036,0.6065,0.6117,0.6146,0.6165,0.6180
3335.0000,0.6020,0.6048,0.6067,0.6127,0.6142,0.6180,0.6171
3340.0000,0.6018,0.6057,0.6073,0.6131,0.6148,0.6180,0.6189
3345.0000,0.6038,0.6053,0.6086,0.6132,0.6155,0.6183,0.6202
3350.0000,0.6040,0.6063,0.6090,0.6139,0.6153,0.6199,0.6195
3355.0000,0.6032,0.6076,0.6094,0.6144,0.6159,0.6202,0.6216
3360.0000,0.6055,0.6072,0.6106,0.6143,0.6167,0.6207,0.6231
3365.0000,0.6059,0.6081,0.6110,0.6149,0.6167,0.6225,0.6226
3370.0000,0.6058,0.6091,0.6115,0.6152,0.6175,0.6231,0.6246
3375.0000,0.6075,0.6090,0.6125,0.6152,0.6185,0.6238,0.6264
3380.0000,0.6076,0.6102,0.6124,0.6159,0.6186,0.6261,0.6254
3385.0000,0.6076,0.6112,0.6128,0.6162,0.6197,0.6266,0.6279
3390.0000,0.6094,0.6110,0.6137,0.6162,0.6211,0.6273,0.6297
3395.0000,0.6097,0.6119,0.6136,0.6170,0.6214,0.6298,0.6286
3400.0000,0.6093,0.6130,0.6137,0.6175,0.6228,0.6304,0.6311
3405.0000,0.6111,0.6126,0.6146,0.6177,0.6244,0.6310,0.6330
3410.0000,0.6114,0.6133,0.6146,0.6187,0.6250,0.6333,0.6318
3415.0000,0.6115,0.6139,0.6149,0.6194,0.6266,0.6337,0.6344
3420.0000,0.6102,0.6151,0.6148,0.6203,0.6280,0.6344,0.6361
3425.0000,0.6128,0.6145,0.6156,0.6212,0.6289,0.6365,0.6349
3430.0000,0.6127,0.6151,0.6159,0.6221,0.6305,0.6368,0.6374
3435.0000,0.6111,0.6165,0.6159,0.6234,0.6317,0.6375,0.6392
3440.0000,0.6139,0.6158,0.6167,0.6247,0.6324,0.6398,0.6374
3445.0000,0.6139,0.6164,0.6174,0.6258,0.6339,0.6398,0.6404
3450.0000,0.6134,0.6172,0.6179,0.6270,0.6351,0.6405,0.6421
3455.0000,0.6154,0.6167,0.6193,0.6280,0.6364,0.6411,0.6435
3460.0000,0.6152,0.6178,0.6198,0.6296,0.6368,0.6431,0.6429
3465.0000,0.6148,0.6187,0.6207,0.6308,0.6380,0.6436,0.6449
3470.0000,0.6169,0.6183,0.6224,0.6316,0.6393,0.6441,0.6463
3475.0000,0.6171,0.6194,0.6232,0.6331,0.6397,0.6461,0.6457
3480.0000,0.6164,0.6209,0.6242,0.6343,0.6408,0.6465,0.6479
3485.0000,0.6187,0.6208,0.6260,0.6350,0.6422,0.6471,0.6495
3490.0000,0.6192,0.6220,0.6269,0.6364,0.6426,0.6490,0.6490
3495.0000,0.6195,0.6233,0.6281,0.6373,0.6437,0.6496,0.6512
3500.0000,0.6214,0.6237,0.6298,0.6380,0.6450,0.6503,0.6529
3505.0000,0.6218,0.6254,0.6305,0.6395,0.6452,0.6527,0.6518
3510.0000,0.6222,0.6269,0.6316,0.6404,0.6465,0.6531,0.6545
3515.0000,0.6244,0.6273,0.6332,0.6410,0.6479,0.6538,0.6564
3520.0000,0.6253,0.6287,0.6340,0.6423,0.6482,0.6562,0.6554
3525.0000,0.6254,0.6305,0.6348,0.6433,0.6496,0.6568,0.6582
3530.0000,0.6278,0.6309,0.6364,0.6438,0.6511,0.6575,0.6603
3535.0000,0.6288,0.6322,0.6371,0.6451,0.6515,0.6600,0.6594
3540.0000,0.6295,0.6335,0.6381,0.6460,0.6530,0.6606,0.6623
3545.0000,0.6287,0.6355,0.6387,0.6471,0.6543,0.6617,0.6646
3550.0000,0.6321,0.6356,0.6400,0.6482,0.6549,0.6645,0.6631
3555.0000,0.6328,0.6368,0.6410,0.6490,0.6566,0.6650,0.6668
3560.0000,0.6317,0.6389,0.6414,0.6502,0.6579,0.6661,0.6692
3565.0000,0.6353,0.6388,0.6427,0.6514,0.6587,0.6691,0.6677
3570.0000,0.6359,0.6400,0.6437,0.6523,0.6605,0.6697,0.6715
3575.0000,0.6361,0.6413,0.6445,0.6534,0.6622,0.6708,0.6741
3580.0000,0.6387,0.6413,0.6461,0.6542,0.6641,0.6720,0.6765
3585.0000,0.6389,0.6429,0.6466,0.6558,0.6649,0.6747,0.6768
3590.0000,0.6391,0.6442,0.6475,0.6570,0.6666,0.6760,0.6795
3595.0000,0.6417,0.6442,0.6492,0.6579,0.6686,0.6773,0.6818
3600.0000,0.6423,0.6455,0.6499,0.6596,0.6696,0.6802,0.6820
3605.0000,0.6416,0.6474,0.6506,0.6610,0.6714,0.6815,0.6853
3610.0000,0.6445,0.6474,0.6523,0.6621,0.6735,0.6831,0.6877
3615.0000,0.6452,0.6487,0.6531,0.6639,0.6746,0.6860,0.6880
3620.0000,0.6456,0.6500,0.6542,0.6653,0.6767,0.6875,0.6913
3625.0000,0.6478,0.6503,0.6560,0.6664,0.6789,0.6890,0.6941
3630.0000,0.6482,0.6520,0.6567,0.6685,0.6800,0.6924,0.6940
3635.0000,0.6487,0.6533,0.6580,0.6699,0.6822,0.6938,0.6976
3640.0000,0.6510,0.6537,0.6599,0.6712,0.6847,0.6954,0.7007
3645.0000,0.6518,0.6552,0.6609,0.6733,0.6859,0.6989,0.7006
