150.0000,1.0054,0.9999,0.9898,1.0559,1.1586,1.1963,1.1895
155.0000,1.0040,0.9964,0.9950,1.0685,1.1716,1.1983,1.1883
160.0000,1.0010,0.9957,1.0003,1.0830,1.1816,1.2013,1.1798
165.0000,0.9979,0.9961,1.0078,1.0967,1.1926,1.1973,1.1797
170.0000,0.9984,0.9965,1.0171,1.1107,1.2012,1.1929,1.1750
175.0000,0.9981,0.9998,1.0263,1.1259,1.2059,1.1896,1.1644
180.0000,0.9969,1.0057,1.0362,1.1408,1.2091,1.1830,1.1565
185.0000,1.0016,1.0099,1.0489,1.1540,1.2113,1.1732,1.1500
190.0000,1.0047,1.0177,1.0608,1.1678,1.2088,1.1660,1.1376
195.0000,1.0095,1.0257,1.0743,1.1798,1.2052,1.1560,1.1284
200.0000,1.0118,1.0367,1.0873,1.1908,1.1989,1.1462,1.1169
205.0000,1.0236,1.0446,1.1027,1.1994,1.1905,1.1378,1.1001
210.0000,1.0321,1.0550,1.1183,1.2050,1.1830,1.1237,1.0956
215.0000,1.0369,1.0688,1.1320,1.2098,1.1722,1.1128,1.0847
220.0000,1.0517,1.0789,1.1472,1.2117,1.1601,1.1038,1.0690
225.0000,1.0637,1.0906,1.1617,1.2104,1.1496,1.0903,1.0642
230.0000,1.0751,1.1034,1.1743,1.2077,1.1371,1.0799,1.0539
235.0000,1.0880,1.1156,1.1858,1.2027,1.1247,1.0696,1.0435
240.0000,1.0975,1.1308,1.1935,1.1971,1.1108,1.0615,1.0301
245.0000,1.1091,1.1438,1.2008,1.1884,1.0999,1.0492,1.0248
250.0000,1.1241,1.1542,1.2065,1.1783,1.0884,1.0394,1.0159
255.0000,1.1362,1.1651,1.2090,1.1680,1.0761,1.0316,1.0042
260.0000,1.1436,1.1769,1.2083,1.1569,1.0652,1.0220,0.9965
265.0000,1.1575,1.1831,1.2079,1.1438,1.0563,1.0107,0.9915
270.0000,1.1665,1.1900,1.2035,1.1320,1.0455,1.0034,0.9822
275.0000,1.1733,1.1953,1.1973,1.1197,1.0360,0.9943,0.9775
280.0000,1.1820,1.1967,1.1905,1.1071,1.0270,0.9861,0.9726
285.0000,1.1854,1.1988,1.1803,1.0962,1.0165,0.9809,0.9646
290.0000,1.1873,1.1985,1.1698,1.0848,1.0078,0.9735,0.9632
295.0000,1.1913,1.1939,1.1595,1.0734,0.9990,0.9684,0.9587
300.0000,1.1897,1.1904,1.1469,1.0635,0.9894,0.9658,0.9516
305.0000,1.1863,1.1848,1.1346,1.0532,0.9815,0.9617,0.9479
310.0000,1.1854,1.1750,1.1241,1.0418,0.9758,0.9565,0.9462
315.0000,1.1798,1.1663,1.1120,1.0322,0.9686,0.9549,0.9388
320.0000,1.1718,1.1571,1.1003,1.0222,0.9638,0.9506,0.9371
325.0000,1.1641,1.1462,1.0894,1.0122,0.9599,0.9463,0.9349
330.0000,1.1579,1.1336,1.0790,1.0031,0.9554,0.9447,0.9266
335.0000,1.1469,1.1230,1.0681,0.9942,0.9532,0.9388,0.9288
340.0000,1.1333,1.1138,1.0561,0.9869,0.9499,0.9351,0.9269
345.0000,1.1260,1.1016,1.0456,0.9802,0.9461,0.9336,0.9204
350.0000,1.1150,1.0909,1.0349,0.9740,0.9437,0.9290,0.9215
355.0000,1.1006,1.0821,1.0234,0.9692,0.9402,0.9263,0.9195
360.0000,1.0936,1.0696,1.0144,0.9642,0.9374,0.9235,0.9172
365.0000,1.0825,1.0595,1.0046,0.9605,0.9333,0.9225,0.9124
370.0000,1.0686,1.0506,0.9954,0.9569,0.9305,0.9191,0.9121
375.0000,1.0620,1.0381,0.9889,0.9526,0.9281,0.9163,0.9103
380.0000,1.0510,1.0288,0.9815,0.9497,0.9244,0.9156,0.9057
385.0000,1.0418,1.0184,0.9760,0.9459,0.9223,0.9125,0.9050
390.0000,1.0335,1.0078,0.9718,0.9418,0.9207,0.9093,0.9042
395.0000,1.0228,1.0001,0.9664,0.9391,0.9175,0.9083,0.9003
400.0000,1.0118,0.9936,0.9614,0.9362,0.9152,0.9059,0.8994
405.0000,1.0052,0.9856,0.9578,0.9328,0.9133,0.9035,0.8981
410.0000,0.9973,0.9797,0.9534,0.9305,0.9101,0.9033,0.8931
415.0000,0.9879,0.9751,0.9492,0.9278,0.9084,0.9002,0.8939
420.0000,0.9834,0.9686,0.9463,0.9247,0.9068,0.8979,0.8928
425.0000,0.9767,0.9644,0.9423,0.9228,0.9037,0.8979,0.8878
430.0000,0.9708,0.9600,0.9391,0.9202,0.9021,0.8953,0.8878
435.0000,0.9671,0.9545,0.9369,0.9171,0.9011,0.8924,0.8878
440.0000,0.9615,0.9513,0.9334,0.9153,0.8983,0.8922,0.8833
445.0000,0.9560,0.9482,0.9303,0.9131,0.8967,0.8899,0.8834
450.0000,0.9504,0.9453,0.9272,0.9109,0.8950,0.8879,0.8826
455.0000,0.9494,0.9405,0.9251,0.9088,0.8926,0.8881,0.8768
460.0000,0.9445,0.9379,0.9225,0.9066,0.8916,0.8850,0.8789
465.0000,0.9389,0.9360,0.9194,0.9048,0.8899,0.8831,0.8783
470.0000,0.9384,0.9319,0.9173,0.9030,0.8874,0.8835,0.8728
475.0000,0.9347,0.9294,0.9149,0.9009,0.8865,0.8806,0.8750
480.0000,0.9299,0.9275,0.9122,0.8992,0.8849,0.8789,0.8746
485.0000,0.9296,0.9234,0.9109,0.8969,0.8838,0.8771,0.8739
490.0000,0.9263,0.9213,0.9083,0.8956,0.8815,0.8772,0.8705
495.0000,0.9219,0.9195,0.9060,0.8937,0.8804,0.8750,0.8714
500.0000,0.9217,0.9157,0.9049,0.8915,0.8794,0.8735,0.8709
505.0000,0.9184,0.9141,0.9024,0.8904,0.8772,0.8738,0.8679
510.0000,0.9146,0.9126,0.9001,0.8888,0.8760,0.8723,0.8681
515.0000,0.9145,0.9090,0.8992,0.8865,0.8755,0.8705,0.8682
520.0000,0.9115,0.9075,0.8969,0.8854,0.8735,0.8709,0.8653
525.0000,0.9081,0.9061,0.8948,0.8839,0.8725,0.8696,0.8658
530.0000,0.9078,0.9030,0.8937,0.8819,0.8719,0.8683,0.8655
535.0000,0.9053,0.9016,0.8915,0.8810,0.8700,0.8692,0.8616
540.0000,0.9022,0.9002,0.8897,0.8794,0.8697,0.8672,0.8633
545.0000,0.9018,0.8973,0.8887,0.8776,0.8694,0.8659,0.8632
550.0000,0.8995,0.8960,0.8865,0.8768,0.8676,0.8668,0.8593
555.0000,0.8966,0.8948,0.8847,0.8756,0.8672,0.8652,0.8602
560.0000,0.8964,0.8919,0.8839,0.8738,0.8672,0.8634,0.8609
565.0000,0.8940,0.8908,0.8818,0.8733,0.8656,0.8641,0.8572
570.0000,0.8914,0.8896,0.8801,0.8723,0.8651,0.8626,0.8583
575.0000,0.8876,0.8890,0.8782,0.8716,0.8644,0.8614,0.8583
580.0000,0.8891,0.8859,0.8773,0.8708,0.8629,0.8624,0.8536
585.0000,0.8866,0.8847,0.8760,0.8698,0.8628,0.8602,0.8562
590.0000,0.8833,0.8840,0.8744,0.8692,0.8620,0.8592,0.8564
595.0000,0.8843,0.8811,0.8740,0.8679,0.8617,0.8580,0.8562
600.0000,0.8820,0.8803,0.8724,0.8677,0.8600,0.8587,0.8534
605.0000,0.8790,0.8795,0.8713,0.8668,0.8596,0.8572,0.8546
610.0000,0.8799,0.8769,0.8712,0.8656,0.8593,0.8561,0.8546
615.0000,0.8778,0.8763,0.8698,0.8653,0.8577,0.8569,0.8520
620.0000,0.8750,0.8757,0.8688,0.8644,0.8574,0.8555,0.8531
625.0000,0.8760,0.8733,0.8688,0.8631,0.8572,0.8545,0.8532
630.0000,0.8742,0.8728,0.8675,0.8628,0.8557,0.8554,0.8507
635.0000,0.8716,0.8727,0.8664,0.8621,0.8553,0.8545,0.8515
640.0000,0.8727,0.8704,0.8665,0.8607,0.8554,0.8533,0.8520
645.0000,0.8711,0.8701,0.8652,0.8604,0.8541,0.8541,0.8495
650.0000,0.8690,0.8698,0.8642,0.8597,0.8538,0.8533,0.8502
655.0000,0.8698,0.8680,0.8640,0.8585,0.8538,0.8523,0.8504
660.0000,0.8684,0.8677,0.8626,0.8584,0.8524,0.8536,0.8469
665.0000,0.8666,0.8673,0.8618,0.8575,0.8526,0.8520,0.8487
670.0000,0.8674,0.8654,0.8617,0.8564,0.8528,0.8510,0.8487
675.0000,0.8661,0.8651,0.8604,0.8564,0.8515,0.8521,0.8451
680.0000,0.8642,0.8649,0.8594,0.8558,0.8515,0.8508,0.8460
685.0000,0.8650,0.8630,0.8594,0.8548,0.8519,0.8492,0.8467
690.0000,0.8637,0.8627,0.8581,0.8548,0.8507,0.8500,0.8431
695.0000,0.8621,0.8624,0.8572,0.8544,0.8505,0.8485,0.8440
700.0000,0.8590,0.8628,0.8560,0.8543,0.8500,0.8475,0.8439
705.0000,0.8614,0.8606,0.8558,0.8540,0.8488,0.8484,0.8389
710.0000,0.8599,0.8601,0.8552,0.8534,0.8489,0.8461,0.8413
715.0000,0.8578,0.8600,0.8544,0.8532,0.8483,0.8449,0.8411
720.0000,0.8593,0.8580,0.8547,0.8524,0.8480,0.8435,0.8405
725.0000,0.8578,0.8580,0.8537,0.8525,0.8464,0.8439,0.8372
730.0000,0.8558,0.8580,0.8531,0.8520,0.8460,0.8419,0.8379
735.0000,0.8573,0.8560,0.8536,0.8511,0.8456,0.8404,0.8372
740.0000,0.8561,0.8559,0.8528,0.8510,0.8439,0.8406,0.8339
745.0000,0.8543,0.8557,0.8528,0.8496,0.8449,0.8356,0.8423
750.0000,0.8557,0.8540,0.8534,0.8483,0.8448,0.8326,0.8506
755.0000,0.8545,0.8542,0.8523,0.8485,0.8423,0.8335,0.8586
760.0000,0.8520,0.8554,0.8505,0.8492,0.8386,0.8374,0.8672
765.0000,0.8537,0.8543,0.8495,0.8499,0.8338,0.8458,0.8727
770.0000,0.8523,0.8548,0.8481,0.8502,0.8301,0.8547,0.8813
775.0000,0.8505,0.8552,0.8471,0.8496,0.8278,0.8649,0.8911
780.0000,0.8526,0.8528,0.8484,0.8470,0.8286,0.8747,0.9038
785.0000,0.8517,0.8524,0.8484,0.8450,0.8294,0.8890,0.9114
790.0000,0.8513,0.8508,0.8499,0.8407,0.8355,0.8985,0.9312
795.0000,0.8519,0.8486,0.8519,0.8359,0.8442,0.9083,0.9540
800.0000,0.8517,0.8476,0.8520,0.8330,0.8519,0.9242,0.9714
805.0000,0.8516,0.8466,0.8521,0.8298,0.8633,0.9375,1.0015
810.0000,0.8505,0.8468,0.8501,0.8294,0.8733,0.9576,1.0256
815.0000,0.8494,0.8476,0.8468,0.8306,0.8843,0.9802,1.0513
820.0000,0.8473,0.8490,0.8429,0.8330,0.8980,1.0021,1.0889
825.0000,0.8417,0.8523,0.8372,0.8382,0.9116,1.0292,1.1264
830.0000,0.8458,0.8506,0.8337,0.8444,0.9260,1.0619,1.1627
835.0000,0.8426,0.8523,0.8282,0.8535,0.9406,1.1007,1.1922
840.0000,0.8399,0.8516,0.8262,0.8611,0.9623,1.1346,1.2380
845.0000,0.8447,0.8459,0.8281,0.8686,0.9877,1.1711,1.2853
850.0000,0.8443,0.8427,0.8296,0.8789,1.0134,1.2143,1.3291
855.0000,0.8452,0.8381,0.8335,0.8901,1.0423,1.2613,1.3679
860.0000,0.8439,0.8343,0.8398,0.9009,1.0785,1.3031,1.4177
865.0000,0.8435,0.8318,0.8461,0.9152,1.1149,1.3514,1.4601
870.0000,0.8408,0.8323,0.8530,0.9309,1.1571,1.3948,1.5148
875.0000,0.8387,0.8356,0.8586,0.9518,1.1977,1.4467,1.5550
880.0000,0.8346,0.8430,0.8633,0.9762,1.2406,1.4982,1.5925
885.0000,0.8331,0.8501,0.8708,1.0019,1.2893,1.5424,1.6420
890.0000,0.8406,0.8540,0.8813,1.0309,1.3380,1.5900,1.6794
895.0000,0.8456,0.8603,0.8927,1.0637,1.3869,1.6380,1.7085
900.0000,0.8511,0.8665,0.9082,1.0971,1.4418,1.6743,1.7531
940.0000,0.9400,0.9857,1.1173,1.4696,1.8040,1.9068,1.8993
945.0000,0.9592,1.0102,1.1583,1.5197,1.8383,1.9155,1.9036
950.0000,0.9732,1.0416,1.2000,1.5699,1.8682,1.9198,1.9040
955.0000,1.0037,1.0699,1.2462,1.6189,1.8915,1.9255,1.8888
960.0000,1.0343,1.1004,1.2961,1.6637,1.9151,1.9178,1.8919
965.0000,1.0647,1.1355,1.3458,1.7082,1.9306,1.9125,1.8808
970.0000,1.0965,1.1739,1.3961,1.7502,1.9411,1.9041,1.8668
975.0000,1.1237,1.2211,1.4427,1.7917,1.9439,1.8962,1.8461
980.0000,1.1654,1.2623,1.4946,1.8258,1.9471,1.8785,1.8363
985.0000,1.2073,1.3058,1.5453,1.8570,1.9436,1.8633,1.8178
990.0000,1.2496,1.3514,1.5945,1.8844,1.9351,1.8483,1.7955
995.0000,1.2792,1.4065,1.6377,1.9092,1.9223,1.8313,1.7745
1000.0000,1.3327,1.4500,1.6859,1.9250,1.9109,1.8083,1.7592
1005.0000,1.3826,1.4945,1.7306,1.9374,1.8939,1.7900,1.7362
1010.0000,1.4331,1.5373,1.7738,1.9436,1.8767,1.7688,1.7174
1015.0000,1.4775,1.5823,1.8122,1.9455,1.8583,1.7462,1.7012
1020.0000,1.5183,1.6306,1.8430,1.9458,1.8351,1.7285,1.6797
1025.0000,1.5655,1.6726,1.8721,1.9405,1.8128,1.7095,1.6606
1030.0000,1.6099,1.7127,1.8966,1.9313,1.7904,1.6907,1.6411
1035.0000,1.6449,1.7570,1.9116,1.9219,1.7647,1.6766,1.6141
1040.0000,1.6889,1.7897,1.9278,1.9050,1.7461,1.6525,1.6074
1045.0000,1.7297,1.8185,1.9390,1.8867,1.7254,1.6336,1.5924
1050.0000,1.7664,1.8439,1.9449,1.8675,1.7036,1.6188,1.5718
1055.0000,1.7883,1.8729,1.9424,1.8485,1.6822,1.6030,1.5553
1060.0000,1.8216,1.8893,1.9404,1.8260,1.6639,1.5860,1.5388
1065.0000,1.8463,1.9042,1.9325,1.8047,1.6439,1.5731,1.5140
1070.0000,1.8675,1.9134,1.9231,1.7809,1.6290,1.5525,1.5054
1075.0000,1.8754,1.9232,1.9081,1.7586,1.6138,1.5322,1.4978
1080.0000,1.8945,1.9225,1.8928,1.7368,1.5965,1.5181,1.4808
1085.0000,1.9002,1.9226,1.8736,1.7158,1.5815,1.4988,1.4826
1090.0000,1.9013,1.9196,1.8516,1.6974,1.5628,1.4874,1.4744
1095.0000,1.9078,1.9085,1.8310,1.6788,1.5440,1.4793,1.4646
1100.0000,1.9038,1.8981,1.8080,1.6616,1.5253,1.4730,1.4550
1105.0000,1.8907,1.8878,1.7840,1.6447,1.5080,1.4667,1.4479
1110.0000,1.8891,1.8673,1.7649,1.6255,1.4939,1.4605,1.4406
1115.0000,1.8759,1.8504,1.7432,1.6082,1.4791,1.4584,1.4274
1120.0000,1.8639,1.8291,1.7250,1.5884,1.4701,1.4505,1.4231
1125.0000,1.8510,1.8054,1.7088,1.5676,1.4645,1.4406,1.4210
1130.0000,1.8317,1.7857,1.6895,1.5500,1.4564,1.4364,1.4101
1135.0000,1.8105,1.7665,1.6706,1.5325,1.4518,1.4276,1.4080
1140.0000,1.7938,1.7449,1.6530,1.5156,1.4485,1.4184,1.4060
1145.0000,1.7759,1.7242,1.6342,1.5015,1.4433,1.4128,1.3995
1150.0000,1.7516,1.7079,1.6130,1.4900,1.4378,1.4066,1.3962
1155.0000,1.7345,1.6884,1.5935,1.4797,1.4322,1.4013,1.3917
1160.0000,1.7142,1.6716,1.5727,1.4722,1.4247,1.3988,1.3836
1165.0000,1.6872,1.6586,1.5508,1.4663,1.4178,1.3936,1.3824
1170.0000,1.6753,1.6369,1.5349,1.4591,1.4121,1.3892,1.3792
1175.0000,1.6543,1.6213,1.5167,1.4550,1.4034,1.3890,1.3697
1180.0000,1.6390,1.6004,1.5044,1.4481,1.3987,1.3841,1.3684
1185.0000,1.6243,1.5780,1.4953,1.4403,1.3955,1.3782,1.3678
1190.0000,1.6077,1.5577,1.4868,1.4336,1.3904,1.3766,1.3599
1195.0000,1.5897,1.5398,1.4794,1.4264,1.3874,1.3715,1.3597
1200.0000,1.5648,1.5283,1.4699,1.4209,1.3833,1.3676,1.3575
1205.0000,1.5522,1.5135,1.4627,1.4154,1.3784,1.3671,1.3480
1210.0000,1.5341,1.5039,1.4544,1.4100,1.3756,1.3615,1.3506
1215.0000,1.5166,1.4956,1.4459,1.4055,1.3718,1.3582,1.3488
1220.0000,1.5095,1.4834,1.4404,1.4000,1.3690,1.3545,1.3466
1225.0000,1.4981,1.4748,1.4332,1.3961,1.3645,1.3537,1.3402
1230.0000,1.4848,1.4675,1.4267,1.3916,1.3620,1.3492,1.3407
1235.0000,1.4791,1.4571,1.4222,1.3866,1.3596,1.3457,1.3389
1240.0000,1.4688,1.4507,1.4157,1.3834,1.3553,1.3451,1.3331
1245.0000,1.4591,1.4442,1.4102,1.3795,1.3528,1.3416,1.3323
1250.0000,1.4544,1.4352,1.4066,1.3748,1.3511,1.3376,1.3316
1255.0000,1.4455,1.4301,1.4008,1.3720,1.3471,1.3370,1.3262
1260.0000,1.4361,1.4255,1.3954,1.3689,1.3444,1.3341,1.3255
1265.0000,1.4326,1.4180,1.3921,1.3649,1.3424,1.3309,1.3242
1270.0000,1.4258,1.4134,1.3870,1.3626,1.3383,1.3312,1.3173
1275.0000,1.4178,1.4091,1.3827,1.3593,1.3367,1.3270,1.3192
1280.0000,1.4151,1.4024,1.3798,1.3557,1.3349,1.3241,1.3182
1285.0000,1.4094,1.3980,1.3755,1.3535,1.3311,1.3244,1.3118
1290.0000,1.4022,1.3945,1.3717,1.3505,1.3295,1.3206,1.3137
1295.0000,1.3999,1.3885,1.3693,1.3471,1.3278,1.3180,1.3129
1300.0000,1.3943,1.3854,1.3650,1.3453,1.3240,1.3187,1.3066
1305.0000,1.3887,1.3820,1.3615,1.3426,1.3223,1.3159,1.3074
1310.0000,1.3868,1.3764,1.3597,1.3391,1.3214,1.3125,1.3082
1315.0000,1.3819,1.3736,1.3559,1.3374,1.3180,1.3132,1.3025
1320.0000,1.3766,1.3709,1.3526,1.3349,1.3164,1.3107,1.3041
1325.0000,1.3697,1.3691,1.3490,1.3327,1.3146,1.3088,1.3042
1330.0000,1.3708,1.3635,1.3471,1.3304,1.3117,1.3102,1.2971
1335.0000,1.3661,1.3609,1.3443,1.3278,1.3110,1.3068,1.3014
1340.0000,1.3603,1.3590,1.3411,1.3258,1.3094,1.3053,1.3020
1345.0000,1.3608,1.3539,1.3397,1.3229,1.3086,1.3039,1.3022
1350.0000,1.3567,1.3519,1.3364,1.3216,1.3059,1.3052,1.2984
1355.0000,1.3512,1.3502,1.3336,1.3195,1.3051,1.3034,1.3005
1360.0000,1.3518,1.3453,1.3324,1.3168,1.3047,1.3022,1.3010
1365.0000,1.3479,1.3436,1.3293,1.3157,1.3025,1.3039,1.2974
1370.0000,1.3430,1.3420,1.3265,1.3139,1.3020,1.3027,1.2991
1375.0000,1.3437,1.3373,1.3257,1.3113,1.3024,1.3012,1.3004
1380.0000,1.3401,1.3357,1.3228,1.3103,1.3007,1.3029,1.2971
1385.0000,1.3359,1.3341,1.3204,1.3089,1.3007,1.3019,1.2990
1390.0000,1.3359,1.3302,1.3193,1.3069,1.3011,1.3009,1.3001
1395.0000,1.3328,1.3286,1.3165,1.3065,1.2995,1.3033,1.2956
1400.0000,1.3285,1.3273,1.3143,1.3053,1.3000,1.3017,1.2990
1405.0000,1.3287,1.3236,1.3134,1.3038,1.3006,1.3008,1.3002
1410.0000,1.3257,1.3224,1.3108,1.3040,1.2990,1.3034,1.2958
1415.0000,1.3220,1.3212,1.3089,1.3033,1.2997,1.3018,1.2993
1420.0000,1.3224,1.3175,1.3085,1.3021,1.3005,1.3009,1.3008
1425.0000,1.3196,1.3163,1.3063,1.3025,1.2991,1.3035,1.2967
1430.0000,1.3162,1.3153,1.3048,1.3022,1.2996,1.3025,1.2999
1435.0000,1.3166,1.3119,1.3049,1.3012,1.3005,1.3015,1.3021
1440.0000,1.3140,1.3111,1.3032,1.3019,1.2992,1.3042,1.2984
1445.0000,1.3111,1.3103,1.3022,1.3017,1.2996,1.3036,1.3018
1450.0000,1.3061,1.3106,1.3008,1.3019,1.2998,1.3036,1.3039
1455.0000,1.3093,1.3072,1.3011,1.3020,1.2988,1.3070,1.2987
1460.0000,1.3069,1.3065,1.3007,1.3016,1.3000,1.3057,1.3043
1465.0000,1.3034,1.3066,1.3000,1.3016,1.3006,1.3059,1.3070
1470.0000,1.3057,1.3038,1.3010,1.3009,1.3017,1.3061,1.3091
1475.0000,1.3036,1.3041,1.2999,1.3017,1.3009,1.3093,1.3073
1480.0000,1.3007,1.3044,1.2996,1.3016,1.3021,1.3094,1.3110
1485.0000,1.3033,1.3019,1.3007,1.3009,1.3036,1.3099,1.3135
1490.0000,1.3017,1.3022,1.3000,1.3017,1.3033,1.3133,1.3120
1495.0000,1.2987,1.3033,1.2993,1.3020,1.3046,1.3140,1.3157
1500.0000,1.3016,1.3010,1.3006,1.3015,1.3065,1.3147,1.3186
1505.0000,1.3003,1.3017,1.2998,1.3026,1.3066,1.3184,1.3170
1510.0000,1.2985,1.3023,1.2995,1.3030,1.3083,1.3193,1.3209
1515.0000,1.3008,1.3007,1.3005,1.3029,1.3106,1.3202,1.3240
1520.0000,1.2996,1.3016,1.2996,1.3045,1.3107,1.3247,1.3212
1525.0000,1.2982,1.3022,1.2996,1.3051,1.3132,1.3250,1.3262
1530.0000,1.3005,1.3005,1.3009,1.3053,1.3159,1.3258,1.3294
1535.0000,1.2999,1.3012,1.3004,1.3071,1.3163,1.3302,1.3267
1540.0000,1.2981,1.3022,1.3003,1.3083,1.3188,1.3307,1.3318
1545.0000,1.3005,1.3007,1.3019,1.3088,1.3217,1.3313,1.3355
1550.0000,1.2999,1.3015,1.3016,1.3111,1.3223,1.3356,1.3331
1555.0000,1.2980,1.3029,1.3017,1.3128,1.3245,1.3364,1.3382
1560.0000,1.3007,1.3016,1.3035,1.3138,1.3273,1.3373,1.3419
1565.0000,1.3004,1.3026,1.3036,1.3164,1.3277,1.3420,1.3395
1570.0000,1.2997,1.3036,1.3046,1.3181,1.3302,1.3428,1.3450
1575.0000,1.2962,1.3059,1.3049,1.3202,1.3322,1.3444,1.3491
1580.0000,1.3015,1.3043,1.3070,1.3222,1.3329,1.3495,1.3456
1585.0000,1.3012,1.3054,1.3085,1.3238,1.3358,1.3501,1.3527
1590.0000,1.2999,1.3071,1.3098,1.3256,1.3381,1.3519,1.3572
1595.0000,1.3039,1.3061,1.3128,1.3267,1.3411,1.3537,1.3613
1600.0000,1.3033,1.3085,1.3135,1.3295,1.3419,1.3586,1.3612
1605.0000,1.3025,1.3106,1.3151,1.3312,1.3447,1.3605,1.3664
1610.0000,1.3069,1.3099,1.3182,1.3323,1.3479,1.3627,1.3708
1615.0000,1.3072,1.3122,1.3194,1.3350,1.3492,1.3679,1.3709
1620.0000,1.3056,1.3153,1.3205,1.3371,1.3522,1.3702,1.3771
1625.0000,1.3106,1.3149,1.3236,1.3383,1.3558,1.3728,1.3818
1630.0000,1.3114,1.3174,1.3248,1.3411,1.3575,1.3785,1.3823
1635.0000,1.3117,1.3198,1.3265,1.3431,1.3611,1.3811,1.3890
1640.0000,1.3157,1.3200,1.3294,1.3447,1.3651,1.3839,1.3950
1645.0000,1.3163,1.3230,1.3302,1.3480,1.3668,1.3907,1.3952
1650.0000,1.3168,1.3254,1.3319,1.3504,1.3708,1.3939,1.4025
1655.0000,1.3210,1.3256,1.3350,1.3522,1.3752,1.3973,1.4090
1660.0000,1.3223,1.3281,1.3362,1.3558,1.3775,1.4047,1.4092
1665.0000,1.3219,1.3313,1.3378,1.3586,1.3820,1.4080,1.4185
1670.0000,1.3264,1.3315,1.3411,1.3608,1.3869,1.4122,1.4255
1675.0000,1.3278,1.3340,1.3426,1.3647,1.3897,1.4201,1.4264
1680.0000,1.3289,1.3364,1.3450,1.3677,1.3949,1.4242,1.4365
1685.0000,1.3269,1.3404,1.3465,1.3714,1.3996,1.4295,1.4442
1690.0000,1.3337,1.3402,1.3499,1.3749,1.4036,1.4380,1.4458
1695.0000,1.3350,1.3427,1.3528,1.3781,1.4098,1.4421,1.4584
1700.0000,1.3328,1.3470,1.3546,1.3822,1.4154,1.4476,1.4699
1705.0000,1.3400,1.3473,1.3582,1.3865,1.4195,1.4579,1.4737
1710.0000,1.3414,1.3503,1.3610,1.3907,1.4255,1.4648,1.4868
1715.0000,1.3418,1.3537,1.3638,1.3950,1.4318,1.4724,1.5007
1720.0000,1.3477,1.3543,1.3684,1.3988,1.4388,1.4808,1.5152
1725.0000,1.3484,1.3587,1.3706,1.4047,1.4436,1.4938,1.5263
1730.0000,1.3492,1.3626,1.3737,1.4100,1.4501,1.5060,1.5406
1735.0000,1.3557,1.3632,1.3791,1.4140,1.4588,1.5176,1.5579
1740.0000,1.3579,1.3670,1.3825,1.4199,1.4657,1.5341,1.5707
1745.0000,1.3578,1.3718,1.3863,1.4251,1.4756,1.5477,1.5924
1750.0000,1.3647,1.3732,1.3919,1.4301,1.4857,1.5650,1.6091
1755.0000,1.3674,1.3774,1.3960,1.4365,1.4958,1.5851,1.6226
1760.0000,1.3698,1.3814,1.4010,1.4420,1.5096,1.6016,1.6450
1765.0000,1.3755,1.3839,1.4071,1.4476,1.5250,1.6189,1.6663
1770.0000,1.3780,1.3894,1.4110,1.4558,1.5386,1.6416,1.6798
1775.0000,1.3809,1.3945,1.4157,1.4637,1.5554,1.6614,1.6968
1780.0000,1.3873,1.3974,1.4222,1.4713,1.5749,1.6791,1.7150
1785.0000,1.3911,1.4029,1.4267,1.4820,1.5924,1.7014,1.7226
1790.0000,1.3927,1.4097,1.4315,1.4927,1.6136,1.7172,1.7397
1795.0000,1.4004,1.4131,1.4383,1.5043,1.6352,1.7334,1.7487
1800.0000,1.4049,1.4192,1.4437,1.5187,1.6550,1.7514,1.7469
1805.0000,1.4094,1.4248,1.4508,1.5330,1.6780,1.7611,1.7535
1810.0000,1.4101,1.4326,1.4575,1.5491,1.7005,1.7677,1.7554
1815.0000,1.4207,1.4365,1.4666,1.5668,1.7201,1.7758,1.7433
1820.0000,1.4257,1.4435,1.4757,1.5855,1.7401,1.7758,1.7353
1825.0000,1.4256,1.4536,1.4845,1.6061,1.7576,1.7720,1.7210
1830.0000,1.4385,1.4587,1.4966,1.6274,1.7711,1.7679,1.6910
1835.0000,1.4454,1.4667,1.5102,1.6477,1.7861,1.7488,1.6812
1840.0000,1.4511,1.4766,1.5238,1.6701,1.7941,1.7310,1.6548
1845.0000,1.4629,1.4845,1.5403,1.6917,1.7981,1.7086,1.6235
1850.0000,1.4684,1.4982,1.5551,1.7149,1.7949,1.6848,1.5842
1855.0000,1.4775,1.5101,1.5739,1.7340,1.7916,1.6477,1.5607
1860.0000,1.4924,1.5208,1.5943,1.7527,1.7794,1.6142,1.5248
1865.0000,1.5036,1.5352,1.6144,1.7700,1.7607,1.5791,1.4869
1870.0000,1.5095,1.5545,1.6332,1.7854,1.7356,1.5428,1.4483
1875.0000,1.5296,1.5671,1.6576,1.7937,1.7097,1.4996,1.4197
1880.0000,1.5449,1.5840,1.6797,1.8000,1.6755,1.4616,1.3871
1885.0000,1.5604,1.6018,1.7016,1.8015,1.6368,1.4257,1.3537
1890.0000,1.5790,1.6187,1.7238,1.7970,1.5955,1.3912,1.3223
1895.0000,1.5934,1.6401,1.7421,1.7884,1.5508,1.3603,1.2906
1900.0000,1.6126,1.6580,1.7615,1.7714,1.5091,1.3252,1.2760
1905.0000,1.6328,1.6754,1.7778,1.7499,1.4645,1.2987,1.2543
1910.0000,1.6518,1.6932,1.7901,1.7232,1.4206,1.2765,1.2335
1915.0000,1.6656,1.7134,1.7966,1.6921,1.3789,1.2563,1.2180
1920.0000,1.6862,1.7276,1.8014,1.6546,1.3428,1.2354,1.2114
1925.0000,1.7041,1.7412,1.7993,1.6155,1.3069,1.2233,1.1987
1930.0000,1.7193,1.7526,1.7919,1.5732,1.2766,1.2113,1.1949
1935.0000,1.7252,1.7652,1.7764,1.5305,1.2497,1.2025,1.1925
1940.0000,1.7418,1.7684,1.7576,1.4870,1.2260,1.2000,1.1836
1945.0000,1.7494,1.7702,1.7327,1.4433,1.2096,1.1927,1.1937
1950.0000,1.7500,1.7695,1.7013,1.4023,1.1955,1.1905,1.2009
1955.0000,1.7569,1.7592,1.6674,1.3635,1.1838,1.1943,1.2018
1960.0000,1.7507,1.7491,1.6279,1.3280,1.1767,1.1965,1.2137
1965.0000,1.7393,1.7342,1.5855,1.2962,1.1724,1.2012,1.2260
1970.0000,1.7352,1.7087,1.5447,1.2668,1.1717,1.2079,1.2389
1975.0000,1.7201,1.6820,1.5013,1.2427,1.1716,1.2190,1.2495
1980.0000,1.6931,1.6554,1.4565,1.2234,1.1736,1.2315,1.2611
1985.0000,1.6762,1.6180,1.4176,1.2052,1.1804,1.2426,1.2755
1990.0000,1.6460,1.5845,1.3766,1.1933,1.1862,1.2584,1.2851
1995.0000,1.6198,1.5441,1.3420,1.1822,1.1974,1.2701,1.3028
2000.0000,1.5892,1.5031,1.3106,1.1748,1.2092,1.2842,1.3161
2005.0000,1.5510,1.4669,1.2796,1.1722,1.2205,1.3007,1.3252
2010.0000,1.5115,1.4316,1.2528,1.1716,1.2351,1.3131,1.3420
2015.0000,1.4796,1.3935,1.2318,1.1728,1.2509,1.3256,1.3571
2020.0000,1.4480,1.3569,1.2144,1.1770,1.2657,1.3409,1.3663
2025.0000,1.4074,1.3289,1.1975,1.1848,1.2805,1.3550,1.3760
2030.0000,1.3770,1.2991,1.1867,1.1931,1.2968,1.3669,1.3858
2035.0000,1.3444,1.2761,1.1766,1.2052,1.3105,1.3816,1.3874
2040.0000,1.3189,1.2523,1.1726,1.2165,1.3271,1.3904,1.3950
2045.0000,1.2940,1.2322,1.1715,1.2291,1.3428,1.3988,1.3964
2050.0000,1.2687,1.2187,1.1709,1.2444,1.3559,1.4084,1.3887
2055.0000,1.2472,1.2075,1.1741,1.2590,1.3708,1.4109,1.3866
2060.0000,1.2323,1.1971,1.1811,1.2733,1.3857,1.4098,1.3810
2065.0000,1.2211,1.1893,1.1898,1.2890,1.3968,1.4102,1.3622
2070.0000,1.2089,1.1865,1.2000,1.3039,1.4093,1.4005,1.3555
2075.0000,1.1982,1.1878,1.2104,1.3201,1.4176,1.3906,1.3387
2080.0000,1.1963,1.1892,1.2227,1.3366,1.4219,1.3803,1.3114
2085.0000,1.1937,1.1943,1.2361,1.3516,1.4265,1.3592,1.2995
2090.0000,1.1914,1.2028,1.2488,1.3678,1.4245,1.3405,1.2744
2095.0000,1.1978,1.2098,1.2639,1.3822,1.4193,1.3188,1.2463
2100.0000,1.1996,1.2226,1.2770,1.3970,1.4088,1.2963,1.2132
2105.0000,1.2062,1.2336,1.2932,1.4075,1.3984,1.2642,1.1930
2110.0000,1.2188,1.2433,1.3104,1.4166,1.3816,1.2357,1.1634
2115.0000,1.2289,1.2559,1.3267,1.4236,1.3605,1.2067,1.1328
2120.0000,1.2351,1.2719,1.3415,1.4283,1.3354,1.1773,1.1018
2125.0000,1.2517,1.2829,1.3595,1.4270,1.3107,1.1428,1.0790
2130.0000,1.2651,1.2967,1.3749,1.4239,1.2805,1.1129,1.0529
2135.0000,1.2781,1.3111,1.3888,1.4171,1.2478,1.0849,1.0261
2140.0000,1.2928,1.3245,1.4018,1.4059,1.2140,1.0580,1.0006
2145.0000,1.3041,1.3409,1.4107,1.3920,1.1783,1.0340,0.9741
2150.0000,1.3186,1.3538,1.4196,1.3719,1.1461,1.0056,0.9622
2155.0000,1.3339,1.3654,1.4252,1.3493,1.1119,0.9841,0.9437
2160.0000,1.3471,1.3768,1.4269,1.3238,1.0783,0.9658,0.9251
2165.0000,1.3556,1.3891,1.4239,1.2957,1.0467,0.9485,0.9100
2170.0000,1.3695,1.3952,1.4199,1.2634,1.0198,0.9295,0.9027
2175.0000,1.3797,1.4007,1.4104,1.2310,0.9924,0.9173,0.8898
2180.0000,1.3874,1.4039,1.3971,1.1970,0.9687,0.9050,0.8827
2185.0000,1.3877,1.4069,1.3783,1.1635,0.9471,0.8952,0.8754
2190.0000,1.3955,1.4025,1.3578,1.1296,0.9278,0.8890,0.8638
2195.0000,1.3948,1.3975,1.3329,1.0963,0.9131,0.8792,0.8654
2200.0000,1.3898,1.3900,1.3042,1.0651,0.8997,0.8731,0.8632
2205.0000,1.3888,1.3752,1.2753,1.0347,0.8893,0.8677,0.8616
2210.0000,1.3786,1.3609,1.2421,1.0081,0.8791,0.8658,0.8575
2215.0000,1.3630,1.3438,1.2078,0.9832,0.8723,0.8618,0.8599
2220.0000,1.3539,1.3189,1.1755,0.9599,0.8674,0.8592,0.8618
2225.0000,1.3378,1.2931,1.1421,0.9402,0.8626,0.8593,0.8619
2230.0000,1.3118,1.2688,1.1076,0.9236,0.8588,0.8595,0.8647
2235.0000,1.2936,1.2377,1.0771,0.9083,0.8568,0.8603,0.8673
2240.0000,1.2660,1.2100,1.0453,0.8970,0.8539,0.8638,0.8680
2245.0000,1.2426,1.1775,1.0182,0.8861,0.8536,0.8658,0.8715
2250.0000,1.2165,1.1447,0.9937,0.8769,0.8542,0.8683,0.8742
2255.0000,1.1847,1.1161,0.9693,0.8708,0.8541,0.8730,0.8740
2260.0000,1.1525,1.0882,0.9479,0.8655,0.8561,0.8753,0.8781
2265.0000,1.1269,1.0580,0.9309,0.8604,0.8596,0.8768,0.8825
2270.0000,1.1019,1.0285,0.9166,0.8568,0.8624,0.8808,0.8826
2275.0000,1.0701,1.0055,0.9023,0.8549,0.8661,0.8823,0.8884
2280.0000,1.0452,0.9819,0.8915,0.8536,0.8701,0.8841,0.8933
2285.0000,1.0191,0.9629,0.8805,0.8546,0.8723,0.8885,0.8946
2290.0000,0.9989,0.9429,0.8734,0.8551,0.8762,0.8906,0.9012
2295.0000,0.9777,0.9262,0.8671,0.8568,0.8792,0.8940,0.9057
2300.0000,0.9562,0.9141,0.8605,0.8602,0.8807,0.8997,0.9075
2305.0000,0.9366,0.9038,0.8557,0.8635,0.8832,0.9036,0.9138
2310.0000,0.9226,0.8929,0.8535,0.8664,0.8862,0.9078,0.9197
2315.0000,0.9123,0.8823,0.8531,0.8695,0.8884,0.9147,0.9206
2320.0000,0.8994,0.8755,0.8530,0.8723,0.8921,0.9190,0.9274
2325.0000,0.8878,0.8703,0.8539,0.8751,0.8961,0.9235,0.9337
2330.0000,0.8823,0.8643,0.8567,0.8771,0.9011,0.9278,0.9397
2335.0000,0.8765,0.8605,0.8592,0.8799,0.9051,0.9343,0.9424
2340.0000,0.8694,0.8591,0.8618,0.8824,0.9104,0.9387,0.9482
2345.0000,0.8667,0.8575,0.8652,0.8848,0.9162,0.9429,0.9540
2350.0000,0.8627,0.8588,0.8671,0.8886,0.9207,0.9493,0.9561
2355.0000,0.8590,0.8611,0.8691,0.8922,0.9264,0.9533,0.9620
2360.0000,0.8608,0.8614,0.8725,0.8954,0.9326,0.9569,0.9675
2365.0000,0.8604,0.8641,0.8744,0.9001,0.9372,0.9628,0.9697
2370.0000,0.8590,0.8676,0.8764,0.9048,0.9428,0.9662,0.9763
2375.0000,0.8632,0.8686,0.8799,0.9092,0.9482,0.9702,0.9811
2380.0000,0.8646,0.8715,0.8823,0.9148,0.9523,0.9760,0.9833
2385.0000,0.8659,0.8744,0.8854,0.9200,0.9573,0.9796,0.9896
2390.0000,0.8699,0.8759,0.8897,0.9248,0.9625,0.9831,0.9958
2395.0000,0.8713,0.8796,0.8927,0.9310,0.9656,0.9896,0.9978
2400.0000,0.8732,0.8829,0.8968,0.9362,0.9703,0.9932,1.0056
2405.0000,0.8777,0.8847,0.9021,0.9409,0.9750,0.9972,1.0131
2410.0000,0.8804,0.8883,0.9065,0.9466,0.9780,1.0043,1.0167
2415.0000,0.8819,0.8927,0.9111,0.9516,0.9823,1.0092,1.0263
2420.0000,0.8869,0.8953,0.9170,0.9559,0.9869,1.0148,1.0356
2425.0000,0.8903,0.8996,0.9220,0.9610,0.9901,1.0235,1.0411
2430.0000,0.8935,0.9040,0.9274,0.9652,0.9952,1.0298,1.0543
2435.0000,0.8941,0.9103,0.9319,0.9698,0.9998,1.0381,1.0663
2440.0000,0.9017,0.9135,0.9376,0.9742,1.0039,1.0498,1.0737
2445.0000,0.9058,0.9186,0.9427,0.9781,1.0098,1.0598,1.0874
2450.0000,0.9093,0.9239,0.9479,0.9817,1.0171,1.0694,1.1040
2455.0000,0.9161,0.9276,0.9538,0.9849,1.0252,1.0804,1.1208
2460.0000,0.9193,0.9340,0.9575,0.9898,1.0320,1.0954,1.1352
2465.0000,0.9234,0.9395,0.9617,0.9943,1.0406,1.1106,1.1512
2470.0000,0.9308,0.9427,0.9674,0.9977,1.0522,1.1236,1.1732
2475.0000,0.9355,0.9479,0.9712,1.0031,1.0622,1.1419,1.1913
2480.0000,0.9378,0.9542,0.9744,1.0090,1.0739,1.1600,1.2129
2485.0000,0.9452,0.9575,0.9794,1.0143,1.0880,1.1776,1.2382
2490.0000,0.9496,0.9627,0.9827,1.0218,1.1011,1.2000,1.2607
2495.0000,0.9514,0.9688,0.9861,1.0294,1.1173,1.2196,1.2949
2500.0000,0.9590,0.9721,0.9904,1.0385,1.1321,1.2463,1.3216
2505.0000,0.9632,0.9771,0.9940,1.0488,1.1481,1.2750,1.3492
2510.0000,0.9670,0.9816,0.9989,1.0590,1.1674,1.3023,1.3851
2515.0000,0.9734,0.9844,1.0055,1.0694,1.1890,1.3309,1.4237
2520.0000,0.9766,0.9900,1.0105,1.0827,1.2093,1.3662,1.4573
2525.0000,0.9803,0.9952,1.0170,1.0962,1.2325,1.4023,1.4927
2530.0000,0.9870,0.9983,1.0262,1.1090,1.2605,1.4359,1.5363
2535.0000,0.9917,1.0038,1.0342,1.1249,1.2872,1.4769,1.5719
2540.0000,0.9955,1.0101,1.0438,1.1407,1.3193,1.5132,1.6229
2545.0000,1.0024,1.0159,1.0541,1.1588,1.3510,1.5565,1.6639
2550.0000,1.0081,1.0235,1.0643,1.1792,1.3839,1.6028,1.7010
2555.0000,1.0137,1.0316,1.0765,1.1995,1.4228,1.6426,1.7566
2560.0000,1.0174,1.0421,1.0884,1.2225,1.4624,1.6854,1.8107
2565.0000,1.0287,1.0505,1.1018,1.2486,1.5007,1.7358,1.8550
2570.0000,1.0367,1.0618,1.1155,1.2769,1.5410,1.7869,1.8978
2575.0000,1.0440,1.0738,1.1315,1.3055,1.5865,1.8321,1.9531
2580.0000,1.0573,1.0841,1.1503,1.3357,1.6336,1.8784,2.0083
2585.0000,1.0653,1.0999,1.1673,1.3707,1.6780,1.9314,2.0564
2590.0000,1.0779,1.1140,1.1876,1.4070,1.7241,1.9852,2.1005
2595.0000,1.0941,1.1267,1.2123,1.4426,1.7755,2.0325,2.1534
2600.0000,1.1083,1.1430,1.2368,1.4824,1.8240,2.0861,2.1962
2605.0000,1.1188,1.1632,1.2629,1.5229,1.8766,2.1322,2.2535
2610.0000,1.1385,1.1817,1.2917,1.5660,1.9267,2.1847,2.2967
2615.0000,1.1576,1.2024,1.3222,1.6109,1.9769,2.2373,2.3349
2620.0000,1.1701,1.2291,1.3533,1.6568,2.0301,2.2822,2.3862
2625.0000,1.1958,1.2521,1.3887,1.7038,2.0821,2.3298,2.4263
2630.0000,1.2186,1.2796,1.4241,1.7534,2.1317,2.3794,2.4571
2635.0000,1.2454,1.3058,1.4649,1.8003,2.1876,2.4154,2.5090
2640.0000,1.2721,1.3350,1.5066,1.8494,2.2405,2.4530,2.5552
2645.0000,1.2960,1.3711,1.5455,1.9030,2.2865,2.4975,2.5895
2650.0000,1.3261,1.4061,1.5879,1.9563,2.3317,2.5408,2.6184
2655.0000,1.3605,1.4403,1.6343,2.0076,2.3793,2.5763,2.6550
2660.0000,1.3946,1.4780,1.6803,2.0610,2.4211,2.6177,2.6765
2665.0000,1.4226,1.5219,1.7266,2.1130,2.4656,2.6477,2.7179
2670.0000,1.4646,1.5611,1.7767,2.1642,2.5063,2.6823,2.7426
2675.0000,1.5050,1.6034,1.8266,2.2158,2.5434,2.7187,2.7560
2680.0000,1.5460,1.6463,1.8795,2.2634,2.5846,2.7425,2.7898
2685.0000,1.5761,1.6971,1.9297,2.3111,2.6236,2.7632,2.8260
2690.0000,1.6281,1.7410,1.9825,2.3586,2.6558,2.7936,2.8418
2695.0000,1.6771,1.7859,2.0375,2.4013,2.6930,2.8084,2.8962
2700.0000,1.7249,1.8326,2.0917,2.4429,2.7279,2.8221,2.9654
2705.0000,1.7713,1.8833,2.1408,2.4888,2.7494,2.8562,3.0210
2710.0000,1.8092,1.9423,2.1843,2.5359,2.7660,2.8976,3.0879
2715.0000,1.8562,1.9982,2.2260,2.5851,2.7698,2.9704,3.1034
2720.0000,1.9146,2.0439,2.2768,2.6222,2.7888,3.0276,3.1481
2725.0000,1.9642,2.0937,2.3252,2.6568,2.8090,3.0935,3.1794
2730.0000,2.0003,2.1481,2.3740,2.6826,2.8457,3.1406,3.2481
2735.0000,2.0628,2.1878,2.4301,2.7005,2.8917,3.1872,3.3140
2740.0000,2.1183,2.2298,2.4810,2.7202,2.9357,3.2486,3.3574
2745.0000,2.1768,2.2667,2.5352,2.7318,2.9985,3.2852,3.4579
2750.0000,2.2177,2.3152,2.5764,2.7520,3.0543,3.3397,3.5400
2755.0000,2.2629,2.3640,2.6107,2.7777,3.1080,3.4043,3.6208
2760.0000,2.3088,2.4124,2.6401,2.8065,3.1660,3.4665,3.7292
2765.0000,2.3524,2.4618,2.6619,2.8436,3.2188,3.5447,3.8358
2770.0000,2.3841,2.5198,2.6728,2.8907,3.2665,3.6378,3.9469
2775.0000,2.4205,2.5712,2.6829,2.9434,3.3107,3.7529,4.0300
2780.0000,2.4785,2.6009,2.7072,2.9886,3.3728,3.8566,4.1469
2785.0000,2.5162,2.6373,2.7271,3.0407,3.4326,3.9810,4.2435
2790.0000,2.5407,2.6734,2.7528,3.0890,3.5104,4.0925,4.3802
2795.0000,2.5936,2.6880,2.7925,3.1347,3.5953,4.2192,4.4865
2800.0000,2.6347,2.7035,2.8360,3.1820,3.6879,4.3539,4.5714
2805.0000,2.6802,2.7110,2.8922,3.2214,3.8075,4.4589,4.7161
2810.0000,2.7150,2.7282,2.9458,3.2670,3.9335,4.5653,4.8548
2815.0000,2.7277,2.7644,2.9875,3.3289,4.0510,4.6941,4.9546
2820.0000,2.7495,2.8047,3.0278,3.3981,4.1754,4.8168,5.0534
2825.0000,2.7551,2.8613,3.0600,3.4790,4.3031,4.9315,5.1553
2830.0000,2.7998,2.9034,3.1011,3.5650,4.4352,5.0406,5.2468
2835.0000,2.8157,2.9685,3.1296,3.6695,4.5568,5.1576,5.3087
2875.0000,3.2168,3.3468,3.7233,4.6319,5.4789,5.5348,5.4448
2880.0000,3.2650,3.4272,3.8204,4.7720,5.5352,5.5315,5.3868
2885.0000,3.3300,3.5040,3.9328,4.9020,5.5872,5.4958,5.3555
2890.0000,3.4058,3.5838,4.0522,5.0286,5.6176,5.4592,5.2924
2895.0000,3.4684,3.6855,4.1672,5.1547,5.6240,5.4213,5.2036
2900.0000,3.5548,3.7785,4.2981,5.2630,5.6260,5.3555,5.1359
2905.0000,3.6514,3.8730,4.4346,5.3601,5.6092,5.2898,5.0373
2910.0000,3.7481,3.9754,4.5721,5.4450,5.5760,5.2202,4.9139
2915.0000,3.8304,4.0952,4.7050,5.5150,5.5349,5.1292,4.8016
2920.0000,3.9453,4.2027,4.8474,5.5608,5.4944,5.0099,4.7119
2925.0000,4.0633,4.3147,4.9813,5.5973,5.4294,4.9051,4.5809
2930.0000,4.1805,4.4326,5.1068,5.6182,5.3555,4.7885,4.4527
2935.0000,4.2535,4.5801,5.2067,5.6327,5.2642,4.6704,4.3117
2940.0000,4.3926,4.6997,5.3076,5.6279,5.1642,4.5513,4.1460
2945.0000,4.5174,4.8197,5.3982,5.6027,5.0708,4.3932,4.0628
2950.0000,4.6376,4.9384,5.4693,5.5725,4.9523,4.2622,3.9199
2955.0000,4.7624,5.0455,5.5289,5.5279,4.8267,4.1298,3.7720
2960.0000,4.8558,5.1636,5.5627,5.4770,4.6896,3.9998,3.6153
2965.0000,4.9676,5.2533,5.5960,5.4025,4.5642,3.8411,3.5123
2970.0000,5.0834,5.3252,5.6159,5.3201,4.4237,3.7044,3.3759
2975.0000,5.1778,5.3908,5.6189,5.2281,4.2791,3.5702,3.2395
2980.0000,5.2401,5.4565,5.6012,5.1293,4.1303,3.4392,3.1021
2985.0000,5.3267,5.4885,5.5836,5.0113,3.9939,3.2908,2.9990
2990.0000,5.3822,5.5206,5.5423,4.8937,3.8449,3.1637,2.8802
2995.0000,5.4249,5.5389,5.4879,4.7699,3.6942,3.0469,2.7482
3000.0000,5.4680,5.5348,5.4274,4.6355,3.5512,2.9271,2.6249
3005.0000,5.4873,5.5246,5.3505,4.4987,3.4082,2.8147,2.4923
3010.0000,5.4877,5.5024,5.2656,4.3515,3.2837,2.6743,2.4364
3015.0000,5.4901,5.4612,5.1706,4.2056,3.1526,2.5582,2.3556
3020.0000,5.4650,5.4195,5.0576,4.0639,3.0186,2.4556,2.2774
3025.0000,5.4339,5.3593,4.9416,3.9168,2.8966,2.3440,2.2586
3030.0000,5.3995,5.2835,4.8159,3.7774,2.7616,2.2744,2.2048
3035.0000,5.3404,5.2053,4.6802,3.6398,2.6331,2.2117,2.1783
3040.0000,5.2700,5.1170,4.5381,3.5067,2.5020,2.1822,2.1129
3045.0000,5.2034,5.0066,4.4035,3.3656,2.3923,2.1476,2.0766
3050.0000,5.1073,4.9024,4.2588,3.2297,2.2898,2.1284,2.0317
3055.0000,5.0039,4.7873,4.1175,3.0902,2.2084,2.1054,2.0051
3060.0000,4.9171,4.6491,3.9875,2.9448,2.1512,2.0761,1.9899
3065.0000,4.8119,4.5092,3.8545,2.8067,2.1012,2.0636,1.9430
3070.0000,4.6842,4.3758,3.7185,2.6714,2.0756,2.0254,1.9623
3075.0000,4.5498,4.2443,3.5768,2.5489,2.0543,1.9988,1.9637
3080.0000,4.4283,4.1056,3.4352,2.4380,2.0387,1.9777,1.9609
3085.0000,4.3147,3.9572,3.2969,2.3389,2.0278,1.9605,1.9585
3090.0000,4.1487,3.8398,3.1401,2.2639,2.0113,1.9517,1.9544
3095.0000,4.0218,3.7047,2.9933,2.1996,1.9976,1.9458,1.9502
3100.0000,3.8671,3.5881,2.8394,2.1545,1.9798,1.9451,1.9473
3105.0000,3.7299,3.4571,2.7011,2.1162,1.9660,1.9440,1.9489
3110.0000,3.6161,3.3084,2.5837,2.0813,1.9571,1.9422,1.9534
3115.0000,3.4674,3.1820,2.4660,2.0605,1.9426,1.9492,1.9517
3120.0000,3.3318,3.0459,2.3706,2.0396,1.9343,1.9534,1.9554
3125.0000,3.2165,2.9009,2.2974,2.0178,1.9308,1.9589,1.9535
3130.0000,3.1139,2.7480,2.2474,1.9929,1.9338,1.9634,1.9459
3135.0000,2.9755,2.6298,2.1957,1.9756,1.9371,1.9646,1.9438
3140.0000,2.8428,2.5272,2.1503,1.9617,1.9422,1.9638,1.9394
3180.0000,2.1739,2.0730,1.9519,1.9501,1.9616,1.8795,1.8476
3185.0000,2.1298,2.0472,1.9417,1.9574,1.9511,1.8650,1.8336
3190.0000,2.0998,2.0209,1.9367,1.9639,1.9371,1.8531,1.8141
3195.0000,2.0614,2.0064,1.9309,1.9702,1.9219,1.8368,1.8085
3200.0000,2.0265,1.9955,1.9272,1.9757,1.9024,1.8263,1.7927
3205.0000,2.0164,1.9764,1.9326,1.9752,1.8846,1.8148,1.7767
3210.0000,2.0004,1.9640,1.9381,1.9729,1.8652,1.8060,1.7550
3215.0000,1.9886,1.9515,1.9483,1.9641,1.8515,1.7891,1.7461
3220.0000,1.9779,1.9426,1.9585,1.9528,1.8373,1.7744,1.7319
3225.0000,1.9691,1.9380,1.9667,1.9403,1.8220,1.7630,1.7104
3230.0000,1.9596,1.9380,1.9728,1.9251,1.8102,1.7453,1.6995
3235.0000,1.9545,1.9395,1.9767,1.9083,1.7996,1.7256,1.6912
3240.0000,1.9471,1.9475,1.9734,1.8945,1.7844,1.7125,1.6748
3245.0000,1.9423,1.9554,1.9673,1.8801,1.7703,1.6973,1.6635
3250.0000,1.9485,1.9573,1.9613,1.8647,1.7561,1.6832,1.6498
3255.0000,1.9491,1.9619,1.9501,1.8513,1.7395,1.6726,1.6311
3260.0000,1.9490,1.9640,1.9382,1.8369,1.7252,1.6576,1.6209
3265.0000,1.9548,1.9599,1.9268,1.8222,1.7102,1.6457,1.6032
3270.0000,1.9523,1.9588,1.9112,1.8093,1.6933,1.6364,1.5788
3275.0000,1.9478,1.9549,1.8961,1.7952,1.6790,1.6230,1.5566
3280.0000,1.9504,1.9427,1.8852,1.7778,1.6693,1.6030,1.5388
3285.0000,1.9459,1.9325,1.8712,1.7630,1.6558,1.5882,1.5064
3290.0000,1.9375,1.9217,1.8572,1.7474,1.6447,1.5670,1.4778
3295.0000,1.9318,1.9067,1.8455,1.7300,1.6363,1.5386,1.4519
3300.0000,1.9217,1.8941,1.8307,1.7158,1.6231,1.5138,1.4122
3305.0000,1.9099,1.8815,1.8152,1.7023,1.6091,1.4846,1.3694
3310.0000,1.8931,1.8709,1.7982,1.6900,1.5933,1.4509,1.3217
3315.0000,1.8854,1.8554,1.7829,1.6779,1.5747,1.4152,1.2617
3320.0000,1.8675,1.8448,1.7660,1.6653,1.5582,1.3627,1.2298
3325.0000,1.8488,1.8348,1.7472,1.6560,1.5321,1.3173,1.1727
3330.0000,1.8434,1.8169,1.7329,1.6448,1.5034,1.2671,1.1119
3335.0000,1.8302,1.8020,1.7176,1.6339,1.4693,1.2141,1.0456
3340.0000,1.8123,1.7875,1.7042,1.6198,1.4356,1.1475,0.9991
3345.0000,1.8032,1.7691,1.6924,1.6057,1.3918,1.0887,0.9348
3350.0000,1.7871,1.7547,1.6795,1.5900,1.3432,1.0266,0.8724
3355.0000,1.7711,1.7404,1.6673,1.5719,1.2887,0.9659,0.8033
3360.0000,1.7602,1.7221,1.6592,1.5468,1.2356,0.8949,0.7510
3365.0000,1.7429,1.7096,1.6474,1.5210,1.1740,0.8303,0.6944
3370.0000,1.7252,1.6980,1.6345,1.4916,1.1071,0.7706,0.6311
3375.0000,1.7152,1.6823,1.6236,1.4557,1.0396,0.7106,0.5717
3380.0000,1.7023,1.6683,1.6107,1.4150,0.9707,0.6517,0.5143
3385.0000,1.6867,1.6550,1.5964,1.3676,0.9046,0.5877,0.4785
3390.0000,1.6751,1.6400,1.5790,1.3175,0.8337,0.5364,0.4288
3395.0000,1.6610,1.6259,1.5579,1.2623,0.7649,0.4862,0.3859
3400.0000,1.6485,1.6094,1.5338,1.2027,0.6981,0.4397,0.3451
3405.0000,1.6336,1.5917,1.5060,1.1384,0.6363,0.3919,0.3184
3410.0000,1.6159,1.5747,1.4710,1.0734,0.5742,0.3529,0.2905
3415.0000,1.5949,1.5572,1.4296,1.0076,0.5138,0.3214,0.2588
3420.0000,1.5744,1.5346,1.3852,0.9388,0.4603,0.2896,0.2384
3425.0000,1.5583,1.5048,1.3378,0.8690,0.4108,0.2633,0.2185
3430.0000,1.5313,1.4763,1.2829,0.8013,0.3645,0.2424,0.1982
3435.0000,1.5070,1.4400,1.2262,0.7333,0.3246,0.2233,0.1809
3440.0000,1.4790,1.3989,1.1665,0.6667,0.2900,0.2072,0.1625
3445.0000,1.4397,1.3587,1.1015,0.6032,0.2615,0.1891,0.1567
3450.0000,1.3962,1.3151,1.0334,0.5439,0.2362,0.1752,0.1480
3455.0000,1.3613,1.2615,0.9666,0.4870,0.2159,0.1625,0.1402
3460.0000,1.3219,1.2030,0.8999,0.4344,0.1989,0.1518,0.1324
3465.0000,1.2629,1.1504,0.8284,0.3886,0.1839,0.1418,0.1291
3470.0000,1.2155,1.0883,0.7611,0.3462,0.1722,0.1327,0.1275
3475.0000,1.1563,1.0302,0.6916,0.3110,0.1603,0.1266,0.1267
3480.0000,1.1075,0.9619,0.6294,0.2783,0.1513,0.1212,0.1281
3485.0000,1.0475,0.8965,0.5683,0.2514,0.1415,0.1204,0.1270
3490.0000,0.9798,0.8362,0.5084,0.2296,0.1326,0.1199,0.1296
3495.0000,0.9116,0.7765,0.4525,0.2118,0.1235,0.1237,0.1269
3500.0000,0.8558,0.7107,0.4057,0.1943,0.1180,0.1266,0.1254
3505.0000,0.8011,0.6437,0.3664,0.1776,0.1156,0.1288,0.1233
3510.0000,0.7331,0.5879,0.3277,0.1647,0.1140,0.1304,0.1228
3515.0000,0.6754,0.5311,0.2962,0.1519,0.1156,0.1300,0.1234
3520.0000,0.6173,0.4802,0.2672,0.1419,0.1169,0.1312,0.1197
3525.0000,0.5732,0.4254,0.2469,0.1304,0.1226,0.1273,0.1230
3530.0000,0.5161,0.3840,0.2246,0.1236,0.1262,0.1249,0.1243
3535.0000,0.4632,0.3491,0.2031,0.1198,0.1284,0.1234,0.1248
3540.0000,0.4164,0.3180,0.1838,0.1182,0.1297,0.1222,0.1252
3545.0000,0.3806,0.2865,0.1686,0.1174,0.1305,0.1215,0.1250
3550.0000,0.3440,0.2599,0.1550,0.1180,0.1306,0.1204,0.1267
3555.0000,0.3061,0.2403,0.1410,0.1213,0.1282,0.1220,0.1245
3560.0000,0.2795,0.2187,0.1319,0.1235,0.1265,0.1227,0.1237
3565.0000,0.2559,0.1988,0.1257,0.1255,0.1248,0.1235,0.1229
3570.0000,0.2316,0.1832,0.1207,0.1276,0.1230,0.1243,0.1222
3575.0000,0.2109,0.1689,0.1184,0.1287,0.1219,0.1246,0.1221
3580.0000,0.1953,0.1553,0.1187,0.1286,0.1217,0.1243,0.1222
3585.0000,0.1838,0.1420,0.1214,0.1274,0.1221,0.1242,0.1212
3590.0000,0.1718,0.1325,0.1241,0.1259,0.1229,0.1231,0.1219
3595.0000,0.1576,0.1279,0.1254,0.1251,0.1232,0.1226,0.1220
3600.0000,0.1470,0.1252,0.1263,0.1245,0.1233,0.1223,0.1217
3605.0000,0.1374,0.1250,0.1261,0.1243,0.1232,0.1221,0.1216
3610.0000,0.1330,0.1244,0.1264,0.1239,0.1231,0.1218,0.1216
3615.0000,0.1287,0.1254,0.1256,0.1240,0.1227,0.1219,0.1212
3620.0000,0.1265,0.1258,0.1252,0.1240,0.1224,0.1217,0.1212
3625.0000,0.1264,0.1256,0.1251,0.1237,0.1223,0.1215,0.1211
3630.0000,0.1258,0.1257,0.1248,0.1236,0.1219,0.1216,0.1206
3635.0000,0.1255,0.1256,0.1246,0.1234,0.1218,0.1214,0.1208
3640.0000,0.1256,0.1253,0.1245,0.1232,0.1217,0.1212,0.1208
3645.0000,0.1254,0.1252,0.1243,0.1230,0.1214,0.1213,0.1202
