150.0000,0.7869,0.7460,1.1654,3.1080,2.1813,1.9209,1.8594
155.0000,0.7934,0.7522,1.4928,3.1397,2.0019,1.9307,1.8237
160.0000,0.8753,0.7539,1.8656,3.0871,1.8624,1.9584,1.7383
165.0000,0.9816,0.7979,2.2457,2.9547,1.7983,1.9236,1.7695
170.0000,0.9584,0.9909,2.5369,2.8070,1.7492,1.9061,1.7692
175.0000,1.0744,1.1733,2.8015,2.6243,1.7304,1.9062,1.7060
180.0000,1.1964,1.4172,2.9847,2.4335,1.7525,1.8594,1.7304
185.0000,1.3115,1.7126,3.0703,2.2636,1.7791,1.8152,1.7482
190.0000,1.4768,2.0048,3.0771,2.1213,1.7980,1.7918,1.7301
195.0000,1.6550,2.2816,3.0157,2.0064,1.8194,1.7575,1.7421
200.0000,1.7569,2.5647,2.8763,1.9361,1.8204,1.7383,1.7452
205.0000,2.0488,2.7036,2.7508,1.8699,1.8300,1.7132,1.7614
210.0000,2.2325,2.8204,2.5885,1.8384,1.8198,1.7051,1.7682
215.0000,2.3884,2.8683,2.4310,1.8217,1.8033,1.7041,1.7803
220.0000,2.5527,2.8364,2.2984,1.8082,1.7893,1.7018,1.8149
225.0000,2.6242,2.7864,2.1682,1.8108,1.7615,1.7216,1.8294
230.0000,2.6410,2.7089,2.0586,1.8147,1.7365,1.7426,1.8683
235.0000,2.6549,2.5943,1.9802,1.8132,1.7167,1.7706,1.9177
240.0000,2.6404,2.4628,1.9279,1.8062,1.7028,1.8073,1.9769
245.0000,2.5684,2.3508,1.8808,1.8056,1.6798,1.8803,1.9787
250.0000,2.4833,2.2453,1.8485,1.8013,1.6630,1.9680,1.9434
255.0000,2.3930,2.1487,1.8329,1.7844,1.6734,2.0352,1.8958
260.0000,2.3259,2.0519,1.8314,1.7623,1.6950,2.1130,1.7283
265.0000,2.2275,1.9780,1.8417,1.7196,1.7746,2.0954,1.6061
270.0000,2.1424,1.9232,1.8440,1.6887,1.8498,2.0761,1.3586
275.0000,2.0791,1.8694,1.8617,1.6379,1.9866,1.9094,1.2738
280.0000,2.0079,1.8383,1.8687,1.5966,2.1347,1.6567,1.2598
285.0000,1.9744,1.8100,1.8530,1.6008,2.2102,1.4488,1.1668
290.0000,1.9251,1.8082,1.8169,1.6303,2.2608,1.1727,1.2943
295.0000,1.8798,1.8307,1.7395,1.7261,2.1863,1.0222,1.3148
300.0000,1.8404,1.8528,1.6645,1.8335,2.0747,0.8560,1.5309
305.0000,1.7676,1.9080,1.5525,2.0020,1.8108,0.9232,1.4328
310.0000,1.8028,1.8909,1.4955,2.1452,1.5173,1.0635,1.3026
315.0000,1.7625,1.8971,1.4699,2.2371,1.2723,1.1465,1.3314
320.0000,1.7321,1.8729,1.4970,2.2798,1.0349,1.3055,1.2089
325.0000,1.7352,1.8011,1.6056,2.2265,0.8987,1.3937,1.1740
330.0000,1.7801,1.7035,1.7590,2.1128,0.8098,1.5152,0.9804
335.0000,1.8335,1.5854,1.9682,1.9033,0.8671,1.4607,1.0976
340.0000,1.9326,1.4688,2.1809,1.6576,0.9790,1.3887,1.1622
345.0000,1.7946,1.5216,2.2763,1.4591,1.0650,1.3729,1.0869
350.0000,1.8622,1.4974,2.3881,1.2297,1.2273,1.2466,1.2087
355.0000,1.8384,1.5978,2.3651,1.0836,1.3309,1.1787,1.2371
360.0000,1.7535,1.7749,2.2315,1.0164,1.3799,1.1510,1.2336
365.0000,1.6824,1.9767,2.0244,1.0066,1.4041,1.1098,1.2891
370.0000,1.5680,2.2014,1.7432,1.0733,1.3533,1.1475,1.2382
375.0000,1.7743,2.2117,1.5477,1.1219,1.3182,1.1658,1.2193
380.0000,1.7929,2.2539,1.3260,1.2045,1.2591,1.1893,1.2185
385.0000,1.8407,2.1889,1.1749,1.2695,1.2059,1.2197,1.1955
390.0000,1.9554,2.0070,1.1169,1.2949,1.1847,1.2239,1.1973
395.0000,2.0053,1.7886,1.1162,1.2981,1.1732,1.2331,1.1784
400.0000,2.0081,1.5682,1.1566,1.2785,1.1833,1.2202,1.1906
405.0000,1.8457,1.4450,1.1744,1.2698,1.1842,1.2156,1.1932
410.0000,1.7643,1.2960,1.2316,1.2396,1.1999,1.2062,1.1898
415.0000,1.6007,1.2453,1.2485,1.2279,1.2036,1.2013,1.1896
420.0000,1.4728,1.2226,1.2568,1.2195,1.2055,1.1975,1.1874
425.0000,1.3647,1.2313,1.2490,1.2195,1.2007,1.1994,1.1773
430.0000,1.2985,1.2388,1.2437,1.2167,1.2005,1.1941,1.1798
435.0000,1.2778,1.2346,1.2445,1.2107,1.2032,1.1861,1.1846
440.0000,1.2565,1.2401,1.2382,1.2096,1.2005,1.1845,1.1821
445.0000,1.2480,1.2405,1.2344,1.2072,1.1993,1.1804,1.1866
450.0000,1.2412,1.2413,1.2292,1.2064,1.1956,1.1803,1.1861
455.0000,1.2422,1.2386,1.2255,1.2054,1.1916,1.1816,1.1845
460.0000,1.2367,1.2396,1.2195,1.2057,1.1869,1.1835,1.1835
465.0000,1.2305,1.2402,1.2142,1.2053,1.1835,1.1837,1.1871
470.0000,1.2345,1.2350,1.2116,1.2042,1.1793,1.1883,1.1827
475.0000,1.2319,1.2317,1.2099,1.2008,1.1806,1.1825,1.2086
480.0000,1.2301,1.2267,1.2100,1.1960,1.1839,1.1749,1.2503
485.0000,1.2304,1.2192,1.2133,1.1879,1.1933,1.1585,1.3340
490.0000,1.2284,1.2155,1.2109,1.1874,1.1882,1.1699,1.4240
495.0000,1.2234,1.2142,1.2068,1.1886,1.1800,1.1940,1.5574
500.0000,1.2203,1.2141,1.1997,1.1944,1.1619,1.2512,1.7138
505.0000,1.2150,1.2156,1.1922,1.2001,1.1443,1.3321,1.9239
510.0000,1.1979,1.2280,1.1726,1.2195,1.1001,1.5016,2.0507
515.0000,1.2051,1.2310,1.1534,1.2447,1.0395,1.7651,2.0455
520.0000,1.1959,1.2318,1.1539,1.2365,1.0526,1.9676,2.0985
525.0000,1.1896,1.2269,1.1611,1.2204,1.0896,2.2035,1.9894
530.0000,1.2053,1.1975,1.2009,1.1631,1.2224,2.3372,1.9021
535.0000,1.2169,1.1703,1.2379,1.1073,1.3837,2.4625,1.6235
540.0000,1.2568,1.1118,1.3142,1.0021,1.6841,2.3301,1.6834
545.0000,1.2155,1.1131,1.3426,0.9367,1.9827,2.1434,1.7052
550.0000,1.2272,1.1057,1.3409,0.9312,2.2164,1.9905,1.5893
555.0000,1.2444,1.1073,1.3177,0.9621,2.4418,1.7213,1.7121
560.0000,1.1947,1.1741,1.2176,1.0946,2.5301,1.5484,1.7331
565.0000,1.1721,1.2348,1.1047,1.2730,2.5544,1.3538,1.9157
570.0000,1.1132,1.3289,0.9461,1.5391,2.4125,1.3449,1.8481
575.0000,0.9632,1.4519,0.7799,1.8441,2.1687,1.4358,1.7372
580.0000,1.1184,1.3894,0.7622,2.0642,1.9728,1.4537,1.8185
585.0000,1.0811,1.3989,0.7472,2.2870,1.7049,1.6124,1.6394
590.0000,1.0969,1.3256,0.8537,2.4066,1.5114,1.7089,1.5764
595.0000,1.1898,1.1799,1.0764,2.4148,1.4084,1.7443,1.5663
600.0000,1.2657,1.0330,1.3553,2.3545,1.3388,1.8142,1.4426
605.0000,1.4003,0.8699,1.7022,2.1899,1.3960,1.7406,1.5283
610.0000,1.2483,0.9085,1.9522,2.0349,1.4525,1.6882,1.5617
615.0000,1.3407,0.8790,2.2247,1.8419,1.5394,1.6444,1.5411
620.0000,1.3408,0.9944,2.3839,1.6797,1.6306,1.5706,1.5915
625.0000,1.2342,1.2555,2.3987,1.5884,1.6705,1.5432,1.5967
630.0000,1.2332,1.5233,2.3427,1.5322,1.6989,1.5081,1.6398
635.0000,1.1407,1.8706,2.1712,1.5505,1.6648,1.5343,1.6120
640.0000,1.3985,2.0188,2.0519,1.5545,1.6455,1.5499,1.5975
645.0000,1.5091,2.1935,1.8801,1.5958,1.6052,1.5695,1.6001
650.0000,1.6878,2.2355,1.7646,1.6200,1.5771,1.5877,1.5976
655.0000,1.8761,2.1863,1.6977,1.6266,1.5654,1.5948,1.6080
660.0000,1.9862,2.1084,1.6528,1.6296,1.5543,1.6101,1.6039
665.0000,2.0804,1.9834,1.6501,1.6131,1.5633,1.6079,1.6273
670.0000,2.0416,1.9064,1.6351,1.6064,1.5648,1.6160,1.6406
675.0000,2.0155,1.8164,1.6401,1.5919,1.5728,1.6253,1.6494
680.0000,1.9658,1.7503,1.6415,1.5804,1.5815,1.6345,1.6621
685.0000,1.8865,1.7162,1.6323,1.5760,1.5871,1.6483,1.6693
690.0000,1.8179,1.6964,1.6190,1.5757,1.5914,1.6655,1.6690
695.0000,1.7558,1.6870,1.6040,1.5765,1.6002,1.6755,1.6844
700.0000,1.7182,1.6722,1.5952,1.5754,1.6136,1.6817,1.7037
705.0000,1.7026,1.6519,1.5906,1.5756,1.6249,1.6956,1.7073
710.0000,1.6818,1.6370,1.5866,1.5759,1.6411,1.7000,1.7350
715.0000,1.6654,1.6229,1.5840,1.5780,1.6568,1.7060,1.7641
720.0000,1.6509,1.6112,1.5812,1.5831,1.6699,1.7168,1.7938
725.0000,1.6386,1.6016,1.5781,1.5913,1.6800,1.7333,1.8265
730.0000,1.6175,1.6009,1.5711,1.6046,1.6848,1.7602,1.8514
735.0000,1.6117,1.5947,1.5694,1.6161,1.6932,1.7857,1.8888
740.0000,1.5972,1.5969,1.5645,1.6311,1.6989,1.8195,1.9265
745.0000,1.5822,1.5999,1.5619,1.6457,1.7066,1.8579,1.9657
750.0000,1.5901,1.5894,1.5712,1.6530,1.7248,1.8906,2.0231
755.0000,1.5880,1.5852,1.5789,1.6629,1.7408,1.9370,2.0736
760.0000,1.5928,1.5759,1.5947,1.6660,1.7711,1.9697,2.1729
765.0000,1.5897,1.5728,1.6083,1.6720,1.8002,2.0170,2.2777
770.0000,1.5902,1.5717,1.6209,1.6811,1.8278,2.0820,2.3910
775.0000,1.5866,1.5771,1.6310,1.6919,1.8607,2.1534,2.5452
780.0000,1.5851,1.5872,1.6358,1.7104,1.8865,2.2596,2.6942
820.0000,1.6715,1.6100,1.8036,1.7934,2.7763,3.0921,1.6125
825.0000,1.7360,1.5722,1.8786,1.7644,3.1076,2.7027,1.3746
830.0000,1.6852,1.6172,1.8757,1.8283,3.3195,2.3448,0.8719
835.0000,1.7114,1.6218,1.9018,1.8850,3.5733,1.6753,1.0029
840.0000,1.7002,1.6852,1.8513,2.0551,3.6294,1.1108,0.9994
845.0000,1.6839,1.7800,1.7422,2.3349,3.4525,0.7138,0.9235
850.0000,1.6318,1.8953,1.6321,2.6403,3.1711,0.2945,1.1681
855.0000,1.5237,2.0563,1.4763,3.0405,2.5959,0.2803,0.9522
860.0000,1.6887,2.0427,1.4619,3.3584,1.9728,0.3506,0.8329
865.0000,1.6706,2.0805,1.5104,3.5734,1.3920,0.3841,0.9745
870.0000,1.6328,2.0948,1.6363,3.7026,0.7630,0.6634,0.7679
875.0000,1.8155,1.9420,1.9650,3.6057,0.3264,0.8504,0.7046
880.0000,1.9066,1.8240,2.3512,3.3692,-0.0013,1.0826,0.5030
885.0000,2.1364,1.6326,2.8513,2.9296,-0.0794,1.1303,0.5350
890.0000,2.0245,1.6584,3.2608,2.4109,0.0059,1.0584,0.6522
895.0000,2.1711,1.6245,3.6444,1.8533,0.1397,1.0843,0.4884
900.0000,2.3015,1.7113,3.8913,1.2870,0.4150,0.9090,0.6414
905.0000,2.1414,2.0682,3.8520,0.8598,0.6413,0.7785,0.7163
910.0000,2.2095,2.3735,3.6876,0.5169,0.8540,0.6508,0.7969
915.0000,2.1741,2.7978,3.2880,0.3453,0.9645,0.5966,0.7988
920.0000,2.3843,3.0638,2.8271,0.2706,1.0198,0.5747,0.7808
925.0000,2.4379,3.3466,2.2491,0.3156,1.0188,0.5331,0.8875
930.0000,2.3744,3.5669,1.6257,0.4692,0.9049,0.6250,0.7843
935.0000,2.7501,3.3593,1.2233,0.5651,0.8406,0.6719,0.7355
940.0000,2.8108,3.1523,0.8473,0.6910,0.7587,0.7124,0.7211
945.0000,2.8993,2.7424,0.6483,0.7612,0.7114,0.7379,0.7031
950.0000,2.9910,2.2204,0.5911,0.7785,0.7030,0.7342,0.7106
955.0000,2.6991,1.8347,0.5438,0.8052,0.6787,0.7528,0.6827
960.0000,2.4697,1.4312,0.5861,0.7879,0.6925,0.7338,0.7145
965.0000,2.1556,1.1413,0.6262,0.7749,0.6984,0.7279,0.7250
970.0000,1.7834,0.9630,0.6519,0.7690,0.6970,0.7302,0.7278
975.0000,1.5161,0.8131,0.6960,0.7521,0.7032,0.7311,0.7277
980.0000,1.2562,0.7426,0.7187,0.7430,0.7050,0.7343,0.7273
985.0000,1.0695,0.7034,0.7369,0.7335,0.7091,0.7358,0.7270
990.0000,0.9174,0.7025,0.7391,0.7308,0.7084,0.7422,0.7182
995.0000,0.8151,0.7099,0.7405,0.7259,0.7135,0.7399,0.7211
1000.0000,0.7784,0.7065,0.7479,0.7170,0.7233,0.7332,0.7259
1005.0000,0.7469,0.7146,0.7470,0.7133,0.7283,0.7318,0.7227
1010.0000,0.7346,0.7188,0.7469,0.7091,0.7354,0.7259,0.7271
1015.0000,0.7300,0.7233,0.7441,0.7078,0.7393,0.7229,0.7273
1020.0000,0.7282,0.7280,0.7392,0.7087,0.7416,0.7198,0.7298
1025.0000,0.7221,0.7365,0.7300,0.7136,0.7397,0.7202,0.7287
1030.0000,0.7270,0.7386,0.7231,0.7186,0.7369,0.7212,0.7278
1035.0000,0.7231,0.7454,0.7130,0.7261,0.7314,0.7239,0.7267
1040.0000,0.7217,0.7476,0.7062,0.7325,0.7264,0.7262,0.7266
1045.0000,0.7308,0.7405,0.7061,0.7354,0.7234,0.7280,0.7262
1050.0000,0.7325,0.7349,0.7068,0.7379,0.7197,0.7320,0.7212
1055.0000,0.7364,0.7255,0.7123,0.7368,0.7198,0.7319,0.7216
1060.0000,0.7332,0.7192,0.7180,0.7346,0.7213,0.7303,0.7225
1065.0000,0.7323,0.7125,0.7250,0.7316,0.7224,0.7310,0.7171
1070.0000,0.7291,0.7095,0.7308,0.7280,0.7258,0.7273,0.7204
1075.0000,0.7229,0.7111,0.7340,0.7253,0.7287,0.7231,0.7249
1080.0000,0.7196,0.7142,0.7349,0.7243,0.7291,0.7225,0.7248
1085.0000,0.7148,0.7206,0.7332,0.7246,0.7291,0.7208,0.7302
1090.0000,0.7112,0.7274,0.7298,0.7263,0.7268,0.7226,0.7313
1095.0000,0.7176,0.7290,0.7283,0.7275,0.7243,0.7262,0.7300
1100.0000,0.7182,0.7327,0.7254,0.7292,0.7216,0.7299,0.7286
1105.0000,0.7212,0.7334,0.7242,0.7298,0.7202,0.7331,0.7259
1110.0000,0.7263,0.7310,0.7254,0.7286,0.7212,0.7335,0.7251
1115.0000,0.7278,0.7300,0.7257,0.7280,0.7214,0.7360,0.7185
1120.0000,0.7280,0.7286,0.7273,0.7256,0.7256,0.7313,0.7237
1125.0000,0.7292,0.7265,0.7293,0.7230,0.7300,0.7261,0.7298
1130.0000,0.7288,0.7260,0.7296,0.7223,0.7315,0.7249,0.7319
1135.0000,0.7283,0.7258,0.7295,0.7218,0.7331,0.7224,0.7399
1140.0000,0.7279,0.7263,0.7281,0.7233,0.7314,0.7253,0.7424
1145.0000,0.7273,0.7270,0.7264,0.7250,0.7297,0.7280,0.7488
1150.0000,0.7248,0.7294,0.7233,0.7282,0.7255,0.7360,0.7465
1155.0000,0.7265,0.7290,0.7220,0.7302,0.7227,0.7436,0.7440
1160.0000,0.7236,0.7316,0.7194,0.7326,0.7202,0.7519,0.7376
1165.0000,0.7218,0.7322,0.7192,0.7324,0.7221,0.7544,0.7381
1170.0000,0.7260,0.7282,0.7228,0.7294,0.7280,0.7527,0.7412
1175.0000,0.7266,0.7263,0.7248,0.7279,0.7316,0.7553,0.7335
1180.0000,0.7303,0.7213,0.7298,0.7235,0.7410,0.7478,0.7444
1185.0000,0.7281,0.7203,0.7320,0.7216,0.7474,0.7435,0.7503
1190.0000,0.7288,0.7186,0.7338,0.7210,0.7519,0.7413,0.7546
1195.0000,0.7271,0.7202,0.7326,0.7231,0.7535,0.7417,0.7565
1200.0000,0.7190,0.7268,0.7275,0.7284,0.7516,0.7455,0.7552
1205.0000,0.7218,0.7288,0.7245,0.7332,0.7499,0.7487,0.7554
1210.0000,0.7169,0.7354,0.7187,0.7397,0.7465,0.7531,0.7546
1215.0000,0.7145,0.7388,0.7156,0.7446,0.7449,0.7552,0.7580
1220.0000,0.7237,0.7345,0.7177,0.7468,0.7451,0.7567,0.7615
1225.0000,0.7253,0.7328,0.7192,0.7494,0.7439,0.7612,0.7610
1230.0000,0.7307,0.7270,0.7249,0.7491,0.7457,0.7630,0.7636
1235.0000,0.7307,0.7234,0.7304,0.7484,0.7476,0.7658,0.7632
1240.0000,0.7322,0.7196,0.7368,0.7469,0.7503,0.7687,0.7599
1245.0000,0.7322,0.7182,0.7424,0.7451,0.7545,0.7691,0.7583
1250.0000,0.7284,0.7206,0.7460,0.7436,0.7598,0.7664,0.7597
1255.0000,0.7256,0.7254,0.7468,0.7441,0.7627,0.7664,0.7553
1260.0000,0.7221,0.7321,0.7462,0.7451,0.7667,0.7623,0.7591
1265.0000,0.7263,0.7352,0.7462,0.7464,0.7697,0.7585,0.7619
1270.0000,0.7259,0.7419,0.7430,0.7505,0.7694,0.7578,0.7625
1275.0000,0.7290,0.7451,0.7415,0.7541,0.7686,0.7569,0.7646
1280.0000,0.7352,0.7450,0.7415,0.7576,0.7669,0.7576,0.7655
1285.0000,0.7387,0.7451,0.7417,0.7611,0.7642,0.7594,0.7667
1290.0000,0.7407,0.7449,0.7428,0.7640,0.7617,0.7612,0.7694
1295.0000,0.7426,0.7441,0.7450,0.7660,0.7597,0.7631,0.7736
1300.0000,0.7425,0.7448,0.7467,0.7680,0.7566,0.7680,0.7749
1305.0000,0.7397,0.7474,0.7481,0.7693,0.7546,0.7721,0.7793
1310.0000,0.7432,0.7464,0.7522,0.7685,0.7542,0.7767,0.7819
1315.0000,0.7439,0.7473,0.7554,0.7678,0.7539,0.7834,0.7801
1320.0000,0.7468,0.7464,0.7603,0.7647,0.7571,0.7864,0.7842
1325.0000,0.7509,0.7451,0.7655,0.7608,0.7623,0.7880,0.7883
1330.0000,0.7503,0.7469,0.7681,0.7585,0.7661,0.7928,0.7848
1335.0000,0.7512,0.7488,0.7705,0.7554,0.7732,0.7914,0.7940
1340.0000,0.7484,0.7541,0.7696,0.7545,0.7791,0.7911,0.8020
1345.0000,0.7512,0.7574,0.7682,0.7547,0.7843,0.7917,0.8099
1350.0000,0.7490,0.7643,0.7632,0.7580,0.7866,0.7954,0.8171
1355.0000,0.7494,0.7689,0.7585,0.7623,0.7876,0.8015,0.8219
1360.0000,0.7569,0.7681,0.7564,0.7662,0.7888,0.8086,0.8263
1365.0000,0.7593,0.7682,0.7542,0.7706,0.7899,0.8163,0.8309
1370.0000,0.7602,0.7676,0.7530,0.7748,0.7913,0.8250,0.8330
1375.0000,0.7633,0.7643,0.7545,0.7776,0.7949,0.8321,0.8351
1380.0000,0.7629,0.7627,0.7558,0.7807,0.7984,0.8404,0.8321
1385.0000,0.7609,0.7614,0.7588,0.7822,0.8058,0.8426,0.8381
1390.0000,0.7618,0.7588,0.7634,0.7826,0.8150,0.8425,0.8450
1395.0000,0.7619,0.7577,0.7670,0.7848,0.8217,0.8462,0.8445
1400.0000,0.7629,0.7563,0.7717,0.7860,0.8312,0.8438,0.8566
1405.0000,0.7615,0.7577,0.7745,0.7894,0.8379,0.8444,0.8656
1410.0000,0.7620,0.7594,0.7767,0.7942,0.8426,0.8471,0.8748
1415.0000,0.7596,0.7644,0.7764,0.8014,0.8444,0.8530,0.8822
1420.0000,0.7618,0.7676,0.7772,0.8086,0.8457,0.8598,0.8925
1425.0000,0.7608,0.7738,0.7763,0.8172,0.8452,0.8695,0.9032
1430.0000,0.7583,0.7805,0.7758,0.8256,0.8445,0.8808,0.9155
1435.0000,0.7668,0.7800,0.7803,0.8314,0.8455,0.8939,0.9265
1440.0000,0.7702,0.7816,0.7848,0.8368,0.8469,0.9096,0.9349
1445.0000,0.7748,0.7807,0.7928,0.8388,0.8533,0.9211,0.9550
1450.0000,0.7802,0.7794,0.8023,0.8394,0.8619,0.9337,0.9749
1455.0000,0.7820,0.7805,0.8105,0.8407,0.8700,0.9517,0.9878
1460.0000,0.7858,0.7816,0.8193,0.8408,0.8814,0.9681,1.0043
1465.0000,0.7869,0.7859,0.8265,0.8409,0.8965,0.9810,1.0300
1470.0000,0.7882,0.7920,0.8318,0.8422,0.9127,0.9946,1.0587
1475.0000,0.7886,0.8013,0.8334,0.8472,0.9264,1.0145,1.0849
1480.0000,0.7890,0.8115,0.8329,0.8544,0.9399,1.0377,1.1105
1485.0000,0.7982,0.8165,0.8349,0.8609,0.9572,1.0582,1.1469
1490.0000,0.8031,0.8236,0.8345,0.8710,0.9723,1.0855,1.1825
1495.0000,0.8056,0.8303,0.8346,0.8817,0.9899,1.1122,1.2326
1500.0000,0.8151,0.8331,0.8355,0.8957,1.0028,1.1544,1.2658
1505.0000,0.8201,0.8364,0.8379,0.9091,1.0207,1.1954,1.3073
1510.0000,0.8239,0.8388,0.8425,0.9226,1.0416,1.2395,1.3499
1515.0000,0.8300,0.8394,0.8494,0.9363,1.0651,1.2892,1.3843
1520.0000,0.8321,0.8426,0.8570,0.9504,1.0929,1.3409,1.4115
1525.0000,0.8357,0.8448,0.8671,0.9643,1.1258,1.3943,1.4181
1530.0000,0.8407,0.8454,0.8822,0.9742,1.1728,1.4296,1.4373
1535.0000,0.8454,0.8486,0.8957,0.9883,1.2193,1.4692,1.4257
1540.0000,0.8525,0.8515,0.9118,1.0020,1.2755,1.4906,1.4157
1545.0000,0.8545,0.8602,0.9247,1.0210,1.3321,1.5038,1.3799
1550.0000,0.8610,0.8692,0.9368,1.0453,1.3876,1.5063,1.3143
1555.0000,0.8664,0.8810,0.9488,1.0729,1.4469,1.4792,1.2575
1560.0000,0.8740,0.8933,0.9616,1.1044,1.5065,1.4219,1.2072
1565.0000,0.8823,0.9094,0.9693,1.1487,1.5454,1.3644,1.1191
1570.0000,0.8886,0.9289,0.9752,1.2020,1.5675,1.2953,1.0047
1575.0000,0.8870,0.9520,0.9830,1.2587,1.5789,1.1970,0.9066
1580.0000,0.9115,0.9639,0.9989,1.3184,1.5689,1.0902,0.7932
1585.0000,0.9246,0.9794,1.0203,1.3762,1.5457,0.9529,0.7414
1590.0000,0.9353,0.9975,1.0436,1.4389,1.4861,0.8347,0.6575
1595.0000,0.9594,1.0097,1.0772,1.4960,1.4009,0.7226,0.5826
1600.0000,0.9678,1.0327,1.1145,1.5447,1.2962,0.6110,0.5405
1605.0000,0.9858,1.0532,1.1602,1.5826,1.1647,0.5303,0.4803
1610.0000,1.0144,1.0706,1.2164,1.6024,1.0185,0.4721,0.4230
1615.0000,1.0385,1.0918,1.2823,1.5950,0.8774,0.4133,0.4045
1620.0000,1.0541,1.1249,1.3462,1.5683,0.7292,0.3876,0.3631
1625.0000,1.0889,1.1527,1.4172,1.5112,0.5963,0.3701,0.3344
1630.0000,1.1280,1.1818,1.4874,1.4269,0.4816,0.3618,0.3094
1635.0000,1.1771,1.2106,1.5523,1.3176,0.3907,0.3575,0.2874
1640.0000,1.2003,1.2575,1.5972,1.1907,0.3284,0.3439,0.2874
1645.0000,1.2447,1.2982,1.6246,1.0549,0.2810,0.3476,0.2567
1650.0000,1.2993,1.3336,1.6339,0.9081,0.2672,0.3253,0.2802
1655.0000,1.3191,1.3898,1.6009,0.7743,0.2596,0.3139,0.2873
1660.0000,1.3552,1.4323,1.5424,0.6509,0.2606,0.3089,0.2818
1665.0000,1.3689,1.4786,1.4494,0.5460,0.2680,0.2999,0.2898
1670.0000,1.4057,1.4961,1.3409,0.4570,0.2787,0.2941,0.2908
1675.0000,1.4233,1.5013,1.2127,0.3890,0.2888,0.2888,0.2934
1680.0000,1.4172,1.4929,1.0708,0.3426,0.2940,0.2885,0.2872
1685.0000,1.3746,1.4726,0.9220,0.3152,0.2952,0.2889,0.2822
1690.0000,1.3984,1.3897,0.8009,0.2898,0.3030,0.2831,0.2814
1695.0000,1.3663,1.3041,0.6826,0.2789,0.3052,0.2795,0.2794
1700.0000,1.3441,1.1864,0.5891,0.2702,0.3092,0.2736,0.2790
1705.0000,1.2757,1.0719,0.5065,0.2690,0.3100,0.2673,0.2837
1710.0000,1.1823,0.9660,0.4327,0.2756,0.3040,0.2675,0.2793
1715.0000,1.0928,0.8561,0.3777,0.2822,0.2978,0.2675,0.2781
1720.0000,0.9986,0.7523,0.3368,0.2891,0.2906,0.2682,0.2789
1725.0000,0.9152,0.6484,0.3139,0.2921,0.2859,0.2676,0.2836
1730.0000,0.8072,0.5718,0.2920,0.2987,0.2769,0.2720,0.2849
1735.0000,0.7175,0.5022,0.2808,0.3021,0.2698,0.2767,0.2879
1740.0000,0.6364,0.4442,0.2760,0.3034,0.2637,0.2829,0.2900
1745.0000,0.5713,0.3930,0.2787,0.3008,0.2608,0.2889,0.2914
1750.0000,0.5056,0.3566,0.2826,0.2970,0.2597,0.2951,0.2908
1755.0000,0.4498,0.3310,0.2868,0.2922,0.2603,0.3019,0.2855
1760.0000,0.4142,0.3069,0.2954,0.2836,0.2667,0.3030,0.2851
1765.0000,0.3759,0.2954,0.3002,0.2760,0.2747,0.3011,0.2853
1770.0000,0.3509,0.2866,0.3042,0.2693,0.2825,0.3005,0.2784
1775.0000,0.3214,0.2902,0.3016,0.2654,0.2914,0.2935,0.2842
1780.0000,0.3105,0.2906,0.2990,0.2629,0.2989,0.2871,0.2871
1785.0000,0.3026,0.2928,0.2937,0.2636,0.3036,0.2820,0.2900
1790.0000,0.2945,0.2971,0.2857,0.2675,0.3047,0.2792,0.2917
1795.0000,0.2950,0.2973,0.2788,0.2731,0.3026,0.2800,0.2892
1800.0000,0.2921,0.2989,0.2713,0.2797,0.2996,0.2792,0.2927
1805.0000,0.2906,0.2982,0.2653,0.2870,0.2938,0.2830,0.2878
1810.0000,0.2865,0.2968,0.2611,0.2936,0.2881,0.2865,0.2842
1815.0000,0.2901,0.2901,0.2619,0.2974,0.2839,0.2892,0.2800
1820.0000,0.2877,0.2853,0.2641,0.2997,0.2811,0.2903,0.2776
1825.0000,0.2877,0.2787,0.2696,0.2992,0.2809,0.2888,0.2769
1830.0000,0.2856,0.2735,0.2757,0.2979,0.2803,0.2894,0.2698
1835.0000,0.2860,0.2674,0.2844,0.2936,0.2838,0.2835,0.2751
1840.0000,0.2863,0.2637,0.2919,0.2894,0.2867,0.2787,0.2777
1845.0000,0.2791,0.2665,0.2954,0.2871,0.2876,0.2756,0.2796
1850.0000,0.2774,0.2692,0.2980,0.2852,0.2879,0.2730,0.2828
1855.0000,0.2720,0.2767,0.2964,0.2857,0.2855,0.2736,0.2834
1860.0000,0.2738,0.2820,0.2946,0.2864,0.2825,0.2753,0.2842
1865.0000,0.2730,0.2893,0.2908,0.2880,0.2789,0.2774,0.2869
1870.0000,0.2714,0.2961,0.2863,0.2901,0.2744,0.2821,0.2858
1875.0000,0.2804,0.2955,0.2859,0.2897,0.2722,0.2859,0.2848
1880.0000,0.2847,0.2952,0.2854,0.2889,0.2707,0.2900,0.2817
1885.0000,0.2900,0.2920,0.2873,0.2860,0.2721,0.2916,0.2802
1890.0000,0.2910,0.2897,0.2892,0.2826,0.2751,0.2911,0.2789
1895.0000,0.2933,0.2864,0.2915,0.2790,0.2784,0.2914,0.2723
1900.0000,0.2938,0.2840,0.2936,0.2749,0.2843,0.2860,0.2751
1905.0000,0.2907,0.2848,0.2930,0.2727,0.2888,0.2813,0.2753
1910.0000,0.2891,0.2861,0.2911,0.2721,0.2916,0.2775,0.2741
1915.0000,0.2867,0.2884,0.2876,0.2730,0.2930,0.2732,0.2752
1920.0000,0.2873,0.2894,0.2839,0.2753,0.2924,0.2706,0.2749
1925.0000,0.2863,0.2912,0.2793,0.2787,0.2903,0.2681,0.2772
1930.0000,0.2849,0.2925,0.2748,0.2830,0.2860,0.2682,0.2770
1935.0000,0.2817,0.2936,0.2707,0.2875,0.2806,0.2699,0.2767
1940.0000,0.2860,0.2898,0.2704,0.2900,0.2761,0.2715,0.2777
1945.0000,0.2854,0.2873,0.2705,0.2920,0.2713,0.2745,0.2770
1950.0000,0.2859,0.2834,0.2728,0.2920,0.2680,0.2774,0.2765
1955.0000,0.2857,0.2794,0.2764,0.2908,0.2655,0.2811,0.2729
1960.0000,0.2855,0.2755,0.2813,0.2875,0.2658,0.2819,0.2732
1965.0000,0.2848,0.2728,0.2861,0.2833,0.2676,0.2820,0.2725
1970.0000,0.2813,0.2729,0.2896,0.2790,0.2705,0.2807,0.2717
1975.0000,0.2808,0.2731,0.2922,0.2750,0.2732,0.2802,0.2674
1980.0000,0.2795,0.2750,0.2934,0.2711,0.2776,0.2757,0.2694
1985.0000,0.2784,0.2783,0.2924,0.2688,0.2808,0.2719,0.2700
1990.0000,0.2779,0.2821,0.2896,0.2682,0.2824,0.2689,0.2702
1995.0000,0.2759,0.2870,0.2848,0.2694,0.2824,0.2666,0.2711
2000.0000,0.2797,0.2885,0.2806,0.2714,0.2806,0.2663,0.2698
2005.0000,0.2804,0.2905,0.2758,0.2740,0.2784,0.2655,0.2710
2010.0000,0.2810,0.2910,0.2717,0.2771,0.2745,0.2673,0.2676
2015.0000,0.2843,0.2883,0.2698,0.2792,0.2713,0.2687,0.2647
2020.0000,0.2842,0.2863,0.2685,0.2808,0.2682,0.2702,0.2604
2025.0000,0.2842,0.2828,0.2693,0.2807,0.2671,0.2688,0.2605
2030.0000,0.2838,0.2789,0.2714,0.2793,0.2672,0.2662,0.2618
2035.0000,0.2826,0.2757,0.2736,0.2780,0.2664,0.2656,0.2595
2040.0000,0.2827,0.2720,0.2769,0.2753,0.2676,0.2617,0.2648
2045.0000,0.2793,0.2713,0.2785,0.2736,0.2673,0.2604,0.2678
2050.0000,0.2780,0.2705,0.2800,0.2719,0.2666,0.2598,0.2717
2055.0000,0.2759,0.2717,0.2798,0.2712,0.2646,0.2619,0.2727
2060.0000,0.2717,0.2751,0.2778,0.2715,0.2615,0.2661,0.2717
2065.0000,0.2730,0.2761,0.2768,0.2709,0.2597,0.2696,0.2715
2070.0000,0.2715,0.2789,0.2746,0.2706,0.2581,0.2737,0.2688
2075.0000,0.2709,0.2803,0.2731,0.2695,0.2583,0.2759,0.2676
2080.0000,0.2745,0.2789,0.2730,0.2677,0.2592,0.2789,0.2610
2085.0000,0.2758,0.2775,0.2735,0.2647,0.2634,0.2761,0.2642
2090.0000,0.2784,0.2748,0.2745,0.2615,0.2681,0.2728,0.2657
2095.0000,0.2776,0.2735,0.2744,0.2594,0.2723,0.2695,0.2665
2100.0000,0.2788,0.2712,0.2743,0.2581,0.2755,0.2667,0.2663
2105.0000,0.2773,0.2709,0.2724,0.2584,0.2773,0.2643,0.2665
2110.0000,0.2749,0.2719,0.2692,0.2603,0.2770,0.2633,0.2652
2115.0000,0.2720,0.2736,0.2652,0.2632,0.2760,0.2619,0.2660
2120.0000,0.2668,0.2768,0.2602,0.2675,0.2727,0.2629,0.2636
2125.0000,0.2701,0.2748,0.2584,0.2703,0.2704,0.2626,0.2633
2130.0000,0.2687,0.2748,0.2561,0.2735,0.2671,0.2633,0.2623
2135.0000,0.2691,0.2721,0.2565,0.2750,0.2651,0.2627,0.2648
2140.0000,0.2702,0.2682,0.2587,0.2753,0.2635,0.2622,0.2679
2145.0000,0.2710,0.2640,0.2620,0.2748,0.2619,0.2633,0.2701
2150.0000,0.2713,0.2602,0.2659,0.2735,0.2606,0.2651,0.2716
2155.0000,0.2678,0.2597,0.2684,0.2725,0.2589,0.2685,0.2713
2160.0000,0.2662,0.2593,0.2712,0.2706,0.2584,0.2716,0.2706
2165.0000,0.2638,0.2609,0.2727,0.2688,0.2585,0.2747,0.2682
2170.0000,0.2632,0.2624,0.2743,0.2662,0.2606,0.2754,0.2678
2175.0000,0.2624,0.2651,0.2742,0.2644,0.2622,0.2773,0.2625
2180.0000,0.2627,0.2673,0.2744,0.2619,0.2664,0.2744,0.2653
2185.0000,0.2638,0.2689,0.2740,0.2597,0.2708,0.2705,0.2686
2190.0000,0.2661,0.2699,0.2729,0.2589,0.2735,0.2686,0.2689
2195.0000,0.2679,0.2705,0.2712,0.2588,0.2760,0.2658,0.2729
2200.0000,0.2687,0.2716,0.2684,0.2604,0.2760,0.2658,0.2730
2205.0000,0.2696,0.2721,0.2652,0.2632,0.2742,0.2679,0.2710
2210.0000,0.2687,0.2731,0.2619,0.2661,0.2725,0.2688,0.2712
2215.0000,0.2664,0.2742,0.2587,0.2695,0.2698,0.2716,0.2672
2220.0000,0.2691,0.2718,0.2583,0.2713,0.2689,0.2720,0.2655
2225.0000,0.2673,0.2715,0.2573,0.2734,0.2672,0.2735,0.2606
2230.0000,0.2673,0.2689,0.2590,0.2732,0.2686,0.2699,0.2636
2235.0000,0.2684,0.2654,0.2619,0.2723,0.2701,0.2667,0.2654
2240.0000,0.2690,0.2621,0.2651,0.2715,0.2706,0.2651,0.2656
2245.0000,0.2711,0.2585,0.2689,0.2701,0.2715,0.2629,0.2677
2250.0000,0.2670,0.2592,0.2702,0.2702,0.2702,0.2635,0.2667
2255.0000,0.2659,0.2594,0.2718,0.2699,0.2695,0.2631,0.2680
2260.0000,0.2627,0.2626,0.2711,0.2708,0.2671,0.2650,0.2656
2265.0000,0.2628,0.2647,0.2709,0.2713,0.2653,0.2664,0.2639
2270.0000,0.2605,0.2693,0.2688,0.2725,0.2630,0.2685,0.2602
2275.0000,0.2599,0.2722,0.2678,0.2725,0.2625,0.2680,0.2602
2280.0000,0.2645,0.2713,0.2690,0.2711,0.2632,0.2666,0.2598
2285.0000,0.2668,0.2709,0.2698,0.2700,0.2633,0.2666,0.2560
2290.0000,0.2706,0.2685,0.2721,0.2675,0.2655,0.2631,0.2578
2295.0000,0.2703,0.2681,0.2732,0.2657,0.2670,0.2598,0.2595
2300.0000,0.2716,0.2667,0.2743,0.2642,0.2678,0.2576,0.2602
2305.0000,0.2712,0.2672,0.2739,0.2637,0.2677,0.2558,0.2622
2310.0000,0.2668,0.2705,0.2712,0.2647,0.2657,0.2559,0.2633
2315.0000,0.2681,0.2716,0.2693,0.2656,0.2637,0.2562,0.2659
2320.0000,0.2659,0.2748,0.2657,0.2676,0.2602,0.2588,0.2661
2325.0000,0.2646,0.2765,0.2631,0.2691,0.2570,0.2617,0.2671
2330.0000,0.2690,0.2743,0.2630,0.2691,0.2549,0.2649,0.2673
2335.0000,0.2701,0.2726,0.2632,0.2686,0.2535,0.2685,0.2665
2340.0000,0.2728,0.2690,0.2652,0.2665,0.2539,0.2709,0.2655
2345.0000,0.2719,0.2666,0.2671,0.2639,0.2559,0.2720,0.2646
2350.0000,0.2719,0.2641,0.2692,0.2611,0.2582,0.2735,0.2601
2355.0000,0.2714,0.2624,0.2713,0.2575,0.2632,0.2701,0.2628
2360.0000,0.2686,0.2630,0.2715,0.2552,0.2676,0.2667,0.2645
2365.0000,0.2666,0.2645,0.2701,0.2544,0.2704,0.2647,0.2644
2370.0000,0.2647,0.2665,0.2676,0.2548,0.2724,0.2622,0.2664
2375.0000,0.2654,0.2676,0.2648,0.2564,0.2725,0.2618,0.2659
2380.0000,0.2649,0.2691,0.2613,0.2589,0.2720,0.2609,0.2677
2385.0000,0.2639,0.2703,0.2576,0.2624,0.2696,0.2626,0.2655
2390.0000,0.2659,0.2690,0.2556,0.2653,0.2671,0.2644,0.2629
2395.0000,0.2647,0.2690,0.2535,0.2683,0.2644,0.2661,0.2598
2400.0000,0.2640,0.2675,0.2532,0.2700,0.2631,0.2662,0.2586
2405.0000,0.2653,0.2640,0.2552,0.2702,0.2630,0.2649,0.2581
2410.0000,0.2649,0.2613,0.2574,0.2703,0.2623,0.2651,0.2540
2415.0000,0.2658,0.2577,0.2613,0.2685,0.2639,0.2613,0.2570
2420.0000,0.2634,0.2565,0.2642,0.2671,0.2649,0.2582,0.2595
2425.0000,0.2627,0.2553,0.2670,0.2659,0.2651,0.2565,0.2609
2430.0000,0.2616,0.2559,0.2686,0.2652,0.2646,0.2554,0.2630
2435.0000,0.2592,0.2585,0.2685,0.2655,0.2624,0.2567,0.2629
2440.0000,0.2591,0.2607,0.2682,0.2657,0.2605,0.2578,0.2643
2445.0000,0.2574,0.2647,0.2663,0.2668,0.2575,0.2610,0.2617
2450.0000,0.2558,0.2682,0.2646,0.2673,0.2555,0.2632,0.2609
2455.0000,0.2605,0.2678,0.2652,0.2661,0.2554,0.2639,0.2612
2460.0000,0.2613,0.2689,0.2647,0.2654,0.2548,0.2659,0.2585
2465.0000,0.2654,0.2668,0.2665,0.2629,0.2571,0.2643,0.2611
2470.0000,0.2664,0.2656,0.2676,0.2606,0.2590,0.2636,0.2618
2475.0000,0.2684,0.2636,0.2690,0.2585,0.2609,0.2632,0.2611
2480.0000,0.2690,0.2627,0.2694,0.2568,0.2629,0.2623,0.2610
2485.0000,0.2670,0.2637,0.2683,0.2562,0.2640,0.2617,0.2602
2490.0000,0.2652,0.2654,0.2662,0.2565,0.2646,0.2613,0.2591
2495.0000,0.2622,0.2681,0.2631,0.2577,0.2646,0.2606,0.2584
2500.0000,0.2643,0.2678,0.2614,0.2583,0.2652,0.2587,0.2597
2505.0000,0.2637,0.2688,0.2587,0.2601,0.2643,0.2582,0.2599
2510.0000,0.2635,0.2686,0.2569,0.2616,0.2635,0.2572,0.2625
2515.0000,0.2652,0.2666,0.2562,0.2630,0.2619,0.2579,0.2634
2520.0000,0.2654,0.2648,0.2560,0.2641,0.2603,0.2589,0.2651
2525.0000,0.2655,0.2626,0.2564,0.2651,0.2580,0.2620,0.2620
2530.0000,0.2646,0.2608,0.2574,0.2654,0.2564,0.2648,0.2585
2535.0000,0.2636,0.2592,0.2588,0.2650,0.2557,0.2671,0.2531
2540.0000,0.2623,0.2580,0.2607,0.2637,0.2568,0.2665,0.2501
2545.0000,0.2612,0.2572,0.2631,0.2612,0.2602,0.2620,0.2516
2550.0000,0.2599,0.2576,0.2641,0.2600,0.2616,0.2603,0.2468
2555.0000,0.2593,0.2581,0.2652,0.2581,0.2647,0.2542,0.2514
2560.0000,0.2596,0.2587,0.2655,0.2573,0.2663,0.2495,0.2547
2565.0000,0.2597,0.2598,0.2649,0.2575,0.2662,0.2463,0.2591
2570.0000,0.2601,0.2611,0.2633,0.2589,0.2638,0.2461,0.2598
2575.0000,0.2590,0.2633,0.2607,0.2614,0.2596,0.2484,0.2595
2580.0000,0.2604,0.2640,0.2588,0.2637,0.2550,0.2519,0.2594
2585.0000,0.2586,0.2662,0.2563,0.2658,0.2507,0.2552,0.2606
2590.0000,0.2567,0.2678,0.2547,0.2671,0.2468,0.2596,0.2598
2595.0000,0.2608,0.2651,0.2563,0.2660,0.2456,0.2622,0.2606
2600.0000,0.2612,0.2638,0.2575,0.2647,0.2446,0.2664,0.2575
2605.0000,0.2641,0.2600,0.2612,0.2609,0.2472,0.2667,0.2587
2610.0000,0.2634,0.2579,0.2644,0.2568,0.2509,0.2660,0.2592
2615.0000,0.2648,0.2551,0.2676,0.2527,0.2547,0.2662,0.2559
2620.0000,0.2666,0.2529,0.2702,0.2487,0.2600,0.2635,0.2561
2625.0000,0.2621,0.2552,0.2696,0.2465,0.2644,0.2600,0.2569
2630.0000,0.2602,0.2579,0.2673,0.2461,0.2673,0.2574,0.2563
2635.0000,0.2561,0.2629,0.2625,0.2477,0.2688,0.2543,0.2585
2640.0000,0.2584,0.2646,0.2584,0.2500,0.2688,0.2524,0.2604
2645.0000,0.2565,0.2686,0.2523,0.2543,0.2668,0.2515,0.2640
2650.0000,0.2565,0.2700,0.2475,0.2589,0.2629,0.2538,0.2635
2655.0000,0.2610,0.2669,0.2457,0.2625,0.2590,0.2571,0.2622
2660.0000,0.2621,0.2639,0.2451,0.2652,0.2557,0.2600,0.2621
2665.0000,0.2632,0.2595,0.2466,0.2666,0.2528,0.2639,0.2584
2670.0000,0.2620,0.2557,0.2494,0.2663,0.2523,0.2652,0.2572
2675.0000,0.2606,0.2523,0.2529,0.2653,0.2520,0.2675,0.2513
2680.0000,0.2586,0.2500,0.2571,0.2627,0.2547,0.2653,0.2527
2685.0000,0.2579,0.2482,0.2614,0.2594,0.2585,0.2614,0.2549
2690.0000,0.2552,0.2489,0.2638,0.2573,0.2607,0.2598,0.2526
2695.0000,0.2548,0.2495,0.2660,0.2551,0.2638,0.2555,0.2567
2700.0000,0.2542,0.2518,0.2660,0.2545,0.2647,0.2538,0.2566
2705.0000,0.2536,0.2549,0.2646,0.2553,0.2640,0.2535,0.2553
2710.0000,0.2528,0.2587,0.2622,0.2567,0.2629,0.2527,0.2558
2715.0000,0.2507,0.2633,0.2584,0.2593,0.2603,0.2536,0.2540
2720.0000,0.2552,0.2637,0.2568,0.2607,0.2585,0.2534,0.2540
2725.0000,0.2554,0.2657,0.2544,0.2628,0.2558,0.2543,0.2531
2730.0000,0.2554,0.2662,0.2533,0.2638,0.2542,0.2537,0.2559
2735.0000,0.2596,0.2634,0.2544,0.2636,0.2530,0.2539,0.2577
2740.0000,0.2617,0.2605,0.2562,0.2629,0.2518,0.2551,0.2589
2745.0000,0.2639,0.2570,0.2589,0.2614,0.2513,0.2565,0.2597
2750.0000,0.2618,0.2561,0.2605,0.2602,0.2506,0.2588,0.2591
2755.0000,0.2619,0.2543,0.2628,0.2581,0.2510,0.2607,0.2581
2760.0000,0.2595,0.2551,0.2636,0.2565,0.2517,0.2621,0.2569
2765.0000,0.2582,0.2562,0.2640,0.2545,0.2537,0.2617,0.2573
2770.0000,0.2563,0.2589,0.2628,0.2537,0.2547,0.2628,0.2541
2775.0000,0.2552,0.2611,0.2616,0.2525,0.2575,0.2602,0.2577
2780.0000,0.2576,0.2612,0.2609,0.2515,0.2599,0.2584,0.2595
2785.0000,0.2586,0.2618,0.2594,0.2515,0.2612,0.2576,0.2604
2790.0000,0.2603,0.2612,0.2581,0.2519,0.2621,0.2569,0.2619
2795.0000,0.2607,0.2610,0.2563,0.2532,0.2616,0.2581,0.2606
2800.0000,0.2609,0.2604,0.2548,0.2546,0.2612,0.2585,0.2609
2805.0000,0.2595,0.2606,0.2528,0.2566,0.2600,0.2601,0.2588
2810.0000,0.2559,0.2617,0.2507,0.2586,0.2590,0.2608,0.2581
2815.0000,0.2581,0.2598,0.2505,0.2598,0.2581,0.2620,0.2549
2820.0000,0.2568,0.2592,0.2505,0.2605,0.2585,0.2606,0.2580
2825.0000,0.2570,0.2573,0.2517,0.2605,0.2592,0.2590,0.2610
2830.0000,0.2575,0.2551,0.2535,0.2604,0.2595,0.2584,0.2634
2835.0000,0.2587,0.2525,0.2558,0.2599,0.2597,0.2585,0.2659
2840.0000,0.2588,0.2509,0.2577,0.2597,0.2592,0.2601,0.2666
2845.0000,0.2563,0.2516,0.2585,0.2600,0.2583,0.2627,0.2668
2850.0000,0.2549,0.2525,0.2590,0.2601,0.2578,0.2649,0.2674
2855.0000,0.2514,0.2555,0.2584,0.2606,0.2571,0.2678,0.2666
2860.0000,0.2531,0.2560,0.2591,0.2600,0.2582,0.2688,0.2676
2865.0000,0.2524,0.2584,0.2584,0.2602,0.2586,0.2712,0.2656
2870.0000,0.2537,0.2589,0.2590,0.2592,0.2609,0.2707,0.2678
2875.0000,0.2559,0.2584,0.2600,0.2582,0.2636,0.2702,0.2691
2880.0000,0.2577,0.2577,0.2608,0.2575,0.2657,0.2704,0.2684
2885.0000,0.2597,0.2568,0.2616,0.2570,0.2681,0.2700,0.2684
2890.0000,0.2589,0.2575,0.2612,0.2575,0.2696,0.2702,0.2661
2895.0000,0.2589,0.2579,0.2607,0.2583,0.2709,0.2699,0.2635
2900.0000,0.2570,0.2599,0.2590,0.2600,0.2717,0.2690,0.2606
2905.0000,0.2581,0.2602,0.2583,0.2614,0.2728,0.2668,0.2583
2910.0000,0.2573,0.2618,0.2566,0.2638,0.2725,0.2654,0.2536
2915.0000,0.2565,0.2628,0.2556,0.2657,0.2730,0.2612,0.2539
2920.0000,0.2588,0.2613,0.2564,0.2669,0.2734,0.2561,0.2561
2925.0000,0.2596,0.2604,0.2570,0.2688,0.2719,0.2531,0.2570
2930.0000,0.2609,0.2587,0.2584,0.2702,0.2699,0.2502,0.2605
2935.0000,0.2610,0.2579,0.2596,0.2721,0.2659,0.2504,0.2620
2940.0000,0.2602,0.2578,0.2609,0.2735,0.2618,0.2509,0.2666
2945.0000,0.2588,0.2588,0.2617,0.2751,0.2562,0.2554,0.2647
2950.0000,0.2564,0.2608,0.2625,0.2759,0.2512,0.2601,0.2638
2955.0000,0.2583,0.2607,0.2650,0.2747,0.2483,0.2641,0.2636
2960.0000,0.2575,0.2625,0.2667,0.2730,0.2462,0.2690,0.2606
2965.0000,0.2596,0.2622,0.2702,0.2689,0.2477,0.2702,0.2614
2970.0000,0.2614,0.2619,0.2737,0.2640,0.2510,0.2700,0.2616
2975.0000,0.2639,0.2615,0.2765,0.2593,0.2544,0.2711,0.2571
2980.0000,0.2673,0.2607,0.2792,0.2539,0.2606,0.2671,0.2595
2985.0000,0.2656,0.2632,0.2788,0.2504,0.2658,0.2635,0.2609
2990.0000,0.2662,0.2654,0.2769,0.2486,0.2695,0.2607,0.2610
2995.0000,0.2647,0.2695,0.2723,0.2491,0.2715,0.2584,0.2612
3000.0000,0.2663,0.2719,0.2673,0.2511,0.2717,0.2573,0.2602
3005.0000,0.2649,0.2758,0.2606,0.2548,0.2704,0.2563,0.2610
3010.0000,0.2637,0.2782,0.2543,0.2593,0.2676,0.2569,0.2593
3015.0000,0.2684,0.2753,0.2514,0.2626,0.2651,0.2570,0.2589
3020.0000,0.2685,0.2734,0.2487,0.2661,0.2619,0.2580,0.2581
3025.0000,0.2691,0.2693,0.2485,0.2681,0.2595,0.2583,0.2589
3030.0000,0.2691,0.2643,0.2504,0.2689,0.2578,0.2585,0.2601
3035.0000,0.2683,0.2594,0.2534,0.2689,0.2561,0.2598,0.2597
3040.0000,0.2680,0.2546,0.2576,0.2675,0.2557,0.2602,0.2613
3045.0000,0.2636,0.2532,0.2607,0.2661,0.2552,0.2611,0.2621
3050.0000,0.2612,0.2522,0.2638,0.2644,0.2551,0.2627,0.2616
3055.0000,0.2584,0.2532,0.2658,0.2626,0.2555,0.2638,0.2617
3060.0000,0.2557,0.2555,0.2667,0.2611,0.2562,0.2649,0.2606
3065.0000,0.2561,0.2573,0.2673,0.2595,0.2571,0.2663,0.2569
3070.0000,0.2559,0.2598,0.2672,0.2579,0.2592,0.2651,0.2573
3075.0000,0.2563,0.2620,0.2666,0.2566,0.2617,0.2630,0.2582
3080.0000,0.2587,0.2629,0.2662,0.2553,0.2645,0.2597,0.2604
3085.0000,0.2597,0.2644,0.2644,0.2554,0.2656,0.2582,0.2614
3090.0000,0.2609,0.2653,0.2626,0.2560,0.2661,0.2567,0.2639
3095.0000,0.2625,0.2655,0.2604,0.2577,0.2649,0.2577,0.2638
3100.0000,0.2630,0.2656,0.2584,0.2594,0.2637,0.2581,0.2662
3105.0000,0.2614,0.2666,0.2556,0.2621,0.2604,0.2620,0.2622
3110.0000,0.2632,0.2650,0.2549,0.2636,0.2587,0.2643,0.2596
3115.0000,0.2621,0.2646,0.2541,0.2649,0.2571,0.2666,0.2552
3120.0000,0.2618,0.2628,0.2551,0.2647,0.2577,0.2659,0.2544
3125.0000,0.2624,0.2602,0.2574,0.2632,0.2599,0.2627,0.2555
3130.0000,0.2626,0.2579,0.2595,0.2621,0.2611,0.2617,0.2523
3135.0000,0.2631,0.2556,0.2623,0.2601,0.2639,0.2569,0.2569
3140.0000,0.2608,0.2556,0.2634,0.2594,0.2648,0.2544,0.2586
3145.0000,0.2602,0.2556,0.2643,0.2590,0.2651,0.2523,0.2617
3150.0000,0.2591,0.2571,0.2636,0.2600,0.2632,0.2532,0.2609
3155.0000,0.2585,0.2589,0.2623,0.2614,0.2606,0.2549,0.2604
3160.0000,0.2574,0.2614,0.2605,0.2629,0.2580,0.2566,0.2613
3165.0000,0.2550,0.2647,0.2582,0.2647,0.2551,0.2591,0.2614
3170.0000,0.2584,0.2640,0.2583,0.2648,0.2536,0.2608,0.2626
3175.0000,0.2587,0.2647,0.2577,0.2651,0.2518,0.2639,0.2614
3180.0000,0.2599,0.2637,0.2588,0.2640,0.2520,0.2653,0.2630
3185.0000,0.2635,0.2607,0.2614,0.2616,0.2534,0.2664,0.2633
3190.0000,0.2633,0.2591,0.2634,0.2595,0.2548,0.2683,0.2603
3195.0000,0.2653,0.2563,0.2663,0.2563,0.2582,0.2675,0.2607
3200.0000,0.2648,0.2557,0.2677,0.2539,0.2617,0.2660,0.2610
3205.0000,0.2619,0.2573,0.2673,0.2524,0.2651,0.2636,0.2622
3210.0000,0.2594,0.2602,0.2652,0.2526,0.2669,0.2624,0.2618
3215.0000,0.2555,0.2644,0.2616,0.2539,0.2681,0.2604,0.2645
3220.0000,0.2587,0.2650,0.2592,0.2554,0.2684,0.2595,0.2662
3225.0000,0.2589,0.2665,0.2560,0.2580,0.2676,0.2592,0.2693
3230.0000,0.2599,0.2661,0.2542,0.2597,0.2677,0.2566,0.2823
3235.0000,0.2625,0.2632,0.2551,0.2595,0.2710,0.2479,0.3168
3240.0000,0.2633,0.2613,0.2544,0.2621,0.2677,0.2512,0.3525
3245.0000,0.2647,0.2567,0.2588,0.2585,0.2759,0.2337,0.4771
3250.0000,0.2625,0.2536,0.2640,0.2533,0.2871,0.2126,0.6899
3255.0000,0.2617,0.2545,0.2605,0.2608,0.2714,0.2483,0.9386
3260.0000,0.2542,0.2639,0.2469,0.2810,0.2285,0.3594,1.1878
3265.0000,0.2559,0.2695,0.2338,0.3034,0.1753,0.5357,1.4803
3270.0000,0.2511,0.2757,0.2267,0.3149,0.1418,0.7433,1.8886
3310.0000,0.4579,0.0298,0.6045,-0.2359,2.1084,1.7947,1.1754
3315.0000,0.3060,0.1354,0.5073,-0.1526,2.4773,1.4348,1.1157
3320.0000,0.2956,0.1992,0.3855,0.0184,2.7523,0.9995,1.3001
3325.0000,0.1984,0.3518,0.1473,0.3645,2.7664,0.7607,1.2861
3330.0000,0.2165,0.4548,-0.1027,0.8191,2.5571,0.7031,1.1838
3335.0000,0.0791,0.6165,-0.3447,1.2914,2.2973,0.5581,1.4244
3340.0000,-0.0945,0.7698,-0.5688,1.8269,1.8000,0.7759,1.1414
3345.0000,0.1835,0.6023,-0.5137,2.1945,1.3809,0.9278,1.0249
3350.0000,0.1686,0.5213,-0.3835,2.4720,0.9884,1.0848,0.9351
3355.0000,0.2474,0.3223,-0.0548,2.5705,0.7061,1.2106,0.8436
3360.0000,0.3126,0.0950,0.4231,2.4848,0.5885,1.2116,0.8753
3365.0000,0.4390,-0.1528,0.9902,2.2813,0.5264,1.2888,0.6854
3370.0000,0.6171,-0.3520,1.5975,1.9431,0.6414,1.1718,0.7767
3375.0000,0.3338,-0.1661,1.9855,1.6470,0.7548,1.0624,0.8297
3380.0000,0.4423,-0.0779,2.3740,1.3105,0.9092,0.9613,0.8118
3385.0000,0.4173,0.2607,2.5307,1.0596,1.0372,0.8450,0.8711
3390.0000,0.3971,0.7300,2.4846,0.9143,1.0938,0.7891,0.8645
3395.0000,0.4614,1.2229,2.3011,0.8452,1.1186,0.7220,0.9333
3400.0000,0.4168,1.7859,1.9567,0.8914,1.0412,0.7593,0.8631
3405.0000,0.9008,1.9736,1.7345,0.8986,0.9994,0.7705,0.8231
3410.0000,1.1531,2.1707,1.4554,0.9546,0.9308,0.7815,0.8218
3415.0000,1.4428,2.1754,1.2613,0.9898,0.8717,0.8021,0.7863
3420.0000,1.6965,2.0542,1.1430,0.9990,0.8357,0.8044,0.7737
3425.0000,1.8223,1.8904,1.0683,0.9968,0.8066,0.8093,0.7494
3430.0000,1.9102,1.6733,1.0527,0.9684,0.8018,0.7940,0.7503
3435.0000,1.9128,1.4772,1.0517,0.9363,0.8010,0.7781,0.7491
3440.0000,1.7508,1.3628,1.0301,0.9177,0.7896,0.7741,0.7328
3445.0000,1.6241,1.2565,1.0224,0.8923,0.7879,0.7587,0.7386
3450.0000,1.4788,1.1925,1.0028,0.8751,0.7801,0.7508,0.7351
3455.0000,1.3724,1.1374,0.9867,0.8576,0.7740,0.7428,0.7319
3460.0000,1.2820,1.0964,0.9686,0.8428,0.7666,0.7375,0.7270
3465.0000,1.2005,1.0687,0.9475,0.8306,0.7589,0.7325,0.7243
3470.0000,1.1509,1.0381,0.9306,0.8178,0.7523,0.7286,0.7198
3475.0000,1.1018,1.0171,0.9105,0.8081,0.7445,0.7264,0.7141
3480.0000,1.0667,0.9940,0.8939,0.7975,0.7391,0.7223,0.7117
3485.0000,1.0390,0.9707,0.8795,0.7868,0.7353,0.7171,0.7114
3490.0000,1.0091,0.9532,0.8629,0.7788,0.7296,0.7153,0.7076
3495.0000,0.9826,0.9363,0.8477,0.7710,0.7252,0.7123,0.7070
3500.0000,0.9645,0.9168,0.8352,0.7632,0.7210,0.7110,0.7029
3505.0000,0.9463,0.8984,0.8235,0.7560,0.7172,0.7102,0.6971
3510.0000,0.9249,0.8836,0.8114,0.7498,0.7139,0.7087,0.6907
3515.0000,0.9090,0.8672,0.8018,0.7429,0.7124,0.7053,0.6845
3520.0000,0.8915,0.8538,0.7914,0.7376,0.7099,0.7033,0.6724
3525.0000,0.8777,0.8389,0.7838,0.7308,0.7113,0.6938,0.6731
3530.0000,0.8630,0.8256,0.7764,0.7248,0.7126,0.6829,0.6763
3535.0000,0.8474,0.8158,0.7670,0.7219,0.7099,0.6769,0.6744
3540.0000,0.8330,0.8067,0.7579,0.7198,0.7063,0.6707,0.6764
3545.0000,0.8199,0.7982,0.7489,0.7193,0.6996,0.6690,0.6735
3550.0000,0.8118,0.7875,0.7423,0.7182,0.6931,0.6672,0.6736
3555.0000,0.7989,0.7806,0.7343,0.7185,0.6842,0.6697,0.6655
3560.0000,0.7878,0.7731,0.7285,0.7175,0.6765,0.6716,0.6581
3565.0000,0.7826,0.7629,0.7256,0.7148,0.6701,0.6738,0.6460
3570.0000,0.7725,0.7556,0.7233,0.7103,0.6676,0.6699,0.6445
3575.0000,0.7635,0.7484,0.7223,0.7044,0.6669,0.6642,0.6427
3580.0000,0.7587,0.7399,0.7232,0.6969,0.6685,0.6554,0.6437
3585.0000,0.7541,0.7326,0.7230,0.6906,0.6679,0.6506,0.6393
3590.0000,0.7488,0.7266,0.7227,0.6837,0.6692,0.6411,0.6464
3595.0000,0.7414,0.7237,0.7196,0.6794,0.6669,0.6366,0.6497
3600.0000,0.7367,0.7209,0.7156,0.6760,0.6636,0.6330,0.6571
3605.0000,0.7286,0.7218,0.7080,0.6759,0.6556,0.6369,0.6562
3610.0000,0.7257,0.7209,0.7006,0.6762,0.6463,0.6449,0.6510
3615.0000,0.7175,0.7235,0.6915,0.6767,0.6387,0.6510,0.6489
3620.0000,0.7101,0.7245,0.6836,0.6763,0.6321,0.6586,0.6410
3625.0000,0.7149,0.7165,0.6823,0.6713,0.6316,0.6607,0.6358
3630.0000,0.7131,0.7108,0.6801,0.6667,0.6310,0.6652,0.6189
3635.0000,0.7161,0.6992,0.6837,0.6567,0.6398,0.6554,0.6235
3640.0000,0.7107,0.6921,0.6850,0.6482,0.6480,0.6456,0.6232
3645.0000,0.7089,0.6838,0.6861,0.6413,0.6542,0.6382,0.6154
