 0.000000e+00  7.379980e-01
 7.351643e+00  7.242433e-01
 1.470329e+01  7.119655e-01
 2.205493e+01  7.008865e-01
 2.940657e+01  6.910049e-01
 3.675822e+01  6.828180e-01
 4.410986e+01  6.749912e-01
 5.146150e+01  6.670374e-01
 5.881314e+01  6.593807e-01
 6.616479e+01  6.515368e-01
 7.351643e+01  6.429757e-01
 8.086807e+01  6.343585e-01
 8.821972e+01  6.250203e-01
 9.557136e+01  6.157759e-01
 1.029230e+02  6.074586e-01
 1.102746e+02  5.999822e-01
 1.176263e+02  5.936801e-01
 1.249779e+02  5.880069e-01
 1.323296e+02  5.821071e-01
 1.396812e+02  5.762188e-01
 1.470329e+02  5.705683e-01
 1.543845e+02  5.651462e-01
 1.617361e+02  5.606110e-01
 1.690878e+02  5.572279e-01
 1.764394e+02  5.551707e-01
 1.837911e+02  5.541675e-01
 1.911427e+02  5.525347e-01
 1.984944e+02  5.497791e-01
 2.058460e+02  5.456159e-01
 2.131976e+02  5.408171e-01
 2.205493e+02  5.360766e-01
 2.279009e+02  5.324875e-01
 2.352526e+02  5.301244e-01
 2.426042e+02  5.287115e-01
 2.499559e+02  5.270099e-01
 2.573075e+02  5.246050e-01
 2.646591e+02  5.224655e-01
 2.720108e+02  5.206289e-01
 2.793624e+02  5.186386e-01
 2.867141e+02  5.157053e-01
 2.940657e+02  5.119153e-01
 3.014174e+02  5.082291e-01
 3.087690e+02  5.055294e-01
 3.161206e+02  5.044164e-01
 3.234723e+02  5.042578e-01
 3.308239e+02  5.044947e-01
 3.381756e+02  5.043604e-01
 3.455272e+02  5.029183e-01
 3.528789e+02  5.000781e-01
 3.602305e+02  4.958846e-01
 3.675822e+02  4.917660e-01
 3.749338e+02  4.890050e-01
 3.822854e+02  4.879152e-01
 3.896371e+02  4.884425e-01
 3.969887e+02  4.888275e-01
 4.043404e+02  4.886139e-01
 4.116920e+02  4.885347e-01
 4.190437e+02  4.892177e-01
 4.263953e+02  4.900073e-01
 4.337469e+02  4.902825e-01
 4.410986e+02  4.891962e-01
 4.484502e+02  4.871714e-01
 4.558019e+02  4.845348e-01
 4.631535e+02  4.808539e-01
 4.705052e+02  4.757158e-01
 4.778568e+02  4.696957e-01
 4.852084e+02  4.644903e-01
 4.925601e+02  4.608644e-01
 4.999117e+02  4.602931e-01
 5.072634e+02  4.615159e-01
 5.146150e+02  4.638520e-01
 5.219667e+02  4.667353e-01
 5.293183e+02  4.690388e-01
 5.366699e+02  4.698594e-01
 5.440216e+02  4.694150e-01
 5.513732e+02  4.680971e-01
 5.587249e+02  4.667317e-01
 5.660765e+02  4.664965e-01
 5.734282e+02  4.665877e-01
 5.807798e+02  4.663586e-01
 5.881314e+02  4.645695e-01
 5.954831e+02  4.625172e-01
 6.028347e+02  4.617413e-01
 6.101864e+02  4.626266e-01
 6.175380e+02  4.644924e-01
 6.248897e+02  4.650147e-01
 6.322413e+02  4.643997e-01
 6.395929e+02  4.630291e-01
 6.469446e+02  4.622715e-01
 6.542962e+02  4.628079e-01
 6.616479e+02  4.636020e-01
 6.689995e+02  4.637851e-01
 6.763512e+02  4.634950e-01
 6.837028e+02  4.636355e-01
 6.910544e+02  4.645998e-01
 6.984061e+02  4.646627e-01
 7.057577e+02  4.627309e-01
 7.131094e+02  4.584289e-01
 7.204610e+02  4.532433e-01
 7.278127e+02  4.488591e-01
 7.351643e+02  4.467054e-01
 7.425159e+02  4.467770e-01
 7.498676e+02  4.480069e-01
 7.572192e+02  4.489382e-01
 7.645709e+02  4.491221e-01
 7.719225e+02  4.492378e-01
 7.792742e+02  4.495338e-01
 7.866258e+02  4.507029e-01
 7.939774e+02  4.524919e-01
 8.013291e+02  4.542873e-01
 8.086807e+02  4.552258e-01
 8.160324e+02  4.552662e-01
 8.233840e+02  4.545811e-01
 8.307357e+02  4.542517e-01
 8.380873e+02  4.544824e-01
 8.454389e+02  4.553284e-01
 8.527906e+02  4.558678e-01
 8.601422e+02  4.559602e-01
 8.674939e+02  4.560645e-01
 8.748455e+02  4.558889e-01
 8.821972e+02  4.571876e-01
 8.895488e+02  4.602773e-01
 8.969004e+02  4.643459e-01
 9.042521e+02  4.681082e-01
 9.116037e+02  4.697647e-01
 9.189554e+02  4.691889e-01
 9.263070e+02  4.669269e-01
 9.336587e+02  4.635815e-01
 9.410103e+02  4.601867e-01
 9.483619e+02  4.571415e-01
 9.557136e+02  4.551319e-01
 9.630652e+02  4.543161e-01
 9.704169e+02  4.540657e-01
 9.777685e+02  4.541162e-01
 9.851202e+02  4.538160e-01
 9.924718e+02  4.526604e-01
 9.998234e+02  4.515787e-01
 1.007175e+03  4.509535e-01
 1.014527e+03  4.513193e-01
 1.021878e+03  4.526851e-01
 1.029230e+03  4.542688e-01
 1.036582e+03  4.555918e-01
 1.043933e+03  4.561288e-01
 1.051285e+03  4.578993e-01
 1.058637e+03  4.669873e-01
 1.065988e+03  4.965973e-01
 1.073340e+03  5.646696e-01
 1.080692e+03  6.741828e-01
 1.088043e+03  8.015082e-01
 1.095395e+03  9.022933e-01
 1.102746e+03  9.337360e-01
 1.110098e+03  9.102844e-01
 1.117450e+03  8.547221e-01
 1.124801e+03  8.006644e-01
 1.132153e+03  7.608279e-01
 1.139505e+03  7.351325e-01
 1.146856e+03  7.190834e-01
 1.154208e+03  7.076619e-01
 1.161560e+03  6.983767e-01
 1.168911e+03  6.907964e-01
 1.176263e+03  6.843119e-01
 1.183615e+03  6.785414e-01
 1.190966e+03  6.722068e-01
 1.198318e+03  6.652632e-01
 1.205669e+03  6.594822e-01
 1.213021e+03  6.546459e-01
 1.220373e+03  6.506850e-01
 1.227724e+03  6.474270e-01
 1.235076e+03  6.449879e-01
 1.242428e+03  6.437122e-01
 1.249779e+03  6.433691e-01
 1.257131e+03  6.438334e-01
 1.264483e+03  6.434667e-01
 1.271834e+03  6.411523e-01
 1.279186e+03  6.373181e-01
 1.286538e+03  6.326009e-01
 1.293889e+03  6.293282e-01
 1.301241e+03  6.276511e-01
 1.308592e+03  6.276908e-01
 1.315944e+03  6.287791e-01
 1.323296e+03  6.301452e-01
 1.330647e+03  6.316766e-01
 1.337999e+03  6.332187e-01
 1.345351e+03  6.355904e-01
 1.352702e+03  6.383360e-01
 1.360054e+03  6.406463e-01
 1.367406e+03  6.420873e-01
 1.374757e+03  6.417966e-01
 1.382109e+03  6.398814e-01
 1.389461e+03  6.375006e-01
 1.396812e+03  6.358490e-01
 1.404164e+03  6.357070e-01
 1.411515e+03  6.369100e-01
 1.418867e+03  6.382903e-01
 1.426219e+03  6.398631e-01
 1.433570e+03  6.415700e-01
 1.440922e+03  6.426860e-01
 1.448274e+03  6.433782e-01
 1.455625e+03  6.434790e-01
 1.462977e+03  6.432288e-01
 1.470329e+03  6.438546e-01
 1.477680e+03  6.460681e-01
 1.485032e+03  6.497710e-01
 1.492384e+03  6.542574e-01
 1.499735e+03  6.580986e-01
 1.507087e+03  6.610192e-01
 1.514438e+03  6.620806e-01
 1.521790e+03  6.610071e-01
 1.529142e+03  6.598050e-01
 1.536493e+03  6.596864e-01
 1.543845e+03  6.614398e-01
 1.551197e+03  6.642233e-01
 1.558548e+03  6.670482e-01
 1.565900e+03  6.697764e-01
 1.573252e+03  6.728886e-01
 1.580603e+03  6.756117e-01
 1.587955e+03  6.774872e-01
 1.595307e+03  6.774800e-01
 1.602658e+03  6.771241e-01
 1.610010e+03  6.776983e-01
 1.617361e+03  6.810255e-01
 1.624713e+03  6.868673e-01
 1.632065e+03  6.933500e-01
 1.639416e+03  6.998769e-01
 1.646768e+03  7.061021e-01
 1.654120e+03  7.114782e-01
 1.661471e+03  7.155715e-01
 1.668823e+03  7.175970e-01
 1.676175e+03  7.164986e-01
 1.683526e+03  7.141678e-01
 1.690878e+03  7.111613e-01
 1.698230e+03  7.079399e-01
 1.705581e+03  7.055764e-01
 1.712933e+03  7.023463e-01
 1.720284e+03  6.994796e-01
 1.727636e+03  6.977760e-01
 1.734988e+03  6.975800e-01
 1.742339e+03  6.998168e-01
 1.749691e+03  7.033614e-01
 1.757043e+03  7.072116e-01
 1.764394e+03  7.103986e-01
 1.771746e+03  7.121604e-01
 1.779098e+03  7.117172e-01
 1.786449e+03  7.094175e-01
 1.793801e+03  7.057106e-01
 1.801153e+03  7.027167e-01
 1.808504e+03  7.010758e-01
 1.815856e+03  6.999143e-01
 1.823207e+03  6.985970e-01
 1.830559e+03  6.975661e-01
 1.837911e+03  6.973364e-01
 1.845262e+03  6.988414e-01
 1.852614e+03  7.005088e-01
 1.859966e+03  7.017053e-01
 1.867317e+03  7.015710e-01
 1.874669e+03  7.004232e-01
 1.882021e+03  6.998523e-01
 1.889372e+03  6.999384e-01
 1.896724e+03  7.022886e-01
 1.904076e+03  7.054421e-01
 1.911427e+03  7.080649e-01
 1.918779e+03  7.155082e-01
 1.926130e+03  7.304096e-01
 1.933482e+03  7.493106e-01
 1.940834e+03  7.721710e-01
 1.948185e+03  8.090501e-01
 1.955537e+03  8.524417e-01
 1.962889e+03  8.983768e-01
 1.970240e+03  9.690232e-01
 1.977592e+03  1.046560e+00
 1.984944e+03  1.130285e+00
 1.992295e+03  1.226751e+00
 1.999647e+03  1.321443e+00
 2.006999e+03  1.410690e+00
 2.014350e+03  1.501298e+00
 2.021702e+03  1.562668e+00
 2.029053e+03  1.611675e+00
 2.036405e+03  1.656037e+00
 2.043757e+03  1.671715e+00
 2.051108e+03  1.672357e+00
 2.058460e+03  1.666472e+00
 2.065812e+03  1.646174e+00
 2.073163e+03  1.611397e+00
 2.080515e+03  1.574071e+00
 2.087867e+03  1.531737e+00
 2.095218e+03  1.489857e+00
 2.102570e+03  1.452189e+00
 2.109922e+03  1.416261e+00
 2.117273e+03  1.383990e+00
 2.124625e+03  1.357372e+00
 2.131976e+03  1.331957e+00
 2.139328e+03  1.308519e+00
 2.146680e+03  1.291765e+00
 2.154031e+03  1.275618e+00
 2.161383e+03  1.260742e+00
 2.168735e+03  1.246377e+00
 2.176086e+03  1.231063e+00
 2.183438e+03  1.215711e+00
 2.190790e+03  1.203055e+00
 2.198141e+03  1.195401e+00
 2.205493e+03  1.190249e+00
 2.212845e+03  1.186124e+00
 2.220196e+03  1.184656e+00
 2.227548e+03  1.183713e+00
 2.234899e+03  1.181919e+00
 2.242251e+03  1.178018e+00
 2.249603e+03  1.171235e+00
 2.256954e+03  1.162172e+00
 2.264306e+03  1.151845e+00
 2.271658e+03  1.143257e+00
 2.279009e+03  1.136119e+00
 2.286361e+03  1.131062e+00
 2.293713e+03  1.128087e+00
 2.301064e+03  1.127362e+00
 2.308416e+03  1.129118e+00
 2.315768e+03  1.132624e+00
 2.323119e+03  1.136679e+00
 2.330471e+03  1.138024e+00
 2.337822e+03  1.136820e+00
 2.345174e+03  1.134121e+00
 2.352526e+03  1.132123e+00
 2.359877e+03  1.131591e+00
 2.367229e+03  1.132681e+00
 2.374581e+03  1.135245e+00
 2.381932e+03  1.138377e+00
 2.389284e+03  1.141205e+00
 2.396636e+03  1.142356e+00
 2.403987e+03  1.142101e+00
 2.411339e+03  1.140598e+00
 2.418691e+03  1.138045e+00
 2.426042e+03  1.139818e+00
 2.433394e+03  1.159057e+00
 2.440745e+03  1.209755e+00
 2.448097e+03  1.329325e+00
 2.455449e+03  1.503803e+00
 2.462800e+03  1.702511e+00
 2.470152e+03  1.863228e+00
 2.477504e+03  1.927698e+00
 2.484855e+03  1.906902e+00
 2.492207e+03  1.828507e+00
 2.499559e+03  1.740249e+00
 2.506910e+03  1.667774e+00
 2.514262e+03  1.614180e+00
 2.521614e+03  1.578193e+00
 2.528965e+03  1.551028e+00
 2.536317e+03  1.529575e+00
 2.543668e+03  1.513180e+00
 2.551020e+03  1.500105e+00
 2.558372e+03  1.488541e+00
 2.565723e+03  1.477792e+00
 2.573075e+03  1.468252e+00
 2.580427e+03  1.459388e+00
 2.587778e+03  1.450158e+00
 2.595130e+03  1.442374e+00
 2.602482e+03  1.436638e+00
 2.609833e+03  1.435167e+00
 2.617185e+03  1.437324e+00
 2.624537e+03  1.441403e+00
 2.631888e+03  1.445177e+00
 2.639240e+03  1.446056e+00
 2.646591e+03  1.445109e+00
 2.653943e+03  1.443416e+00
 2.661295e+03  1.442960e+00
 2.668646e+03  1.443870e+00
 2.675998e+03  1.445089e+00
 2.683350e+03  1.446130e+00
 2.690701e+03  1.446861e+00
 2.698053e+03  1.448268e+00
 2.705405e+03  1.450623e+00
 2.712756e+03  1.454444e+00
 2.720108e+03  1.460218e+00
 2.727460e+03  1.467732e+00
 2.734811e+03  1.475426e+00
 2.742163e+03  1.483876e+00
 2.749514e+03  1.496124e+00
 2.756866e+03  1.510515e+00
 2.764218e+03  1.526775e+00
 2.771569e+03  1.544565e+00
 2.778921e+03  1.562622e+00
 2.786273e+03  1.580439e+00
 2.793624e+03  1.597509e+00
 2.800976e+03  1.618359e+00
 2.808328e+03  1.641216e+00
 2.815679e+03  1.663109e+00
 2.823031e+03  1.691805e+00
 2.830383e+03  1.723351e+00
 2.837734e+03  1.755211e+00
 2.845086e+03  1.791877e+00
 2.852437e+03  1.836663e+00
 2.859789e+03  1.886406e+00
 2.867141e+03  1.941801e+00
 2.874492e+03  1.996101e+00
 2.881844e+03  2.040757e+00
 2.889196e+03  2.081662e+00
 2.896547e+03  2.110026e+00
 2.903899e+03  2.115596e+00
 2.911251e+03  2.110345e+00
 2.918602e+03  2.094707e+00
 2.925954e+03  2.035407e+00
 2.933306e+03  1.967423e+00
 2.940657e+03  1.894410e+00
 2.948009e+03  1.794008e+00
 2.955360e+03  1.692694e+00
 2.962712e+03  1.587337e+00
 2.970064e+03  1.471933e+00
 2.977415e+03  1.364681e+00
 2.984767e+03  1.263653e+00
 2.992119e+03  1.161513e+00
 2.999470e+03  1.090277e+00
 3.006822e+03  1.030561e+00
 3.014174e+03  9.797802e-01
 3.021525e+03  9.559704e-01
 3.028877e+03  9.887966e-01
 3.036229e+03  1.083940e+00
 3.043580e+03  1.265718e+00
 3.050932e+03  1.603453e+00
 3.058283e+03  1.994650e+00
 3.065635e+03  2.390122e+00
 3.072987e+03  2.659791e+00
 3.080338e+03  2.741798e+00
 3.087690e+03  2.684686e+00
 3.095042e+03  2.520379e+00
 3.102393e+03  2.340569e+00
 3.109745e+03  2.182649e+00
 3.117097e+03  2.053742e+00
 3.124448e+03  1.973973e+00
 3.131800e+03  1.916291e+00
 3.139152e+03  1.872518e+00
 3.146503e+03  1.838857e+00
 3.153855e+03  1.810371e+00
 3.161206e+03  1.783680e+00
 3.168558e+03  1.760073e+00
 3.175910e+03  1.739111e+00
 3.183261e+03  1.720995e+00
 3.190613e+03  1.706294e+00
 3.197965e+03  1.695463e+00
 3.205316e+03  1.687899e+00
 3.212668e+03  1.682459e+00
 3.220020e+03  1.678393e+00
 3.227371e+03  1.677134e+00
 3.234723e+03  1.678944e+00
 3.242075e+03  1.685154e+00
 3.249426e+03  1.696542e+00
 3.256778e+03  1.710422e+00
 3.264129e+03  1.724471e+00
 3.271481e+03  1.739645e+00
 3.278833e+03  1.759010e+00
 3.286184e+03  1.784952e+00
 3.293536e+03  1.821411e+00
 3.300888e+03  1.881282e+00
 3.308239e+03  1.981983e+00
 3.315591e+03  2.140481e+00
 3.322943e+03  2.364777e+00
 3.330294e+03  2.649156e+00
 3.337646e+03  2.937154e+00
 3.344998e+03  3.171011e+00
 3.352349e+03  3.236063e+00
 3.359701e+03  3.108411e+00
 3.367052e+03  2.836339e+00
 3.374404e+03  2.437630e+00
 3.381756e+03  2.051544e+00
 3.389107e+03  1.720240e+00
 3.396459e+03  1.480911e+00
 3.403811e+03  1.346371e+00
 3.411162e+03  1.260642e+00
 3.418514e+03  1.209905e+00
 3.425866e+03  1.192869e+00
 3.433217e+03  1.177771e+00
 3.440569e+03  1.164615e+00
 3.447921e+03  1.153344e+00
 3.455272e+03  1.143180e+00
 3.462624e+03  1.134890e+00
 3.469975e+03  1.127749e+00
 3.477327e+03  1.120864e+00
 3.484679e+03  1.114292e+00
 3.492030e+03  1.108304e+00
 3.499382e+03  1.102329e+00
 3.506734e+03  1.096037e+00
 3.514085e+03  1.089009e+00
 3.521437e+03  1.081412e+00
 3.528789e+03  1.074500e+00
 3.536140e+03  1.069571e+00
 3.543492e+03  1.064649e+00
 3.550844e+03  1.058992e+00
 3.558195e+03  1.051011e+00
 3.565547e+03  1.041096e+00
 3.572899e+03  1.031766e+00
 3.580250e+03  1.025431e+00
 3.587602e+03  1.022456e+00
 3.594953e+03  1.021524e+00
 3.602305e+03  1.022254e+00
 3.609657e+03  1.023624e+00
 3.617008e+03  1.024333e+00
 3.624360e+03  1.022888e+00
 3.631712e+03  1.016997e+00
 3.639063e+03  1.007349e+00
 3.646415e+03  9.971509e-01
