150.0000,0.7602,0.7348,0.6866,0.6413,0.6024,0.5857,0.5763
155.0000,0.7505,0.7238,0.6801,0.6354,0.5985,0.5821,0.5734
160.0000,0.7404,0.7138,0.6735,0.6301,0.5941,0.5798,0.5682
165.0000,0.7281,0.7059,0.6667,0.6248,0.5908,0.5756,0.5676
170.0000,0.7197,0.6968,0.6609,0.6194,0.5874,0.5724,0.5652
175.0000,0.7098,0.6898,0.6541,0.6150,0.5832,0.5706,0.5605
180.0000,0.7020,0.6819,0.6486,0.6101,0.5803,0.5673,0.5588
185.0000,0.6944,0.6741,0.6434,0.6052,0.5777,0.5638,0.5574
190.0000,0.6857,0.6682,0.6371,0.6014,0.5740,0.5622,0.5531
195.0000,0.6770,0.6628,0.6311,0.5975,0.5710,0.5594,0.5514
200.0000,0.6692,0.6571,0.6255,0.5937,0.5682,0.5567,0.5495
205.0000,0.6650,0.6498,0.6209,0.5900,0.5651,0.5553,0.5444
210.0000,0.6578,0.6443,0.6160,0.5862,0.5630,0.5517,0.5449
215.0000,0.6510,0.6389,0.6112,0.5829,0.5605,0.5492,0.5432
220.0000,0.6468,0.6324,0.6071,0.5796,0.5576,0.5480,0.5387
225.0000,0.6398,0.6278,0.6025,0.5765,0.5554,0.5449,0.5388
230.0000,0.6328,0.6235,0.5979,0.5737,0.5528,0.5429,0.5370
235.0000,0.6295,0.6176,0.5945,0.5705,0.5507,0.5406,0.5352
240.0000,0.6244,0.6129,0.5905,0.5680,0.5479,0.5395,0.5317
245.0000,0.6179,0.6090,0.5868,0.5652,0.5461,0.5367,0.5315
250.0000,0.6148,0.6036,0.5839,0.5622,0.5442,0.5344,0.5301
255.0000,0.6096,0.6000,0.5802,0.5599,0.5416,0.5334,0.5271
260.0000,0.6049,0.5961,0.5770,0.5574,0.5397,0.5313,0.5261
265.0000,0.6019,0.5913,0.5746,0.5545,0.5381,0.5291,0.5252
270.0000,0.5971,0.5882,0.5713,0.5524,0.5357,0.5282,0.5225
275.0000,0.5921,0.5853,0.5681,0.5503,0.5337,0.5265,0.5214
280.0000,0.5897,0.5812,0.5658,0.5477,0.5322,0.5246,0.5201
285.0000,0.5862,0.5781,0.5629,0.5458,0.5299,0.5241,0.5166
290.0000,0.5817,0.5755,0.5601,0.5435,0.5286,0.5217,0.5169
295.0000,0.5795,0.5718,0.5580,0.5412,0.5272,0.5199,0.5159
300.0000,0.5759,0.5694,0.5551,0.5395,0.5250,0.5194,0.5126
305.0000,0.5726,0.5667,0.5527,0.5375,0.5236,0.5176,0.5119
310.0000,0.5705,0.5632,0.5509,0.5352,0.5227,0.5154,0.5115
315.0000,0.5673,0.5609,0.5483,0.5336,0.5207,0.5148,0.5083
320.0000,0.5639,0.5587,0.5459,0.5318,0.5194,0.5129,0.5080
325.0000,0.5602,0.5567,0.5435,0.5302,0.5179,0.5113,0.5070
330.0000,0.5593,0.5534,0.5417,0.5286,0.5161,0.5109,0.5032
335.0000,0.5560,0.5515,0.5395,0.5269,0.5150,0.5086,0.5038
340.0000,0.5524,0.5499,0.5371,0.5255,0.5134,0.5071,0.5028
345.0000,0.5517,0.5468,0.5354,0.5241,0.5115,0.5069,0.4989
350.0000,0.5492,0.5447,0.5337,0.5223,0.5106,0.5045,0.4998
355.0000,0.5459,0.5430,0.5317,0.5209,0.5092,0.5029,0.4989
360.0000,0.5452,0.5401,0.5305,0.5191,0.5081,0.5013,0.4979
365.0000,0.5428,0.5382,0.5286,0.5179,0.5062,0.5008,0.4953
370.0000,0.5395,0.5368,0.5268,0.5164,0.5051,0.4988,0.4954
375.0000,0.5388,0.5342,0.5257,0.5147,0.5040,0.4973,0.4946
380.0000,0.5364,0.5329,0.5238,0.5136,0.5021,0.4969,0.4924
385.0000,0.5338,0.5315,0.5220,0.5122,0.5007,0.4955,0.4920
390.0000,0.5333,0.5289,0.5211,0.5104,0.4998,0.4939,0.4918
395.0000,0.5311,0.5276,0.5193,0.5093,0.4980,0.4936,0.4898
400.0000,0.5287,0.5264,0.5176,0.5079,0.4968,0.4925,0.4896
405.0000,0.5280,0.5241,0.5166,0.5062,0.4957,0.4914,0.4891
410.0000,0.5262,0.5228,0.5149,0.5051,0.4940,0.4916,0.4864
415.0000,0.5237,0.5217,0.5133,0.5036,0.4932,0.4902,0.4872
420.0000,0.5232,0.5195,0.5124,0.5019,0.4925,0.4891,0.4868
425.0000,0.5213,0.5183,0.5106,0.5008,0.4911,0.4894,0.4843
430.0000,0.5195,0.5170,0.5092,0.4994,0.4905,0.4883,0.4842
435.0000,0.5188,0.5149,0.5083,0.4977,0.4902,0.4869,0.4842
440.0000,0.5170,0.5138,0.5065,0.4968,0.4890,0.4870,0.4815
445.0000,0.5149,0.5127,0.5049,0.4956,0.4885,0.4857,0.4816
450.0000,0.5122,0.5119,0.5032,0.4946,0.4879,0.4845,0.4811
455.0000,0.5126,0.5096,0.5021,0.4936,0.4869,0.4846,0.4778
460.0000,0.5107,0.5085,0.5006,0.4925,0.4866,0.4826,0.4788
465.0000,0.5083,0.5076,0.4989,0.4918,0.4859,0.4815,0.4781
470.0000,0.5083,0.5055,0.4978,0.4912,0.4846,0.4815,0.4747
475.0000,0.5065,0.5043,0.4965,0.4903,0.4842,0.4795,0.4755
480.0000,0.5041,0.5034,0.4951,0.4897,0.4833,0.4782,0.4749
485.0000,0.5042,0.5012,0.4945,0.4888,0.4825,0.4769,0.4742
490.0000,0.5025,0.5001,0.4932,0.4884,0.4811,0.4765,0.4720
495.0000,0.5002,0.4992,0.4922,0.4877,0.4802,0.4748,0.4723
500.0000,0.5002,0.4972,0.4918,0.4867,0.4793,0.4736,0.4718
505.0000,0.4986,0.4963,0.4907,0.4862,0.4777,0.4733,0.4701
510.0000,0.4966,0.4956,0.4898,0.4854,0.4765,0.4723,0.4700
515.0000,0.4966,0.4938,0.4896,0.4842,0.4757,0.4711,0.4700
520.0000,0.4951,0.4932,0.4887,0.4835,0.4741,0.4712,0.4685
525.0000,0.4934,0.4926,0.4878,0.4825,0.4730,0.4705,0.4686
530.0000,0.4934,0.4912,0.4875,0.4812,0.4722,0.4699,0.4684
535.0000,0.4922,0.4906,0.4866,0.4803,0.4707,0.4705,0.4662
540.0000,0.4907,0.4901,0.4858,0.4790,0.4703,0.4695,0.4672
545.0000,0.4907,0.4887,0.4854,0.4775,0.4700,0.4688,0.4672
550.0000,0.4896,0.4882,0.4843,0.4765,0.4689,0.4694,0.4650
555.0000,0.4884,0.4877,0.4833,0.4753,0.4688,0.4685,0.4654
560.0000,0.4884,0.4863,0.4827,0.4738,0.4689,0.4675,0.4658
565.0000,0.4874,0.4858,0.4813,0.4731,0.4682,0.4678,0.4637
570.0000,0.4860,0.4853,0.4800,0.4722,0.4682,0.4669,0.4642
575.0000,0.4838,0.4852,0.4784,0.4715,0.4679,0.4662,0.4642
580.0000,0.4848,0.4835,0.4774,0.4709,0.4673,0.4665,0.4616
585.0000,0.4834,0.4828,0.4761,0.4703,0.4673,0.4652,0.4630
590.0000,0.4816,0.4822,0.4746,0.4700,0.4669,0.4645,0.4630
595.0000,0.4822,0.4803,0.4740,0.4694,0.4666,0.4638,0.4629
600.0000,0.4808,0.4795,0.4726,0.4694,0.4656,0.4641,0.4615
605.0000,0.4789,0.4787,0.4716,0.4691,0.4652,0.4633,0.4620
610.0000,0.4792,0.4768,0.4714,0.4686,0.4649,0.4627,0.4620
615.0000,0.4777,0.4760,0.4705,0.4685,0.4639,0.4631,0.4606
620.0000,0.4759,0.4752,0.4699,0.4681,0.4635,0.4625,0.4611
625.0000,0.4760,0.4735,0.4699,0.4674,0.4633,0.4620,0.4610
630.0000,0.4747,0.4729,0.4693,0.4671,0.4624,0.4625,0.4595
635.0000,0.4730,0.4725,0.4688,0.4666,0.4622,0.4619,0.4598
640.0000,0.4732,0.4711,0.4690,0.4658,0.4623,0.4612,0.4600
645.0000,0.4721,0.4708,0.4684,0.4654,0.4616,0.4616,0.4585
650.0000,0.4708,0.4706,0.4679,0.4649,0.4615,0.4609,0.4588
655.0000,0.4710,0.4696,0.4679,0.4642,0.4616,0.4602,0.4588
660.0000,0.4701,0.4695,0.4671,0.4640,0.4609,0.4607,0.4568
665.0000,0.4690,0.4694,0.4665,0.4635,0.4610,0.4596,0.4577
670.0000,0.4694,0.4684,0.4664,0.4629,0.4610,0.4589,0.4578
675.0000,0.4687,0.4684,0.4655,0.4629,0.4601,0.4593,0.4559
680.0000,0.4676,0.4683,0.4648,0.4627,0.4599,0.4586,0.4564
685.0000,0.4681,0.4673,0.4646,0.4622,0.4599,0.4578,0.4567
690.0000,0.4675,0.4670,0.4639,0.4622,0.4590,0.4582,0.4548
695.0000,0.4666,0.4668,0.4634,0.4620,0.4587,0.4576,0.4553
700.0000,0.4649,0.4668,0.4627,0.4618,0.4583,0.4571,0.4553
705.0000,0.4662,0.4655,0.4627,0.4616,0.4575,0.4577,0.4526
710.0000,0.4653,0.4651,0.4624,0.4611,0.4575,0.4565,0.4541
715.0000,0.4642,0.4650,0.4621,0.4607,0.4572,0.4559,0.4541
720.0000,0.4649,0.4638,0.4623,0.4601,0.4570,0.4552,0.4540
725.0000,0.4640,0.4638,0.4617,0.4600,0.4563,0.4555,0.4524
730.0000,0.4628,0.4637,0.4614,0.4595,0.4561,0.4546,0.4530
735.0000,0.4636,0.4627,0.4615,0.4589,0.4560,0.4539,0.4530
740.0000,0.4629,0.4627,0.4609,0.4588,0.4552,0.4542,0.4516
745.0000,0.4616,0.4629,0.4604,0.4584,0.4550,0.4534,0.4523
750.0000,0.4625,0.4619,0.4604,0.4578,0.4548,0.4528,0.4525
755.0000,0.4619,0.4620,0.4598,0.4577,0.4540,0.4532,0.4513
760.0000,0.4606,0.4622,0.4591,0.4574,0.4535,0.4528,0.4518
765.0000,0.4616,0.4611,0.4592,0.4568,0.4534,0.4523,0.4522
770.0000,0.4610,0.4610,0.4586,0.4567,0.4526,0.4529,0.4511
775.0000,0.4602,0.4609,0.4582,0.4562,0.4523,0.4527,0.4518
780.0000,0.4607,0.4599,0.4582,0.4555,0.4523,0.4524,0.4522
785.0000,0.4601,0.4599,0.4576,0.4554,0.4516,0.4533,0.4506
790.0000,0.4593,0.4597,0.4573,0.4548,0.4517,0.4528,0.4520
795.0000,0.4597,0.4587,0.4573,0.4541,0.4519,0.4525,0.4526
800.0000,0.4591,0.4586,0.4567,0.4539,0.4514,0.4535,0.4513
805.0000,0.4581,0.4586,0.4561,0.4535,0.4516,0.4532,0.4524
810.0000,0.4586,0.4577,0.4560,0.4529,0.4520,0.4530,0.4531
815.0000,0.4580,0.4576,0.4553,0.4529,0.4516,0.4541,0.4517
820.0000,0.4572,0.4575,0.4548,0.4527,0.4519,0.4539,0.4528
825.0000,0.4556,0.4578,0.4540,0.4526,0.4521,0.4538,0.4537
830.0000,0.4569,0.4566,0.4538,0.4525,0.4520,0.4549,0.4518
835.0000,0.4561,0.4564,0.4534,0.4523,0.4525,0.4544,0.4538
840.0000,0.4550,0.4563,0.4528,0.4524,0.4528,0.4544,0.4545
845.0000,0.4559,0.4552,0.4529,0.4522,0.4532,0.4544,0.4550
850.0000,0.4551,0.4551,0.4523,0.4525,0.4530,0.4554,0.4542
855.0000,0.4540,0.4549,0.4520,0.4526,0.4534,0.4552,0.4553
860.0000,0.4547,0.4538,0.4522,0.4525,0.4539,0.4552,0.4560
865.0000,0.4540,0.4538,0.4519,0.4529,0.4538,0.4562,0.4553
870.0000,0.4527,0.4539,0.4516,0.4531,0.4541,0.4563,0.4563
875.0000,0.4536,0.4529,0.4520,0.4531,0.4546,0.4563,0.4571
880.0000,0.4529,0.4530,0.4517,0.4535,0.4545,0.4574,0.4563
885.0000,0.4518,0.4532,0.4516,0.4538,0.4548,0.4575,0.4573
890.0000,0.4528,0.4524,0.4522,0.4537,0.4555,0.4575,0.4581
895.0000,0.4523,0.4525,0.4521,0.4541,0.4554,0.4585,0.4573
900.0000,0.4517,0.4527,0.4522,0.4543,0.4559,0.4586,0.4582
905.0000,0.4523,0.4521,0.4527,0.4544,0.4566,0.4587,0.4588
910.0000,0.4519,0.4525,0.4526,0.4549,0.4564,0.4599,0.4573
915.0000,0.4514,0.4528,0.4527,0.4551,0.4571,0.4596,0.4586
920.0000,0.4522,0.4524,0.4533,0.4552,0.4578,0.4595,0.4589
925.0000,0.4520,0.4528,0.4532,0.4558,0.4577,0.4606,0.4571
930.0000,0.4515,0.4533,0.4533,0.4561,0.4583,0.4602,0.4577
935.0000,0.4525,0.4529,0.4539,0.4561,0.4592,0.4595,0.4582
940.0000,0.4525,0.4532,0.4539,0.4567,0.4591,0.4601,0.4563
945.0000,0.4523,0.4536,0.4542,0.4571,0.4596,0.4593,0.4571
950.0000,0.4509,0.4546,0.4540,0.4577,0.4598,0.4588,0.4572
955.0000,0.4528,0.4540,0.4545,0.4582,0.4594,0.4593,0.4548
960.0000,0.4527,0.4545,0.4548,0.4586,0.4597,0.4581,0.4562
965.0000,0.4523,0.4550,0.4549,0.4591,0.4595,0.4575,0.4563
970.0000,0.4537,0.4546,0.4557,0.4593,0.4594,0.4570,0.4562
975.0000,0.4535,0.4552,0.4557,0.4600,0.4585,0.4573,0.4547
980.0000,0.4530,0.4558,0.4561,0.4602,0.4583,0.4565,0.4554
985.0000,0.4545,0.4553,0.4570,0.4601,0.4581,0.4559,0.4558
990.0000,0.4545,0.4559,0.4573,0.4604,0.4571,0.4563,0.4548
995.0000,0.4539,0.4566,0.4577,0.4603,0.4568,0.4556,0.4562
1000.0000,0.4554,0.4562,0.4586,0.4599,0.4566,0.4551,0.4578
1005.0000,0.4556,0.4568,0.4589,0.4598,0.4557,0.4559,0.4581
1010.0000,0.4554,0.4573,0.4592,0.4594,0.4555,0.4557,0.4618
1015.0000,0.4565,0.4573,0.4598,0.4589,0.4552,0.4561,0.4659
1020.0000,0.4565,0.4581,0.4596,0.4588,0.4542,0.4583,0.4694
1025.0000,0.4563,0.4588,0.4595,0.4583,0.4541,0.4598,0.4776
1030.0000,0.4575,0.4587,0.4598,0.4576,0.4540,0.4624,0.4876
1035.0000,0.4575,0.4595,0.4592,0.4576,0.4531,0.4680,0.4978
1040.0000,0.4571,0.4603,0.4584,0.4577,0.4523,0.4756,0.5090
1045.0000,0.4585,0.4596,0.4587,0.4569,0.4531,0.4837,0.5249
1050.0000,0.4585,0.4599,0.4581,0.4566,0.4536,0.4956,0.5409
1055.0000,0.4581,0.4601,0.4579,0.4558,0.4561,0.5081,0.5632
1060.0000,0.4590,0.4595,0.4576,0.4555,0.4583,0.5267,0.5803
1065.0000,0.4589,0.4593,0.4573,0.4549,0.4630,0.5467,0.5995
1070.0000,0.4586,0.4589,0.4575,0.4536,0.4710,0.5666,0.6245
1075.0000,0.4578,0.4586,0.4575,0.4526,0.4815,0.5888,0.6494
1080.0000,0.4588,0.4575,0.4577,0.4522,0.4938,0.6147,0.6702
1085.0000,0.4584,0.4572,0.4572,0.4527,0.5088,0.6422,0.6863
1090.0000,0.4580,0.4566,0.4573,0.4531,0.5291,0.6659,0.7072
1095.0000,0.4581,0.4558,0.4573,0.4548,0.5525,0.6885,0.7260
1100.0000,0.4578,0.4557,0.4563,0.4592,0.5767,0.7126,0.7373
1105.0000,0.4569,0.4558,0.4551,0.4655,0.6040,0.7327,0.7475
1110.0000,0.4569,0.4555,0.4545,0.4738,0.6339,0.7476,0.7571
1115.0000,0.4560,0.4564,0.4526,0.4866,0.6619,0.7628,0.7572
1120.0000,0.4543,0.4574,0.4516,0.5016,0.6916,0.7698,0.7622
1125.0000,0.4556,0.4570,0.4520,0.5198,0.7196,0.7732,0.7632
1130.0000,0.4546,0.4586,0.4522,0.5423,0.7432,0.7757,0.7574
1135.0000,0.4534,0.4603,0.4543,0.5673,0.7643,0.7726,0.7540
1140.0000,0.4559,0.4602,0.4599,0.5940,0.7814,0.7663,0.7494
1145.0000,0.4552,0.4633,0.4664,0.6235,0.7923,0.7595,0.7422
1150.0000,0.4551,0.4665,0.4765,0.6534,0.7982,0.7514,0.7337
1155.0000,0.4599,0.4684,0.4915,0.6821,0.7996,0.7425,0.7241
1160.0000,0.4615,0.4741,0.5087,0.7101,0.7962,0.7332,0.7151
1165.0000,0.4660,0.4799,0.5305,0.7347,0.7897,0.7227,0.7084
1170.0000,0.4729,0.4871,0.5557,0.7561,0.7794,0.7143,0.6994
1175.0000,0.4807,0.4968,0.5835,0.7732,0.7671,0.7064,0.6913
1180.0000,0.4884,0.5105,0.6123,0.7861,0.7532,0.6994,0.6833
1185.0000,0.4997,0.5258,0.6425,0.7935,0.7400,0.6915,0.6784
1190.0000,0.5144,0.5428,0.6727,0.7965,0.7260,0.6865,0.6706
1195.0000,0.5314,0.5620,0.7018,0.7948,0.7136,0.6808,0.6662
1200.0000,0.5441,0.5870,0.7263,0.7902,0.7018,0.6759,0.6620
1205.0000,0.5639,0.6115,0.7480,0.7827,0.6905,0.6740,0.6523
1210.0000,0.5866,0.6351,0.7671,0.7713,0.6836,0.6673,0.6542
1215.0000,0.6092,0.6594,0.7810,0.7591,0.6769,0.6628,0.6523
1220.0000,0.6305,0.6837,0.7899,0.7462,0.6715,0.6588,0.6502
1225.0000,0.6480,0.7097,0.7918,0.7348,0.6654,0.6574,0.6450
1230.0000,0.6706,0.7294,0.7919,0.7221,0.6625,0.6528,0.6458
1235.0000,0.6936,0.7448,0.7889,0.7101,0.6599,0.6496,0.6448
1240.0000,0.7121,0.7581,0.7819,0.6999,0.6568,0.6480,0.6419
1245.0000,0.7224,0.7709,0.7709,0.6916,0.6540,0.6459,0.6411
1250.0000,0.7403,0.7747,0.7613,0.6831,0.6524,0.6433,0.6407
1255.0000,0.7509,0.7771,0.7493,0.6767,0.6499,0.6425,0.6385
1260.0000,0.7571,0.7766,0.7370,0.6711,0.6480,0.6410,0.6382
1265.0000,0.7636,0.7713,0.7260,0.6659,0.6465,0.6395,0.6378
1270.0000,0.7637,0.7660,0.7141,0.6626,0.6439,0.6398,0.6350
1275.0000,0.7616,0.7583,0.7038,0.6591,0.6427,0.6383,0.6360
1280.0000,0.7597,0.7481,0.6953,0.6558,0.6415,0.6372,0.6359
1285.0000,0.7547,0.7378,0.6872,0.6534,0.6397,0.6377,0.6335
1290.0000,0.7463,0.7284,0.6799,0.6510,0.6389,0.6365,0.6347
1295.0000,0.7393,0.7178,0.6743,0.6487,0.6382,0.6358,0.6350
1300.0000,0.7301,0.7090,0.6684,0.6473,0.6365,0.6368,0.6326
1305.0000,0.7221,0.6998,0.6643,0.6453,0.6362,0.6359,0.6339
1310.0000,0.7138,0.6912,0.6609,0.6435,0.6360,0.6351,0.6348
1315.0000,0.7045,0.6848,0.6569,0.6426,0.6348,0.6362,0.6326
1320.0000,0.6956,0.6791,0.6536,0.6414,0.6345,0.6357,0.6342
1325.0000,0.6880,0.6736,0.6510,0.6402,0.6344,0.6354,0.6351
1330.0000,0.6832,0.6676,0.6491,0.6393,0.6337,0.6369,0.6325
1335.0000,0.6761,0.6638,0.6470,0.6383,0.6339,0.6362,0.6349
1340.0000,0.6693,0.6608,0.6448,0.6377,0.6339,0.6362,0.6358
1345.0000,0.6666,0.6564,0.6439,0.6366,0.6344,0.6362,0.6365
1350.0000,0.6623,0.6537,0.6422,0.6363,0.6340,0.6375,0.6351
1355.0000,0.6570,0.6519,0.6406,0.6359,0.6344,0.6372,0.6363
1360.0000,0.6556,0.6486,0.6401,0.6351,0.6352,0.6370,0.6369
1365.0000,0.6521,0.6472,0.6386,0.6352,0.6349,0.6382,0.6354
1370.0000,0.6489,0.6458,0.6376,0.6350,0.6356,0.6378,0.6367
1375.0000,0.6483,0.6432,0.6374,0.6345,0.6365,0.6373,0.6376
1380.0000,0.6458,0.6423,0.6363,0.6349,0.6363,0.6383,0.6364
1385.0000,0.6431,0.6416,0.6355,0.6351,0.6367,0.6381,0.6375
1390.0000,0.6429,0.6397,0.6354,0.6350,0.6373,0.6379,0.6382
1395.0000,0.6412,0.6392,0.6345,0.6358,0.6367,0.6393,0.6363
1400.0000,0.6391,0.6388,0.6341,0.6361,0.6372,0.6388,0.6381
1405.0000,0.6394,0.6372,0.6344,0.6361,0.6377,0.6386,0.6389
1410.0000,0.6381,0.6370,0.6339,0.6369,0.6370,0.6401,0.6369
1415.0000,0.6366,0.6368,0.6339,0.6371,0.6375,0.6395,0.6389
1420.0000,0.6371,0.6355,0.6346,0.6370,0.6381,0.6393,0.6399
1425.0000,0.6362,0.6354,0.6345,0.6376,0.6376,0.6408,0.6382
1430.0000,0.6350,0.6356,0.6347,0.6378,0.6380,0.6405,0.6402
1435.0000,0.6357,0.6347,0.6355,0.6376,0.6386,0.6404,0.6416
1440.0000,0.6351,0.6350,0.6355,0.6382,0.6381,0.6420,0.6401
1445.0000,0.6343,0.6353,0.6358,0.6383,0.6385,0.6421,0.6420
1450.0000,0.6323,0.6365,0.6356,0.6386,0.6388,0.6424,0.6434
1455.0000,0.6346,0.6356,0.6362,0.6388,0.6386,0.6445,0.6412
1460.0000,0.6342,0.6361,0.6364,0.6388,0.6394,0.6443,0.6442
1465.0000,0.6334,0.6368,0.6365,0.6389,0.6400,0.6447,0.6457
1470.0000,0.6353,0.6361,0.6373,0.6387,0.6410,0.6451,0.6471
1475.0000,0.6348,0.6369,0.6371,0.6393,0.6410,0.6470,0.6464
1480.0000,0.6343,0.6374,0.6372,0.6394,0.6420,0.6472,0.6486
1485.0000,0.6361,0.6367,0.6380,0.6392,0.6432,0.6476,0.6502
1490.0000,0.6359,0.6372,0.6378,0.6399,0.6434,0.6496,0.6498
1495.0000,0.6346,0.6383,0.6375,0.6404,0.6443,0.6502,0.6519
1500.0000,0.6366,0.6375,0.6382,0.6405,0.6456,0.6509,0.6535
1505.0000,0.6364,0.6382,0.6379,0.6414,0.6459,0.6530,0.6531
1510.0000,0.6359,0.6387,0.6380,0.6419,0.6471,0.6536,0.6555
1515.0000,0.6373,0.6381,0.6387,0.6423,0.6484,0.6543,0.6574
1520.0000,0.6371,0.6387,0.6385,0.6434,0.6487,0.6569,0.6566
1525.0000,0.6366,0.6392,0.6387,0.6441,0.6501,0.6576,0.6592
1530.0000,0.6380,0.6385,0.6397,0.6445,0.6516,0.6584,0.6611
1535.0000,0.6379,0.6390,0.6398,0.6457,0.6521,0.6610,0.6601
1540.0000,0.6373,0.6397,0.6402,0.6466,0.6536,0.6617,0.6630
1545.0000,0.6386,0.6391,0.6413,0.6471,0.6554,0.6624,0.6652
1550.0000,0.6386,0.6398,0.6416,0.6484,0.6561,0.6649,0.6643
1555.0000,0.6379,0.6408,0.6420,0.6494,0.6576,0.6656,0.6674
1560.0000,0.6394,0.6404,0.6432,0.6502,0.6594,0.6664,0.6695
1565.0000,0.6395,0.6413,0.6436,0.6517,0.6601,0.6691,0.6686
1570.0000,0.6395,0.6421,0.6443,0.6528,0.6617,0.6698,0.6717
1575.0000,0.6380,0.6437,0.6447,0.6542,0.6631,0.6709,0.6741
1580.0000,0.6410,0.6432,0.6460,0.6556,0.6639,0.6738,0.6727
1585.0000,0.6411,0.6441,0.6469,0.6567,0.6657,0.6744,0.6765
1590.0000,0.6408,0.6452,0.6478,0.6580,0.6673,0.6756,0.6791
1595.0000,0.6432,0.6451,0.6495,0.6590,0.6690,0.6768,0.6814
1600.0000,0.6431,0.6465,0.6501,0.6608,0.6698,0.6796,0.6817
1605.0000,0.6430,0.6479,0.6512,0.6621,0.6714,0.6809,0.6844
1610.0000,0.6455,0.6478,0.6531,0.6630,0.6734,0.6823,0.6869
1615.0000,0.6460,0.6491,0.6540,0.6647,0.6743,0.6852,0.6871
1620.0000,0.6456,0.6509,0.6550,0.6661,0.6762,0.6865,0.6904
1625.0000,0.6483,0.6509,0.6569,0.6671,0.6783,0.6881,0.6929
1630.0000,0.6490,0.6524,0.6579,0.6688,0.6794,0.6912,0.6933
1635.0000,0.6493,0.6539,0.6592,0.6702,0.6815,0.6928,0.6964
1640.0000,0.6516,0.6544,0.6610,0.6713,0.6837,0.6944,0.6989
1645.0000,0.6521,0.6564,0.6617,0.6733,0.6848,0.6979,0.6984
1650.0000,0.6528,0.6579,0.6630,0.6747,0.6873,0.6993,0.7016
1655.0000,0.6552,0.6583,0.6650,0.6759,0.6899,0.7006,0.7041
1660.0000,0.6563,0.6599,0.6660,0.6780,0.6913,0.7039,0.7031
1665.0000,0.6564,0.6619,0.6671,0.6797,0.6938,0.7050,0.7062
1670.0000,0.6590,0.6624,0.6691,0.6811,0.6964,0.7061,0.7082
1675.0000,0.6600,0.6640,0.6701,0.6834,0.6979,0.7089,0.7068
1680.0000,0.6609,0.6656,0.6716,0.6852,0.7004,0.7095,0.7094
1685.0000,0.6603,0.6680,0.6726,0.6874,0.7026,0.7102,0.7111
1690.0000,0.6641,0.6683,0.6746,0.6895,0.7041,0.7123,0.7093
1695.0000,0.6651,0.6699,0.6763,0.6915,0.7063,0.7124,0.7116
1700.0000,0.6642,0.6725,0.6774,0.6939,0.7079,0.7127,0.7129
1705.0000,0.6682,0.6728,0.6795,0.6963,0.7087,0.7147,0.7100
1710.0000,0.6692,0.6746,0.6814,0.6983,0.7104,0.7141,0.7128
1715.0000,0.6698,0.6766,0.6831,0.7005,0.7116,0.7142,0.7138
1720.0000,0.6731,0.6772,0.6858,0.7022,0.7128,0.7140,0.7147
1725.0000,0.6738,0.6796,0.6873,0.7047,0.7128,0.7153,0.7133
1730.0000,0.6747,0.6816,0.6895,0.7064,0.7136,0.7148,0.7151
1735.0000,0.6781,0.6824,0.6923,0.7078,0.7142,0.7148,0.7160
1740.0000,0.6795,0.6845,0.6943,0.7096,0.7138,0.7161,0.7148
1745.0000,0.6795,0.6875,0.6960,0.7111,0.7139,0.7162,0.7163
1750.0000,0.6833,0.6883,0.6989,0.7117,0.7145,0.7161,0.7177
1755.0000,0.6850,0.6907,0.7007,0.7130,0.7140,0.7177,0.7167
1760.0000,0.6864,0.6930,0.7028,0.7136,0.7144,0.7177,0.7189
1765.0000,0.6895,0.6943,0.7052,0.7138,0.7149,0.7181,0.7205
1770.0000,0.6909,0.6970,0.7064,0.7147,0.7143,0.7204,0.7192
1775.0000,0.6924,0.6992,0.7080,0.7148,0.7151,0.7205,0.7225
1780.0000,0.6956,0.7004,0.7099,0.7145,0.7160,0.7210,0.7250
1785.0000,0.6972,0.7026,0.7107,0.7151,0.7157,0.7237,0.7244
1790.0000,0.6978,0.7052,0.7112,0.7153,0.7165,0.7248,0.7274
1795.0000,0.7011,0.7060,0.7126,0.7150,0.7179,0.7257,0.7307
1800.0000,0.7028,0.7077,0.7129,0.7155,0.7181,0.7288,0.7306
1805.0000,0.7039,0.7092,0.7134,0.7156,0.7197,0.7298,0.7358
1810.0000,0.7031,0.7116,0.7131,0.7161,0.7209,0.7320,0.7395
1815.0000,0.7072,0.7114,0.7138,0.7165,0.7218,0.7358,0.7405
1820.0000,0.7079,0.7125,0.7139,0.7169,0.7237,0.7379,0.7465
1825.0000,0.7068,0.7143,0.7136,0.7176,0.7257,0.7404,0.7528
1830.0000,0.7104,0.7136,0.7141,0.7184,0.7270,0.7457,0.7553
1835.0000,0.7108,0.7143,0.7142,0.7193,0.7292,0.7496,0.7622
1840.0000,0.7104,0.7151,0.7142,0.7204,0.7316,0.7544,0.7684
1845.0000,0.7128,0.7142,0.7153,0.7209,0.7352,0.7586,0.7766
1850.0000,0.7124,0.7152,0.7152,0.7226,0.7376,0.7656,0.7823
1855.0000,0.7116,0.7161,0.7154,0.7241,0.7412,0.7718,0.7906
1860.0000,0.7140,0.7151,0.7168,0.7252,0.7458,0.7783,0.7994
1865.0000,0.7140,0.7157,0.7172,0.7273,0.7497,0.7871,0.8061
1870.0000,0.7132,0.7166,0.7179,0.7292,0.7553,0.7942,0.8177
1875.0000,0.7152,0.7161,0.7194,0.7312,0.7612,0.8029,0.8274
1880.0000,0.7151,0.7171,0.7200,0.7342,0.7668,0.8134,0.8353
1885.0000,0.7147,0.7182,0.7211,0.7370,0.7742,0.8221,0.8481
1890.0000,0.7166,0.7181,0.7230,0.7400,0.7822,0.8317,0.8605
1895.0000,0.7166,0.7197,0.7238,0.7445,0.7894,0.8441,0.8695
1900.0000,0.7166,0.7212,0.7252,0.7489,0.7982,0.8549,0.8823
1905.0000,0.7189,0.7213,0.7279,0.7531,0.8085,0.8652,0.8966
1910.0000,0.7195,0.7231,0.7295,0.7591,0.8173,0.8788,0.9066
1915.0000,0.7197,0.7251,0.7318,0.7651,0.8282,0.8900,0.9230
1920.0000,0.7223,0.7259,0.7350,0.7716,0.8390,0.9032,0.9361
1925.0000,0.7236,0.7280,0.7378,0.7793,0.8493,0.9183,0.9462
1930.0000,0.7243,0.7305,0.7415,0.7869,0.8619,0.9302,0.9643
1935.0000,0.7241,0.7339,0.7453,0.7954,0.8743,0.9433,0.9811
1940.0000,0.7289,0.7354,0.7503,0.8046,0.8860,0.9597,0.9927
1945.0000,0.7309,0.7387,0.7554,0.8143,0.8987,0.9748,1.0069
1950.0000,0.7304,0.7436,0.7607,0.8243,0.9128,0.9883,1.0245
1955.0000,0.7367,0.7462,0.7675,0.8350,0.9256,1.0057,1.0346
1960.0000,0.7399,0.7505,0.7747,0.8457,0.9405,1.0198,1.0514
1965.0000,0.7440,0.7548,0.7831,0.8563,0.9565,1.0326,1.0702
1970.0000,0.7494,0.7591,0.7921,0.8676,0.9723,1.0464,1.0879
1975.0000,0.7526,0.7662,0.7999,0.8808,0.9863,1.0630,1.1027
1980.0000,0.7559,0.7741,0.8081,0.8945,1.0004,1.0801,1.1163
1985.0000,0.7641,0.7798,0.8186,0.9073,1.0164,1.0947,1.1331
1990.0000,0.7707,0.7874,0.8286,0.9216,1.0307,1.1122,1.1456
1995.0000,0.7746,0.7970,0.8387,0.9357,1.0467,1.1265,1.1644
2000.0000,0.7845,0.8045,0.8505,0.9501,1.0619,1.1433,1.1776
2005.0000,0.7921,0.8142,0.8617,0.9653,1.0765,1.1610,1.1878
2010.0000,0.8005,0.8235,0.8746,0.9794,1.0935,1.1745,1.2048
2015.0000,0.8107,0.8324,0.8885,0.9934,1.1110,1.1871,1.2217
2020.0000,0.8190,0.8441,0.9009,1.0092,1.1258,1.2037,1.2319
2025.0000,0.8292,0.8551,0.9147,1.0244,1.1418,1.2181,1.2436
2030.0000,0.8406,0.8658,0.9294,1.0392,1.1588,1.2302,1.2569
2035.0000,0.8512,0.8784,0.9431,1.0555,1.1732,1.2454,1.2631
2040.0000,0.8601,0.8925,0.9569,1.0711,1.1897,1.2551,1.2794
2045.0000,0.8740,0.9047,0.9718,1.0870,1.2046,1.2668,1.2891
2050.0000,0.8866,0.9184,0.9860,1.1038,1.2178,1.2800,1.2935
2055.0000,0.8985,0.9326,1.0008,1.1199,1.2321,1.2892,1.3042
2060.0000,0.9057,0.9497,1.0144,1.1366,1.2453,1.2978,1.3140
2065.0000,0.9246,0.9620,1.0303,1.1530,1.2566,1.3093,1.3148
2070.0000,0.9395,0.9755,1.0467,1.1680,1.2697,1.3152,1.3251
2075.0000,0.9540,0.9894,1.0632,1.1831,1.2813,1.3218,1.3309
2080.0000,0.9694,1.0033,1.0795,1.1985,1.2904,1.3311,1.3284
2085.0000,0.9813,1.0198,1.0951,1.2131,1.3009,1.3347,1.3354
2090.0000,0.9964,1.0347,1.1119,1.2265,1.3111,1.3370,1.3415
2095.0000,1.0131,1.0489,1.1288,1.2395,1.3196,1.3401,1.3439
2100.0000,1.0250,1.0671,1.1430,1.2538,1.3252,1.3451,1.3419
2105.0000,1.0411,1.0825,1.1590,1.2658,1.3320,1.3461,1.3441
2110.0000,1.0590,1.0966,1.1755,1.2769,1.3380,1.3465,1.3450
2115.0000,1.0746,1.1123,1.1905,1.2882,1.3414,1.3490,1.3412
2120.0000,1.0843,1.1313,1.2035,1.2991,1.3447,1.3485,1.3413
2125.0000,1.1042,1.1448,1.2190,1.3077,1.3481,1.3470,1.3401
2130.0000,1.1206,1.1600,1.2326,1.3166,1.3490,1.3477,1.3339
2135.0000,1.1361,1.1746,1.2463,1.3238,1.3508,1.3447,1.3327
2140.0000,1.1525,1.1881,1.2599,1.3297,1.3522,1.3410,1.3306
2145.0000,1.1644,1.2051,1.2700,1.3368,1.3501,1.3407,1.3219
2150.0000,1.1799,1.2185,1.2818,1.3411,1.3502,1.3352,1.3212
2155.0000,1.1962,1.2304,1.2932,1.3445,1.3492,1.3307,1.3171
2160.0000,1.2108,1.2427,1.3029,1.3480,1.3460,1.3285,1.3075
2165.0000,1.2191,1.2582,1.3101,1.3510,1.3432,1.3231,1.3042
2170.0000,1.2354,1.2680,1.3192,1.3516,1.3412,1.3161,1.3012
2175.0000,1.2480,1.2793,1.3257,1.3531,1.3362,1.3128,1.2914
2180.0000,1.2603,1.2890,1.3322,1.3529,1.3324,1.3063,1.2875
2185.0000,1.2645,1.3019,1.3356,1.3531,1.3274,1.3003,1.2822
2190.0000,1.2805,1.3082,1.3408,1.3520,1.3212,1.2971,1.2694
2195.0000,1.2897,1.3162,1.3445,1.3496,1.3172,1.2880,1.2698
2200.0000,1.2981,1.3231,1.3473,1.3470,1.3118,1.2814,1.2648
2205.0000,1.3090,1.3273,1.3505,1.3434,1.3063,1.2748,1.2590
2210.0000,1.3147,1.3336,1.3508,1.3406,1.2990,1.2706,1.2496
2215.0000,1.3184,1.3392,1.3509,1.3364,1.2934,1.2629,1.2468
2220.0000,1.3275,1.3410,1.3517,1.3313,1.2875,1.2564,1.2414
2225.0000,1.3302,1.3456,1.3494,1.3275,1.2797,1.2525,1.2325
2230.0000,1.3342,1.3475,1.3482,1.3218,1.2742,1.2449,1.2300
2235.0000,1.3403,1.3469,1.3471,1.3156,1.2682,1.2391,1.2244
2240.0000,1.3413,1.3485,1.3435,1.3106,1.2606,1.2355,1.2155
2245.0000,1.3398,1.3501,1.3393,1.3048,1.2544,1.2296,1.2104
2250.0000,1.3447,1.3469,1.3372,1.2973,1.2500,1.2217,1.2074
2255.0000,1.3448,1.3457,1.3326,1.2914,1.2433,1.2176,1.1992
2260.0000,1.3428,1.3444,1.3277,1.2849,1.2379,1.2112,1.1955
2265.0000,1.3439,1.3405,1.3234,1.2780,1.2327,1.2051,1.1907
2270.0000,1.3408,1.3388,1.3167,1.2727,1.2256,1.2020,1.1810
2275.0000,1.3371,1.3360,1.3108,1.2661,1.2211,1.1941,1.1813
2280.0000,1.3370,1.3303,1.3057,1.2595,1.2159,1.1883,1.1779
2285.0000,1.3335,1.3263,1.2989,1.2542,1.2089,1.1854,1.1705
2290.0000,1.3277,1.3227,1.2918,1.2487,1.2031,1.1805,1.1681
2295.0000,1.3261,1.3157,1.2867,1.2421,1.1985,1.1748,1.1669
2300.0000,1.3206,1.3111,1.2795,1.2371,1.1915,1.1731,1.1603
2305.0000,1.3146,1.3060,1.2730,1.2314,1.1864,1.1689,1.1598
2310.0000,1.3067,1.3012,1.2663,1.2257,1.1812,1.1655,1.1584
2315.0000,1.3057,1.2928,1.2613,1.2199,1.1755,1.1653,1.1508
2320.0000,1.2986,1.2872,1.2553,1.2137,1.1719,1.1611,1.1534
2325.0000,1.2907,1.2820,1.2491,1.2079,1.1681,1.1585,1.1532
2330.0000,1.2881,1.2738,1.2446,1.2013,1.1652,1.1562,1.1525
2335.0000,1.2818,1.2680,1.2384,1.1961,1.1611,1.1565,1.1484
2340.0000,1.2731,1.2632,1.2322,1.1906,1.1590,1.1541,1.1494
2345.0000,1.2700,1.2555,1.2274,1.1847,1.1575,1.1522,1.1492
2350.0000,1.2627,1.2509,1.2204,1.1806,1.1544,1.1531,1.1453
2355.0000,1.2548,1.2462,1.2140,1.1759,1.1536,1.1507,1.1474
2360.0000,1.2522,1.2384,1.2093,1.1710,1.1531,1.1489,1.1481
2365.0000,1.2452,1.2336,1.2025,1.1681,1.1509,1.1499,1.1454
2370.0000,1.2381,1.2284,1.1966,1.1648,1.1505,1.1481,1.1486
2375.0000,1.2351,1.2207,1.1922,1.1611,1.1507,1.1462,1.1528
2380.0000,1.2278,1.2162,1.1859,1.1596,1.1486,1.1479,1.1538
2385.0000,1.2199,1.2117,1.1802,1.1578,1.1480,1.1474,1.1627
2390.0000,1.2171,1.2045,1.1764,1.1558,1.1473,1.1486,1.1723
2395.0000,1.2114,1.1994,1.1714,1.1554,1.1446,1.1542,1.1801
2400.0000,1.2036,1.1953,1.1668,1.1547,1.1430,1.1598,1.1939
2405.0000,1.2008,1.1885,1.1645,1.1531,1.1427,1.1668,1.2114
2410.0000,1.1945,1.1847,1.1607,1.1531,1.1407,1.1798,1.2271
2415.0000,1.1890,1.1803,1.1584,1.1518,1.1415,1.1925,1.2522
2420.0000,1.1862,1.1746,1.1573,1.1504,1.1427,1.2112,1.2736
2425.0000,1.1809,1.1711,1.1554,1.1493,1.1451,1.2341,1.2946
2430.0000,1.1756,1.1678,1.1548,1.1467,1.1527,1.2548,1.3300
2435.0000,1.1703,1.1650,1.1543,1.1442,1.1628,1.2793,1.3663
2440.0000,1.1699,1.1606,1.1542,1.1427,1.1738,1.3116,1.3967
2445.0000,1.1658,1.1589,1.1528,1.1421,1.1881,1.3466,1.4260
2450.0000,1.1613,1.1575,1.1519,1.1411,1.2087,1.3791,1.4642
2455.0000,1.1611,1.1545,1.1516,1.1412,1.2331,1.4139,1.5006
2460.0000,1.1580,1.1542,1.1491,1.1447,1.2589,1.4536,1.5308
2465.0000,1.1541,1.1544,1.1462,1.1503,1.2885,1.4935,1.5561
2470.0000,1.1552,1.1516,1.1455,1.1565,1.3249,1.5277,1.5841
2475.0000,1.1527,1.1518,1.1426,1.1680,1.3608,1.5653,1.5994
2480.0000,1.1491,1.1520,1.1408,1.1814,1.4024,1.5941,1.6184
2485.0000,1.1511,1.1489,1.1421,1.1970,1.4477,1.6157,1.6355
2490.0000,1.1494,1.1490,1.1415,1.2193,1.4890,1.6393,1.6377
2495.0000,1.1468,1.1493,1.1432,1.2444,1.5329,1.6507,1.6489
2500.0000,1.1485,1.1481,1.1473,1.2741,1.5733,1.6593,1.6512
2505.0000,1.1466,1.1507,1.1513,1.3096,1.6074,1.6665,1.6437
2510.0000,1.1439,1.1545,1.1585,1.3479,1.6386,1.6651,1.6398
2515.0000,1.1486,1.1557,1.1710,1.3881,1.6646,1.6594,1.6323
2520.0000,1.1480,1.1628,1.1843,1.4322,1.6813,1.6537,1.6169
2525.0000,1.1492,1.1702,1.2035,1.4753,1.6943,1.6400,1.6106
2530.0000,1.1585,1.1754,1.2292,1.5171,1.6999,1.6269,1.5977
2535.0000,1.1642,1.1863,1.2576,1.5582,1.6977,1.6143,1.5825
2540.0000,1.1699,1.2008,1.2902,1.5957,1.6902,1.6003,1.5684
2545.0000,1.1846,1.2138,1.3295,1.6268,1.6799,1.5841,1.5577
2550.0000,1.1995,1.2313,1.3711,1.6535,1.6641,1.5712,1.5432
2555.0000,1.2166,1.2524,1.4149,1.6735,1.6463,1.5580,1.5316
2560.0000,1.2290,1.2815,1.4570,1.6884,1.6261,1.5465,1.5196
2565.0000,1.2548,1.3095,1.5004,1.6965,1.6044,1.5391,1.5006
2570.0000,1.2829,1.3394,1.5436,1.6963,1.5872,1.5246,1.4998
2575.0000,1.3117,1.3731,1.5823,1.6915,1.5694,1.5141,1.4941
2580.0000,1.3403,1.4099,1.6159,1.6822,1.5527,1.5051,1.4885
2585.0000,1.3660,1.4522,1.6405,1.6716,1.5345,1.5013,1.4776
2590.0000,1.4027,1.4878,1.6635,1.6550,1.5225,1.4920,1.4782
2595.0000,1.4389,1.5217,1.6802,1.6367,1.5115,1.4857,1.4759
2600.0000,1.4738,1.5539,1.6900,1.6182,1.5005,1.4835,1.4690
2605.0000,1.4980,1.5884,1.6910,1.6002,1.4920,1.4791,1.4693
2610.0000,1.5340,1.6120,1.6901,1.5807,1.4865,1.4745,1.4700
2615.0000,1.5622,1.6339,1.6823,1.5641,1.4796,1.4746,1.4651
2620.0000,1.5778,1.6557,1.6682,1.5493,1.4746,1.4727,1.4661
2625.0000,1.6075,1.6625,1.6564,1.5332,1.4730,1.4696,1.4681
2630.0000,1.6251,1.6683,1.6398,1.5208,1.4695,1.4709,1.4645
2635.0000,1.6373,1.6689,1.6228,1.5090,1.4687,1.4689,1.4678
2640.0000,1.6485,1.6631,1.6064,1.4985,1.4685,1.4678,1.4700
2645.0000,1.6498,1.6579,1.5871,1.4917,1.4660,1.4707,1.4665
2650.0000,1.6472,1.6492,1.5692,1.4852,1.4662,1.4696,1.4717
2655.0000,1.6470,1.6345,1.5544,1.4792,1.4669,1.4696,1.4751
2660.0000,1.6393,1.6217,1.5383,1.4763,1.4651,1.4736,1.4729
2665.0000,1.6292,1.6072,1.5245,1.4733,1.4656,1.4744,1.4782
2670.0000,1.6204,1.5899,1.5139,1.4704,1.4668,1.4757,1.4822
2675.0000,1.6064,1.5759,1.5025,1.4699,1.4657,1.4810,1.4799
2680.0000,1.5914,1.5621,1.4935,1.4687,1.4672,1.4823,1.4872
2685.0000,1.5772,1.5481,1.4866,1.4677,1.4691,1.4843,1.4935
2690.0000,1.5675,1.5328,1.4818,1.4673,1.4696,1.4908,1.4914
2695.0000,1.5523,1.5220,1.4771,1.4670,1.4723,1.4930,1.4999
2700.0000,1.5364,1.5132,1.4729,1.4671,1.4751,1.4960,1.5075
2705.0000,1.5288,1.5022,1.4715,1.4667,1.4787,1.4995,1.5147
2710.0000,1.5178,1.4952,1.4687,1.4681,1.4804,1.5067,1.5177
2715.0000,1.5054,1.4903,1.4664,1.4693,1.4838,1.5117,1.5253
2720.0000,1.5009,1.4829,1.4668,1.4696,1.4885,1.5166,1.5331
2725.0000,1.4925,1.4799,1.4650,1.4722,1.4911,1.5254,1.5361
2730.0000,1.4842,1.4777,1.4642,1.4739,1.4964,1.5306,1.5468
2735.0000,1.4831,1.4727,1.4656,1.4752,1.5022,1.5369,1.5550
2740.0000,1.4779,1.4717,1.4651,1.4785,1.5063,1.5466,1.5586
2745.0000,1.4731,1.4708,1.4656,1.4810,1.5130,1.5527,1.5697
2750.0000,1.4733,1.4681,1.4676,1.4835,1.5203,1.5597,1.5787
2755.0000,1.4705,1.4684,1.4680,1.4878,1.5257,1.5701,1.5826
2760.0000,1.4670,1.4692,1.4691,1.4916,1.5337,1.5766,1.5941
2765.0000,1.4689,1.4677,1.4720,1.4952,1.5422,1.5835,1.6044
2770.0000,1.4675,1.4694,1.4728,1.5012,1.5482,1.5949,1.6079
2775.0000,1.4657,1.4712,1.4747,1.5066,1.5565,1.6026,1.6177
2780.0000,1.4688,1.4705,1.4786,1.5116,1.5658,1.6098,1.6268
2785.0000,1.4686,1.4730,1.4805,1.5188,1.5724,1.6213,1.6279
2790.0000,1.4676,1.4759,1.4836,1.5252,1.5819,1.6275,1.6390
2795.0000,1.4719,1.4760,1.4888,1.5313,1.5918,1.6338,1.6468
2800.0000,1.4732,1.4789,1.4924,1.5394,1.5991,1.6441,1.6465
2805.0000,1.4739,1.4821,1.4971,1.5468,1.6087,1.6493,1.6549
2810.0000,1.4712,1.4876,1.5012,1.5550,1.6177,1.6543,1.6614
2815.0000,1.4796,1.4886,1.5076,1.5634,1.6249,1.6632,1.6571
2820.0000,1.4821,1.4926,1.5139,1.5712,1.6346,1.6647,1.6673
2825.0000,1.4834,1.4978,1.5199,1.5800,1.6426,1.6680,1.6715
2830.0000,1.4907,1.5006,1.5278,1.5882,1.6504,1.6708,1.6742
2835.0000,1.4920,1.5081,1.5331,1.5986,1.6549,1.6764,1.6712
2840.0000,1.4953,1.5142,1.5404,1.6073,1.6616,1.6767,1.6752
2845.0000,1.5043,1.5176,1.5497,1.6152,1.6676,1.6772,1.6766
2850.0000,1.5090,1.5244,1.5571,1.6246,1.6705,1.6805,1.6724
2855.0000,1.5100,1.5337,1.5642,1.6336,1.6737,1.6807,1.6718
2860.0000,1.5210,1.5378,1.5746,1.6403,1.6778,1.6789,1.6711
2865.0000,1.5271,1.5454,1.5830,1.6483,1.6787,1.6802,1.6637
2905.0000,1.5895,1.6097,1.6504,1.6818,1.6745,1.6407,1.6127
2910.0000,1.5973,1.6185,1.6558,1.6841,1.6687,1.6353,1.5956
2915.0000,1.6016,1.6287,1.6602,1.6853,1.6639,1.6248,1.5857
2920.0000,1.6134,1.6337,1.6670,1.6837,1.6606,1.6103,1.5790
2925.0000,1.6209,1.6413,1.6706,1.6839,1.6525,1.6013,1.5620
2930.0000,1.6275,1.6483,1.6739,1.6828,1.6446,1.5892,1.5483
2935.0000,1.6286,1.6572,1.6753,1.6815,1.6355,1.5764,1.5330
2940.0000,1.6416,1.6597,1.6787,1.6788,1.6246,1.5659,1.5084
2945.0000,1.6466,1.6648,1.6809,1.6741,1.6166,1.5458,1.5043
2950.0000,1.6498,1.6701,1.6813,1.6700,1.6047,1.5308,1.4883
2955.0000,1.6591,1.6710,1.6834,1.6636,1.5935,1.5132,1.4748
2960.0000,1.6619,1.6751,1.6820,1.6583,1.5785,1.4992,1.4564
2965.0000,1.6631,1.6782,1.6812,1.6503,1.5665,1.4774,1.4559
2970.0000,1.6703,1.6774,1.6808,1.6415,1.5519,1.4599,1.4537
2975.0000,1.6715,1.6796,1.6770,1.6338,1.5334,1.4476,1.4521
2980.0000,1.6698,1.6823,1.6717,1.6255,1.5138,1.4381,1.4566
2985.0000,1.6755,1.6798,1.6677,1.6158,1.4925,1.4354,1.4597
2990.0000,1.6747,1.6798,1.6614,1.6053,1.4713,1.4364,1.4678
2995.0000,1.6709,1.6799,1.6543,1.5933,1.4512,1.4425,1.4777
3000.0000,1.6748,1.6736,1.6507,1.5766,1.4369,1.4480,1.4986
3005.0000,1.6724,1.6701,1.6437,1.5604,1.4222,1.4636,1.5147
3010.0000,1.6707,1.6639,1.6381,1.5407,1.4150,1.4777,1.5460
3015.0000,1.6690,1.6560,1.6322,1.5192,1.4129,1.4951,1.5839
3020.0000,1.6635,1.6507,1.6221,1.5000,1.4114,1.5238,1.6171
3025.0000,1.6586,1.6437,1.6115,1.4799,1.4170,1.5537,1.6609
3030.0000,1.6537,1.6351,1.5998,1.4600,1.4297,1.5849,1.7162
3035.0000,1.6471,1.6276,1.5840,1.4445,1.4432,1.6282,1.7671
3040.0000,1.6379,1.6204,1.5659,1.4315,1.4630,1.6736,1.8309
3045.0000,1.6308,1.6113,1.5454,1.4240,1.4830,1.7351,1.8750
3050.0000,1.6182,1.6044,1.5224,1.4202,1.5101,1.7979,1.9207
3055.0000,1.6050,1.5947,1.5013,1.4178,1.5478,1.8558,1.9811
3060.0000,1.5927,1.5814,1.4824,1.4185,1.5931,1.9148,2.0376
3065.0000,1.5885,1.5618,1.4667,1.4240,1.6416,1.9814,2.0738
3105.0000,1.4643,1.4587,1.4204,1.6792,2.1639,2.2465,2.2036
3110.0000,1.4627,1.4512,1.4332,1.7407,2.2149,2.2396,2.1937
3115.0000,1.4535,1.4526,1.4480,1.8097,2.2519,2.2313,2.1707
3120.0000,1.4472,1.4555,1.4715,1.8801,2.2803,2.2134,2.1489
3125.0000,1.4517,1.4570,1.5054,1.9500,2.2973,2.1920,2.1194
3130.0000,1.4506,1.4685,1.5440,2.0202,2.3016,2.1681,2.0838
3135.0000,1.4538,1.4827,1.5929,2.0840,2.2998,2.1332,2.0624
3140.0000,1.4687,1.4978,1.6507,2.1421,2.2860,2.1022,2.0289
3145.0000,1.4853,1.5196,1.7142,2.1928,2.2636,2.0706,1.9947
3150.0000,1.5029,1.5501,1.7816,2.2344,2.2356,2.0350,1.9700
3155.0000,1.5273,1.5864,1.8514,2.2671,2.1997,2.0051,1.9377
3160.0000,1.5580,1.6284,1.9223,2.2891,2.1598,1.9773,1.9039
3165.0000,1.5868,1.6811,1.9893,2.3012,2.1180,1.9493,1.8735
3170.0000,1.6303,1.7325,2.0569,2.3000,2.0795,1.9171,1.8526
3175.0000,1.6803,1.7857,2.1194,2.2904,2.0381,1.8934,1.8206
3180.0000,1.7319,1.8424,2.1749,2.2711,2.0006,1.8666,1.7989
3185.0000,1.7668,1.9113,2.2156,2.2474,1.9639,1.8411,1.7789
3190.0000,1.8287,1.9690,2.2509,2.2170,1.9279,1.8230,1.7455
3195.0000,1.8890,2.0227,2.2784,2.1788,1.9019,1.7914,1.7489
3200.0000,1.9448,2.0746,2.2933,2.1401,1.8745,1.7681,1.7437
3205.0000,1.9978,2.1216,2.2970,2.1012,1.8474,1.7501,1.7380
3210.0000,2.0369,2.1705,2.2853,2.0658,1.8184,1.7393,1.7315
3215.0000,2.0801,2.2061,2.2682,2.0293,1.7929,1.7303,1.7298
3220.0000,2.1280,2.2267,2.2473,1.9925,1.7700,1.7258,1.7274
3225.0000,2.1587,2.2443,2.2177,1.9588,1.7481,1.7262,1.7236
3230.0000,2.1749,2.2563,2.1830,1.9262,1.7310,1.7254,1.7287
3235.0000,2.2045,2.2480,2.1527,1.8911,1.7212,1.7232,1.7393
3240.0000,2.2153,2.2381,2.1166,1.8611,1.7102,1.7297,1.7424
3245.0000,2.2158,2.2219,2.0809,1.8311,1.7067,1.7303,1.7657
3250.0000,2.2162,2.1964,2.0471,1.8025,1.7067,1.7331,1.7943
3255.0000,2.2077,2.1684,2.0115,1.7792,1.7049,1.7460,1.8195
3260.0000,2.1876,2.1415,1.9735,1.7611,1.7025,1.7676,1.8379
3265.0000,2.1681,2.1097,1.9383,1.7448,1.7041,1.7909,1.8616
3270.0000,2.1393,2.0814,1.9012,1.7334,1.7066,1.8201,1.8823
3275.0000,2.1104,2.0494,1.8687,1.7222,1.7163,1.8460,1.9159
3280.0000,2.0854,2.0127,1.8414,1.7122,1.7305,1.8745,1.9470
3285.0000,2.0508,1.9827,1.8122,1.7079,1.7446,1.9107,1.9676
3290.0000,2.0215,1.9477,1.7908,1.7014,1.7700,1.9352,2.0183
3295.0000,1.9928,1.9128,1.7724,1.6986,1.7961,1.9668,2.0579
3300.0000,1.9605,1.8829,1.7541,1.7010,1.8219,2.0054,2.0890
3305.0000,1.9297,1.8541,1.7398,1.7049,1.8541,2.0380,2.1375
3310.0000,1.9040,1.8259,1.7283,1.7128,1.8869,2.0756,2.1799
3315.0000,1.8755,1.8028,1.7172,1.7262,1.9185,2.1195,2.2134
3320.0000,1.8429,1.7875,1.7054,1.7448,1.9506,2.1660,2.2375
3325.0000,1.8089,1.7769,1.6958,1.7661,1.9869,2.2075,2.2645
3330.0000,1.7973,1.7585,1.6950,1.7872,2.0279,2.2455,2.2850
3335.0000,1.7760,1.7493,1.6933,1.8139,2.0673,2.2853,2.2887
3340.0000,1.7595,1.7388,1.6988,1.8396,2.1141,2.3110,2.2972
3380.0000,1.7265,1.7686,1.8419,2.1512,2.3905,2.2055,2.0343
3385.0000,1.7335,1.7900,1.8689,2.1997,2.3907,2.1436,1.9915
3390.0000,1.7571,1.8049,1.9032,2.2469,2.3746,2.0860,1.9256
3395.0000,1.7767,1.8239,1.9410,2.2906,2.3466,2.0232,1.8580
3400.0000,1.7884,1.8510,1.9797,2.3308,2.3054,1.9592,1.7839
3405.0000,1.8160,1.8714,2.0288,2.3584,2.2613,1.8809,1.7314
3410.0000,1.8403,1.8984,2.0776,2.3804,2.2024,1.8104,1.6711
3415.0000,1.8675,1.9277,2.1281,2.3928,2.1340,1.7445,1.6043
3420.0000,1.8868,1.9655,2.1765,2.3945,2.0606,1.6766,1.5507
3425.0000,1.9240,1.9991,2.2265,2.3838,1.9824,1.6143,1.4984
3430.0000,1.9601,2.0364,2.2723,2.3623,1.8998,1.5599,1.4401
3435.0000,1.9845,2.0825,2.3097,2.3303,1.8171,1.5083,1.3867
3440.0000,2.0290,2.1206,2.3450,2.2851,1.7371,1.4619,1.3286
3445.0000,2.0708,2.1580,2.3742,2.2267,1.6674,1.4052,1.3070
3450.0000,2.1111,2.1956,2.3915,2.1623,1.5973,1.3613,1.2714
3455.0000,2.1482,2.2314,2.3976,2.0912,1.5329,1.3202,1.2401
3460.0000,2.1793,2.2674,2.3887,2.0178,1.4708,1.2872,1.2054
3465.0000,2.2137,2.2937,2.3713,1.9384,1.4197,1.2482,1.1926
3470.0000,2.2456,2.3127,2.3411,1.8599,1.3701,1.2200,1.1720
3475.0000,2.2679,2.3271,2.2974,1.7838,1.3241,1.1973,1.1517
3480.0000,2.2769,2.3365,2.2416,1.7107,1.2830,1.1772,1.1357
3485.0000,2.2972,2.3262,2.1831,1.6378,1.2497,1.1573,1.1241
3490.0000,2.2993,2.3118,2.1140,1.5714,1.2176,1.1442,1.1085
3495.0000,2.2871,2.2900,2.0391,1.5098,1.1907,1.1314,1.0974
3500.0000,2.2831,2.2485,1.9676,1.4488,1.1726,1.1139,1.0969
3505.0000,2.2607,2.2040,1.8906,1.3963,1.1530,1.1052,1.0890
3510.0000,2.2254,2.1534,1.8135,1.3487,1.1378,1.0946,1.0920
3515.0000,2.1925,2.0908,1.7405,1.3059,1.1235,1.0902,1.0877
3520.0000,2.1437,2.0293,1.6666,1.2698,1.1102,1.0882,1.0839
3525.0000,2.0991,1.9568,1.6008,1.2361,1.1003,1.0875,1.0768
3530.0000,2.0403,1.8864,1.5377,1.2068,1.0932,1.0854,1.0723
3535.0000,1.9727,1.8214,1.4751,1.1838,1.0855,1.0867,1.0613
3540.0000,1.9007,1.7587,1.4168,1.1639,1.0814,1.0833,1.0587
3545.0000,1.8431,1.6876,1.3695,1.1438,1.0817,1.0766,1.0573
3550.0000,1.7825,1.6186,1.3271,1.1276,1.0806,1.0740,1.0460
3555.0000,1.7120,1.5595,1.2866,1.1146,1.0817,1.0646,1.0505
3560.0000,1.6579,1.4964,1.2543,1.1029,1.0826,1.0571,1.0495
3565.0000,1.5961,1.4414,1.2239,1.0952,1.0809,1.0522,1.0452
3570.0000,1.5327,1.3951,1.1949,1.0908,1.0778,1.0469,1.0448
3575.0000,1.4709,1.3554,1.1679,1.0894,1.0719,1.0444,1.0410
3580.0000,1.4262,1.3135,1.1478,1.0875,1.0664,1.0420,1.0374
3585.0000,1.3821,1.2766,1.1306,1.0866,1.0600,1.0408,1.0328
3590.0000,1.3301,1.2499,1.1138,1.0869,1.0531,1.0389,1.0310
3595.0000,1.2996,1.2177,1.1050,1.0843,1.0482,1.0365,1.0287
3600.0000,1.2639,1.1940,1.0960,1.0830,1.0416,1.0373,1.0220
3605.0000,1.2407,1.1669,1.0940,1.0776,1.0393,1.0334,1.0217
3610.0000,1.2143,1.1453,1.0931,1.0717,1.0378,1.0291,1.0216
3615.0000,1.1907,1.1279,1.0922,1.0663,1.0351,1.0278,1.0168
3620.0000,1.1698,1.1146,1.0913,1.0604,1.0340,1.0240,1.0166
3625.0000,1.1501,1.1058,1.0890,1.0553,1.0323,1.0211,1.0149
3630.0000,1.1331,1.1007,1.0848,1.0517,1.0292,1.0205,1.0094
3635.0000,1.1122,1.1020,1.0776,1.0493,1.0265,1.0177,1.0095
3640.0000,1.1087,1.0959,1.0741,1.0453,1.0249,1.0148,1.0080
3645.0000,1.1026,1.0923,1.0691,1.0428,1.0216,1.0145,1.0020
