150.0000,0.3405,0.3402,0.3374,0.3362,0.3351,0.3357,0.3350
155.0000,0.3405,0.3393,0.3374,0.3359,0.3353,0.3355,0.3353
160.0000,0.3398,0.3391,0.3369,0.3360,0.3349,0.3361,0.3342
165.0000,0.3389,0.3389,0.3366,0.3358,0.3351,0.3357,0.3351
170.0000,0.3391,0.3381,0.3366,0.3355,0.3353,0.3355,0.3354
175.0000,0.3385,0.3380,0.3362,0.3357,0.3350,0.3362,0.3343
180.0000,0.3377,0.3379,0.3359,0.3356,0.3352,0.3359,0.3350
185.0000,0.3380,0.3372,0.3360,0.3354,0.3354,0.3356,0.3355
190.0000,0.3375,0.3371,0.3357,0.3356,0.3351,0.3363,0.3345
195.0000,0.3369,0.3370,0.3355,0.3356,0.3352,0.3360,0.3352
200.0000,0.3357,0.3372,0.3351,0.3357,0.3353,0.3359,0.3357
205.0000,0.3366,0.3364,0.3353,0.3357,0.3350,0.3367,0.3343
210.0000,0.3361,0.3364,0.3352,0.3357,0.3353,0.3363,0.3357
215.0000,0.3350,0.3367,0.3349,0.3358,0.3353,0.3363,0.3361
220.0000,0.3360,0.3360,0.3351,0.3358,0.3351,0.3371,0.3347
225.0000,0.3356,0.3359,0.3351,0.3357,0.3354,0.3367,0.3361
230.0000,0.3350,0.3360,0.3350,0.3357,0.3356,0.3367,0.3366
235.0000,0.3357,0.3355,0.3354,0.3356,0.3358,0.3367,0.3369
240.0000,0.3352,0.3357,0.3351,0.3358,0.3356,0.3374,0.3362
245.0000,0.3346,0.3359,0.3351,0.3358,0.3359,0.3372,0.3370
250.0000,0.3354,0.3354,0.3354,0.3356,0.3363,0.3371,0.3375
255.0000,0.3351,0.3356,0.3353,0.3358,0.3361,0.3378,0.3369
260.0000,0.3345,0.3359,0.3351,0.3359,0.3364,0.3377,0.3377
265.0000,0.3353,0.3354,0.3355,0.3358,0.3368,0.3377,0.3382
270.0000,0.3351,0.3356,0.3353,0.3361,0.3367,0.3384,0.3377
275.0000,0.3347,0.3358,0.3352,0.3362,0.3369,0.3384,0.3384
280.0000,0.3353,0.3354,0.3355,0.3362,0.3372,0.3384,0.3390
285.0000,0.3350,0.3357,0.3352,0.3366,0.3370,0.3394,0.3381
290.0000,0.3347,0.3359,0.3352,0.3367,0.3374,0.3393,0.3392
295.0000,0.3354,0.3355,0.3356,0.3366,0.3378,0.3393,0.3398
300.0000,0.3352,0.3356,0.3355,0.3370,0.3377,0.3403,0.3390
305.0000,0.3348,0.3359,0.3355,0.3371,0.3381,0.3402,0.3401
310.0000,0.3354,0.3355,0.3359,0.3371,0.3386,0.3402,0.3409
315.0000,0.3354,0.3357,0.3359,0.3374,0.3385,0.3412,0.3401
320.0000,0.3351,0.3359,0.3360,0.3376,0.3389,0.3412,0.3412
325.0000,0.3341,0.3365,0.3359,0.3379,0.3392,0.3415,0.3418
330.0000,0.3354,0.3360,0.3362,0.3381,0.3393,0.3426,0.3406
335.0000,0.3352,0.3363,0.3364,0.3383,0.3398,0.3424,0.3421
340.0000,0.3348,0.3366,0.3364,0.3385,0.3403,0.3426,0.3429
345.0000,0.3358,0.3363,0.3367,0.3388,0.3403,0.3437,0.3416
350.0000,0.3356,0.3367,0.3369,0.3390,0.3410,0.3434,0.3432
355.0000,0.3352,0.3370,0.3370,0.3393,0.3414,0.3436,0.3440
360.0000,0.3362,0.3366,0.3375,0.3394,0.3420,0.3437,0.3446
365.0000,0.3360,0.3371,0.3374,0.3399,0.3420,0.3446,0.3442
370.0000,0.3356,0.3375,0.3376,0.3403,0.3425,0.3447,0.3450
375.0000,0.3366,0.3371,0.3381,0.3404,0.3431,0.3449,0.3456
380.0000,0.3366,0.3375,0.3381,0.3410,0.3431,0.3458,0.3450
385.0000,0.3360,0.3382,0.3382,0.3414,0.3435,0.3459,0.3459
390.0000,0.3371,0.3378,0.3389,0.3415,0.3442,0.3459,0.3466
395.0000,0.3372,0.3382,0.3390,0.3421,0.3442,0.3468,0.3460
400.0000,0.3370,0.3385,0.3393,0.3424,0.3447,0.3468,0.3469
405.0000,0.3378,0.3384,0.3399,0.3426,0.3453,0.3469,0.3476
410.0000,0.3378,0.3389,0.3400,0.3432,0.3452,0.3479,0.3467
415.0000,0.3377,0.3393,0.3403,0.3435,0.3457,0.3478,0.3479
420.0000,0.3386,0.3392,0.3409,0.3437,0.3463,0.3479,0.3486
425.0000,0.3387,0.3397,0.3411,0.3443,0.3462,0.3489,0.3477
430.0000,0.3384,0.3404,0.3413,0.3447,0.3466,0.3489,0.3488
435.0000,0.3394,0.3403,0.3419,0.3449,0.3472,0.3490,0.3495
440.0000,0.3396,0.3408,0.3421,0.3454,0.3471,0.3500,0.3486
445.0000,0.3397,0.3412,0.3425,0.3457,0.3476,0.3500,0.3498
450.0000,0.3390,0.3420,0.3427,0.3461,0.3480,0.3501,0.3505
455.0000,0.3406,0.3418,0.3432,0.3465,0.3480,0.3512,0.3493
460.0000,0.3407,0.3422,0.3437,0.3467,0.3486,0.3511,0.3508
465.0000,0.3406,0.3428,0.3440,0.3470,0.3490,0.3512,0.3516
470.0000,0.3417,0.3428,0.3444,0.3474,0.3491,0.3523,0.3502
475.0000,0.3417,0.3434,0.3447,0.3476,0.3497,0.3521,0.3519
480.0000,0.3415,0.3440,0.3450,0.3480,0.3501,0.3523,0.3527
485.0000,0.3428,0.3439,0.3456,0.3481,0.3507,0.3524,0.3532
490.0000,0.3427,0.3446,0.3456,0.3487,0.3507,0.3533,0.3527
495.0000,0.3427,0.3451,0.3459,0.3490,0.3512,0.3534,0.3536
500.0000,0.3439,0.3449,0.3466,0.3492,0.3517,0.3535,0.3542
505.0000,0.3441,0.3454,0.3467,0.3497,0.3518,0.3544,0.3537
510.0000,0.3436,0.3462,0.3469,0.3501,0.3522,0.3545,0.3545
515.0000,0.3449,0.3460,0.3476,0.3502,0.3528,0.3545,0.3552
520.0000,0.3451,0.3465,0.3477,0.3508,0.3529,0.3553,0.3548
525.0000,0.3451,0.3470,0.3480,0.3511,0.3533,0.3554,0.3557
530.0000,0.3460,0.3469,0.3486,0.3513,0.3538,0.3556,0.3563
535.0000,0.3461,0.3475,0.3486,0.3519,0.3537,0.3566,0.3554
540.0000,0.3461,0.3480,0.3490,0.3522,0.3543,0.3566,0.3567
545.0000,0.3470,0.3479,0.3496,0.3524,0.3548,0.3567,0.3573
550.0000,0.3472,0.3484,0.3498,0.3530,0.3547,0.3578,0.3563
555.0000,0.3470,0.3490,0.3500,0.3533,0.3552,0.3578,0.3573
560.0000,0.3480,0.3489,0.3507,0.3534,0.3559,0.3578,0.3581
565.0000,0.3483,0.3494,0.3509,0.3540,0.3559,0.3588,0.3571
570.0000,0.3483,0.3499,0.3513,0.3542,0.3564,0.3587,0.3583
575.0000,0.3476,0.3508,0.3514,0.3546,0.3569,0.3588,0.3590
580.0000,0.3492,0.3505,0.3519,0.3550,0.3569,0.3598,0.3577
585.0000,0.3494,0.3510,0.3523,0.3553,0.3575,0.3595,0.3594
590.0000,0.3492,0.3516,0.3525,0.3557,0.3579,0.3596,0.3602
595.0000,0.3504,0.3514,0.3531,0.3559,0.3583,0.3598,0.3608
600.0000,0.3503,0.3522,0.3532,0.3565,0.3582,0.3607,0.3603
605.0000,0.3501,0.3528,0.3534,0.3569,0.3586,0.3609,0.3612
610.0000,0.3514,0.3526,0.3541,0.3571,0.3591,0.3611,0.3618
615.0000,0.3514,0.3532,0.3542,0.3576,0.3590,0.3621,0.3612
620.0000,0.3514,0.3537,0.3546,0.3579,0.3595,0.3621,0.3623
625.0000,0.3526,0.3534,0.3553,0.3579,0.3602,0.3622,0.3629
630.0000,0.3527,0.3539,0.3556,0.3584,0.3602,0.3631,0.3624
635.0000,0.3524,0.3546,0.3558,0.3587,0.3607,0.3632,0.3633
640.0000,0.3536,0.3545,0.3565,0.3587,0.3614,0.3632,0.3640
645.0000,0.3537,0.3550,0.3566,0.3592,0.3615,0.3641,0.3635
650.0000,0.3536,0.3557,0.3568,0.3596,0.3620,0.3642,0.3645
655.0000,0.3546,0.3556,0.3574,0.3597,0.3626,0.3643,0.3652
660.0000,0.3547,0.3563,0.3574,0.3604,0.3625,0.3654,0.3644
665.0000,0.3546,0.3569,0.3576,0.3607,0.3630,0.3654,0.3656
670.0000,0.3557,0.3568,0.3582,0.3609,0.3636,0.3656,0.3663
675.0000,0.3559,0.3573,0.3583,0.3616,0.3635,0.3667,0.3654
680.0000,0.3558,0.3578,0.3585,0.3619,0.3640,0.3668,0.3665
685.0000,0.3568,0.3576,0.3592,0.3621,0.3647,0.3669,0.3673
690.0000,0.3570,0.3581,0.3594,0.3627,0.3647,0.3679,0.3663
695.0000,0.3571,0.3585,0.3597,0.3629,0.3653,0.3679,0.3675
700.0000,0.3563,0.3593,0.3599,0.3634,0.3657,0.3680,0.3682
705.0000,0.3579,0.3590,0.3605,0.3638,0.3658,0.3691,0.3667
710.0000,0.3580,0.3595,0.3609,0.3640,0.3665,0.3688,0.3683
715.0000,0.3577,0.3601,0.3611,0.3644,0.3670,0.3689,0.3690
720.0000,0.3590,0.3600,0.3618,0.3646,0.3676,0.3689,0.3695
725.0000,0.3588,0.3607,0.3618,0.3653,0.3675,0.3698,0.3689
730.0000,0.3588,0.3613,0.3621,0.3657,0.3680,0.3697,0.3698
735.0000,0.3601,0.3611,0.3628,0.3659,0.3685,0.3698,0.3702
740.0000,0.3602,0.3616,0.3630,0.3665,0.3685,0.3706,0.3696
745.0000,0.3598,0.3624,0.3632,0.3669,0.3689,0.3705,0.3705
750.0000,0.3611,0.3622,0.3640,0.3671,0.3694,0.3705,0.3710
755.0000,0.3613,0.3627,0.3642,0.3677,0.3693,0.3713,0.3703
760.0000,0.3609,0.3635,0.3644,0.3681,0.3696,0.3713,0.3711
765.0000,0.3622,0.3633,0.3652,0.3682,0.3700,0.3712,0.3716
770.0000,0.3624,0.3638,0.3654,0.3687,0.3700,0.3720,0.3709
775.0000,0.3624,0.3643,0.3658,0.3689,0.3703,0.3719,0.3718
780.0000,0.3634,0.3643,0.3665,0.3690,0.3707,0.3719,0.3724
785.0000,0.3635,0.3651,0.3666,0.3696,0.3705,0.3729,0.3714
790.0000,0.3635,0.3656,0.3669,0.3698,0.3709,0.3727,0.3726
795.0000,0.3646,0.3656,0.3676,0.3698,0.3714,0.3727,0.3733
800.0000,0.3648,0.3662,0.3677,0.3703,0.3712,0.3737,0.3723
805.0000,0.3646,0.3669,0.3679,0.3705,0.3716,0.3737,0.3734
810.0000,0.3657,0.3668,0.3685,0.3705,0.3721,0.3737,0.3742
815.0000,0.3660,0.3673,0.3686,0.3710,0.3720,0.3746,0.3732
820.0000,0.3661,0.3677,0.3689,0.3711,0.3724,0.3746,0.3744
825.0000,0.3653,0.3686,0.3689,0.3715,0.3727,0.3748,0.3752
830.0000,0.3670,0.3683,0.3694,0.3717,0.3726,0.3760,0.3737
835.0000,0.3671,0.3688,0.3696,0.3718,0.3732,0.3758,0.3753
840.0000,0.3669,0.3693,0.3697,0.3721,0.3736,0.3759,0.3760
845.0000,0.3681,0.3690,0.3703,0.3721,0.3742,0.3760,0.3765
850.0000,0.3680,0.3697,0.3703,0.3726,0.3742,0.3770,0.3758
855.0000,0.3678,0.3701,0.3704,0.3728,0.3747,0.3769,0.3768
860.0000,0.3690,0.3698,0.3710,0.3728,0.3754,0.3769,0.3773
865.0000,0.3691,0.3702,0.3710,0.3733,0.3754,0.3777,0.3766
870.0000,0.3685,0.3709,0.3711,0.3737,0.3758,0.3776,0.3774
875.0000,0.3698,0.3705,0.3717,0.3738,0.3764,0.3776,0.3780
880.0000,0.3698,0.3710,0.3717,0.3743,0.3764,0.3783,0.3773
885.0000,0.3692,0.3717,0.3717,0.3748,0.3767,0.3783,0.3781
890.0000,0.3705,0.3713,0.3723,0.3749,0.3772,0.3783,0.3785
895.0000,0.3705,0.3717,0.3724,0.3755,0.3771,0.3791,0.3777
900.0000,0.3704,0.3721,0.3726,0.3759,0.3775,0.3790,0.3784
905.0000,0.3713,0.3719,0.3732,0.3760,0.3779,0.3789,0.3788
910.0000,0.3712,0.3725,0.3733,0.3766,0.3777,0.3797,0.3776
915.0000,0.3712,0.3728,0.3737,0.3768,0.3782,0.3793,0.3787
920.0000,0.3721,0.3726,0.3743,0.3769,0.3786,0.3792,0.3792
925.0000,0.3722,0.3731,0.3745,0.3774,0.3783,0.3800,0.3780
930.0000,0.3718,0.3737,0.3747,0.3777,0.3786,0.3797,0.3788
935.0000,0.3728,0.3736,0.3754,0.3777,0.3790,0.3794,0.3794
940.0000,0.3730,0.3741,0.3756,0.3782,0.3787,0.3802,0.3782
945.0000,0.3730,0.3746,0.3758,0.3784,0.3789,0.3800,0.3791
950.0000,0.3721,0.3756,0.3758,0.3787,0.3790,0.3799,0.3796
955.0000,0.3739,0.3753,0.3764,0.3789,0.3788,0.3808,0.3779
960.0000,0.3740,0.3757,0.3767,0.3790,0.3792,0.3803,0.3793
965.0000,0.3738,0.3762,0.3769,0.3791,0.3793,0.3802,0.3798
970.0000,0.3751,0.3760,0.3775,0.3791,0.3796,0.3800,0.3802
975.0000,0.3750,0.3766,0.3775,0.3794,0.3793,0.3807,0.3793
980.0000,0.3748,0.3771,0.3777,0.3795,0.3796,0.3804,0.3801
985.0000,0.3760,0.3768,0.3783,0.3793,0.3799,0.3803,0.3804
990.0000,0.3761,0.3773,0.3782,0.3796,0.3796,0.3810,0.3796
995.0000,0.3755,0.3781,0.3782,0.3798,0.3798,0.3809,0.3802
1000.0000,0.3768,0.3777,0.3787,0.3796,0.3801,0.3806,0.3807
1005.0000,0.3769,0.3782,0.3786,0.3799,0.3799,0.3813,0.3799
1010.0000,0.3767,0.3786,0.3787,0.3800,0.3801,0.3811,0.3807
1015.0000,0.3777,0.3783,0.3791,0.3798,0.3804,0.3809,0.3813
1020.0000,0.3776,0.3787,0.3790,0.3801,0.3802,0.3816,0.3806
1025.0000,0.3774,0.3790,0.3790,0.3802,0.3804,0.3814,0.3816
1030.0000,0.3783,0.3787,0.3794,0.3801,0.3807,0.3812,0.3826
1035.0000,0.3781,0.3792,0.3792,0.3805,0.3804,0.3822,0.3821
1040.0000,0.3779,0.3795,0.3792,0.3805,0.3806,0.3822,0.3839
1045.0000,0.3787,0.3791,0.3796,0.3804,0.3809,0.3823,0.3858
1050.0000,0.3787,0.3794,0.3795,0.3808,0.3805,0.3837,0.3862
1055.0000,0.3783,0.3798,0.3794,0.3809,0.3808,0.3841,0.3897
1060.0000,0.3791,0.3795,0.3798,0.3808,0.3809,0.3853,0.3926
1065.0000,0.3790,0.3798,0.3796,0.3812,0.3806,0.3878,0.3946
1070.0000,0.3788,0.3800,0.3797,0.3812,0.3811,0.3895,0.4001
1075.0000,0.3778,0.3806,0.3796,0.3813,0.3816,0.3918,0.4064
1080.0000,0.3793,0.3800,0.3800,0.3814,0.3818,0.3962,0.4113
1085.0000,0.3791,0.3803,0.3800,0.3815,0.3826,0.4008,0.4182
1090.0000,0.3786,0.3805,0.3801,0.3814,0.3840,0.4058,0.4271
1095.0000,0.3797,0.3800,0.3807,0.3811,0.3862,0.4114,0.4374
1100.0000,0.3794,0.3804,0.3806,0.3814,0.3881,0.4195,0.4476
1105.0000,0.3788,0.3809,0.3804,0.3818,0.3906,0.4290,0.4578
1110.0000,0.3800,0.3803,0.3810,0.3816,0.3949,0.4382,0.4711
1115.0000,0.3799,0.3805,0.3809,0.3822,0.3994,0.4499,0.4835
1120.0000,0.3794,0.3808,0.3810,0.3826,0.4057,0.4612,0.5004
1125.0000,0.3803,0.3806,0.3811,0.3837,0.4121,0.4759,0.5139
1130.0000,0.3801,0.3809,0.3809,0.3854,0.4200,0.4914,0.5276
1135.0000,0.3799,0.3811,0.3811,0.3870,0.4302,0.5057,0.5460
1140.0000,0.3806,0.3809,0.3814,0.3895,0.4411,0.5225,0.5611
1145.0000,0.3805,0.3813,0.3813,0.3931,0.4531,0.5403,0.5745
1150.0000,0.3804,0.3814,0.3820,0.3968,0.4681,0.5551,0.5941
1155.0000,0.3810,0.3812,0.3829,0.4017,0.4839,0.5708,0.6124
1160.0000,0.3809,0.3819,0.3833,0.4086,0.4994,0.5888,0.6273
1165.0000,0.3806,0.3829,0.3839,0.4169,0.5155,0.6071,0.6396
1170.0000,0.3817,0.3830,0.3858,0.4258,0.5336,0.6229,0.6541
1175.0000,0.3819,0.3842,0.3875,0.4368,0.5509,0.6402,0.6635
1180.0000,0.3816,0.3859,0.3903,0.4485,0.5699,0.6538,0.6768
1185.0000,0.3835,0.3867,0.3945,0.4616,0.5886,0.6675,0.6855
1190.0000,0.3845,0.3889,0.3990,0.4764,0.6063,0.6810,0.6893
1195.0000,0.3858,0.3911,0.4054,0.4915,0.6252,0.6898,0.6980
1200.0000,0.3858,0.3949,0.4124,0.5079,0.6429,0.6974,0.7034
1205.0000,0.3902,0.3978,0.4213,0.5254,0.6586,0.7054,0.7025
1210.0000,0.3933,0.4021,0.4315,0.5432,0.6742,0.7088,0.7058
1215.0000,0.3971,0.4074,0.4430,0.5614,0.6880,0.7107,0.7068
1220.0000,0.4021,0.4135,0.4557,0.5801,0.6995,0.7117,0.7049
1225.0000,0.4060,0.4223,0.4686,0.5996,0.7080,0.7121,0.7003
1230.0000,0.4120,0.4314,0.4833,0.6180,0.7155,0.7094,0.6976
1235.0000,0.4207,0.4406,0.4997,0.6357,0.7205,0.7060,0.6927
1240.0000,0.4293,0.4516,0.5165,0.6528,0.7227,0.7025,0.6856
1245.0000,0.4352,0.4658,0.5331,0.6690,0.7230,0.6975,0.6790
1250.0000,0.4486,0.4776,0.5524,0.6824,0.7225,0.6904,0.6734
1255.0000,0.4613,0.4911,0.5715,0.6945,0.7194,0.6843,0.6653
1260.0000,0.4755,0.5046,0.5914,0.7041,0.7154,0.6770,0.6582
1265.0000,0.4886,0.5201,0.6105,0.7120,0.7099,0.6697,0.6505
1270.0000,0.5017,0.5375,0.6280,0.7183,0.7025,0.6634,0.6404
1275.0000,0.5179,0.5536,0.6459,0.7214,0.6962,0.6539,0.6366
1280.0000,0.5334,0.5709,0.6619,0.7232,0.6881,0.6465,0.6297
1285.0000,0.5474,0.5901,0.6750,0.7239,0.6786,0.6406,0.6208
1290.0000,0.5654,0.6063,0.6882,0.7216,0.6706,0.6324,0.6171
1295.0000,0.5825,0.6223,0.6992,0.7181,0.6619,0.6259,0.6110
1300.0000,0.5993,0.6376,0.7081,0.7133,0.6527,0.6208,0.6030
1305.0000,0.6117,0.6543,0.7137,0.7078,0.6441,0.6149,0.5979
1310.0000,0.6289,0.6665,0.7191,0.7001,0.6372,0.6077,0.5950
1315.0000,0.6438,0.6781,0.7218,0.6925,0.6292,0.6034,0.5882
1320.0000,0.6570,0.6882,0.7227,0.6841,0.6225,0.5978,0.5850
1325.0000,0.6647,0.6988,0.7205,0.6760,0.6158,0.5930,0.5812
1330.0000,0.6783,0.7042,0.7182,0.6673,0.6093,0.5898,0.5742
1335.0000,0.6875,0.7089,0.7142,0.6583,0.6045,0.5839,0.5742
1340.0000,0.6934,0.7126,0.7084,0.6501,0.5992,0.5800,0.5711
1345.0000,0.7007,0.7130,0.7024,0.6418,0.5945,0.5762,0.5681
1350.0000,0.7032,0.7138,0.6942,0.6347,0.5892,0.5738,0.5636
1355.0000,0.7048,0.7123,0.6862,0.6273,0.5854,0.5697,0.5625
1360.0000,0.7075,0.7079,0.6786,0.6201,0.5817,0.5665,0.5602
1365.0000,0.7058,0.7042,0.6696,0.6142,0.5774,0.5647,0.5564
1370.0000,0.7026,0.6992,0.6608,0.6083,0.5739,0.5619,0.5545
1375.0000,0.7012,0.6916,0.6534,0.6022,0.5713,0.5586,0.5532
1380.0000,0.6962,0.6851,0.6449,0.5974,0.5678,0.5571,0.5499
1385.0000,0.6898,0.6782,0.6370,0.5927,0.5651,0.5546,0.5485
1390.0000,0.6851,0.6697,0.6301,0.5879,0.5627,0.5522,0.5469
1395.0000,0.6790,0.6616,0.6232,0.5839,0.5598,0.5511,0.5431
1400.0000,0.6704,0.6546,0.6164,0.5800,0.5578,0.5483,0.5431
1405.0000,0.6642,0.6463,0.6106,0.5762,0.5557,0.5462,0.5418
1410.0000,0.6561,0.6398,0.6041,0.5735,0.5528,0.5455,0.5383
1415.0000,0.6489,0.6326,0.5988,0.5702,0.5512,0.5430,0.5385
1420.0000,0.6427,0.6249,0.5943,0.5670,0.5494,0.5411,0.5374
1425.0000,0.6350,0.6190,0.5892,0.5647,0.5468,0.5407,0.5341
1430.0000,0.6283,0.6126,0.5851,0.5620,0.5452,0.5389,0.5336
1435.0000,0.6224,0.6061,0.5817,0.5592,0.5440,0.5368,0.5332
1440.0000,0.6155,0.6012,0.5775,0.5572,0.5417,0.5364,0.5301
1445.0000,0.6087,0.5967,0.5738,0.5551,0.5402,0.5348,0.5297
1450.0000,0.6027,0.5922,0.5706,0.5529,0.5388,0.5331,0.5290
1455.0000,0.5992,0.5869,0.5680,0.5509,0.5370,0.5330,0.5253
1460.0000,0.5934,0.5832,0.5651,0.5488,0.5361,0.5307,0.5265
1465.0000,0.5876,0.5800,0.5621,0.5470,0.5348,0.5293,0.5259
1470.0000,0.5851,0.5756,0.5601,0.5450,0.5337,0.5279,0.5251
1475.0000,0.5810,0.5724,0.5575,0.5436,0.5320,0.5275,0.5228
1480.0000,0.5758,0.5700,0.5549,0.5420,0.5309,0.5259,0.5230
1485.0000,0.5739,0.5662,0.5532,0.5402,0.5300,0.5247,0.5224
1490.0000,0.5701,0.5639,0.5507,0.5391,0.5282,0.5246,0.5202
1495.0000,0.5665,0.5616,0.5486,0.5377,0.5271,0.5234,0.5199
1500.0000,0.5650,0.5582,0.5474,0.5359,0.5265,0.5220,0.5198
1505.0000,0.5618,0.5563,0.5452,0.5349,0.5250,0.5219,0.5177
1510.0000,0.5584,0.5545,0.5434,0.5336,0.5241,0.5208,0.5177
1515.0000,0.5572,0.5516,0.5423,0.5320,0.5234,0.5197,0.5173
1520.0000,0.5548,0.5497,0.5405,0.5310,0.5220,0.5199,0.5146
1525.0000,0.5518,0.5482,0.5390,0.5297,0.5215,0.5183,0.5154
1530.0000,0.5507,0.5457,0.5379,0.5282,0.5210,0.5172,0.5151
1535.0000,0.5483,0.5445,0.5361,0.5275,0.5196,0.5175,0.5126
1540.0000,0.5459,0.5432,0.5345,0.5264,0.5190,0.5163,0.5130
1545.0000,0.5451,0.5409,0.5337,0.5251,0.5186,0.5150,0.5132
1550.0000,0.5430,0.5398,0.5320,0.5245,0.5173,0.5152,0.5108
1555.0000,0.5408,0.5386,0.5306,0.5236,0.5167,0.5142,0.5113
1560.0000,0.5402,0.5364,0.5298,0.5224,0.5163,0.5130,0.5114
1565.0000,0.5384,0.5354,0.5283,0.5219,0.5150,0.5134,0.5092
1570.0000,0.5364,0.5343,0.5271,0.5211,0.5144,0.5125,0.5094
1575.0000,0.5338,0.5336,0.5258,0.5203,0.5138,0.5117,0.5094
1580.0000,0.5342,0.5314,0.5251,0.5196,0.5127,0.5122,0.5063
1585.0000,0.5324,0.5304,0.5242,0.5186,0.5126,0.5107,0.5082
1590.0000,0.5302,0.5296,0.5231,0.5178,0.5121,0.5098,0.5086
1595.0000,0.5304,0.5277,0.5227,0.5168,0.5118,0.5090,0.5090
1600.0000,0.5288,0.5270,0.5215,0.5164,0.5107,0.5093,0.5079
1605.0000,0.5267,0.5264,0.5205,0.5157,0.5103,0.5085,0.5095
1610.0000,0.5270,0.5246,0.5201,0.5147,0.5100,0.5081,0.5109
1615.0000,0.5255,0.5241,0.5189,0.5144,0.5089,0.5090,0.5111
1620.0000,0.5237,0.5236,0.5179,0.5139,0.5083,0.5092,0.5140
1625.0000,0.5240,0.5219,0.5176,0.5130,0.5080,0.5098,0.5170
1630.0000,0.5227,0.5215,0.5165,0.5127,0.5070,0.5120,0.5191
1635.0000,0.5210,0.5209,0.5157,0.5121,0.5068,0.5134,0.5247
1640.0000,0.5213,0.5194,0.5155,0.5112,0.5069,0.5156,0.5311
1645.0000,0.5202,0.5189,0.5145,0.5108,0.5064,0.5201,0.5363
1650.0000,0.5187,0.5184,0.5138,0.5102,0.5067,0.5246,0.5446
1655.0000,0.5189,0.5169,0.5138,0.5091,0.5081,0.5294,0.5554
1660.0000,0.5179,0.5164,0.5129,0.5088,0.5089,0.5373,0.5649
1665.0000,0.5165,0.5160,0.5122,0.5082,0.5111,0.5450,0.5799
1670.0000,0.5166,0.5149,0.5117,0.5078,0.5133,0.5562,0.5921
1675.0000,0.5156,0.5146,0.5107,0.5079,0.5164,0.5692,0.6047
1680.0000,0.5144,0.5141,0.5103,0.5074,0.5220,0.5812,0.6247
1685.0000,0.5123,0.5142,0.5092,0.5078,0.5278,0.5970,0.6411
1690.0000,0.5136,0.5126,0.5090,0.5081,0.5353,0.6147,0.6566
1695.0000,0.5128,0.5118,0.5090,0.5083,0.5461,0.6303,0.6811
1700.0000,0.5114,0.5114,0.5086,0.5094,0.5582,0.6478,0.7061
1705.0000,0.5120,0.5103,0.5082,0.5119,0.5705,0.6696,0.7275
1710.0000,0.5108,0.5104,0.5071,0.5158,0.5840,0.6935,0.7459
1715.0000,0.5094,0.5102,0.5068,0.5200,0.6011,0.7152,0.7703
1720.0000,0.5102,0.5091,0.5072,0.5252,0.6202,0.7374,0.7946
1725.0000,0.5091,0.5095,0.5069,0.5328,0.6393,0.7623,0.8153
1730.0000,0.5075,0.5102,0.5068,0.5421,0.6599,0.7878,0.8329
1735.0000,0.5090,0.5091,0.5090,0.5515,0.6842,0.8093,0.8538
1740.0000,0.5084,0.5098,0.5106,0.5640,0.7076,0.8332,0.8684
1745.0000,0.5077,0.5106,0.5137,0.5772,0.7340,0.8520,0.8888
1750.0000,0.5094,0.5109,0.5180,0.5928,0.7595,0.8722,0.9015
1755.0000,0.5098,0.5127,0.5228,0.6107,0.7845,0.8914,0.9098
1760.0000,0.5104,0.5149,0.5294,0.6296,0.8108,0.9053,0.9220
1765.0000,0.5128,0.5173,0.5378,0.6501,0.8365,0.9168,0.9316
1770.0000,0.5143,0.5220,0.5465,0.6735,0.8588,0.9291,0.9341
1775.0000,0.5165,0.5274,0.5572,0.6975,0.8806,0.9369,0.9379
1780.0000,0.5215,0.5327,0.5705,0.7223,0.9006,0.9420,0.9393
1785.0000,0.5257,0.5408,0.5844,0.7487,0.9167,0.9470,0.9345
1790.0000,0.5291,0.5510,0.6002,0.7750,0.9313,0.9471,0.9333
1795.0000,0.5388,0.5595,0.6197,0.8000,0.9440,0.9445,0.9306
1800.0000,0.5478,0.5705,0.6402,0.8253,0.9523,0.9423,0.9223
1805.0000,0.5583,0.5825,0.6630,0.8489,0.9585,0.9370,0.9155
1810.0000,0.5661,0.5983,0.6860,0.8714,0.9618,0.9297,0.9088
1815.0000,0.5809,0.6136,0.7110,0.8920,0.9615,0.9231,0.8979
1820.0000,0.5960,0.6306,0.7370,0.9101,0.9594,0.9144,0.8887
1825.0000,0.6057,0.6529,0.7612,0.9266,0.9542,0.9055,0.8778
1830.0000,0.6266,0.6722,0.7874,0.9398,0.9470,0.8975,0.8625
1835.0000,0.6467,0.6926,0.8137,0.9490,0.9405,0.8841,0.8583
1840.0000,0.6679,0.7141,0.8387,0.9559,0.9312,0.8735,0.8483
1845.0000,0.6883,0.7368,0.8621,0.9601,0.9207,0.8631,0.8380
1850.0000,0.7062,0.7629,0.8817,0.9628,0.9083,0.8543,0.8256
1855.0000,0.7305,0.7850,0.9017,0.9610,0.8979,0.8419,0.8203
1860.0000,0.7537,0.8073,0.9187,0.9576,0.8859,0.8322,0.8119
1865.0000,0.7767,0.8289,0.9329,0.9523,0.8733,0.8240,0.8022
1870.0000,0.7923,0.8536,0.9421,0.9461,0.8607,0.8158,0.7944
1875.0000,0.8174,0.8715,0.9514,0.9367,0.8502,0.8061,0.7895
1880.0000,0.8390,0.8887,0.9569,0.9270,0.8386,0.7996,0.7814
1885.0000,0.8586,0.9038,0.9601,0.9159,0.8284,0.7923,0.7762
1890.0000,0.8767,0.9163,0.9608,0.9040,0.8189,0.7856,0.7706
1895.0000,0.8891,0.9298,0.9569,0.8933,0.8084,0.7817,0.7617
1900.0000,0.9032,0.9380,0.9529,0.8807,0.8012,0.7741,0.7605
1905.0000,0.9166,0.9426,0.9474,0.8682,0.7941,0.7685,0.7566
1910.0000,0.9260,0.9458,0.9395,0.8567,0.7866,0.7649,0.7497
1915.0000,0.9302,0.9485,0.9295,0.8456,0.7804,0.7600,0.7467
1920.0000,0.9369,0.9462,0.9200,0.8342,0.7757,0.7543,0.7449
1925.0000,0.9387,0.9438,0.9082,0.8247,0.7697,0.7515,0.7391
1930.0000,0.9381,0.9397,0.8962,0.8154,0.7649,0.7472,0.7371
1935.0000,0.9339,0.9345,0.8836,0.8071,0.7603,0.7435,0.7344
1940.0000,0.9341,0.9248,0.8724,0.7991,0.7556,0.7415,0.7279
1945.0000,0.9276,0.9167,0.8604,0.7918,0.7522,0.7369,0.7284
1950.0000,0.9202,0.9073,0.8488,0.7852,0.7484,0.7337,0.7262
1955.0000,0.9154,0.8953,0.8386,0.7791,0.7443,0.7323,0.7205
1960.0000,0.9053,0.8852,0.8281,0.7735,0.7414,0.7284,0.7209
1965.0000,0.8936,0.8755,0.8179,0.7687,0.7379,0.7258,0.7190
1970.0000,0.8867,0.8631,0.8099,0.7635,0.7352,0.7231,0.7171
1975.0000,0.8773,0.8519,0.8019,0.7592,0.7318,0.7218,0.7130
1980.0000,0.8644,0.8426,0.7940,0.7550,0.7294,0.7186,0.7128
1985.0000,0.8563,0.8315,0.7878,0.7507,0.7271,0.7161,0.7113
1990.0000,0.8452,0.8230,0.7808,0.7476,0.7238,0.7152,0.7077
1995.0000,0.8360,0.8139,0.7752,0.7439,0.7217,0.7128,0.7069
2000.0000,0.8279,0.8045,0.7706,0.7401,0.7201,0.7101,0.7062
2005.0000,0.8178,0.7978,0.7649,0.7374,0.7172,0.7094,0.7032
2010.0000,0.8077,0.7917,0.7598,0.7347,0.7150,0.7075,0.7026
2015.0000,0.8018,0.7842,0.7560,0.7315,0.7133,0.7056,0.7016
2020.0000,0.7949,0.7779,0.7519,0.7291,0.7107,0.7055,0.6977
2025.0000,0.7865,0.7730,0.7478,0.7265,0.7092,0.7031,0.6986
2030.0000,0.7816,0.7669,0.7449,0.7236,0.7079,0.7014,0.6980
2035.0000,0.7750,0.7627,0.7409,0.7218,0.7054,0.7015,0.6944
2040.0000,0.7695,0.7582,0.7378,0.7194,0.7042,0.6997,0.6946
2045.0000,0.7655,0.7530,0.7355,0.7167,0.7034,0.6977,0.6948
2050.0000,0.7601,0.7497,0.7321,0.7150,0.7013,0.6979,0.6915
2055.0000,0.7547,0.7465,0.7291,0.7131,0.7002,0.6963,0.6920
2060.0000,0.7494,0.7436,0.7262,0.7113,0.6991,0.6950,0.6917
2065.0000,0.7479,0.7391,0.7241,0.7095,0.6974,0.6955,0.6876
2070.0000,0.7434,0.7365,0.7216,0.7077,0.6969,0.6934,0.6895
2075.0000,0.7383,0.7344,0.7189,0.7063,0.6958,0.6924,0.6893
2080.0000,0.7372,0.7306,0.7169,0.7049,0.6942,0.6930,0.6852
2085.0000,0.7338,0.7281,0.7148,0.7033,0.6938,0.6911,0.6871
2090.0000,0.7294,0.7262,0.7125,0.7021,0.6929,0.6901,0.6869
2095.0000,0.7287,0.7226,0.7113,0.7004,0.6925,0.6889,0.6865
2100.0000,0.7257,0.7206,0.7092,0.6996,0.6910,0.6892,0.6839
2105.0000,0.7217,0.7190,0.7073,0.6984,0.6906,0.6876,0.6847
2110.0000,0.7212,0.7157,0.7064,0.6969,0.6903,0.6864,0.6845
2115.0000,0.7184,0.7142,0.7044,0.6963,0.6889,0.6866,0.6823
2120.0000,0.7152,0.7129,0.7027,0.6954,0.6883,0.6855,0.6825
2125.0000,0.7148,0.7099,0.7021,0.6940,0.6880,0.6842,0.6827
2130.0000,0.7122,0.7088,0.7003,0.6936,0.6866,0.6845,0.6805
2135.0000,0.7094,0.7077,0.6988,0.6929,0.6859,0.6836,0.6808
2140.0000,0.7091,0.7053,0.6982,0.6917,0.6855,0.6827,0.6807
2145.0000,0.7071,0.7042,0.6967,0.6914,0.6840,0.6835,0.6776
2150.0000,0.7046,0.7031,0.6956,0.6904,0.6837,0.6819,0.6791
2155.0000,0.7044,0.7009,0.6952,0.6893,0.6835,0.6810,0.6791
2160.0000,0.7026,0.7000,0.6939,0.6889,0.6821,0.6817,0.6762
2165.0000,0.7006,0.6992,0.6930,0.6881,0.6818,0.6806,0.6771
2170.0000,0.7005,0.6972,0.6928,0.6868,0.6818,0.6793,0.6777
2175.0000,0.6988,0.6965,0.6916,0.6865,0.6806,0.6800,0.6750
2180.0000,0.6970,0.6959,0.6906,0.6857,0.6802,0.6790,0.6758
2185.0000,0.6941,0.6959,0.6894,0.6852,0.6798,0.6782,0.6760
2190.0000,0.6955,0.6938,0.6889,0.6846,0.6787,0.6791,0.6724
2195.0000,0.6939,0.6933,0.6881,0.6838,0.6787,0.6775,0.6747
2200.0000,0.6917,0.6931,0.6870,0.6833,0.6783,0.6769,0.6749
2205.0000,0.6928,0.6911,0.6869,0.6824,0.6781,0.6762,0.6748
2210.0000,0.6913,0.6909,0.6856,0.6822,0.6769,0.6769,0.6727
2215.0000,0.6894,0.6904,0.6849,0.6816,0.6768,0.6758,0.6736
2220.0000,0.6903,0.6886,0.6848,0.6806,0.6768,0.6749,0.6736
2225.0000,0.6889,0.6883,0.6838,0.6805,0.6758,0.6756,0.6716
2230.0000,0.6870,0.6880,0.6830,0.6799,0.6757,0.6744,0.6725
2235.0000,0.6879,0.6862,0.6830,0.6790,0.6757,0.6737,0.6725
2240.0000,0.6867,0.6860,0.6820,0.6789,0.6747,0.6743,0.6705
2245.0000,0.6847,0.6860,0.6811,0.6786,0.6744,0.6735,0.6711
2250.0000,0.6857,0.6843,0.6812,0.6777,0.6746,0.6725,0.6715
2255.0000,0.6846,0.6841,0.6803,0.6776,0.6736,0.6731,0.6696
2260.0000,0.6831,0.6839,0.6796,0.6772,0.6733,0.6724,0.6703
2265.0000,0.6838,0.6824,0.6795,0.6765,0.6732,0.6717,0.6704
2270.0000,0.6827,0.6823,0.6786,0.6766,0.6720,0.6727,0.6677
2275.0000,0.6813,0.6821,0.6780,0.6761,0.6721,0.6715,0.6692
2280.0000,0.6820,0.6806,0.6782,0.6753,0.6721,0.6708,0.6694
2285.0000,0.6810,0.6805,0.6773,0.6753,0.6710,0.6717,0.6667
2290.0000,0.6797,0.6804,0.6768,0.6749,0.6709,0.6708,0.6677
2295.0000,0.6804,0.6790,0.6770,0.6740,0.6712,0.6698,0.6684
2300.0000,0.6795,0.6788,0.6762,0.6740,0.6702,0.6706,0.6657
2305.0000,0.6784,0.6787,0.6757,0.6736,0.6702,0.6696,0.6668
2310.0000,0.6761,0.6791,0.6749,0.6733,0.6699,0.6690,0.6673
2315.0000,0.6780,0.6776,0.6749,0.6730,0.6691,0.6700,0.6639
2320.0000,0.6769,0.6775,0.6744,0.6726,0.6692,0.6686,0.6662
2325.0000,0.6753,0.6776,0.6737,0.6723,0.6689,0.6681,0.6666
2330.0000,0.6768,0.6762,0.6739,0.6717,0.6689,0.6675,0.6668
2335.0000,0.6758,0.6763,0.6730,0.6718,0.6679,0.6683,0.6649
2340.0000,0.6743,0.6763,0.6726,0.6714,0.6679,0.6674,0.6662
2345.0000,0.6756,0.6748,0.6729,0.6707,0.6680,0.6667,0.6668
2350.0000,0.6747,0.6748,0.6722,0.6707,0.6670,0.6676,0.6655
2355.0000,0.6731,0.6750,0.6717,0.6703,0.6672,0.6665,0.6682
2360.0000,0.6744,0.6735,0.6720,0.6695,0.6674,0.6658,0.6708
2365.0000,0.6736,0.6735,0.6713,0.6696,0.6664,0.6671,0.6719
2370.0000,0.6719,0.6739,0.6706,0.6694,0.6660,0.6677,0.6763
2375.0000,0.6732,0.6726,0.6708,0.6688,0.6659,0.6686,0.6817
2380.0000,0.6723,0.6728,0.6700,0.6691,0.6647,0.6719,0.6862
2385.0000,0.6710,0.6730,0.6693,0.6690,0.6642,0.6752,0.6940
2390.0000,0.6721,0.6719,0.6693,0.6687,0.6637,0.6804,0.7012
2395.0000,0.6712,0.6721,0.6685,0.6688,0.6630,0.6878,0.7076
2400.0000,0.6700,0.6721,0.6680,0.6684,0.6635,0.6958,0.7145
2405.0000,0.6712,0.6705,0.6689,0.6670,0.6662,0.7030,0.7240
2410.0000,0.6706,0.6702,0.6687,0.6663,0.6686,0.7134,0.7295
2415.0000,0.6700,0.6697,0.6692,0.6647,0.6742,0.7209,0.7423
2420.0000,0.6704,0.6685,0.6698,0.6633,0.6806,0.7299,0.7527
2425.0000,0.6700,0.6683,0.6695,0.6630,0.6870,0.7412,0.7593
2430.0000,0.6694,0.6680,0.6694,0.6624,0.6967,0.7483,0.7770
2435.0000,0.6675,0.6687,0.6683,0.6632,0.7063,0.7571,0.7940
2440.0000,0.6687,0.6683,0.6670,0.6657,0.7149,0.7696,0.8076
2445.0000,0.6672,0.6695,0.6646,0.6698,0.7235,0.7833,0.8212
2450.0000,0.6651,0.6707,0.6624,0.6745,0.7336,0.7958,0.8405
2455.0000,0.6675,0.6693,0.6617,0.6798,0.7443,0.8097,0.8608
2460.0000,0.6658,0.6702,0.6600,0.6873,0.7538,0.8271,0.8803
2465.0000,0.6638,0.6709,0.6590,0.6957,0.7634,0.8473,0.8970
2470.0000,0.6669,0.6681,0.6615,0.7027,0.7764,0.8653,0.9196
2475.0000,0.6664,0.6674,0.6636,0.7115,0.7888,0.8872,0.9391
2480.0000,0.6658,0.6667,0.6675,0.7198,0.8037,0.9080,0.9622
2485.0000,0.6671,0.6649,0.6737,0.7275,0.8216,0.9274,0.9895
2490.0000,0.6672,0.6652,0.6794,0.7370,0.8386,0.9513,1.0130
2495.0000,0.6675,0.6664,0.6862,0.7466,0.8584,0.9732,1.0443
2500.0000,0.6682,0.6691,0.6926,0.7583,0.8770,1.0005,1.0692
2505.0000,0.6689,0.6734,0.6991,0.7710,0.8969,1.0287,1.0941
2510.0000,0.6692,0.6791,0.7061,0.7842,0.9197,1.0543,1.1271
2515.0000,0.6739,0.6837,0.7146,0.7981,0.9436,1.0813,1.1600
2520.0000,0.6770,0.6910,0.7220,0.8147,0.9664,1.1129,1.1884
2525.0000,0.6811,0.6983,0.7304,0.8322,0.9907,1.1454,1.2149
2530.0000,0.6887,0.7039,0.7418,0.8489,1.0191,1.1736,1.2488
2535.0000,0.6947,0.7118,0.7524,0.8684,1.0457,1.2072,1.2745
2540.0000,0.7000,0.7205,0.7646,0.8878,1.0764,1.2353,1.3131
2545.0000,0.7091,0.7285,0.7780,0.9092,1.1057,1.2685,1.3408
2550.0000,0.7178,0.7377,0.7920,0.9321,1.1354,1.3026,1.3646
2555.0000,0.7265,0.7477,0.8079,0.9549,1.1687,1.3308,1.4006
2560.0000,0.7307,0.7617,0.8230,0.9800,1.2014,1.3598,1.4345
2565.0000,0.7444,0.7732,0.8401,1.0069,1.2323,1.3933,1.4590
2570.0000,0.7563,0.7865,0.8582,1.0347,1.2643,1.4244,1.4848
2575.0000,0.7677,0.8010,0.8778,1.0628,1.2978,1.4518,1.5148
2580.0000,0.7823,0.8153,0.8993,1.0918,1.3312,1.4788,1.5430
2620.0000,0.9181,0.9806,1.1077,1.3477,1.5668,1.6639,1.6919
2625.0000,0.9449,1.0044,1.1393,1.3791,1.5921,1.6787,1.7047
2630.0000,0.9701,1.0305,1.1705,1.4112,1.6139,1.6950,1.7106
2635.0000,0.9954,1.0573,1.2031,1.4411,1.6372,1.7037,1.7273
2640.0000,1.0221,1.0848,1.2362,1.4704,1.6580,1.7120,1.7428
2645.0000,1.0453,1.1174,1.2659,1.5016,1.6727,1.7252,1.7510
2650.0000,1.0750,1.1466,1.2984,1.5300,1.6877,1.7350,1.7643
2655.0000,1.1053,1.1760,1.3311,1.5571,1.7003,1.7455,1.7761
2660.0000,1.1349,1.2067,1.3629,1.5835,1.7097,1.7594,1.7829
2665.0000,1.1574,1.2426,1.3920,1.6086,1.7186,1.7709,1.7955
2670.0000,1.1928,1.2715,1.4248,1.6297,1.7281,1.7826,1.8055
2675.0000,1.2253,1.3018,1.4560,1.6496,1.7354,1.7978,1.8074
2680.0000,1.2576,1.3310,1.4881,1.6654,1.7465,1.8064,1.8223
2685.0000,1.2794,1.3658,1.5162,1.6803,1.7574,1.8145,1.8378
2690.0000,1.3164,1.3941,1.5450,1.6938,1.7660,1.8292,1.8399
2695.0000,1.3499,1.4221,1.5731,1.7039,1.7791,1.8354,1.8608
2700.0000,1.3815,1.4505,1.5985,1.7137,1.7915,1.8432,1.8803
2705.0000,1.4112,1.4791,1.6209,1.7236,1.8029,1.8531,1.8997
2710.0000,1.4347,1.5120,1.6372,1.7360,1.8106,1.8687,1.9158
2715.0000,1.4623,1.5407,1.6529,1.7473,1.8192,1.8847,1.9341
2720.0000,1.4945,1.5642,1.6692,1.7572,1.8296,1.9005,1.9563
2725.0000,1.5199,1.5895,1.6815,1.7688,1.8376,1.9220,1.9745
2730.0000,1.5360,1.6169,1.6912,1.7801,1.8481,1.9414,2.0028
2735.0000,1.5686,1.6328,1.7050,1.7893,1.8599,1.9651,2.0253
2740.0000,1.5929,1.6496,1.7169,1.7992,1.8720,1.9925,2.0440
2745.0000,1.6142,1.6640,1.7301,1.8067,1.8897,2.0148,2.0750
2750.0000,1.6351,1.6764,1.7433,1.8143,1.9088,2.0402,2.1010
2755.0000,1.6512,1.6907,1.7538,1.8240,1.9275,2.0704,2.1194
2760.0000,1.6689,1.7017,1.7665,1.8314,1.9532,2.0923,2.1538
2765.0000,1.6835,1.7134,1.7774,1.8409,1.9793,2.1167,2.1847
2770.0000,1.6934,1.7292,1.7840,1.8549,2.0023,2.1479,2.2056
2775.0000,1.7045,1.7431,1.7910,1.8696,2.0283,2.1764,2.2286
2780.0000,1.7207,1.7527,1.8003,1.8845,2.0574,2.2018,2.2531
2785.0000,1.7323,1.7649,1.8071,1.9037,2.0835,2.2325,2.2647
2825.0000,1.8156,1.8476,1.9122,2.1022,2.3085,2.3503,2.3500
2830.0000,1.8306,1.8585,1.9335,2.1320,2.3279,2.3534,2.3499
2835.0000,1.8383,1.8765,1.9526,2.1645,2.3409,2.3582,2.3426
2840.0000,1.8492,1.8935,1.9755,2.1948,2.3535,2.3563,2.3409
2845.0000,1.8692,1.9074,2.0024,2.2232,2.3629,2.3537,2.3342
2850.0000,1.8839,1.9266,2.0285,2.2518,2.3668,2.3528,2.3199
2855.0000,1.8920,1.9514,2.0544,2.2785,2.3689,2.3472,2.3083
2860.0000,1.9185,1.9679,2.0873,2.2990,2.3724,2.3354,2.2994
2865.0000,1.9394,1.9896,2.1181,2.3191,2.3696,2.3282,2.2790
2870.0000,1.9626,2.0108,2.1512,2.3342,2.3680,2.3134,2.2672
2875.0000,1.9851,2.0344,2.1832,2.3467,2.3639,2.2979,2.2518
2880.0000,2.0056,2.0630,2.2109,2.3588,2.3541,2.2865,2.2259
2885.0000,2.0299,2.0901,2.2396,2.3652,2.3475,2.2640,2.2194
2890.0000,2.0567,2.1174,2.2655,2.3703,2.3362,2.2460,2.2030
2895.0000,2.0780,2.1503,2.2849,2.3758,2.3194,2.2323,2.1791
2900.0000,2.1050,2.1785,2.3050,2.3759,2.3053,2.2111,2.1697
2905.0000,2.1359,2.2031,2.3234,2.3738,2.2880,2.1941,2.1526
2910.0000,2.1622,2.2290,2.3371,2.3709,2.2673,2.1811,2.1289
2915.0000,2.1800,2.2577,2.3464,2.3657,2.2474,2.1645,2.1130
2920.0000,2.2119,2.2749,2.3590,2.3544,2.2311,2.1437,2.1027
2925.0000,2.2361,2.2937,2.3659,2.3438,2.2100,2.1310,2.0800
2930.0000,2.2581,2.3093,2.3717,2.3296,2.1921,2.1136,2.0673
2935.0000,2.2696,2.3269,2.3724,2.3149,2.1737,2.0974,2.0522
2940.0000,2.2944,2.3352,2.3734,2.2982,2.1543,2.0862,2.0250
2945.0000,2.3084,2.3448,2.3711,2.2790,2.1402,2.0646,2.0229
2950.0000,2.3177,2.3536,2.3645,2.2607,2.1238,2.0482,2.0114
2955.0000,2.3331,2.3557,2.3578,2.2409,2.1087,2.0315,2.0006
2960.0000,2.3373,2.3614,2.3444,2.2241,2.0902,2.0203,1.9843
2965.0000,2.3392,2.3635,2.3305,2.2056,2.0754,2.0034,1.9813
2970.0000,2.3492,2.3574,2.3173,2.1869,2.0597,1.9912,1.9733
2975.0000,2.3479,2.3545,2.2993,2.1707,2.0417,1.9833,1.9626
2980.0000,2.3420,2.3498,2.2806,2.1543,2.0253,1.9747,1.9564
2985.0000,2.3454,2.3357,2.2654,2.1357,2.0117,1.9657,1.9517
2990.0000,2.3379,2.3252,2.2464,2.1196,1.9960,1.9623,1.9413
2995.0000,2.3261,2.3136,2.2278,2.1028,1.9835,1.9565,1.9368
3000.0000,2.3212,2.2953,2.2124,2.0842,1.9740,1.9501,1.9324
3005.0000,2.3100,2.2791,2.1948,2.0678,1.9630,1.9493,1.9183
3010.0000,2.2939,2.2633,2.1779,2.0500,1.9578,1.9400,1.9213
3015.0000,2.2825,2.2441,2.1621,2.0329,1.9531,1.9333,1.9190
3020.0000,2.2653,2.2289,2.1429,2.0193,1.9457,1.9320,1.9076
3025.0000,2.2488,2.2119,2.1256,2.0047,1.9431,1.9235,1.9106
3030.0000,2.2349,2.1928,2.1089,1.9916,1.9399,1.9176,1.9090
3035.0000,2.2158,2.1782,2.0890,1.9825,1.9335,1.9167,1.9002
3040.0000,2.1970,2.1626,2.0705,1.9736,1.9296,1.9116,1.9004
3045.0000,2.1837,2.1431,2.0549,1.9647,1.9266,1.9063,1.9002
3050.0000,2.1638,2.1290,2.0361,1.9598,1.9197,1.9068,1.8918
3055.0000,2.1437,2.1142,2.0197,1.9545,1.9153,1.9033,1.8927
3060.0000,2.1252,2.0978,2.0057,1.9492,1.9114,1.9002,1.8922
3065.0000,2.1162,2.0765,1.9954,1.9440,1.9061,1.9020,1.8811
3070.0000,2.0977,2.0604,1.9852,1.9384,1.9042,1.8966,1.8867
3075.0000,2.0778,2.0460,1.9756,1.9337,1.9013,1.8940,1.8870
3080.0000,2.0670,2.0283,1.9694,1.9279,1.8997,1.8911,1.8867
3085.0000,2.0519,2.0148,1.9620,1.9241,1.8957,1.8923,1.8808
3090.0000,2.0317,2.0052,1.9545,1.9199,1.8943,1.8888,1.8835
3095.0000,2.0231,1.9917,1.9501,1.9149,1.8933,1.8865,1.8838
3100.0000,2.0086,1.9839,1.9429,1.9125,1.8895,1.8883,1.8784
3105.0000,1.9950,1.9765,1.9369,1.9092,1.8883,1.8861,1.8806
3110.0000,1.9895,1.9656,1.9338,1.9048,1.8882,1.8836,1.8821
3115.0000,1.9779,1.9602,1.9276,1.9032,1.8850,1.8857,1.8773
3120.0000,1.9670,1.9549,1.9225,1.9006,1.8842,1.8841,1.8798
3125.0000,1.9633,1.9463,1.9198,1.8972,1.8842,1.8826,1.8812
3130.0000,1.9557,1.9412,1.9150,1.8961,1.8813,1.8860,1.8747
3135.0000,1.9462,1.9373,1.9110,1.8938,1.8817,1.8834,1.8800
3140.0000,1.9438,1.9299,1.9091,1.8910,1.8821,1.8822,1.8820
3145.0000,1.9369,1.9267,1.9046,1.8907,1.8795,1.8860,1.8760
3150.0000,1.9299,1.9234,1.9014,1.8889,1.8803,1.8840,1.8813
3155.0000,1.9284,1.9170,1.9003,1.8866,1.8812,1.8831,1.8836
3160.0000,1.9227,1.9144,1.8966,1.8867,1.8790,1.8872,1.8778
3165.0000,1.9163,1.9122,1.8938,1.8856,1.8798,1.8862,1.8826
3170.0000,1.9158,1.9065,1.8934,1.8836,1.8814,1.8850,1.8860
3175.0000,1.9111,1.9046,1.8904,1.8841,1.8797,1.8893,1.8805
3180.0000,1.9059,1.9028,1.8883,1.8835,1.8808,1.8885,1.8856
3185.0000,1.8978,1.9028,1.8856,1.8835,1.8815,1.8887,1.8887
3190.0000,1.9018,1.8972,1.8854,1.8834,1.8806,1.8937,1.8809
3195.0000,1.8976,1.8958,1.8842,1.8827,1.8827,1.8918,1.8888
3200.0000,1.8921,1.8952,1.8826,1.8828,1.8840,1.8919,1.8923
3205.0000,1.8949,1.8905,1.8835,1.8818,1.8862,1.8918,1.8953
3210.0000,1.8911,1.8904,1.8815,1.8832,1.8854,1.8960,1.8924
3215.0000,1.8861,1.8904,1.8804,1.8836,1.8872,1.8956,1.8976
3220.0000,1.8894,1.8863,1.8817,1.8830,1.8893,1.8960,1.9008
3225.0000,1.8866,1.8864,1.8803,1.8847,1.8886,1.9006,1.8984
3230.0000,1.8816,1.8874,1.8792,1.8857,1.8901,1.9013,1.9034
3235.0000,1.8855,1.8836,1.8810,1.8854,1.8926,1.9020,1.9073
3240.0000,1.8832,1.8842,1.8800,1.8873,1.8922,1.9071,1.9049
3245.0000,1.8802,1.8847,1.8799,1.8882,1.8943,1.9081,1.9106
3250.0000,1.8831,1.8820,1.8819,1.8881,1.8970,1.9091,1.9153
3255.0000,1.8814,1.8831,1.8811,1.8904,1.8967,1.9155,1.9117
3260.0000,1.8790,1.8839,1.8817,1.8911,1.8998,1.9160,1.9194
3265.0000,1.8821,1.8816,1.8839,1.8912,1.9031,1.9175,1.9245
3270.0000,1.8810,1.8828,1.8836,1.8936,1.9033,1.9242,1.9213
3275.0000,1.8785,1.8845,1.8839,1.8949,1.9065,1.9256,1.9291
3280.0000,1.8820,1.8826,1.8863,1.8953,1.9104,1.9273,1.9350
3285.0000,1.8814,1.8842,1.8862,1.8980,1.9112,1.9343,1.9320
3290.0000,1.8790,1.8865,1.8865,1.8998,1.9148,1.9362,1.9404
3295.0000,1.8831,1.8848,1.8891,1.9006,1.9192,1.9382,1.9467
3300.0000,1.8828,1.8867,1.8891,1.9039,1.9204,1.9458,1.9438
3305.0000,1.8820,1.8883,1.8901,1.9058,1.9248,1.9476,1.9531
3310.0000,1.8773,1.8919,1.8902,1.9086,1.9284,1.9507,1.9602
3315.0000,1.8851,1.8896,1.8928,1.9114,1.9304,1.9591,1.9563
3320.0000,1.8849,1.8911,1.8944,1.9136,1.9354,1.9610,1.9668
3325.0000,1.8830,1.8935,1.8957,1.9165,1.9397,1.9645,1.9741
3330.0000,1.8888,1.8919,1.8993,1.9184,1.9449,1.9680,1.9808
3335.0000,1.8876,1.8952,1.8998,1.9228,1.9471,1.9761,1.9813
3340.0000,1.8859,1.8981,1.9015,1.9261,1.9521,1.9797,1.9895
3345.0000,1.8924,1.8967,1.9057,1.9283,1.9579,1.9834,1.9966
3350.0000,1.8928,1.8994,1.9072,1.9329,1.9608,1.9917,1.9974
3355.0000,1.8904,1.9033,1.9090,1.9367,1.9662,1.9955,2.0070
3360.0000,1.8972,1.9023,1.9136,1.9394,1.9722,2.0000,2.0143
3365.0000,1.8980,1.9055,1.9156,1.9444,1.9755,2.0087,2.0154
3370.0000,1.8980,1.9087,1.9184,1.9484,1.9814,2.0131,2.0253
3375.0000,1.9035,1.9089,1.9231,1.9517,1.9879,2.0177,2.0341
3380.0000,1.9040,1.9134,1.9249,1.9576,1.9910,2.0280,2.0343
3385.0000,1.9046,1.9171,1.9281,1.9620,1.9975,2.0325,2.0458
3390.0000,1.9108,1.9174,1.9335,1.9654,2.0050,2.0368,2.0575
3395.0000,1.9127,1.9215,1.9362,1.9715,2.0087,2.0476,2.0600
3400.0000,1.9125,1.9263,1.9396,1.9762,2.0160,2.0517,2.0798
3405.0000,1.9193,1.9271,1.9455,1.9800,2.0241,2.0565,2.1019
3410.0000,1.9219,1.9314,1.9485,1.9868,2.0275,2.0700,2.1167
3415.0000,1.9237,1.9359,1.9524,1.9926,2.0336,2.0805,2.1484
3420.0000,1.9197,1.9442,1.9535,2.0012,2.0352,2.1017,2.1691
3425.0000,1.9313,1.9445,1.9592,2.0074,2.0391,2.1260,2.1900
3430.0000,1.9333,1.9496,1.9636,2.0134,2.0458,2.1499,2.2211
3435.0000,1.9302,1.9568,1.9677,2.0189,2.0550,2.1760,2.2550
3440.0000,1.9430,1.9566,1.9754,2.0234,2.0649,2.2112,2.2762
3445.0000,1.9468,1.9603,1.9827,2.0265,2.0814,2.2417,2.3122
3450.0000,1.9505,1.9635,1.9913,2.0280,2.1045,2.2691,2.3579
3455.0000,1.9583,1.9648,2.0012,2.0289,2.1323,2.2966,2.4095
3460.0000,1.9619,1.9705,2.0065,2.0349,2.1569,2.3359,2.4532
3465.0000,1.9649,1.9770,2.0110,2.0424,2.1849,2.3765,2.5025
3470.0000,1.9719,1.9818,2.0162,2.0510,2.2175,2.4165,2.5616
3475.0000,1.9753,1.9902,2.0174,2.0653,2.2478,2.4667,2.6173
3480.0000,1.9731,2.0016,2.0175,2.0818,2.2832,2.5138,2.6953
3485.0000,1.9851,2.0062,2.0197,2.1023,2.3160,2.5765,2.7593
3490.0000,1.9879,2.0157,2.0200,2.1266,2.3511,2.6440,2.8272
3495.0000,1.9904,2.0230,2.0242,2.1508,2.3937,2.7093,2.9152
3500.0000,2.0036,2.0232,2.0343,2.1756,2.4402,2.7820,3.0030
3505.0000,2.0072,2.0296,2.0425,2.2057,2.4864,2.8678,3.0826
3510.0000,2.0137,2.0332,2.0558,2.2364,2.5384,2.9604,3.1498
3515.0000,2.0234,2.0334,2.0772,2.2632,2.6063,3.0400,3.2414
3520.0000,2.0306,2.0380,2.0975,2.2964,2.6729,3.1351,3.3079
3525.0000,2.0366,2.0448,2.1226,2.3277,2.7564,3.2100,3.4193
3530.0000,2.0431,2.0560,2.1461,2.3666,2.8382,3.2983,3.5050
3535.0000,2.0508,2.0718,2.1685,2.4124,2.9207,3.3929,3.5762
3540.0000,2.0584,2.0907,2.1938,2.4600,3.0155,3.4683,3.6941
3545.0000,2.0643,2.1152,2.2172,2.5169,3.1072,3.5518,3.8025
3550.0000,2.0871,2.1357,2.2435,2.5818,3.1938,3.6488,3.8937
3555.0000,2.1028,2.1630,2.2687,2.6559,3.2753,3.7584,3.9473
3560.0000,2.1069,2.1967,2.2978,2.7320,3.3660,3.8512,4.0243
3565.0000,2.1446,2.2176,2.3375,2.8114,3.4543,3.9532,4.0655
3570.0000,2.1690,2.2450,2.3835,2.8900,3.5542,4.0311,4.1360
3575.0000,2.1974,2.2709,2.4392,2.9674,3.6616,4.0922,4.2155
3580.0000,2.2312,2.2984,2.5005,3.0490,3.7653,4.1528,4.2792
3585.0000,2.2576,2.3379,2.5599,3.1395,3.8580,4.2203,4.3203
3590.0000,2.2962,2.3755,2.6279,3.2301,3.9508,4.2762,4.3606
3595.0000,2.3338,2.4193,2.6999,3.3228,4.0408,4.3218,4.3995
3600.0000,2.3770,2.4680,2.7742,3.4200,4.1201,4.3688,4.4198
3605.0000,2.4035,2.5349,2.8449,3.5216,4.1921,4.4063,4.4398
3610.0000,2.4605,2.5944,2.9248,3.6213,4.2580,4.4381,4.4454
