150.0000,0.3483,0.3289,0.3420,0.3335,0.3334,0.3417,0.3308
155.0000,0.3420,0.3289,0.3442,0.3303,0.3378,0.3378,0.3320
160.0000,0.3392,0.3294,0.3452,0.3282,0.3409,0.3354,0.3302
165.0000,0.3346,0.3329,0.3437,0.3276,0.3435,0.3314,0.3328
170.0000,0.3343,0.3356,0.3413,0.3283,0.3443,0.3289,0.3339
175.0000,0.3328,0.3397,0.3372,0.3306,0.3434,0.3272,0.3364
180.0000,0.3313,0.3434,0.3325,0.3341,0.3405,0.3279,0.3367
185.0000,0.3355,0.3428,0.3301,0.3370,0.3372,0.3297,0.3364
190.0000,0.3363,0.3429,0.3277,0.3399,0.3337,0.3316,0.3375
195.0000,0.3369,0.3416,0.3267,0.3420,0.3304,0.3343,0.3380
200.0000,0.3370,0.3395,0.3273,0.3429,0.3279,0.3371,0.3384
205.0000,0.3384,0.3360,0.3295,0.3426,0.3261,0.3408,0.3359
210.0000,0.3379,0.3333,0.3324,0.3409,0.3265,0.3421,0.3377
215.0000,0.3384,0.3304,0.3361,0.3382,0.3282,0.3427,0.3388
220.0000,0.3364,0.3294,0.3388,0.3359,0.3296,0.3450,0.3352
225.0000,0.3361,0.3282,0.3420,0.3324,0.3336,0.3431,0.3390
230.0000,0.3353,0.3288,0.3436,0.3298,0.3372,0.3416,0.3413
235.0000,0.3335,0.3310,0.3434,0.3283,0.3401,0.3405,0.3429
240.0000,0.3322,0.3341,0.3416,0.3283,0.3419,0.3403,0.3440
245.0000,0.3295,0.3385,0.3382,0.3296,0.3426,0.3409,0.3444
250.0000,0.3327,0.3396,0.3356,0.3312,0.3428,0.3421,0.3437
255.0000,0.3328,0.3419,0.3322,0.3336,0.3423,0.3433,0.3431
260.0000,0.3328,0.3431,0.3293,0.3361,0.3416,0.3449,0.3407
265.0000,0.3366,0.3407,0.3289,0.3374,0.3422,0.3448,0.3395
270.0000,0.3376,0.3389,0.3286,0.3390,0.3421,0.3454,0.3358
275.0000,0.3382,0.3364,0.3297,0.3395,0.3436,0.3430,0.3366
280.0000,0.3377,0.3341,0.3313,0.3397,0.3453,0.3397,0.3386
285.0000,0.3372,0.3322,0.3328,0.3404,0.3455,0.3383,0.3383
290.0000,0.3361,0.3311,0.3345,0.3408,0.3460,0.3356,0.3426
295.0000,0.3346,0.3311,0.3354,0.3421,0.3447,0.3354,0.3445
300.0000,0.3337,0.3314,0.3362,0.3433,0.3429,0.3358,0.3483
305.0000,0.3317,0.3333,0.3360,0.3453,0.3394,0.3395,0.3469
310.0000,0.3325,0.3340,0.3367,0.3465,0.3364,0.3438,0.3445
315.0000,0.3320,0.3357,0.3370,0.3473,0.3341,0.3478,0.3415
320.0000,0.3317,0.3371,0.3380,0.3471,0.3332,0.3508,0.3377
325.0000,0.3317,0.3378,0.3401,0.3452,0.3350,0.3504,0.3363
330.0000,0.3348,0.3371,0.3425,0.3432,0.3365,0.3517,0.3276
335.0000,0.3373,0.3358,0.3460,0.3393,0.3421,0.3452,0.3340
340.0000,0.3399,0.3349,0.3487,0.3361,0.3470,0.3393,0.3381
345.0000,0.3388,0.3366,0.3489,0.3350,0.3494,0.3358,0.3396
350.0000,0.3398,0.3376,0.3486,0.3345,0.3512,0.3314,0.3466
355.0000,0.3381,0.3412,0.3455,0.3367,0.3493,0.3316,0.3497
360.0000,0.3391,0.3437,0.3418,0.3401,0.3450,0.3356,0.3505
365.0000,0.3365,0.3482,0.3371,0.3439,0.3407,0.3387,0.3554
370.0000,0.3335,0.3523,0.3322,0.3486,0.3342,0.3474,0.3505
375.0000,0.3402,0.3494,0.3322,0.3499,0.3313,0.3531,0.3484
380.0000,0.3409,0.3482,0.3323,0.3505,0.3292,0.3595,0.3421
385.0000,0.3436,0.3440,0.3359,0.3479,0.3319,0.3603,0.3409
390.0000,0.3447,0.3395,0.3409,0.3434,0.3379,0.3570,0.3418
395.0000,0.3465,0.3347,0.3460,0.3393,0.3428,0.3563,0.3347
400.0000,0.3478,0.3311,0.3509,0.3344,0.3505,0.3496,0.3361
405.0000,0.3426,0.3328,0.3521,0.3319,0.3564,0.3430,0.3363
410.0000,0.3418,0.3338,0.3522,0.3310,0.3605,0.3370,0.3359
415.0000,0.3380,0.3387,0.3487,0.3329,0.3619,0.3313,0.3381
420.0000,0.3383,0.3424,0.3444,0.3365,0.3607,0.3270,0.3417
425.0000,0.3366,0.3477,0.3383,0.3421,0.3567,0.3242,0.3494
430.0000,0.3329,0.3536,0.3312,0.3495,0.3487,0.3271,0.3525
435.0000,0.3398,0.3520,0.3284,0.3553,0.3398,0.3340,0.3522
440.0000,0.3406,0.3517,0.3265,0.3598,0.3320,0.3402,0.3567
445.0000,0.3424,0.3484,0.3279,0.3621,0.3248,0.3500,0.3536
450.0000,0.3463,0.3421,0.3332,0.3607,0.3214,0.3583,0.3505
455.0000,0.3460,0.3372,0.3397,0.3572,0.3204,0.3669,0.3403
460.0000,0.3472,0.3312,0.3488,0.3498,0.3262,0.3669,0.3426
465.0000,0.3479,0.3273,0.3573,0.3412,0.3350,0.3636,0.3445
470.0000,0.3417,0.3299,0.3609,0.3353,0.3418,0.3637,0.3352
475.0000,0.3414,0.3311,0.3648,0.3281,0.3533,0.3539,0.3449
480.0000,0.3388,0.3367,0.3635,0.3250,0.3610,0.3471,0.3486
485.0000,0.3385,0.3429,0.3590,0.3253,0.3651,0.3430,0.3498
490.0000,0.3375,0.3501,0.3518,0.3285,0.3670,0.3388,0.3546
495.0000,0.3359,0.3574,0.3423,0.3351,0.3637,0.3403,0.3521
500.0000,0.3430,0.3584,0.3354,0.3417,0.3594,0.3423,0.3510
505.0000,0.3435,0.3606,0.3284,0.3489,0.3543,0.3440,0.3529
510.0000,0.3407,0.3619,0.3226,0.3562,0.3477,0.3486,0.3506
515.0000,0.3481,0.3551,0.3233,0.3596,0.3439,0.3512,0.3503
520.0000,0.3487,0.3499,0.3252,0.3621,0.3402,0.3551,0.3471
525.0000,0.3510,0.3417,0.3315,0.3610,0.3401,0.3555,0.3488
530.0000,0.3482,0.3362,0.3383,0.3584,0.3416,0.3549,0.3508
535.0000,0.3497,0.3287,0.3472,0.3543,0.3438,0.3556,0.3487
540.0000,0.3489,0.3248,0.3551,0.3494,0.3479,0.3530,0.3528
545.0000,0.3412,0.3281,0.3583,0.3467,0.3504,0.3520,0.3551
550.0000,0.3382,0.3320,0.3600,0.3448,0.3523,0.3518,0.3567
555.0000,0.3327,0.3401,0.3579,0.3449,0.3528,0.3527,0.3581
560.0000,0.3357,0.3448,0.3562,0.3453,0.3530,0.3543,0.3579
565.0000,0.3362,0.3514,0.3521,0.3470,0.3523,0.3564,0.3577
570.0000,0.3382,0.3556,0.3488,0.3487,0.3519,0.3583,0.3574
575.0000,0.3410,0.3574,0.3465,0.3500,0.3519,0.3600,0.3561
580.0000,0.3474,0.3557,0.3461,0.3506,0.3524,0.3619,0.3520
585.0000,0.3511,0.3533,0.3467,0.3503,0.3545,0.3609,0.3521
590.0000,0.3527,0.3511,0.3476,0.3500,0.3568,0.3591,0.3518
595.0000,0.3526,0.3494,0.3486,0.3496,0.3596,0.3558,0.3531
600.0000,0.3524,0.3481,0.3492,0.3501,0.3609,0.3541,0.3522
605.0000,0.3508,0.3479,0.3494,0.3508,0.3624,0.3506,0.3562
610.0000,0.3500,0.3479,0.3492,0.3523,0.3620,0.3492,0.3589
615.0000,0.3484,0.3490,0.3484,0.3545,0.3605,0.3487,0.3636
620.0000,0.3463,0.3508,0.3468,0.3576,0.3567,0.3519,0.3641
625.0000,0.3480,0.3505,0.3468,0.3600,0.3532,0.3560,0.3651
630.0000,0.3474,0.3512,0.3467,0.3618,0.3501,0.3602,0.3669
635.0000,0.3460,0.3521,0.3472,0.3629,0.3475,0.3654,0.3664
640.0000,0.3487,0.3504,0.3500,0.3620,0.3474,0.3690,0.3668
645.0000,0.3493,0.3497,0.3525,0.3607,0.3477,0.3737,0.3632
650.0000,0.3507,0.3481,0.3564,0.3576,0.3513,0.3745,0.3635
655.0000,0.3505,0.3478,0.3597,0.3541,0.3564,0.3735,0.3639
660.0000,0.3518,0.3473,0.3625,0.3512,0.3610,0.3737,0.3590
665.0000,0.3529,0.3475,0.3646,0.3482,0.3674,0.3692,0.3618
670.0000,0.3516,0.3502,0.3641,0.3472,0.3723,0.3652,0.3628
675.0000,0.3516,0.3530,0.3622,0.3480,0.3755,0.3620,0.3628
680.0000,0.3498,0.3575,0.3583,0.3506,0.3768,0.3588,0.3655
685.0000,0.3525,0.3594,0.3547,0.3544,0.3760,0.3577,0.3662
690.0000,0.3525,0.3625,0.3502,0.3594,0.3736,0.3570,0.3696
695.0000,0.3520,0.3646,0.3461,0.3650,0.3692,0.3591,0.3697
700.0000,0.3502,0.3658,0.3433,0.3702,0.3640,0.3630,0.3688
705.0000,0.3562,0.3616,0.3446,0.3731,0.3602,0.3666,0.3680
710.0000,0.3578,0.3580,0.3472,0.3746,0.3574,0.3701,0.3666
715.0000,0.3595,0.3535,0.3520,0.3740,0.3568,0.3719,0.3667
720.0000,0.3581,0.3506,0.3574,0.3718,0.3580,0.3720,0.3679
725.0000,0.3585,0.3479,0.3630,0.3692,0.3594,0.3737,0.3650
730.0000,0.3573,0.3472,0.3682,0.3656,0.3630,0.3715,0.3683
735.0000,0.3546,0.3493,0.3712,0.3629,0.3660,0.3705,0.3691
740.0000,0.3541,0.3518,0.3730,0.3610,0.3684,0.3701,0.3685
745.0000,0.3532,0.3561,0.3729,0.3600,0.3705,0.3692,0.3685
750.0000,0.3547,0.3597,0.3719,0.3598,0.3721,0.3683,0.3687
755.0000,0.3554,0.3641,0.3694,0.3608,0.3727,0.3679,0.3684
760.0000,0.3543,0.3691,0.3657,0.3628,0.3725,0.3673,0.3694
765.0000,0.3597,0.3699,0.3637,0.3645,0.3723,0.3668,0.3706
770.0000,0.3610,0.3718,0.3608,0.3670,0.3709,0.3675,0.3714
775.0000,0.3626,0.3719,0.3592,0.3692,0.3693,0.3685,0.3723
780.0000,0.3660,0.3697,0.3593,0.3707,0.3680,0.3701,0.3724
785.0000,0.3672,0.3676,0.3599,0.3717,0.3666,0.3722,0.3715
790.0000,0.3683,0.3649,0.3617,0.3718,0.3663,0.3736,0.3711
795.0000,0.3673,0.3631,0.3637,0.3715,0.3664,0.3746,0.3700
800.0000,0.3668,0.3616,0.3659,0.3709,0.3667,0.3763,0.3660
805.0000,0.3653,0.3613,0.3680,0.3696,0.3687,0.3749,0.3666
810.0000,0.3644,0.3614,0.3699,0.3680,0.3714,0.3720,0.3688
815.0000,0.3634,0.3627,0.3705,0.3676,0.3725,0.3714,0.3670
820.0000,0.3629,0.3642,0.3709,0.3671,0.3743,0.3685,0.3709
825.0000,0.3622,0.3661,0.3705,0.3673,0.3751,0.3666,0.3746
830.0000,0.3641,0.3670,0.3700,0.3681,0.3747,0.3661,0.3785
835.0000,0.3648,0.3684,0.3688,0.3696,0.3731,0.3674,0.3815
840.0000,0.3643,0.3702,0.3671,0.3717,0.3705,0.3706,0.3840
845.0000,0.3665,0.3704,0.3661,0.3736,0.3674,0.3760,0.3846
850.0000,0.3652,0.3722,0.3647,0.3753,0.3649,0.3812,0.3856
855.0000,0.3642,0.3732,0.3642,0.3763,0.3631,0.3875,0.3825
860.0000,0.3679,0.3707,0.3664,0.3749,0.3645,0.3910,0.3803
865.0000,0.3690,0.3692,0.3685,0.3734,0.3664,0.3952,0.3723
870.0000,0.3719,0.3658,0.3727,0.3695,0.3728,0.3926,0.3717
875.0000,0.3706,0.3645,0.3760,0.3655,0.3809,0.3859,0.3742
880.0000,0.3713,0.3636,0.3780,0.3634,0.3864,0.3825,0.3701
885.0000,0.3710,0.3641,0.3787,0.3621,0.3925,0.3749,0.3738
890.0000,0.3689,0.3669,0.3766,0.3636,0.3949,0.3704,0.3741
895.0000,0.3675,0.3704,0.3731,0.3669,0.3953,0.3658,0.3773
900.0000,0.3648,0.3752,0.3676,0.3728,0.3915,0.3659,0.3747
905.0000,0.3683,0.3760,0.3642,0.3785,0.3864,0.3672,0.3720
910.0000,0.3666,0.3792,0.3599,0.3846,0.3805,0.3684,0.3715
915.0000,0.3660,0.3800,0.3578,0.3896,0.3745,0.3704,0.3696
920.0000,0.3709,0.3757,0.3604,0.3914,0.3708,0.3705,0.3712
925.0000,0.3718,0.3729,0.3634,0.3925,0.3664,0.3732,0.3690
930.0000,0.3741,0.3680,0.3694,0.3905,0.3653,0.3726,0.3736
935.0000,0.3726,0.3655,0.3751,0.3879,0.3644,0.3735,0.3758
940.0000,0.3731,0.3627,0.3816,0.3841,0.3642,0.3756,0.3758
945.0000,0.3732,0.3619,0.3870,0.3798,0.3651,0.3771,0.3765
950.0000,0.3723,0.3636,0.3905,0.3757,0.3665,0.3787,0.3761
955.0000,0.3698,0.3679,0.3915,0.3727,0.3677,0.3811,0.3725
960.0000,0.3682,0.3734,0.3906,0.3699,0.3703,0.3808,0.3731
965.0000,0.3663,0.3797,0.3880,0.3681,0.3731,0.3796,0.3738
970.0000,0.3716,0.3822,0.3862,0.3660,0.3769,0.3767,0.3761
975.0000,0.3721,0.3869,0.3816,0.3664,0.3783,0.3761,0.3758
980.0000,0.3760,0.3877,0.3785,0.3665,0.3805,0.3735,0.3801
985.0000,0.3804,0.3867,0.3756,0.3676,0.3811,0.3731,0.3826
990.0000,0.3829,0.3851,0.3729,0.3692,0.3810,0.3729,0.3872
995.0000,0.3833,0.3837,0.3699,0.3720,0.3786,0.3766,0.3865
1000.0000,0.3833,0.3818,0.3675,0.3750,0.3758,0.3814,0.3843
1005.0000,0.3809,0.3808,0.3656,0.3775,0.3738,0.3852,0.3830
1010.0000,0.3769,0.3804,0.3642,0.3794,0.3726,0.3885,0.3812
1015.0000,0.3782,0.3765,0.3661,0.3790,0.3744,0.3883,0.3824
1020.0000,0.3769,0.3743,0.3675,0.3790,0.3752,0.3905,0.3781
1025.0000,0.3774,0.3703,0.3713,0.3769,0.3794,0.3874,0.3821
1030.0000,0.3755,0.3683,0.3743,0.3752,0.3832,0.3845,0.3852
1035.0000,0.3762,0.3654,0.3777,0.3737,0.3862,0.3831,0.3866
1040.0000,0.3751,0.3650,0.3794,0.3732,0.3885,0.3816,0.3896
1045.0000,0.3719,0.3675,0.3787,0.3747,0.3883,0.3828,0.3897
1050.0000,0.3699,0.3707,0.3772,0.3768,0.3878,0.3837,0.3918
1055.0000,0.3654,0.3765,0.3734,0.3806,0.3849,0.3880,0.3871
1060.0000,0.3693,0.3771,0.3727,0.3827,0.3838,0.3903,0.3838
1065.0000,0.3694,0.3797,0.3709,0.3854,0.3822,0.3931,0.3774
1070.0000,0.3709,0.3797,0.3714,0.3862,0.3830,0.3925,0.3747
1075.0000,0.3738,0.3776,0.3740,0.3854,0.3858,0.3885,0.3743
1080.0000,0.3762,0.3752,0.3767,0.3849,0.3873,0.3868,0.3672
1085.0000,0.3790,0.3718,0.3811,0.3827,0.3916,0.3786,0.3738
1090.0000,0.3804,0.3702,0.3841,0.3819,0.3935,0.3731,0.3764
1095.0000,0.3773,0.3720,0.3846,0.3829,0.3928,0.3697,0.3785
1100.0000,0.3759,0.3742,0.3844,0.3845,0.3908,0.3670,0.3836
1105.0000,0.3711,0.3797,0.3814,0.3882,0.3853,0.3692,0.3841
1110.0000,0.3742,0.3815,0.3802,0.3910,0.3796,0.3725,0.3857
1115.0000,0.3732,0.3852,0.3782,0.3937,0.3738,0.3764,0.3893
1120.0000,0.3716,0.3884,0.3768,0.3958,0.3678,0.3834,0.3884
1125.0000,0.3781,0.3859,0.3794,0.3948,0.3648,0.3892,0.3876
1130.0000,0.3809,0.3841,0.3825,0.3925,0.3634,0.3955,0.3833
1135.0000,0.3847,0.3803,0.3879,0.3871,0.3670,0.3960,0.3873
1140.0000,0.3841,0.3785,0.3933,0.3799,0.3751,0.3900,0.4018
1145.0000,0.3863,0.3763,0.3974,0.3746,0.3800,0.3908,0.4089
1150.0000,0.3882,0.3741,0.4030,0.3652,0.3953,0.3702,0.4788
1155.0000,0.3843,0.3772,0.4036,0.3597,0.4071,0.3535,0.5826
1160.0000,0.3839,0.3817,0.3982,0.3625,0.4042,0.3638,0.7058
1165.0000,0.3781,0.3929,0.3837,0.3758,0.3827,0.4161,0.8204
1170.0000,0.3820,0.3998,0.3678,0.3943,0.3486,0.5105,0.9335
1175.0000,0.3791,0.4068,0.3559,0.4061,0.3281,0.6102,1.1092
1180.0000,0.3655,0.4227,0.3322,0.4337,0.2746,0.8214,1.0750
1185.0000,0.3834,0.4127,0.3314,0.4403,0.2558,1.0362,0.9867
1190.0000,0.3833,0.4029,0.3453,0.4218,0.2965,1.2012,0.8752
1195.0000,0.3923,0.3776,0.3808,0.3765,0.4010,1.2995,0.7471
1200.0000,0.4379,0.3233,0.4494,0.2919,0.6012,1.2542,0.7131
1205.0000,0.4066,0.3191,0.4753,0.2465,0.7721,1.2432,0.4593
1210.0000,0.4345,0.2776,0.5325,0.1699,1.0421,0.9928,0.6469
1215.0000,0.4528,0.2710,0.5381,0.1575,1.2414,0.7852,0.7152
1220.0000,0.3886,0.3308,0.4732,0.2267,1.3412,0.6369,0.7296
1225.0000,0.3750,0.3746,0.3986,0.3328,1.3920,0.4720,0.8533
1230.0000,0.3019,0.4729,0.2608,0.5269,1.2955,0.4698,0.7745
1235.0000,0.3434,0.5054,0.1564,0.7312,1.1474,0.5029,0.7173
1240.0000,0.3035,0.5588,0.0678,0.9266,0.9942,0.5001,0.7917
1245.0000,0.2160,0.6147,-0.0004,1.1256,0.7739,0.6206,0.6802
1250.0000,0.3506,0.5153,0.0703,1.2281,0.6214,0.6898,0.6394
1255.0000,0.3624,0.4529,0.1729,1.2870,0.4872,0.7734,0.5579
1260.0000,0.4340,0.3255,0.3714,1.2514,0.4388,0.7880,0.5610
1265.0000,0.4109,0.2509,0.5863,1.1640,0.4446,0.7650,0.5841
1270.0000,0.4928,0.1288,0.8484,1.0256,0.4814,0.7633,0.5137
1275.0000,0.5578,0.0723,1.0832,0.8610,0.5736,0.6802,0.5911
1280.0000,0.4108,0.2033,1.1886,0.7483,0.6294,0.6366,0.6080
1285.0000,0.4244,0.3061,1.2725,0.6371,0.6946,0.5838,0.6357
1290.0000,0.3700,0.5205,1.2392,0.5889,0.7137,0.5674,0.6272
1295.0000,0.4307,0.7051,1.1675,0.5675,0.7155,0.5624,0.6149
1300.0000,0.4558,0.9194,1.0323,0.5856,0.6963,0.5566,0.6339
1305.0000,0.4602,1.1161,0.8690,0.6332,0.6475,0.5857,0.5988
1310.0000,0.6893,1.1277,0.7892,0.6462,0.6278,0.5915,0.5878
1315.0000,0.8149,1.1248,0.7123,0.6650,0.6034,0.6006,0.5742
1320.0000,0.9393,1.0508,0.6828,0.6637,0.5958,0.5977,0.5719
1325.0000,1.0477,0.9418,0.6832,0.6499,0.5982,0.5883,0.5725
1330.0000,1.0084,0.8806,0.6703,0.6454,0.5922,0.5872,0.5626
1335.0000,0.9847,0.8093,0.6741,0.6326,0.5947,0.5770,0.5681
1340.0000,0.9211,0.7702,0.6675,0.6266,0.5914,0.5725,0.5668
1345.0000,0.8651,0.7405,0.6611,0.6214,0.5872,0.5694,0.5644
1350.0000,0.8185,0.7176,0.6550,0.6166,0.5827,0.5673,0.5614
1355.0000,0.7696,0.7065,0.6454,0.6139,0.5771,0.5660,0.5583
1360.0000,0.7462,0.6901,0.6409,0.6089,0.5734,0.5641,0.5549
1365.0000,0.7229,0.6788,0.6352,0.6047,0.5691,0.5634,0.5490
1370.0000,0.7074,0.6664,0.6321,0.5989,0.5673,0.5598,0.5467
1375.0000,0.6926,0.6563,0.6292,0.5928,0.5668,0.5544,0.5470
1380.0000,0.6781,0.6497,0.6244,0.5883,0.5643,0.5519,0.5434
1385.0000,0.6653,0.6443,0.6195,0.5838,0.5629,0.5473,0.5448
1390.0000,0.6576,0.6381,0.6149,0.5798,0.5606,0.5444,0.5444
1395.0000,0.6500,0.6330,0.6097,0.5767,0.5575,0.5427,0.5438
1400.0000,0.6411,0.6296,0.6036,0.5745,0.5536,0.5423,0.5418
1405.0000,0.6367,0.6242,0.5987,0.5719,0.5500,0.5422,0.5395
1410.0000,0.6301,0.6207,0.5929,0.5701,0.5460,0.5431,0.5357
1415.0000,0.6242,0.6164,0.5882,0.5674,0.5436,0.5421,0.5350
1420.0000,0.6212,0.6101,0.5853,0.5639,0.5424,0.5404,0.5343
1425.0000,0.6158,0.6055,0.5814,0.5613,0.5401,0.5409,0.5296
1430.0000,0.6115,0.6000,0.5790,0.5575,0.5401,0.5379,0.5311
1435.0000,0.6074,0.5944,0.5769,0.5537,0.5404,0.5349,0.5321
1440.0000,0.6028,0.5898,0.5742,0.5508,0.5395,0.5340,0.5302
1445.0000,0.5981,0.5857,0.5715,0.5480,0.5392,0.5318,0.5314
1450.0000,0.5930,0.5825,0.5681,0.5460,0.5382,0.5307,0.5316
1455.0000,0.5894,0.5791,0.5647,0.5445,0.5365,0.5307,0.5303
1460.0000,0.5837,0.5776,0.5604,0.5437,0.5347,0.5306,0.5303
1465.0000,0.5768,0.5769,0.5556,0.5435,0.5325,0.5311,0.5296
1470.0000,0.5768,0.5726,0.5530,0.5423,0.5313,0.5312,0.5290
1475.0000,0.5727,0.5706,0.5494,0.5419,0.5292,0.5326,0.5261
1480.0000,0.5699,0.5670,0.5476,0.5403,0.5291,0.5317,0.5264
1485.0000,0.5692,0.5618,0.5470,0.5382,0.5294,0.5307,0.5254
1490.0000,0.5672,0.5575,0.5463,0.5364,0.5293,0.5307,0.5219
1495.0000,0.5653,0.5531,0.5462,0.5342,0.5303,0.5289,0.5205
1500.0000,0.5613,0.5503,0.5455,0.5322,0.5315,0.5260,0.5196
1505.0000,0.5571,0.5489,0.5437,0.5314,0.5314,0.5246,0.5160
1510.0000,0.5518,0.5490,0.5412,0.5309,0.5316,0.5212,0.5161
1515.0000,0.5510,0.5472,0.5396,0.5303,0.5316,0.5176,0.5167
1520.0000,0.5482,0.5470,0.5368,0.5311,0.5297,0.5160,0.5157
1525.0000,0.5460,0.5462,0.5345,0.5316,0.5280,0.5134,0.5185
1530.0000,0.5461,0.5439,0.5330,0.5323,0.5250,0.5131,0.5190
1535.0000,0.5444,0.5425,0.5313,0.5331,0.5214,0.5138,0.5202
1540.0000,0.5420,0.5415,0.5298,0.5339,0.5172,0.5163,0.5187
1545.0000,0.5419,0.5387,0.5300,0.5334,0.5141,0.5188,0.5170
1550.0000,0.5400,0.5372,0.5299,0.5326,0.5112,0.5220,0.5130
1555.0000,0.5382,0.5355,0.5308,0.5305,0.5104,0.5230,0.5113
1560.0000,0.5377,0.5329,0.5329,0.5269,0.5120,0.5213,0.5117
1565.0000,0.5365,0.5315,0.5339,0.5239,0.5127,0.5221,0.5056
1570.0000,0.5356,0.5301,0.5353,0.5200,0.5158,0.5183,0.5070
1575.0000,0.5345,0.5297,0.5355,0.5168,0.5187,0.5144,0.5070
1580.0000,0.5335,0.5298,0.5345,0.5148,0.5201,0.5122,0.5033
1585.0000,0.5323,0.5306,0.5326,0.5134,0.5219,0.5075,0.5055
1590.0000,0.5299,0.5325,0.5291,0.5137,0.5215,0.5047,0.5051
1595.0000,0.5309,0.5326,0.5257,0.5147,0.5200,0.5027,0.5046
1600.0000,0.5284,0.5348,0.5208,0.5170,0.5169,0.5016,0.5046
1605.0000,0.5253,0.5363,0.5162,0.5196,0.5130,0.5015,0.5044
1610.0000,0.5293,0.5330,0.5146,0.5209,0.5096,0.5016,0.5046
1615.0000,0.5283,0.5315,0.5126,0.5223,0.5054,0.5031,0.5042
1620.0000,0.5279,0.5284,0.5126,0.5223,0.5023,0.5040,0.5053
1625.0000,0.5286,0.5238,0.5145,0.5208,0.5005,0.5047,0.5069
1630.0000,0.5281,0.5197,0.5167,0.5188,0.4987,0.5068,0.5064
1635.0000,0.5266,0.5166,0.5192,0.5159,0.4983,0.5081,0.5077
1640.0000,0.5235,0.5154,0.5208,0.5130,0.4983,0.5100,0.5068
1645.0000,0.5217,0.5146,0.5220,0.5100,0.4987,0.5125,0.5029
1650.0000,0.5185,0.5157,0.5220,0.5071,0.5002,0.5134,0.4992
1655.0000,0.5180,0.5160,0.5221,0.5038,0.5035,0.5117,0.4963
1660.0000,0.5167,0.5178,0.5203,0.5020,0.5055,0.5114,0.4873
1665.0000,0.5163,0.5186,0.5189,0.4994,0.5105,0.5041,0.4901
1670.0000,0.5175,0.5183,0.5173,0.4974,0.5152,0.4954,0.4955
1675.0000,0.5176,0.5189,0.5139,0.4981,0.5161,0.4906,0.4974
1680.0000,0.5171,0.5193,0.5099,0.4998,0.5156,0.4858,0.5042
1685.0000,0.5135,0.5213,0.5040,0.5044,0.5100,0.4877,0.5040
1690.0000,0.5163,0.5190,0.5010,0.5076,0.5055,0.4882,0.5105
1695.0000,0.5137,0.5192,0.4966,0.5125,0.4972,0.4956,0.5057
1700.0000,0.5096,0.5189,0.4940,0.5158,0.4905,0.5022,0.5032
1705.0000,0.5133,0.5137,0.4953,0.5165,0.4858,0.5090,0.4973
1710.0000,0.5122,0.5094,0.4989,0.5135,0.4874,0.5058,0.5168
1715.0000,0.5130,0.5032,0.5059,0.5065,0.4953,0.4940,0.5633
1720.0000,0.5113,0.4977,0.5149,0.4955,0.5113,0.4690,0.6596
1725.0000,0.5128,0.4943,0.5180,0.4932,0.5096,0.4762,0.7621
1730.0000,0.5121,0.4941,0.5185,0.4927,0.5054,0.4938,0.9268
1735.0000,0.5052,0.5023,0.5086,0.5037,0.4795,0.5645,1.0960
1740.0000,0.5013,0.5090,0.5005,0.5117,0.4589,0.6535,1.3399
1745.0000,0.4809,0.5324,0.4723,0.5428,0.3945,0.8682,1.4297
1750.0000,0.4939,0.5407,0.4479,0.5769,0.3174,1.1797,1.3621
1755.0000,0.4869,0.5440,0.4501,0.5672,0.3335,1.4049,1.3503
1760.0000,0.4871,0.5347,0.4675,0.5389,0.3935,1.6338,1.1838
1765.0000,0.5075,0.4974,0.5253,0.4572,0.5785,1.7040,1.0931
1770.0000,0.5270,0.4635,0.5727,0.3893,0.7721,1.7873,0.7511
1775.0000,0.5821,0.3907,0.6681,0.2627,1.1283,1.5444,0.8966
1780.0000,0.5258,0.4036,0.6896,0.2028,1.4401,1.2931,0.9530
1785.0000,0.5414,0.3996,0.6803,0.2091,1.6738,1.0742,0.9283
1790.0000,0.5520,0.4207,0.6260,0.2814,1.8427,0.8192,1.0387
1795.0000,0.5001,0.5068,0.4895,0.4670,1.8445,0.7077,1.0042
1800.0000,0.4681,0.5845,0.3539,0.6809,1.8062,0.5354,1.2187
1805.0000,0.3915,0.6991,0.1734,0.9831,1.5846,0.5979,1.0838
1810.0000,0.2128,0.8381,-0.0010,1.3049,1.2832,0.7434,0.9273
1815.0000,0.4197,0.7372,0.0162,1.5071,1.0637,0.7988,0.9387
1820.0000,0.4042,0.7040,0.0569,1.6817,0.8177,0.9349,0.8091
1825.0000,0.4537,0.5848,0.2290,1.7376,0.6662,0.9975,0.7699
1830.0000,0.5307,0.4332,0.4814,1.7116,0.5559,1.0943,0.5821
1835.0000,0.6392,0.2416,0.8330,1.5598,0.5918,1.0215,0.6941
1840.0000,0.7852,0.0795,1.1970,1.3551,0.6763,0.9408,0.7482
1845.0000,0.5714,0.1732,1.4203,1.1845,0.7492,0.8732,0.7758
1850.0000,0.6429,0.1941,1.6517,0.9890,0.8462,0.8055,0.7815
1855.0000,0.5786,0.3984,1.7273,0.8594,0.9084,0.7512,0.7999
1860.0000,0.5231,0.6832,1.6847,0.7919,0.9280,0.7300,0.7931
1865.0000,0.5072,0.9979,1.5543,0.7729,0.9264,0.7026,0.8316
1870.0000,0.4239,1.3507,1.3338,0.8202,0.8643,0.7390,0.7923
1875.0000,0.7500,1.4437,1.2083,0.8313,0.8332,0.7539,0.7738
1880.0000,0.9031,1.5458,1.0535,0.8673,0.7882,0.7725,0.7645
1885.0000,1.1270,1.4994,0.9774,0.8716,0.7675,0.7801,0.7555
1890.0000,1.2523,1.4224,0.9255,0.8686,0.7555,0.7810,0.7527
1895.0000,1.3445,1.3000,0.9114,0.8516,0.7533,0.7818,0.7375
1900.0000,1.3806,1.1768,0.9147,0.8263,0.7634,0.7670,0.7488
1905.0000,1.3033,1.1101,0.8989,0.8137,0.7639,0.7614,0.7485
1910.0000,1.2441,1.0425,0.8927,0.7985,0.7668,0.7561,0.7445
1915.0000,1.1774,0.9950,0.8820,0.7876,0.7681,0.7506,0.7427
1920.0000,1.1093,0.9637,0.8670,0.7811,0.7667,0.7472,0.7381
1925.0000,1.0478,0.9451,0.8479,0.7788,0.7626,0.7454,0.7314
1930.0000,0.9975,0.9303,0.8294,0.7777,0.7583,0.7425,0.7261
1935.0000,0.9649,0.9110,0.8165,0.7751,0.7561,0.7367,0.7245
1940.0000,0.9447,0.8890,0.8073,0.7724,0.7527,0.7333,0.7173
1945.0000,0.9204,0.8719,0.7987,0.7699,0.7507,0.7253,0.7234
1950.0000,0.9033,0.8538,0.7928,0.7673,0.7473,0.7203,0.7258
1955.0000,0.8852,0.8383,0.7875,0.7654,0.7421,0.7180,0.7277
1960.0000,0.8654,0.8275,0.7814,0.7647,0.7350,0.7193,0.7253
1965.0000,0.8467,0.8189,0.7758,0.7641,0.7271,0.7232,0.7192
1970.0000,0.8366,0.8082,0.7732,0.7615,0.7212,0.7265,0.7117
1975.0000,0.8253,0.7998,0.7710,0.7580,0.7167,0.7294,0.7005
1980.0000,0.8126,0.7935,0.7698,0.7525,0.7164,0.7260,0.6958
1985.0000,0.8063,0.7853,0.7707,0.7450,0.7194,0.7186,0.6924
1990.0000,0.7983,0.7806,0.7693,0.7395,0.7199,0.7148,0.6797
1995.0000,0.7937,0.7746,0.7697,0.7316,0.7256,0.7003,0.6856
2000.0000,0.7877,0.7708,0.7680,0.7258,0.7290,0.6868,0.6925
2005.0000,0.7830,0.7682,0.7640,0.7228,0.7279,0.6780,0.6989
2010.0000,0.7776,0.7675,0.7575,0.7228,0.7227,0.6738,0.7047
2015.0000,0.7738,0.7672,0.7491,0.7256,0.7119,0.6780,0.7043
2020.0000,0.7675,0.7685,0.7401,0.7286,0.7016,0.6810,0.7131
2025.0000,0.7578,0.7720,0.7292,0.7338,0.6863,0.6953,0.7013
2030.0000,0.7622,0.7653,0.7260,0.7334,0.6772,0.7051,0.6950
2035.0000,0.7577,0.7625,0.7221,0.7323,0.6695,0.7164,0.6806
2040.0000,0.7563,0.7549,0.7239,0.7254,0.6706,0.7176,0.6779
2045.0000,0.7565,0.7442,0.7300,0.7140,0.6790,0.7100,0.6827
2050.0000,0.7562,0.7338,0.7356,0.7037,0.6851,0.7092,0.6695
2055.0000,0.7566,0.7236,0.7423,0.6910,0.6979,0.6958,0.6790
2060.0000,0.7574,0.7166,0.7453,0.6814,0.7082,0.6840,0.6847
2065.0000,0.7434,0.7200,0.7401,0.6778,0.7131,0.6759,0.6893
2070.0000,0.7347,0.7250,0.7311,0.6784,0.7134,0.6713,0.6911
2075.0000,0.7210,0.7352,0.7165,0.6843,0.7080,0.6716,0.6910
2080.0000,0.7252,0.7362,0.7056,0.6896,0.7026,0.6709,0.6980
2085.0000,0.7156,0.7447,0.6893,0.6999,0.6906,0.6791,0.6922
2090.0000,0.7117,0.7454,0.6788,0.7073,0.6805,0.6863,0.6899
2095.0000,0.7234,0.7337,0.6775,0.7095,0.6746,0.6913,0.6891
2100.0000,0.7242,0.7242,0.6777,0.7105,0.6693,0.6984,0.6831
2105.0000,0.7293,0.7086,0.6852,0.7057,0.6705,0.6990,0.6839
2110.0000,0.7232,0.6980,0.6927,0.6996,0.6741,0.6981,0.6835
2115.0000,0.7213,0.6870,0.7016,0.6924,0.6782,0.6990,0.6756
2120.0000,0.7195,0.6788,0.7101,0.6836,0.6868,0.6920,0.6793
2125.0000,0.7060,0.6808,0.7123,0.6782,0.6932,0.6858,0.6814
2130.0000,0.6980,0.6852,0.7110,0.6757,0.6968,0.6819,0.6804
2135.0000,0.6883,0.6941,0.7051,0.6762,0.6985,0.6778,0.6822
2140.0000,0.6907,0.6981,0.6998,0.6778,0.6981,0.6756,0.6824
2145.0000,0.6876,0.7058,0.6908,0.6824,0.6948,0.6749,0.6840
2150.0000,0.6871,0.7102,0.6828,0.6877,0.6896,0.6770,0.6809
2155.0000,0.6951,0.7068,0.6796,0.6910,0.6855,0.6785,0.6791
2160.0000,0.6970,0.7045,0.6765,0.6943,0.6806,0.6813,0.6755
2165.0000,0.6978,0.7003,0.6762,0.6958,0.6774,0.6824,0.6738
2170.0000,0.6989,0.6942,0.6787,0.6951,0.6763,0.6816,0.6735
2175.0000,0.6979,0.6890,0.6816,0.6940,0.6745,0.6833,0.6670
2180.0000,0.6962,0.6843,0.6860,0.6909,0.6758,0.6804,0.6684
2185.0000,0.6949,0.6806,0.6904,0.6872,0.6779,0.6765,0.6696
2190.0000,0.6910,0.6798,0.6929,0.6847,0.6782,0.6757,0.6651
2195.0000,0.6888,0.6796,0.6951,0.6815,0.6803,0.6706,0.6706
2200.0000,0.6851,0.6822,0.6948,0.6799,0.6805,0.6677,0.6736
2205.0000,0.6846,0.6846,0.6933,0.6796,0.6787,0.6677,0.6740
2210.0000,0.6814,0.6897,0.6895,0.6806,0.6759,0.6685,0.6754
2215.0000,0.6786,0.6943,0.6851,0.6822,0.6718,0.6718,0.6727
2220.0000,0.6846,0.6933,0.6836,0.6822,0.6695,0.6739,0.6710
2225.0000,0.6841,0.6950,0.6806,0.6828,0.6665,0.6772,0.6664
2230.0000,0.6859,0.6932,0.6804,0.6811,0.6670,0.6761,0.6678
2235.0000,0.6893,0.6893,0.6819,0.6783,0.6688,0.6741,0.6688
2240.0000,0.6906,0.6861,0.6829,0.6761,0.6694,0.6744,0.6654
2245.0000,0.6908,0.6831,0.6842,0.6731,0.6721,0.6710,0.6686
2250.0000,0.6888,0.6816,0.6845,0.6709,0.6740,0.6684,0.6709
2255.0000,0.6869,0.6812,0.6836,0.6699,0.6745,0.6676,0.6717
2260.0000,0.6838,0.6822,0.6814,0.6700,0.6742,0.6672,0.6734
2265.0000,0.6835,0.6822,0.6792,0.6706,0.6728,0.6685,0.6734
2270.0000,0.6808,0.6843,0.6754,0.6722,0.6705,0.6708,0.6729
2275.0000,0.6781,0.6858,0.6720,0.6738,0.6684,0.6731,0.6720
2280.0000,0.6810,0.6833,0.6712,0.6740,0.6676,0.6745,0.6713
2285.0000,0.6802,0.6826,0.6697,0.6748,0.6660,0.6777,0.6663
2290.0000,0.6790,0.6809,0.6696,0.6741,0.6671,0.6769,0.6678
2295.0000,0.6802,0.6772,0.6714,0.6722,0.6695,0.6746,0.6698
2300.0000,0.6800,0.6744,0.6726,0.6710,0.6705,0.6750,0.6661
2305.0000,0.6797,0.6715,0.6744,0.6691,0.6733,0.6720,0.6694
2310.0000,0.6782,0.6703,0.6751,0.6682,0.6747,0.6706,0.6694
2315.0000,0.6761,0.6702,0.6748,0.6683,0.6749,0.6705,0.6670
2320.0000,0.6729,0.6719,0.6732,0.6691,0.6747,0.6698,0.6653
2325.0000,0.6678,0.6752,0.6704,0.6707,0.6740,0.6690,0.6639
2330.0000,0.6709,0.6744,0.6699,0.6712,0.6742,0.6665,0.6643
2335.0000,0.6686,0.6768,0.6673,0.6734,0.6722,0.6664,0.6618
2340.0000,0.6696,0.6761,0.6669,0.6740,0.6718,0.6635,0.6652
2345.0000,0.6725,0.6737,0.6676,0.6744,0.6706,0.6624,0.6667
2350.0000,0.6731,0.6721,0.6682,0.6751,0.6684,0.6626,0.6677
2355.0000,0.6722,0.6712,0.6687,0.6757,0.6657,0.6644,0.6666
2360.0000,0.6725,0.6697,0.6700,0.6755,0.6636,0.6663,0.6654
2365.0000,0.6713,0.6695,0.6709,0.6752,0.6615,0.6688,0.6624
2370.0000,0.6693,0.6699,0.6719,0.6740,0.6609,0.6694,0.6617
2375.0000,0.6703,0.6689,0.6740,0.6716,0.6622,0.6679,0.6626
2380.0000,0.6694,0.6700,0.6744,0.6702,0.6621,0.6690,0.6585
2385.0000,0.6684,0.6710,0.6750,0.6680,0.6640,0.6665,0.6604
2390.0000,0.6700,0.6708,0.6759,0.6657,0.6661,0.6639,0.6616
2395.0000,0.6705,0.6716,0.6753,0.6646,0.6666,0.6633,0.6596
2400.0000,0.6711,0.6719,0.6748,0.6634,0.6680,0.6604,0.6632
2405.0000,0.6719,0.6722,0.6736,0.6630,0.6683,0.6588,0.6659
2410.0000,0.6719,0.6731,0.6714,0.6637,0.6671,0.6590,0.6682
2415.0000,0.6699,0.6752,0.6681,0.6654,0.6647,0.6607,0.6701
2420.0000,0.6719,0.6746,0.6660,0.6669,0.6618,0.6644,0.6688
2425.0000,0.6705,0.6759,0.6631,0.6688,0.6587,0.6686,0.6670
2430.0000,0.6689,0.6762,0.6611,0.6700,0.6561,0.6736,0.6607
2435.0000,0.6674,0.6752,0.6609,0.6695,0.6563,0.6754,0.6556
2440.0000,0.6714,0.6707,0.6630,0.6679,0.6571,0.6783,0.6415
2445.0000,0.6734,0.6657,0.6671,0.6635,0.6635,0.6704,0.6462
2450.0000,0.6746,0.6615,0.6710,0.6592,0.6703,0.6610,0.6506
2455.0000,0.6709,0.6609,0.6724,0.6566,0.6756,0.6515,0.6565
2460.0000,0.6691,0.6613,0.6719,0.6564,0.6771,0.6456,0.6616
2465.0000,0.6638,0.6652,0.6683,0.6589,0.6750,0.6428,0.6677
2470.0000,0.6645,0.6671,0.6645,0.6630,0.6693,0.6453,0.6713
2475.0000,0.6620,0.6709,0.6597,0.6675,0.6630,0.6478,0.6817
2480.0000,0.6570,0.6760,0.6532,0.6744,0.6514,0.6613,0.6748
2485.0000,0.6638,0.6728,0.6528,0.6769,0.6443,0.6718,0.6717
2490.0000,0.6637,0.6719,0.6527,0.6780,0.6392,0.6824,0.6647
2495.0000,0.6631,0.6693,0.6558,0.6752,0.6398,0.6871,0.6626
2500.0000,0.6666,0.6630,0.6631,0.6681,0.6472,0.6842,0.6665
2505.0000,0.6679,0.6584,0.6692,0.6620,0.6528,0.6868,0.6567
2510.0000,0.6707,0.6529,0.6769,0.6529,0.6651,0.6776,0.6657
2515.0000,0.6658,0.6535,0.6802,0.6465,0.6763,0.6677,0.6762
2520.0000,0.6676,0.6523,0.6822,0.6426,0.6839,0.6619,0.6848
2525.0000,0.6653,0.6558,0.6799,0.6418,0.6902,0.6531,0.7127
2530.0000,0.6624,0.6614,0.6744,0.6438,0.6940,0.6444,0.7621
2535.0000,0.6592,0.6698,0.6640,0.6518,0.6887,0.6490,0.8229
2540.0000,0.6502,0.6817,0.6498,0.6642,0.6766,0.6664,0.9071
2545.0000,0.6602,0.6827,0.6388,0.6797,0.6525,0.7178,0.9751
2550.0000,0.6588,0.6864,0.6298,0.6915,0.6348,0.7733,1.0837
2555.0000,0.6616,0.6801,0.6329,0.6915,0.6351,0.8190,1.3019
2560.0000,0.6663,0.6716,0.6370,0.6937,0.6267,0.9146,1.5242
2565.0000,0.6696,0.6617,0.6447,0.6925,0.6234,1.0464,1.7953
2570.0000,0.6670,0.6592,0.6444,0.7010,0.6021,1.2780,1.9325
2575.0000,0.6633,0.6538,0.6549,0.6927,0.6211,1.5080,2.1502
2580.0000,0.6605,0.6515,0.6634,0.6841,0.6547,1.7951,2.3108
2620.0000,0.6997,0.6318,0.7210,0.6354,2.6820,2.7320,2.3308
2625.0000,0.6715,0.6709,0.6521,0.7941,2.9556,2.5499,2.2904
2630.0000,0.6545,0.7135,0.5654,1.0236,3.1393,2.3616,2.2428
2635.0000,0.6135,0.7695,0.4669,1.3192,3.2172,2.1917,2.1766
2640.0000,0.6548,0.7726,0.4073,1.6505,3.1922,2.0637,2.0813
2645.0000,0.6084,0.8166,0.3631,1.9993,3.1018,1.9050,2.1230
2650.0000,0.5633,0.8470,0.3626,2.3604,2.8935,1.8730,1.9840
2655.0000,0.6544,0.7762,0.4863,2.6547,2.6641,1.8512,1.8892
2660.0000,0.6561,0.7447,0.6687,2.8890,2.4283,1.8243,1.8671
2665.0000,0.6942,0.6929,0.9359,3.0436,2.1887,1.8497,1.7606
2670.0000,0.7127,0.6662,1.2653,3.1033,1.9975,1.8453,1.7191
2675.0000,0.7828,0.6390,1.6492,3.0746,1.8409,1.8631,1.6257
2680.0000,0.8700,0.6627,2.0434,2.9646,1.7510,1.8330,1.6239
2685.0000,0.9548,0.7688,2.3984,2.8066,1.7032,1.7910,1.6254
2690.0000,0.9322,1.0072,2.6549,2.6476,1.6535,1.7916,1.5401
2695.0000,1.0773,1.2186,2.8881,2.4440,1.6716,1.7214,1.5894
2700.0000,1.2022,1.5032,3.0117,2.2654,1.6831,1.6755,1.5919
2705.0000,1.3378,1.8119,3.0455,2.1115,1.6936,1.6368,1.5847
2710.0000,1.4595,2.1458,2.9823,1.9979,1.6894,1.6125,1.5677
2715.0000,1.6644,2.4050,2.8831,1.9012,1.6895,1.5831,1.5630
2720.0000,1.9346,2.5738,2.7652,1.8221,1.6871,1.5598,1.5511
2725.0000,2.1121,2.7251,2.6025,1.7767,1.6714,1.5407,1.5489
2730.0000,2.2457,2.8204,2.4310,1.7513,1.6454,1.5337,1.5349
2735.0000,2.4446,2.8027,2.2962,1.7223,1.6277,1.5226,1.5276
2740.0000,2.5623,2.7475,2.1719,1.7016,1.6089,1.5114,1.5296
2745.0000,2.5916,2.6815,2.0519,1.6923,1.5832,1.5079,1.5325
2750.0000,2.6116,2.5740,1.9632,1.6759,1.5699,1.4896,1.5761
2755.0000,2.6004,2.4486,1.8948,1.6615,1.5504,1.4895,1.6196
2760.0000,2.5455,2.3283,1.8417,1.6429,1.5426,1.4713,1.7610
2765.0000,2.4584,2.2227,1.7935,1.6303,1.5253,1.4794,1.9439
2770.0000,2.3761,2.1189,1.7562,1.6211,1.4972,1.5290,2.1730
2775.0000,2.2737,2.0402,1.7145,1.6229,1.4491,1.6478,2.4014
2780.0000,2.1828,1.9683,1.6807,1.6237,1.4002,1.8213,2.6731
2785.0000,2.0911,1.9103,1.6544,1.6160,1.3706,2.0306,3.0287
2825.0000,1.8238,1.4615,1.8373,1.0632,3.2584,3.1628,2.5038
2830.0000,1.7013,1.5196,1.7526,1.1231,3.6574,2.7900,2.5147
2835.0000,1.6823,1.5524,1.6310,1.2905,3.9222,2.4310,2.5590
2840.0000,1.5729,1.6698,1.4134,1.6044,3.9833,2.1801,2.5378
2845.0000,1.5748,1.7427,1.1884,2.0162,3.8528,2.0615,2.4565
2850.0000,1.4865,1.8370,0.9850,2.4500,3.6596,1.8713,2.6878
2855.0000,1.2840,1.9738,0.7723,2.9651,3.2202,2.0200,2.4658
2860.0000,1.4994,1.8336,0.7974,3.3525,2.8025,2.1766,2.2968
2865.0000,1.4622,1.7718,0.9008,3.6475,2.4252,2.2906,2.2384
2870.0000,1.5084,1.6025,1.1825,3.7914,2.1147,2.4230,2.1157
2875.0000,1.5556,1.4055,1.6070,3.7653,1.9443,2.4587,2.0853
2880.0000,1.6619,1.1844,2.1295,3.6148,1.8395,2.5459,1.8489
2885.0000,1.8094,1.0027,2.7097,3.3164,1.9257,2.4024,1.9989
2890.0000,1.5809,1.1484,3.1093,3.0432,2.0033,2.3013,2.0442
2895.0000,1.7022,1.2049,3.5183,2.7188,2.1266,2.2120,2.0002
2900.0000,1.7312,1.4696,3.7374,2.4485,2.2527,2.0777,2.0796
2905.0000,1.6779,1.9122,3.7396,2.2846,2.3022,2.0159,2.0794
2910.0000,1.7401,2.3707,3.6156,2.1848,2.3273,1.9465,2.1440
2915.0000,1.7017,2.9139,3.3235,2.1960,2.2586,1.9736,2.0852
2920.0000,2.1343,3.1362,3.1176,2.1829,2.2146,1.9855,2.0468
2925.0000,2.3548,3.3816,2.8365,2.2254,2.1402,2.0016,2.0443
2930.0000,2.6219,3.4417,2.6288,2.2506,2.0756,2.0283,2.0082
2935.0000,2.9178,3.3434,2.5056,2.2444,2.0414,2.0336,1.9936
2940.0000,3.0679,3.2044,2.4160,2.2322,2.0119,2.0458,1.9545
2945.0000,3.1490,3.0228,2.3740,2.1989,2.0096,2.0270,1.9692
2950.0000,3.1574,2.8446,2.3520,2.1612,2.0121,2.0105,1.9700
2955.0000,3.0401,2.7220,2.3194,2.1331,2.0104,1.9983,1.9648
2960.0000,2.9685,2.5818,2.3126,2.0964,2.0161,1.9853,1.9528
2965.0000,2.8204,2.5088,2.2811,2.0751,2.0151,1.9714,1.9505
2970.0000,2.7038,2.4483,2.2494,2.0586,2.0111,1.9611,1.9423
2975.0000,2.5927,2.4107,2.2096,2.0506,2.0014,1.9550,1.9305
2980.0000,2.5012,2.3779,2.1723,2.0445,1.9918,1.9469,1.9224
2985.0000,2.4540,2.3316,2.1472,2.0352,1.9856,1.9352,1.9181
2990.0000,2.3950,2.3006,2.1174,2.0321,1.9732,1.9301,1.9067
2995.0000,2.3528,2.2629,2.0972,2.0256,1.9645,1.9204,1.9041
3000.0000,2.3185,2.2241,2.0827,2.0179,1.9561,1.9114,1.9014
3005.0000,2.2862,2.1876,2.0713,2.0106,1.9457,1.9069,1.8932
3010.0000,2.2440,2.1619,2.0588,2.0038,1.9362,1.8993,1.8961
3015.0000,2.2136,2.1358,2.0496,1.9964,1.9258,1.8962,1.8934
3020.0000,2.1807,2.1179,2.0384,1.9906,1.9133,1.8978,1.8856
3025.0000,2.1542,2.0998,2.0306,1.9822,1.9046,1.8960,1.8843
3030.0000,2.1346,2.0808,2.0258,1.9715,1.8987,1.8933,1.8835
3035.0000,2.1120,2.0688,2.0178,1.9631,1.8904,1.8970,1.8717
3040.0000,2.0945,2.0558,2.0127,1.9514,1.8885,1.8921,1.8760
3045.0000,2.0812,2.0425,2.0084,1.9390,1.8885,1.8869,1.8789
3050.0000,2.0659,2.0343,2.0003,1.9298,1.8852,1.8884,1.8703
3055.0000,2.0517,2.0270,1.9921,1.9201,1.8856,1.8840,1.8743
3060.0000,2.0384,2.0204,1.9828,1.9118,1.8858,1.8806,1.8759
3065.0000,2.0333,2.0109,1.9737,1.9051,1.8839,1.8821,1.8675
3070.0000,2.0204,2.0063,1.9621,1.8998,1.8841,1.8780,1.8733
3075.0000,2.0053,2.0030,1.9489,1.8969,1.8825,1.8765,1.8745
3080.0000,2.0050,1.9919,1.9398,1.8932,1.8816,1.8755,1.8741
3085.0000,1.9949,1.9858,1.9278,1.8926,1.8778,1.8781,1.8688
3090.0000,1.9832,1.9786,1.9179,1.8912,1.8767,1.8763,1.8710
3095.0000,1.9823,1.9646,1.9128,1.8882,1.8768,1.8744,1.8719
3100.0000,1.9725,1.9557,1.9054,1.8878,1.8739,1.8770,1.8664
3105.0000,1.9638,1.9454,1.9010,1.8857,1.8741,1.8747,1.8690
3110.0000,1.9583,1.9331,1.8992,1.8829,1.8750,1.8724,1.8707
3115.0000,1.9482,1.9252,1.8954,1.8821,1.8731,1.8743,1.8661
3120.0000,1.9366,1.9192,1.8922,1.8808,1.8730,1.8727,1.8682
3125.0000,1.9311,1.9113,1.8909,1.8789,1.8734,1.8712,1.8692
3130.0000,1.9223,1.9074,1.8873,1.8793,1.8708,1.8744,1.8624
3135.0000,1.9115,1.9055,1.8842,1.8786,1.8710,1.8718,1.8670
3140.0000,1.9102,1.8991,1.8839,1.8770,1.8715,1.8704,1.8683
3145.0000,1.9042,1.8972,1.8808,1.8777,1.8687,1.8738,1.8614
3150.0000,1.8996,1.8940,1.8798,1.8765,1.8695,1.8714,1.8651
3155.0000,1.8987,1.8890,1.8803,1.8748,1.8701,1.8700,1.8652
3160.0000,1.8941,1.8875,1.8784,1.8752,1.8680,1.8732,1.8569
3165.0000,1.8876,1.8875,1.8768,1.8744,1.8689,1.8697,1.8618
3170.0000,1.8888,1.8832,1.8778,1.8724,1.8708,1.8658,1.8664
3175.0000,1.8859,1.8825,1.8761,1.8730,1.8686,1.8680,1.8618
3180.0000,1.8826,1.8819,1.8751,1.8725,1.8689,1.8655,1.8692
3185.0000,1.8751,1.8839,1.8725,1.8733,1.8672,1.8659,1.8729
3190.0000,1.8805,1.8798,1.8726,1.8735,1.8643,1.8709,1.8688
3195.0000,1.8772,1.8803,1.8711,1.8737,1.8632,1.8720,1.8747
3200.0000,1.8727,1.8809,1.8699,1.8736,1.8624,1.8737,1.8804
3205.0000,1.8774,1.8767,1.8717,1.8718,1.8634,1.8751,1.8870
3210.0000,1.8748,1.8771,1.8704,1.8721,1.8615,1.8819,1.8874
3215.0000,1.8720,1.8768,1.8704,1.8708,1.8627,1.8853,1.8942
3220.0000,1.8756,1.8731,1.8723,1.8686,1.8648,1.8902,1.8978
3225.0000,1.8734,1.8734,1.8715,1.8681,1.8654,1.8986,1.8955
3230.0000,1.8693,1.8747,1.8707,1.8671,1.8686,1.9040,1.8954
3235.0000,1.8732,1.8712,1.8728,1.8640,1.8754,1.9055,1.8966
3240.0000,1.8719,1.8715,1.8718,1.8637,1.8796,1.9111,1.8870
3245.0000,1.8696,1.8719,1.8714,1.8622,1.8884,1.9077,1.8906
3250.0000,1.8718,1.8699,1.8719,1.8609,1.8978,1.9022,1.8938
3255.0000,1.8700,1.8716,1.8687,1.8638,1.9019,1.9025,1.8863
3260.0000,1.8668,1.8733,1.8661,1.8663,1.9087,1.8939,1.8976
3265.0000,1.8702,1.8714,1.8646,1.8703,1.9123,1.8890,1.9044
3270.0000,1.8685,1.8730,1.8605,1.8777,1.9106,1.8893,1.9085
3275.0000,1.8646,1.8752,1.8564,1.8859,1.9070,1.8907,1.9169
3280.0000,1.8691,1.8717,1.8563,1.8933,1.9017,1.8966,1.9210
3285.0000,1.8675,1.8716,1.8555,1.9010,1.8947,1.9056,1.9244
3290.0000,1.8626,1.8728,1.8561,1.9073,1.8884,1.9154,1.9294
3295.0000,1.8673,1.8676,1.8624,1.9094,1.8856,1.9251,1.9330
3300.0000,1.8653,1.8673,1.8673,1.9115,1.8821,1.9398,1.9257
3305.0000,1.8653,1.8650,1.8763,1.9084,1.8867,1.9447,1.9349
3310.0000,1.8661,1.8628,1.8867,1.9026,1.8956,1.9459,1.9469
3315.0000,1.8688,1.8616,1.8955,1.8984,1.9016,1.9560,1.9393
3320.0000,1.8718,1.8610,1.9050,1.8913,1.9155,1.9525,1.9607
3325.0000,1.8706,1.8660,1.9091,1.8877,1.9264,1.9539,1.9730
3330.0000,1.8713,1.8727,1.9096,1.8875,1.9344,1.9597,1.9796
3335.0000,1.8676,1.8847,1.9045,1.8914,1.9397,1.9680,1.9838
3340.0000,1.8625,1.8978,1.8967,1.8978,1.9436,1.9777,1.9838
3345.0000,1.8766,1.8993,1.8943,1.9023,1.9505,1.9838,1.9857
3350.0000,1.8789,1.9059,1.8881,1.9106,1.9541,1.9935,1.9791
3355.0000,1.8782,1.9102,1.8846,1.9169,1.9625,1.9934,1.9881
3360.0000,1.8916,1.9038,1.8879,1.9204,1.9736,1.9895,2.0004
3365.0000,1.8955,1.9012,1.8890,1.9277,1.9788,1.9936,2.0025
3370.0000,1.8971,1.8977,1.8928,1.9334,1.9866,1.9913,2.0211
3375.0000,1.8988,1.8945,1.8969,1.9408,1.9902,1.9952,2.0346
3380.0000,1.8987,1.8932,1.9008,1.9494,1.9910,2.0036,2.0479
3385.0000,1.8947,1.8957,1.9033,1.9596,1.9883,2.0191,2.0503
3390.0000,1.8964,1.8961,1.9087,1.9679,1.9871,2.0351,2.0520
3395.0000,1.8936,1.9012,1.9125,1.9765,1.9857,2.0538,2.0464
3400.0000,1.8885,1.9082,1.9176,1.9822,1.9894,2.0665,2.0459
3405.0000,1.8976,1.9068,1.9298,1.9819,2.0015,2.0698,2.0517
3410.0000,1.9002,1.9109,1.9382,1.9845,2.0094,2.0816,2.0337
3415.0000,1.9061,1.9118,1.9511,1.9813,2.0286,2.0731,2.0514
3420.0000,1.9145,1.9123,1.9638,1.9785,2.0484,2.0623,2.0682
3425.0000,1.9177,1.9178,1.9710,1.9812,2.0601,2.0613,2.0708
3430.0000,1.9233,1.9239,1.9767,1.9852,2.0720,2.0550,2.0898
3435.0000,1.9178,1.9386,1.9747,1.9959,2.0753,2.0575,2.1017
3440.0000,1.9270,1.9478,1.9737,2.0080,2.0754,2.0634,2.1164
3445.0000,1.9243,1.9650,1.9664,2.0251,2.0685,2.0781,2.1208
3450.0000,1.9201,1.9805,1.9607,2.0416,2.0615,2.0935,2.1306
3455.0000,1.9432,1.9788,1.9662,2.0515,2.0594,2.1072,2.1452
3460.0000,1.9453,1.9864,1.9680,2.0631,2.0545,2.1284,2.1520
3465.0000,1.9575,1.9830,1.9799,2.0669,2.0583,2.1429,2.1695
3470.0000,1.9702,1.9762,1.9967,2.0660,2.0672,2.1565,2.1874
3475.0000,1.9796,1.9709,2.0140,2.0644,2.0761,2.1767,2.1939
3480.0000,1.9878,1.9674,2.0325,2.0591,2.0930,2.1882,2.2148
3485.0000,1.9843,1.9732,2.0453,2.0563,2.1096,2.2030,2.2278
3490.0000,1.9855,1.9817,2.0544,2.0558,2.1260,2.2208,2.2321
3495.0000,1.9826,1.9965,2.0583,2.0572,2.1458,2.2314,2.2478
3500.0000,1.9901,2.0081,2.0614,2.0601,2.1675,2.2391,2.2649
3505.0000,1.9902,2.0275,2.0559,2.0706,2.1824,2.2549,2.2687
3510.0000,1.9947,2.0419,2.0527,2.0797,2.2043,2.2551,2.3088
3515.0000,2.0135,2.0441,2.0565,2.0860,2.2325,2.2422,2.3888
3520.0000,2.0232,2.0512,2.0530,2.1034,2.2429,2.2563,2.4616
3525.0000,2.0308,2.0548,2.0542,2.1183,2.2599,2.2556,2.6379
3530.0000,2.0409,2.0550,2.0568,2.1368,2.2680,2.2762,2.8804
3535.0000,2.0455,2.0597,2.0544,2.1653,2.2543,2.3511,3.1717
3540.0000,2.0446,2.0663,2.0543,2.1929,2.2399,2.4571,3.6136
3545.0000,2.0199,2.0912,2.0381,2.2405,2.1840,2.6926,4.0489
3550.0000,2.0459,2.0871,2.0465,2.2687,2.1521,2.9805,4.6386
3555.0000,2.0329,2.1129,2.0288,2.3259,2.0629,3.5149,4.8641
3560.0000,2.0027,2.1370,2.0297,2.3543,2.0353,4.1000,5.0980
3565.0000,2.0576,2.1056,2.0859,2.3230,2.1285,4.6685,5.3348
3570.0000,2.0717,2.0895,2.1461,2.2722,2.3021,5.2932,5.2441
3575.0000,2.1231,2.0349,2.2608,2.1477,2.6807,5.7201,5.2278
3580.0000,2.1135,2.0090,2.3744,1.9978,3.2208,5.9592,5.1633
3585.0000,2.1781,1.9642,2.4653,1.8938,3.7867,6.1932,4.7052
3590.0000,2.2814,1.8906,2.5924,1.7433,4.6021,5.8981,4.8859
3595.0000,2.1625,1.9786,2.5726,1.7423,5.3419,5.5377,4.9459
3600.0000,2.1831,2.0436,2.4804,1.9006,5.9189,5.2134,4.8490
3605.0000,2.1585,2.1602,2.3100,2.1983,6.3846,4.7412,5.1023
3610.0000,2.1309,2.3176,2.0405,2.7057,6.5337,4.4938,5.1752
