 0.000000e+00  8.482556e-01
 7.351643e+00  8.535318e-01
 1.470329e+01  8.586742e-01
 2.205493e+01  8.628165e-01
 2.940657e+01  8.669887e-01
 3.675822e+01  8.712919e-01
 4.410986e+01  8.751463e-01
 5.146150e+01  8.789259e-01
 5.881314e+01  8.832750e-01
 6.616479e+01  8.880335e-01
 7.351643e+01  8.931342e-01
 8.086807e+01  8.992695e-01
 8.821972e+01  9.062994e-01
 9.557136e+01  9.141541e-01
 1.029230e+02  9.229267e-01
 1.102746e+02  9.324395e-01
 1.176263e+02  9.423200e-01
 1.249779e+02  9.520258e-01
 1.323296e+02  9.611681e-01
 1.396812e+02  9.690428e-01
 1.470329e+02  9.744647e-01
 1.543845e+02  9.767670e-01
 1.617361e+02  9.753687e-01
 1.690878e+02  9.689838e-01
 1.764394e+02  9.566137e-01
 1.837911e+02  9.388447e-01
 1.911427e+02  9.152998e-01
 1.984944e+02  8.855191e-01
 2.058460e+02  8.513232e-01
 2.131976e+02  8.133672e-01
 2.205493e+02  7.726619e-01
 2.279009e+02  7.310122e-01
 2.352526e+02  6.894936e-01
 2.426042e+02  6.491905e-01
 2.499559e+02  6.122310e-01
 2.573075e+02  5.782471e-01
 2.646591e+02  5.478031e-01
 2.720108e+02  5.221213e-01
 2.793624e+02  5.004065e-01
 2.867141e+02  4.820848e-01
 2.940657e+02  4.672643e-01
 3.014174e+02  4.560022e-01
 3.087690e+02  4.471967e-01
 3.161206e+02  4.407567e-01
 3.234723e+02  4.366404e-01
 3.308239e+02  4.338862e-01
 3.381756e+02  4.321386e-01
 3.455272e+02  4.311751e-01
 3.528789e+02  4.306577e-01
 3.602305e+02  4.303354e-01
 3.675822e+02  4.303963e-01
 3.749338e+02  4.309523e-01
 3.822854e+02  4.318887e-01
 3.896371e+02  4.338178e-01
 3.969887e+02  4.368030e-01
 4.043404e+02  4.403881e-01
 4.116920e+02  4.446710e-01
 4.190437e+02  4.501374e-01
 4.263953e+02  4.563386e-01
 4.337469e+02  4.632483e-01
 4.410986e+02  4.717417e-01
 4.484502e+02  4.818707e-01
 4.558019e+02  4.933376e-01
 4.631535e+02  5.065704e-01
 4.705052e+02  5.225085e-01
 4.778568e+02  5.404270e-01
 4.852084e+02  5.599628e-01
 4.925601e+02  5.824542e-01
 4.999117e+02  6.072087e-01
 5.072634e+02  6.337812e-01
 5.146150e+02  6.627382e-01
 5.219667e+02  6.942391e-01
 5.293183e+02  7.278160e-01
 5.366699e+02  7.631933e-01
 5.440216e+02  8.003735e-01
 5.513732e+02  8.396819e-01
 5.587249e+02  8.803395e-01
 5.660765e+02  9.216290e-01
 5.734282e+02  9.638779e-01
 5.807798e+02  1.006702e+00
 5.881314e+02  1.049095e+00
 5.954831e+02  1.089820e+00
 6.028347e+02  1.129437e+00
 6.101864e+02  1.167183e+00
 6.175380e+02  1.200555e+00
 6.248897e+02  1.229677e+00
 6.322413e+02  1.254178e+00
 6.395929e+02  1.272532e+00
 6.469446e+02  1.283304e+00
 6.542962e+02  1.286618e+00
 6.616479e+02  1.283223e+00
 6.689995e+02  1.271756e+00
 6.763512e+02  1.252135e+00
 6.837028e+02  1.227071e+00
 6.910544e+02  1.196746e+00
 6.984061e+02  1.161677e+00
 7.057577e+02  1.123985e+00
 7.131094e+02  1.084978e+00
 7.204610e+02  1.045743e+00
 7.278127e+02  1.007550e+00
 7.351643e+02  9.711079e-01
 7.425159e+02  9.372009e-01
 7.498676e+02  9.063221e-01
 7.572192e+02  8.781295e-01
 7.645709e+02  8.524601e-01
 7.719225e+02  8.297939e-01
 7.792742e+02  8.099896e-01
 7.866258e+02  7.924065e-01
 7.939774e+02  7.777260e-01
 8.013291e+02  7.648383e-01
 8.086807e+02  7.542107e-01
 8.160324e+02  7.454746e-01
 8.233840e+02  7.379622e-01
 8.307357e+02  7.311078e-01
 8.380873e+02  7.247351e-01
 8.454389e+02  7.189539e-01
 8.527906e+02  7.135691e-01
 8.601422e+02  7.084303e-01
 8.674939e+02  7.036284e-01
 8.748455e+02  6.991148e-01
 8.821972e+02  6.947934e-01
 8.895488e+02  6.906900e-01
 8.969004e+02  6.868852e-01
 9.042521e+02  6.833028e-01
 9.116037e+02  6.798926e-01
 9.189554e+02  6.767849e-01
 9.263070e+02  6.738676e-01
 9.336587e+02  6.710972e-01
 9.410103e+02  6.684683e-01
 9.483619e+02  6.660561e-01
 9.557136e+02  6.638046e-01
 9.630652e+02  6.617150e-01
 9.704169e+02  6.598272e-01
 9.777685e+02  6.581068e-01
 9.851202e+02  6.565140e-01
 9.924718e+02  6.550769e-01
 9.998234e+02  6.538261e-01
 1.007175e+03  6.526492e-01
 1.014527e+03  6.515967e-01
 1.021878e+03  6.507061e-01
 1.029230e+03  6.499190e-01
 1.036582e+03  6.491635e-01
 1.043933e+03  6.485120e-01
 1.051285e+03  6.479233e-01
 1.058637e+03  6.474029e-01
 1.065988e+03  6.469511e-01
 1.073340e+03  6.465186e-01
 1.080692e+03  6.461288e-01
 1.088043e+03  6.457598e-01
 1.095395e+03  6.454850e-01
 1.102746e+03  6.451947e-01
 1.110098e+03  6.449674e-01
 1.117450e+03  6.447763e-01
 1.124801e+03  6.445214e-01
 1.132153e+03  6.442391e-01
 1.139505e+03  6.439123e-01
 1.146856e+03  6.435148e-01
 1.154208e+03  6.430094e-01
 1.161560e+03  6.424054e-01
 1.168911e+03  6.417602e-01
 1.176263e+03  6.410720e-01
 1.183615e+03  6.403208e-01
 1.190966e+03  6.394930e-01
 1.198318e+03  6.386640e-01
 1.205669e+03  6.378422e-01
 1.213021e+03  6.370212e-01
 1.220373e+03  6.362634e-01
 1.227724e+03  6.355985e-01
 1.235076e+03  6.349243e-01
 1.242428e+03  6.342514e-01
 1.249779e+03  6.336678e-01
 1.257131e+03  6.330717e-01
 1.264483e+03  6.324935e-01
 1.271834e+03  6.320328e-01
 1.279186e+03  6.315300e-01
 1.286538e+03  6.310007e-01
 1.293889e+03  6.304570e-01
 1.301241e+03  6.299408e-01
 1.308592e+03  6.294047e-01
 1.315944e+03  6.288719e-01
 1.323296e+03  6.284010e-01
 1.330647e+03  6.278835e-01
 1.337999e+03  6.273709e-01
 1.345351e+03  6.268499e-01
 1.352702e+03  6.263569e-01
 1.360054e+03  6.258417e-01
 1.367406e+03  6.253223e-01
 1.374757e+03  6.248701e-01
 1.382109e+03  6.244410e-01
 1.389461e+03  6.240136e-01
 1.396812e+03  6.236060e-01
 1.404164e+03  6.232437e-01
 1.411515e+03  6.229116e-01
 1.418867e+03  6.226184e-01
 1.426219e+03  6.223942e-01
 1.433570e+03  6.222359e-01
 1.440922e+03  6.221293e-01
 1.448274e+03  6.221587e-01
 1.455625e+03  6.223217e-01
 1.462977e+03  6.226111e-01
 1.470329e+03  6.230122e-01
 1.477680e+03  6.234227e-01
 1.485032e+03  6.238874e-01
 1.492384e+03  6.244674e-01
 1.499735e+03  6.250827e-01
 1.507087e+03  6.257586e-01
 1.514438e+03  6.265117e-01
 1.521790e+03  6.272910e-01
 1.529142e+03  6.280586e-01
 1.536493e+03  6.287956e-01
 1.543845e+03  6.295133e-01
 1.551197e+03  6.302367e-01
 1.558548e+03  6.309575e-01
 1.565900e+03  6.316693e-01
 1.573252e+03  6.323584e-01
 1.580603e+03  6.330809e-01
 1.587955e+03  6.338556e-01
 1.595307e+03  6.346667e-01
 1.602658e+03  6.355829e-01
 1.610010e+03  6.365641e-01
 1.617361e+03  6.376622e-01
 1.624713e+03  6.389139e-01
 1.632065e+03  6.403271e-01
 1.639416e+03  6.419003e-01
 1.646768e+03  6.435881e-01
 1.654120e+03  6.454165e-01
 1.661471e+03  6.473961e-01
 1.668823e+03  6.495219e-01
 1.676175e+03  6.516883e-01
 1.683526e+03  6.540364e-01
 1.690878e+03  6.565397e-01
 1.698230e+03  6.591511e-01
 1.705581e+03  6.619299e-01
 1.712933e+03  6.648365e-01
 1.720284e+03  6.678637e-01
 1.727636e+03  6.711322e-01
 1.734988e+03  6.746203e-01
 1.742339e+03  6.783551e-01
 1.749691e+03  6.823701e-01
 1.757043e+03  6.867602e-01
 1.764394e+03  6.915188e-01
 1.771746e+03  6.966945e-01
 1.779098e+03  7.024978e-01
 1.786449e+03  7.088976e-01
 1.793801e+03  7.159963e-01
 1.801153e+03  7.240511e-01
 1.808504e+03  7.332305e-01
 1.815856e+03  7.435451e-01
 1.823207e+03  7.553873e-01
 1.830559e+03  7.690495e-01
 1.837911e+03  7.845072e-01
 1.845262e+03  8.019919e-01
 1.852614e+03  8.215756e-01
 1.859966e+03  8.429240e-01
 1.867317e+03  8.655556e-01
 1.874669e+03  8.888001e-01
 1.882021e+03  9.114904e-01
 1.889372e+03  9.325087e-01
 1.896724e+03  9.502718e-01
 1.904076e+03  9.626825e-01
 1.911427e+03  9.687195e-01
 1.918779e+03  9.672317e-01
 1.926130e+03  9.564171e-01
 1.933482e+03  9.360868e-01
 1.940834e+03  9.074097e-01
 1.948185e+03  8.699613e-01
 1.955537e+03  8.252573e-01
 1.962889e+03  7.760052e-01
 1.970240e+03  7.238393e-01
 1.977592e+03  6.710949e-01
 1.984944e+03  6.200522e-01
 1.992295e+03  5.720409e-01
 1.999647e+03  5.288658e-01
 2.006999e+03  4.916933e-01
 2.014350e+03  4.599943e-01
 2.021702e+03  4.342449e-01
 2.029053e+03  4.143297e-01
 2.036405e+03  3.990994e-01
 2.043757e+03  3.878066e-01
 2.051108e+03  3.799393e-01
 2.058460e+03  3.745665e-01
 2.065812e+03  3.708367e-01
 2.073163e+03  3.684635e-01
 2.080515e+03  3.669530e-01
 2.087867e+03  3.658832e-01
 2.095218e+03  3.651071e-01
 2.102570e+03  3.645545e-01
 2.109922e+03  3.641236e-01
 2.117273e+03  3.637220e-01
 2.124625e+03  3.633535e-01
 2.131976e+03  3.630506e-01
 2.139328e+03  3.627844e-01
 2.146680e+03  3.625709e-01
 2.154031e+03  3.624135e-01
 2.161383e+03  3.622870e-01
 2.168735e+03  3.621648e-01
 2.176086e+03  3.620298e-01
 2.183438e+03  3.618988e-01
 2.190790e+03  3.617798e-01
 2.198141e+03  3.616445e-01
 2.205493e+03  3.615066e-01
 2.212845e+03  3.613403e-01
 2.220196e+03  3.611158e-01
 2.227548e+03  3.608547e-01
 2.234899e+03  3.605527e-01
 2.242251e+03  3.601901e-01
 2.249603e+03  3.598047e-01
 2.256954e+03  3.593972e-01
 2.264306e+03  3.589811e-01
 2.271658e+03  3.585356e-01
 2.279009e+03  3.581098e-01
 2.286361e+03  3.576980e-01
 2.293713e+03  3.573192e-01
 2.301064e+03  3.569904e-01
 2.308416e+03  3.566875e-01
 2.315768e+03  3.564182e-01
 2.323119e+03  3.561967e-01
 2.330471e+03  3.560342e-01
 2.337822e+03  3.559068e-01
 2.345174e+03  3.558412e-01
 2.352526e+03  3.558106e-01
 2.359877e+03  3.558045e-01
 2.367229e+03  3.558001e-01
 2.374581e+03  3.557940e-01
 2.381932e+03  3.557525e-01
 2.389284e+03  3.556740e-01
 2.396636e+03  3.555860e-01
 2.403987e+03  3.554839e-01
 2.411339e+03  3.553322e-01
 2.418691e+03  3.551676e-01
 2.426042e+03  3.549911e-01
 2.433394e+03  3.547486e-01
 2.440745e+03  3.544966e-01
 2.448097e+03  3.542620e-01
 2.455449e+03  3.540172e-01
 2.462800e+03  3.537918e-01
 2.470152e+03  3.535802e-01
 2.477504e+03  3.533911e-01
 2.484855e+03  3.531935e-01
 2.492207e+03  3.530111e-01
 2.499559e+03  3.528640e-01
 2.506910e+03  3.527405e-01
 2.514262e+03  3.526451e-01
 2.521614e+03  3.525739e-01
 2.528965e+03  3.524595e-01
 2.536317e+03  3.523753e-01
 2.543668e+03  3.523181e-01
 2.551020e+03  3.523703e-01
 2.558372e+03  3.524900e-01
 2.565723e+03  3.526417e-01
 2.573075e+03  3.528015e-01
 2.580427e+03  3.529827e-01
 2.587778e+03  3.531662e-01
 2.595130e+03  3.533381e-01
 2.602482e+03  3.535106e-01
 2.609833e+03  3.536276e-01
 2.617185e+03  3.536721e-01
 2.624537e+03  3.536735e-01
 2.631888e+03  3.536283e-01
 2.639240e+03  3.535105e-01
 2.646591e+03  3.533425e-01
 2.653943e+03  3.531674e-01
 2.661295e+03  3.529616e-01
 2.668646e+03  3.527440e-01
 2.675998e+03  3.525520e-01
 2.683350e+03  3.523759e-01
 2.690701e+03  3.522295e-01
 2.698053e+03  3.521570e-01
 2.705405e+03  3.521117e-01
 2.712756e+03  3.521043e-01
 2.720108e+03  3.521496e-01
 2.727460e+03  3.522864e-01
 2.734811e+03  3.524951e-01
 2.742163e+03  3.527545e-01
 2.749514e+03  3.530746e-01
 2.756866e+03  3.534160e-01
 2.764218e+03  3.537892e-01
 2.771569e+03  3.541983e-01
 2.778921e+03  3.545807e-01
 2.786273e+03  3.549553e-01
 2.793624e+03  3.553391e-01
 2.800976e+03  3.557259e-01
 2.808328e+03  3.560541e-01
 2.815679e+03  3.563495e-01
 2.823031e+03  3.565981e-01
 2.830383e+03  3.568042e-01
 2.837734e+03  3.569997e-01
 2.845086e+03  3.571946e-01
 2.852437e+03  3.573794e-01
 2.859789e+03  3.575520e-01
 2.867141e+03  3.577346e-01
 2.874492e+03  3.579202e-01
 2.881844e+03  3.581024e-01
 2.889196e+03  3.582809e-01
 2.896547e+03  3.584359e-01
 2.903899e+03  3.585980e-01
 2.911251e+03  3.587444e-01
 2.918602e+03  3.588325e-01
 2.925954e+03  3.588677e-01
 2.933306e+03  3.588836e-01
 2.940657e+03  3.588576e-01
 2.948009e+03  3.587945e-01
 2.955360e+03  3.587102e-01
 2.962712e+03  3.586345e-01
 2.970064e+03  3.585619e-01
 2.977415e+03  3.584971e-01
 2.984767e+03  3.584578e-01
 2.992119e+03  3.584493e-01
 2.999470e+03  3.584432e-01
 3.006822e+03  3.584567e-01
 3.014174e+03  3.585178e-01
 3.021525e+03  3.586178e-01
 3.028877e+03  3.587512e-01
 3.036229e+03  3.589180e-01
 3.043580e+03  3.591276e-01
 3.050932e+03  3.593924e-01
 3.058283e+03  3.596812e-01
 3.065635e+03  3.599714e-01
 3.072987e+03  3.603034e-01
 3.080338e+03  3.606916e-01
 3.087690e+03  3.610701e-01
 3.095042e+03  3.614563e-01
 3.102393e+03  3.618996e-01
 3.109745e+03  3.622944e-01
 3.117097e+03  3.626977e-01
 3.124448e+03  3.631228e-01
 3.131800e+03  3.635318e-01
 3.139152e+03  3.639277e-01
 3.146503e+03  3.643009e-01
 3.153855e+03  3.646520e-01
 3.161206e+03  3.650238e-01
 3.168558e+03  3.654030e-01
 3.175910e+03  3.657907e-01
 3.183261e+03  3.662010e-01
 3.190613e+03  3.666038e-01
 3.197965e+03  3.670204e-01
 3.205316e+03  3.674436e-01
 3.212668e+03  3.679177e-01
 3.220020e+03  3.683694e-01
 3.227371e+03  3.687896e-01
 3.234723e+03  3.691750e-01
 3.242075e+03  3.695552e-01
 3.249426e+03  3.699013e-01
 3.256778e+03  3.702160e-01
 3.264129e+03  3.705358e-01
 3.271481e+03  3.708553e-01
 3.278833e+03  3.711864e-01
 3.286184e+03  3.714816e-01
 3.293536e+03  3.717970e-01
 3.300888e+03  3.721636e-01
 3.308239e+03  3.725582e-01
 3.315591e+03  3.729523e-01
 3.322943e+03  3.733433e-01
 3.330294e+03  3.737654e-01
 3.337646e+03  3.742511e-01
 3.344998e+03  3.747649e-01
 3.352349e+03  3.753186e-01
 3.359701e+03  3.759009e-01
 3.367052e+03  3.764901e-01
 3.374404e+03  3.771339e-01
 3.381756e+03  3.777641e-01
 3.389107e+03  3.784016e-01
 3.396459e+03  3.790431e-01
 3.403811e+03  3.796786e-01
 3.411162e+03  3.803109e-01
 3.418514e+03  3.809359e-01
 3.425866e+03  3.815224e-01
 3.433217e+03  3.821079e-01
 3.440569e+03  3.827141e-01
 3.447921e+03  3.833213e-01
 3.455272e+03  3.839174e-01
 3.462624e+03  3.845001e-01
 3.469975e+03  3.850687e-01
 3.477327e+03  3.856276e-01
 3.484679e+03  3.861612e-01
 3.492030e+03  3.866963e-01
 3.499382e+03  3.871906e-01
 3.506734e+03  3.876564e-01
 3.514085e+03  3.880621e-01
 3.521437e+03  3.884561e-01
 3.528789e+03  3.888813e-01
 3.536140e+03  3.893276e-01
 3.543492e+03  3.897817e-01
 3.550844e+03  3.902230e-01
 3.558195e+03  3.906669e-01
 3.565547e+03  3.911435e-01
 3.572899e+03  3.916553e-01
 3.580250e+03  3.922280e-01
 3.587602e+03  3.928591e-01
 3.594953e+03  3.935625e-01
 3.602305e+03  3.943664e-01
 3.609657e+03  3.951355e-01
 3.617008e+03  3.959349e-01
 3.624360e+03  3.967661e-01
 3.631712e+03  3.975602e-01
 3.639063e+03  3.983718e-01
 3.646415e+03  3.992024e-01
