150.0000,0.9807,0.9691,0.9135,0.8665,0.8598,0.8994,0.9624
155.0000,0.9759,0.9578,0.9051,0.8629,0.8631,0.9118,0.9953
160.0000,0.9684,0.9474,0.8965,0.8611,0.8653,0.9315,1.0306
165.0000,0.9567,0.9396,0.8867,0.8619,0.8659,0.9617,1.0570
170.0000,0.9499,0.9286,0.8804,0.8613,0.8709,0.9939,1.0901
175.0000,0.9399,0.9198,0.8741,0.8613,0.8786,1.0309,1.1233
180.0000,0.9301,0.9114,0.8688,0.8621,0.8884,1.0767,1.1382
185.0000,0.9230,0.9017,0.8658,0.8625,0.9032,1.1271,1.1314
190.0000,0.9135,0.8939,0.8643,0.8613,0.9283,1.1695,1.1133
195.0000,0.9062,0.8853,0.8653,0.8590,0.9631,1.2025,1.0734
200.0000,0.9021,0.8755,0.8688,0.8558,1.0086,1.2198,1.0050
205.0000,0.8943,0.8691,0.8707,0.8563,1.0587,1.2231,0.8874
210.0000,0.8907,0.8598,0.8788,0.8512,1.1326,1.1616,0.8411
215.0000,0.8952,0.8502,0.8846,0.8543,1.2021,1.0789,0.7682
220.0000,0.8799,0.8554,0.8769,0.8764,1.2486,0.9927,0.6484
225.0000,0.8756,0.8561,0.8733,0.9008,1.2973,0.8455,0.6403
230.0000,0.8632,0.8684,0.8559,0.9493,1.3017,0.7177,0.5973
235.0000,0.8625,0.8786,0.8356,1.0142,1.2645,0.6076,0.5517
240.0000,0.8475,0.8971,0.8147,1.0860,1.1995,0.4939,0.5591
245.0000,0.8239,0.9215,0.7911,1.1709,1.0810,0.4382,0.5182
250.0000,0.8545,0.9130,0.7956,1.2419,0.9397,0.4106,0.4873
255.0000,0.8488,0.9158,0.8144,1.2914,0.7991,0.3796,0.5193
260.0000,0.8390,0.9179,0.8474,1.3246,0.6365,0.4138,0.4731
265.0000,0.8711,0.8919,0.9181,1.3130,0.5016,0.4464,0.4485
270.0000,0.8876,0.8718,1.0046,1.2650,0.3934,0.4828,0.4228
275.0000,0.9181,0.8479,1.1080,1.1767,0.3253,0.5070,0.4136
280.0000,0.9047,0.8590,1.1988,1.0628,0.2949,0.5141,0.4179
285.0000,0.9400,0.8568,1.2883,0.9291,0.2878,0.5359,0.3653
290.0000,0.9800,0.8697,1.3587,0.7788,0.3285,0.5020,0.4067
295.0000,0.9530,0.9445,1.3653,0.6524,0.3679,0.4780,0.4209
300.0000,0.9785,1.0056,1.3437,0.5403,0.4102,0.4599,0.4123
305.0000,0.9831,1.0890,1.2733,0.4558,0.4513,0.4308,0.4311
310.0000,1.0213,1.1528,1.1747,0.3983,0.4801,0.4128,0.4341
315.0000,1.0397,1.2167,1.0430,0.3717,0.4964,0.3938,0.4542
320.0000,1.0498,1.2573,0.8977,0.3721,0.4924,0.3949,0.4449
325.0000,1.0413,1.2690,0.7547,0.3891,0.4768,0.4035,0.4343
330.0000,1.1120,1.2031,0.6511,0.4001,0.4697,0.3999,0.4466
335.0000,1.1136,1.1337,0.5543,0.4226,0.4496,0.4127,0.4307
340.0000,1.0929,1.0425,0.4833,0.4417,0.4326,0.4214,0.4252
345.0000,1.0656,0.9332,0.4398,0.4541,0.4195,0.4293,0.4181
350.0000,1.0287,0.8131,0.4238,0.4562,0.4149,0.4302,0.4207
355.0000,0.9606,0.7111,0.4179,0.4556,0.4123,0.4307,0.4225
360.0000,0.8673,0.6327,0.4166,0.4536,0.4108,0.4309,0.4243
365.0000,0.8044,0.5517,0.4313,0.4441,0.4142,0.4309,0.4218
370.0000,0.7196,0.5040,0.4391,0.4372,0.4176,0.4287,0.4255
375.0000,0.6410,0.4757,0.4433,0.4321,0.4199,0.4279,0.4270
380.0000,0.5782,0.4600,0.4444,0.4285,0.4211,0.4289,0.4259
385.0000,0.5334,0.4498,0.4453,0.4249,0.4236,0.4279,0.4280
390.0000,0.5031,0.4436,0.4451,0.4220,0.4257,0.4274,0.4292
395.0000,0.4773,0.4445,0.4411,0.4215,0.4262,0.4283,0.4291
400.0000,0.4590,0.4464,0.4364,0.4217,0.4267,0.4288,0.4302
405.0000,0.4545,0.4439,0.4339,0.4213,0.4278,0.4290,0.4310
410.0000,0.4482,0.4439,0.4300,0.4223,0.4277,0.4304,0.4304
415.0000,0.4445,0.4424,0.4271,0.4231,0.4282,0.4309,0.4312
420.0000,0.4437,0.4393,0.4255,0.4236,0.4288,0.4314,0.4314
425.0000,0.4412,0.4371,0.4236,0.4247,0.4287,0.4328,0.4297
430.0000,0.4388,0.4347,0.4225,0.4255,0.4294,0.4329,0.4299
435.0000,0.4374,0.4316,0.4225,0.4259,0.4305,0.4323,0.4304
440.0000,0.4350,0.4296,0.4221,0.4268,0.4306,0.4331,0.4281
445.0000,0.4328,0.4277,0.4225,0.4273,0.4316,0.4320,0.4293
450.0000,0.4303,0.4263,0.4229,0.4278,0.4323,0.4311,0.4298
455.0000,0.4294,0.4247,0.4235,0.4286,0.4323,0.4314,0.4278
460.0000,0.4272,0.4243,0.4240,0.4293,0.4327,0.4302,0.4290
465.0000,0.4250,0.4245,0.4242,0.4302,0.4324,0.4298,0.4288
470.0000,0.4252,0.4240,0.4249,0.4311,0.4317,0.4303,0.4267
475.0000,0.4240,0.4246,0.4252,0.4319,0.4312,0.4297,0.4267
480.0000,0.4228,0.4253,0.4257,0.4325,0.4307,0.4292,0.4264
485.0000,0.4242,0.4248,0.4270,0.4325,0.4306,0.4282,0.4262
490.0000,0.4238,0.4256,0.4275,0.4330,0.4296,0.4284,0.4243
495.0000,0.4242,0.4256,0.4291,0.4321,0.4310,0.4242,0.4325
500.0000,0.4253,0.4253,0.4307,0.4313,0.4316,0.4212,0.4424
505.0000,0.4256,0.4260,0.4311,0.4315,0.4301,0.4218,0.4531
510.0000,0.4251,0.4275,0.4310,0.4322,0.4278,0.4244,0.4687
515.0000,0.4263,0.4284,0.4305,0.4335,0.4234,0.4331,0.4832
520.0000,0.4262,0.4300,0.4298,0.4343,0.4198,0.4433,0.5044
525.0000,0.4256,0.4315,0.4294,0.4344,0.4175,0.4557,0.5351
530.0000,0.4279,0.4313,0.4299,0.4339,0.4155,0.4743,0.5691
535.0000,0.4276,0.4325,0.4296,0.4334,0.4145,0.4991,0.6083
540.0000,0.4274,0.4335,0.4291,0.4330,0.4137,0.5345,0.6385
545.0000,0.4300,0.4312,0.4323,0.4280,0.4229,0.5644,0.6926
550.0000,0.4309,0.4303,0.4339,0.4243,0.4329,0.6058,0.7439
555.0000,0.4326,0.4285,0.4364,0.4192,0.4497,0.6491,0.8089
560.0000,0.4317,0.4291,0.4358,0.4175,0.4663,0.7089,0.8562
565.0000,0.4321,0.4286,0.4361,0.4147,0.4922,0.7686,0.9102
570.0000,0.4322,0.4284,0.4361,0.4123,0.5275,0.8267,0.9775
575.0000,0.4313,0.4292,0.4344,0.4126,0.5690,0.8892,1.0415
580.0000,0.4309,0.4303,0.4309,0.4173,0.6149,0.9581,1.0953
585.0000,0.4297,0.4320,0.4260,0.4262,0.6672,1.0285,1.1380
590.0000,0.4287,0.4323,0.4227,0.4371,0.7310,1.0875,1.1934
595.0000,0.4302,0.4311,0.4195,0.4540,0.7990,1.1458,1.2381
600.0000,0.4296,0.4309,0.4154,0.4786,0.8683,1.2041,1.2678
605.0000,0.4305,0.4283,0.4150,0.5071,0.9456,1.2463,1.3099
610.0000,0.4299,0.4260,0.4166,0.5420,1.0257,1.2773,1.3573
615.0000,0.4291,0.4257,0.4175,0.5887,1.0965,1.3133,1.3900
620.0000,0.4245,0.4289,0.4197,0.6442,1.1617,1.3454,1.4208
625.0000,0.4257,0.4300,0.4284,0.7047,1.2241,1.3682,1.4628
630.0000,0.4218,0.4371,0.4389,0.7739,1.2750,1.3947,1.5033
635.0000,0.4175,0.4465,0.4552,0.8480,1.3164,1.4234,1.5460
640.0000,0.4281,0.4517,0.4808,0.9256,1.3443,1.4665,1.5684
680.0000,0.5776,0.6393,0.9880,1.3353,1.5948,1.6824,1.3818
685.0000,0.6104,0.6939,1.0630,1.3524,1.6609,1.6107,1.3287
690.0000,0.6621,0.7486,1.1287,1.3781,1.7061,1.5461,1.2106
695.0000,0.7129,0.8120,1.1851,1.4048,1.7516,1.4344,1.1465
700.0000,0.7438,0.8944,1.2209,1.4451,1.7730,1.3101,1.0827
705.0000,0.8035,0.9690,1.2488,1.4954,1.7642,1.1862,1.0176
710.0000,0.8587,1.0443,1.2682,1.5527,1.7289,1.0528,1.0056
715.0000,0.9050,1.1214,1.2761,1.6237,1.6442,0.9611,0.9577
720.0000,0.9842,1.1742,1.2930,1.6920,1.5256,0.9002,0.9075
725.0000,1.0206,1.2397,1.3097,1.7488,1.3974,0.8343,0.9180
730.0000,1.0734,1.2843,1.3403,1.7922,1.2421,0.8246,0.8704
735.0000,1.1535,1.2993,1.3979,1.8024,1.0943,0.8267,0.8397
740.0000,1.2018,1.3203,1.4651,1.7817,0.9623,0.8339,0.8262
745.0000,1.2602,1.3283,1.5487,1.7254,0.8533,0.8506,0.8045
750.0000,1.2973,1.3442,1.6347,1.6373,0.7763,0.8607,0.7941
755.0000,1.3549,1.3519,1.7213,1.5242,0.7228,0.8836,0.7481
760.0000,1.4089,1.3692,1.7960,1.3877,0.7132,0.8701,0.7544
765.0000,1.4091,1.4254,1.8318,1.2509,0.7253,0.8451,0.7683
770.0000,1.4555,1.4673,1.8448,1.1190,0.7438,0.8368,0.7400
775.0000,1.4878,1.5261,1.8175,0.9997,0.7787,0.8035,0.7542
780.0000,1.5067,1.5943,1.7477,0.9066,0.8077,0.7758,0.7583
785.0000,1.5207,1.6629,1.6413,0.8419,0.8266,0.7529,0.7631
790.0000,1.5290,1.7185,1.5098,0.8042,0.8326,0.7394,0.7590
795.0000,1.5890,1.7167,1.3857,0.7790,0.8343,0.7292,0.7529
800.0000,1.5939,1.7155,1.2462,0.7769,0.8250,0.7186,0.7645
805.0000,1.5869,1.6831,1.1168,0.7878,0.8029,0.7257,0.7483
810.0000,1.6082,1.5966,1.0211,0.7945,0.7849,0.7298,0.7376
815.0000,1.5846,1.5033,0.9408,0.8033,0.7671,0.7318,0.7346
820.0000,1.5376,1.4009,0.8811,0.8101,0.7497,0.7366,0.7259
825.0000,1.5065,1.2779,0.8510,0.8071,0.7407,0.7361,0.7218
830.0000,1.4193,1.1783,0.8270,0.8051,0.7300,0.7402,0.7079
835.0000,1.3368,1.0844,0.8182,0.7962,0.7276,0.7345,0.7111
840.0000,1.2478,1.0095,0.8134,0.7865,0.7261,0.7298,0.7096
845.0000,1.1600,0.9517,0.8107,0.7763,0.7261,0.7241,0.7077
850.0000,1.1004,0.8947,0.8162,0.7628,0.7283,0.7190,0.7015
855.0000,1.0219,0.8673,0.8116,0.7542,0.7288,0.7119,0.7019
860.0000,0.9652,0.8469,0.8062,0.7472,0.7281,0.7066,0.6993
865.0000,0.9141,0.8388,0.7953,0.7439,0.7245,0.7034,0.6953
870.0000,0.8808,0.8298,0.7862,0.7404,0.7214,0.6993,0.6931
875.0000,0.8618,0.8189,0.7790,0.7369,0.7183,0.6952,0.6911
880.0000,0.8397,0.8144,0.7686,0.7358,0.7129,0.6931,0.6880
885.0000,0.8256,0.8072,0.7606,0.7341,0.7080,0.6908,0.6857
890.0000,0.8187,0.7968,0.7555,0.7312,0.7039,0.6884,0.6837
895.0000,0.8084,0.7892,0.7498,0.7292,0.6988,0.6875,0.6799
900.0000,0.7987,0.7816,0.7453,0.7263,0.6946,0.6859,0.6774
905.0000,0.7924,0.7727,0.7427,0.7223,0.6916,0.6836,0.6753
910.0000,0.7855,0.7649,0.7403,0.7185,0.6881,0.6831,0.6693
915.0000,0.7772,0.7586,0.7382,0.7138,0.6868,0.6789,0.6706
920.0000,0.7706,0.7525,0.7362,0.7091,0.6854,0.6756,0.6699
925.0000,0.7637,0.7483,0.7331,0.7054,0.6829,0.6743,0.6660
930.0000,0.7576,0.7445,0.7300,0.7013,0.6815,0.6710,0.6669
935.0000,0.7530,0.7406,0.7269,0.6976,0.6798,0.6685,0.6668
940.0000,0.7473,0.7385,0.7222,0.6951,0.6769,0.6678,0.6644
945.0000,0.7419,0.7366,0.7174,0.6928,0.6743,0.6667,0.6638
950.0000,0.7358,0.7349,0.7124,0.6908,0.6715,0.6663,0.6621
955.0000,0.7359,0.7301,0.7090,0.6884,0.6688,0.6670,0.6570
960.0000,0.7317,0.7270,0.7051,0.6859,0.6673,0.6652,0.6574
965.0000,0.7274,0.7236,0.7016,0.6834,0.6661,0.6637,0.6563
970.0000,0.7263,0.7182,0.6995,0.6802,0.6658,0.6614,0.6552
975.0000,0.7230,0.7141,0.6966,0.6778,0.6644,0.6607,0.6512
980.0000,0.7184,0.7105,0.6941,0.6751,0.6645,0.6573,0.6520
985.0000,0.7159,0.7061,0.6920,0.6726,0.6641,0.6548,0.6510
990.0000,0.7118,0.7031,0.6889,0.6711,0.6626,0.6536,0.6484
995.0000,0.7075,0.7005,0.6859,0.6696,0.6614,0.6514,0.6477
1000.0000,0.7052,0.6970,0.6835,0.6681,0.6602,0.6491,0.6473
1005.0000,0.7006,0.6954,0.6798,0.6678,0.6576,0.6484,0.6453
1010.0000,0.6958,0.6940,0.6764,0.6673,0.6553,0.6470,0.6456
1015.0000,0.6952,0.6902,0.6747,0.6661,0.6534,0.6456,0.6459
1020.0000,0.6921,0.6879,0.6721,0.6656,0.6505,0.6460,0.6447
1025.0000,0.6889,0.6853,0.6704,0.6644,0.6484,0.6456,0.6456
1030.0000,0.6878,0.6815,0.6698,0.6626,0.6467,0.6455,0.6461
1035.0000,0.6856,0.6784,0.6689,0.6610,0.6445,0.6471,0.6440
1040.0000,0.6823,0.6761,0.6683,0.6588,0.6437,0.6470,0.6454
1045.0000,0.6804,0.6734,0.6680,0.6563,0.6434,0.6471,0.6460
1050.0000,0.6776,0.6719,0.6667,0.6544,0.6424,0.6490,0.6431
1055.0000,0.6747,0.6709,0.6656,0.6520,0.6430,0.6485,0.6447
1060.0000,0.6737,0.6689,0.6648,0.6494,0.6442,0.6476,0.6460
1065.0000,0.6714,0.6684,0.6626,0.6481,0.6442,0.6488,0.6433
1070.0000,0.6693,0.6677,0.6606,0.6465,0.6454,0.6478,0.6450
1075.0000,0.6663,0.6674,0.6581,0.6455,0.6462,0.6472,0.6454
1080.0000,0.6673,0.6651,0.6562,0.6449,0.6464,0.6481,0.6423
1085.0000,0.6654,0.6641,0.6538,0.6445,0.6473,0.6468,0.6440
1090.0000,0.6626,0.6634,0.6512,0.6447,0.6477,0.6460,0.6443
1095.0000,0.6632,0.6607,0.6497,0.6447,0.6482,0.6451,0.6446
1100.0000,0.6607,0.6598,0.6472,0.6457,0.6473,0.6456,0.6430
1105.0000,0.6576,0.6587,0.6453,0.6465,0.6471,0.6446,0.6441
1110.0000,0.6584,0.6554,0.6449,0.6468,0.6469,0.6440,0.6445
1115.0000,0.6565,0.6537,0.6440,0.6477,0.6457,0.6448,0.6434
1120.0000,0.6544,0.6519,0.6437,0.6481,0.6452,0.6445,0.6443
1125.0000,0.6541,0.6492,0.6445,0.6479,0.6449,0.6442,0.6451
1130.0000,0.6521,0.6479,0.6446,0.6483,0.6438,0.6454,0.6440
1135.0000,0.6495,0.6473,0.6450,0.6482,0.6434,0.6455,0.6452
1140.0000,0.6492,0.6458,0.6460,0.6475,0.6434,0.6455,0.6461
1145.0000,0.6476,0.6458,0.6462,0.6475,0.6426,0.6471,0.6447
1150.0000,0.6458,0.6461,0.6465,0.6469,0.6429,0.6471,0.6463
1155.0000,0.6464,0.6454,0.6474,0.6460,0.6435,0.6473,0.6468
1160.0000,0.6457,0.6459,0.6472,0.6457,0.6432,0.6491,0.6444
1165.0000,0.6451,0.6463,0.6474,0.6450,0.6441,0.6488,0.6451
1170.0000,0.6460,0.6459,0.6478,0.6442,0.6451,0.6489,0.6439
1175.0000,0.6457,0.6465,0.6472,0.6442,0.6452,0.6500,0.6393
1180.0000,0.6447,0.6474,0.6466,0.6439,0.6466,0.6486,0.6381
1185.0000,0.6461,0.6467,0.6468,0.6431,0.6487,0.6455,0.6379
1190.0000,0.6459,0.6472,0.6458,0.6436,0.6489,0.6446,0.6329
1195.0000,0.6454,0.6476,0.6451,0.6439,0.6501,0.6407,0.6337
1200.0000,0.6438,0.6484,0.6439,0.6446,0.6504,0.6370,0.6341
1205.0000,0.6462,0.6471,0.6436,0.6457,0.6492,0.6352,0.6317
1210.0000,0.6457,0.6471,0.6428,0.6470,0.6479,0.6320,0.6340
1215.0000,0.6440,0.6476,0.6417,0.6488,0.6449,0.6309,0.6340
1220.0000,0.6457,0.6463,0.6418,0.6501,0.6415,0.6309,0.6335
1225.0000,0.6442,0.6468,0.6411,0.6516,0.6374,0.6319,0.6328
1230.0000,0.6424,0.6472,0.6412,0.6523,0.6337,0.6330,0.6321
1235.0000,0.6448,0.6450,0.6432,0.6514,0.6313,0.6338,0.6317
1240.0000,0.6444,0.6446,0.6446,0.6503,0.6286,0.6361,0.6283
1245.0000,0.6439,0.6439,0.6469,0.6477,0.6282,0.6354,0.6295
1250.0000,0.6449,0.6426,0.6497,0.6441,0.6293,0.6337,0.6313
1255.0000,0.6451,0.6423,0.6514,0.6412,0.6293,0.6344,0.6291
1260.0000,0.6451,0.6425,0.6527,0.6377,0.6309,0.6327,0.6315
1265.0000,0.6449,0.6435,0.6528,0.6349,0.6322,0.6316,0.6328
1270.0000,0.6447,0.6452,0.6514,0.6332,0.6324,0.6321,0.6322
1275.0000,0.6433,0.6478,0.6488,0.6322,0.6327,0.6320,0.6332
1280.0000,0.6452,0.6485,0.6464,0.6314,0.6327,0.6324,0.6331
1285.0000,0.6441,0.6510,0.6422,0.6321,0.6316,0.6342,0.6310
1290.0000,0.6433,0.6522,0.6387,0.6325,0.6314,0.6343,0.6316
1295.0000,0.6466,0.6498,0.6370,0.6321,0.6319,0.6341,0.6316
1300.0000,0.6466,0.6487,0.6346,0.6327,0.6312,0.6357,0.6281
1305.0000,0.6464,0.6463,0.6335,0.6325,0.6321,0.6344,0.6292
1310.0000,0.6466,0.6430,0.6334,0.6318,0.6334,0.6327,0.6301
1315.0000,0.6456,0.6403,0.6330,0.6319,0.6334,0.6330,0.6274
1320.0000,0.6437,0.6382,0.6328,0.6317,0.6341,0.6313,0.6283
1325.0000,0.6404,0.6373,0.6322,0.6320,0.6342,0.6303,0.6281
1330.0000,0.6399,0.6354,0.6320,0.6325,0.6335,0.6306,0.6249
1335.0000,0.6369,0.6355,0.6312,0.6331,0.6332,0.6292,0.6256
1340.0000,0.6337,0.6359,0.6302,0.6340,0.6323,0.6284,0.6248
1345.0000,0.6350,0.6342,0.6306,0.6342,0.6317,0.6273,0.6239
1350.0000,0.6333,0.6345,0.6300,0.6350,0.6301,0.6275,0.6208
1355.0000,0.6322,0.6341,0.6304,0.6349,0.6298,0.6252,0.6220
1360.0000,0.6335,0.6323,0.6317,0.6343,0.6295,0.6232,0.6227
1365.0000,0.6332,0.6317,0.6322,0.6342,0.6281,0.6229,0.6216
1370.0000,0.6321,0.6316,0.6328,0.6337,0.6273,0.6214,0.6239
1375.0000,0.6326,0.6310,0.6336,0.6331,0.6260,0.6211,0.6250
1380.0000,0.6316,0.6317,0.6335,0.6329,0.6240,0.6221,0.6255
1385.0000,0.6302,0.6329,0.6331,0.6327,0.6220,0.6234,0.6263
1390.0000,0.6316,0.6325,0.6335,0.6318,0.6206,0.6251,0.6264
1395.0000,0.6309,0.6337,0.6328,0.6314,0.6187,0.6282,0.6239
1400.0000,0.6305,0.6343,0.6327,0.6300,0.6186,0.6294,0.6239
1405.0000,0.6323,0.6332,0.6336,0.6278,0.6197,0.6297,0.6234
1410.0000,0.6326,0.6331,0.6334,0.6262,0.6201,0.6317,0.6179
1415.0000,0.6327,0.6327,0.6339,0.6236,0.6233,0.6287,0.6205
1420.0000,0.6332,0.6319,0.6340,0.6214,0.6263,0.6261,0.6209
1425.0000,0.6331,0.6320,0.6330,0.6205,0.6277,0.6252,0.6177
1430.0000,0.6324,0.6323,0.6315,0.6198,0.6297,0.6220,0.6194
1435.0000,0.6327,0.6320,0.6298,0.6200,0.6306,0.6195,0.6198
1440.0000,0.6317,0.6329,0.6269,0.6215,0.6298,0.6184,0.6190
1445.0000,0.6300,0.6338,0.6237,0.6236,0.6283,0.6175,0.6192
1450.0000,0.6260,0.6354,0.6203,0.6262,0.6257,0.6174,0.6191
1455.0000,0.6299,0.6327,0.6194,0.6279,0.6230,0.6184,0.6172
1460.0000,0.6286,0.6319,0.6182,0.6295,0.6206,0.6184,0.6188
1465.0000,0.6275,0.6301,0.6182,0.6304,0.6184,0.6189,0.6197
1470.0000,0.6290,0.6266,0.6201,0.6299,0.6171,0.6193,0.6210
1475.0000,0.6285,0.6242,0.6219,0.6293,0.6153,0.6213,0.6200
1480.0000,0.6278,0.6220,0.6245,0.6275,0.6152,0.6215,0.6221
1485.0000,0.6265,0.6206,0.6268,0.6255,0.6154,0.6223,0.6232
1490.0000,0.6251,0.6204,0.6283,0.6237,0.6153,0.6244,0.6220
1495.0000,0.6230,0.6214,0.6291,0.6217,0.6164,0.6249,0.6235
1500.0000,0.6232,0.6219,0.6299,0.6196,0.6181,0.6250,0.6246
1505.0000,0.6222,0.6240,0.6290,0.6185,0.6188,0.6267,0.6228
1510.0000,0.6213,0.6260,0.6278,0.6175,0.6207,0.6263,0.6245
1515.0000,0.6234,0.6262,0.6269,0.6164,0.6228,0.6257,0.6259
1520.0000,0.6233,0.6279,0.6245,0.6168,0.6234,0.6269,0.6242
1525.0000,0.6235,0.6285,0.6227,0.6169,0.6250,0.6259,0.6269
1530.0000,0.6256,0.6274,0.6214,0.6173,0.6262,0.6255,0.6286
1535.0000,0.6257,0.6271,0.6194,0.6186,0.6262,0.6267,0.6284
1540.0000,0.6244,0.6270,0.6176,0.6201,0.6263,0.6271,0.6307
1545.0000,0.6255,0.6251,0.6169,0.6213,0.6264,0.6280,0.6322
1550.0000,0.6244,0.6244,0.6158,0.6231,0.6254,0.6304,0.6318
1555.0000,0.6228,0.6236,0.6153,0.6245,0.6252,0.6318,0.6339
1560.0000,0.6234,0.6213,0.6162,0.6251,0.6255,0.6334,0.6351
1565.0000,0.6223,0.6203,0.6167,0.6261,0.6252,0.6365,0.6331
1570.0000,0.6212,0.6192,0.6181,0.6262,0.6263,0.6376,0.6343
1575.0000,0.6196,0.6186,0.6195,0.6260,0.6279,0.6384,0.6347
1580.0000,0.6202,0.6174,0.6213,0.6260,0.6290,0.6407,0.6300
1585.0000,0.6193,0.6173,0.6230,0.6253,0.6319,0.6393,0.6321
1590.0000,0.6181,0.6181,0.6240,0.6251,0.6345,0.6381,0.6319
1595.0000,0.6189,0.6183,0.6252,0.6250,0.6372,0.6361,0.6315
1600.0000,0.6180,0.6202,0.6249,0.6261,0.6383,0.6355,0.6284
1605.0000,0.6169,0.6222,0.6245,0.6272,0.6401,0.6323,0.6302
1610.0000,0.6194,0.6225,0.6247,0.6285,0.6409,0.6298,0.6309
1615.0000,0.6196,0.6241,0.6237,0.6309,0.6401,0.6287,0.6309
1620.0000,0.6184,0.6262,0.6226,0.6336,0.6385,0.6276,0.6326
1625.0000,0.6217,0.6256,0.6231,0.6358,0.6364,0.6276,0.6338
1630.0000,0.6219,0.6264,0.6230,0.6382,0.6334,0.6288,0.6351
1635.0000,0.6218,0.6268,0.6236,0.6400,0.6305,0.6306,0.6370
1640.0000,0.6240,0.6257,0.6257,0.6407,0.6281,0.6329,0.6389
1645.0000,0.6241,0.6259,0.6274,0.6412,0.6254,0.6370,0.6384
1650.0000,0.6244,0.6256,0.6301,0.6402,0.6246,0.6395,0.6407
1655.0000,0.6256,0.6250,0.6335,0.6381,0.6253,0.6416,0.6433
1660.0000,0.6261,0.6254,0.6361,0.6362,0.6256,0.6458,0.6411
1665.0000,0.6266,0.6261,0.6387,0.6332,0.6286,0.6465,0.6454
1670.0000,0.6272,0.6272,0.6407,0.6303,0.6321,0.6472,0.6484
1675.0000,0.6280,0.6290,0.6411,0.6285,0.6347,0.6499,0.6471
1680.0000,0.6284,0.6313,0.6408,0.6269,0.6386,0.6500,0.6508
1685.0000,0.6268,0.6350,0.6388,0.6266,0.6420,0.6504,0.6536
1690.0000,0.6304,0.6360,0.6370,0.6270,0.6446,0.6522,0.6535
1695.0000,0.6306,0.6383,0.6341,0.6283,0.6472,0.6527,0.6570
1700.0000,0.6285,0.6411,0.6304,0.6308,0.6488,0.6540,0.6596
1705.0000,0.6336,0.6397,0.6286,0.6332,0.6499,0.6565,0.6597
1710.0000,0.6336,0.6397,0.6265,0.6362,0.6511,0.6580,0.6633
1715.0000,0.6334,0.6387,0.6253,0.6391,0.6520,0.6600,0.6660
1720.0000,0.6357,0.6357,0.6259,0.6414,0.6532,0.6622,0.6685
1725.0000,0.6352,0.6340,0.6263,0.6441,0.6536,0.6657,0.6692
1730.0000,0.6338,0.6323,0.6278,0.6461,0.6550,0.6680,0.6719
1735.0000,0.6339,0.6300,0.6305,0.6475,0.6570,0.6702,0.6744
1740.0000,0.6326,0.6294,0.6326,0.6493,0.6582,0.6739,0.6741
1745.0000,0.6310,0.6293,0.6352,0.6503,0.6609,0.6754,0.6773
1750.0000,0.6313,0.6290,0.6383,0.6510,0.6639,0.6767,0.6799
1755.0000,0.6306,0.6303,0.6404,0.6525,0.6660,0.6797,0.6796
1760.0000,0.6300,0.6321,0.6426,0.6536,0.6693,0.6802,0.6839
1765.0000,0.6315,0.6333,0.6449,0.6547,0.6726,0.6809,0.6880
1770.0000,0.6318,0.6361,0.6458,0.6570,0.6742,0.6837,0.6894
1775.0000,0.6324,0.6388,0.6468,0.6592,0.6765,0.6852,0.6943
1780.0000,0.6353,0.6402,0.6484,0.6613,0.6786,0.6873,0.6991
1785.0000,0.6366,0.6428,0.6490,0.6644,0.6793,0.6915,0.7022
1790.0000,0.6365,0.6460,0.6494,0.6674,0.6804,0.6953,0.7075
1795.0000,0.6404,0.6466,0.6513,0.6698,0.6816,0.7003,0.7110
1800.0000,0.6422,0.6483,0.6528,0.6726,0.6826,0.7066,0.7124
1805.0000,0.6439,0.6494,0.6552,0.6743,0.6852,0.7109,0.7178
1810.0000,0.6441,0.6511,0.6577,0.6757,0.6887,0.7150,0.7231
1815.0000,0.6478,0.6512,0.6609,0.6770,0.6919,0.7211,0.7237
1820.0000,0.6495,0.6523,0.6642,0.6777,0.6974,0.7236,0.7323
1825.0000,0.6499,0.6544,0.6668,0.6788,0.7028,0.7265,0.7404
1830.0000,0.6527,0.6559,0.6692,0.6807,0.7071,0.7324,0.7441
1835.0000,0.6539,0.6585,0.6709,0.6829,0.7122,0.7365,0.7527
1840.0000,0.6543,0.6618,0.6720,0.6858,0.7169,0.7415,0.7613
1845.0000,0.6577,0.6637,0.6735,0.6890,0.7216,0.7474,0.7700
1850.0000,0.6582,0.6676,0.6735,0.6936,0.7250,0.7554,0.7777
1855.0000,0.6586,0.6712,0.6739,0.6983,0.7290,0.7636,0.7865
1860.0000,0.6639,0.6715,0.6765,0.7018,0.7346,0.7706,0.7986
1865.0000,0.6657,0.6737,0.6781,0.7066,0.7389,0.7810,0.8084
1870.0000,0.6667,0.6756,0.6806,0.7106,0.7454,0.7891,0.8260
1875.0000,0.6709,0.6758,0.6844,0.7146,0.7516,0.8002,0.8419
1880.0000,0.6731,0.6770,0.6879,0.7191,0.7577,0.8139,0.8579
1885.0000,0.6750,0.6783,0.6924,0.7228,0.7664,0.8255,0.8850
1890.0000,0.6771,0.6799,0.6969,0.7268,0.7754,0.8396,0.9162
1895.0000,0.6783,0.6833,0.7001,0.7325,0.7829,0.8601,0.9479
1900.0000,0.6792,0.6874,0.7030,0.7387,0.7909,0.8847,0.9831
1905.0000,0.6830,0.6898,0.7078,0.7436,0.8031,0.9084,1.0343
1910.0000,0.6851,0.6944,0.7108,0.7508,0.8133,0.9426,1.0866
1915.0000,0.6857,0.7001,0.7136,0.7582,0.8259,0.9817,1.1511
1920.0000,0.6914,0.7039,0.7159,0.7689,0.8338,1.0431,1.1893
1925.0000,0.6950,0.7079,0.7205,0.7766,0.8516,1.1014,1.2403
1930.0000,0.6983,0.7121,0.7251,0.7856,0.8715,1.1735,1.2595
1935.0000,0.6981,0.7181,0.7292,0.7955,0.8962,1.2547,1.2384
1940.0000,0.7074,0.7177,0.7402,0.7993,0.9395,1.3201,1.1945
1945.0000,0.7133,0.7181,0.7535,0.8006,0.9994,1.3643,1.1193
1950.0000,0.7230,0.7162,0.7700,0.7994,1.0774,1.3756,1.0129
1955.0000,0.7240,0.7207,0.7812,0.8060,1.1575,1.3688,0.8226
1960.0000,0.7369,0.7148,0.8051,0.8010,1.2772,1.2528,0.7620
1965.0000,0.7507,0.7145,0.8202,0.8117,1.3843,1.1048,0.6714
1970.0000,0.7409,0.7314,0.8199,0.8438,1.4686,0.9217,0.5923
1975.0000,0.7457,0.7490,0.8079,0.9046,1.5018,0.7456,0.4970
1980.0000,0.7396,0.7763,0.7875,0.9845,1.4980,0.5412,0.4944
1985.0000,0.7479,0.8038,0.7568,1.0960,1.4127,0.3997,0.4558
1990.0000,0.7407,0.8358,0.7326,1.2095,1.2934,0.2490,0.5312
1995.0000,0.6986,0.8896,0.6953,1.3490,1.0765,0.2310,0.4694
2000.0000,0.7598,0.8809,0.7104,1.4561,0.8383,0.2617,0.4056
2005.0000,0.7603,0.8888,0.7524,1.5181,0.6251,0.2691,0.4449
2010.0000,0.7750,0.8774,0.8309,1.5392,0.4066,0.3496,0.3856
2015.0000,0.8162,0.8422,0.9580,1.4903,0.2442,0.4151,0.3597
2020.0000,0.8530,0.8096,1.1072,1.3877,0.1254,0.4958,0.2791
2025.0000,0.9252,0.7599,1.2889,1.2135,0.0997,0.5000,0.3131
2030.0000,0.8867,0.7977,1.4197,1.0256,0.1121,0.4938,0.3347
2035.0000,0.9334,0.8167,1.5360,0.8234,0.1499,0.5102,0.2644
2040.0000,0.9932,0.8594,1.6115,0.6130,0.2461,0.4463,0.3283
2045.0000,0.9623,0.9881,1.5881,0.4501,0.3284,0.3966,0.3631
2050.0000,0.9980,1.1015,1.5138,0.3222,0.4017,0.3557,0.3820
2055.0000,1.0127,1.2374,1.3661,0.2492,0.4487,0.3270,0.3937
2060.0000,0.9649,1.3897,1.1564,0.2333,0.4583,0.3244,0.3848
2065.0000,1.1006,1.4187,0.9759,0.2249,0.4752,0.2988,0.4277
2070.0000,1.1198,1.4597,0.7608,0.2656,0.4460,0.3231,0.3884
2075.0000,1.1385,1.4323,0.5777,0.3120,0.4147,0.3415,0.3722
2080.0000,1.2266,1.3055,0.4585,0.3434,0.3956,0.3469,0.3763
2085.0000,1.2284,1.1675,0.3660,0.3764,0.3706,0.3621,0.3622
2090.0000,1.2122,0.9979,0.3212,0.3936,0.3572,0.3679,0.3600
2095.0000,1.1260,0.8469,0.2973,0.4051,0.3473,0.3713,0.3601
2100.0000,1.0686,0.6751,0.3147,0.3986,0.3482,0.3722,0.3550
2105.0000,0.9536,0.5535,0.3312,0.3921,0.3509,0.3687,0.3599
2110.0000,0.8066,0.4789,0.3415,0.3884,0.3511,0.3681,0.3613
2115.0000,0.6910,0.4229,0.3548,0.3828,0.3519,0.3694,0.3574
2120.0000,0.6081,0.3793,0.3715,0.3736,0.3573,0.3656,0.3610
2125.0000,0.5253,0.3617,0.3797,0.3679,0.3603,0.3637,0.3623
2130.0000,0.4603,0.3596,0.3813,0.3652,0.3610,0.3640,0.3611
2135.0000,0.4137,0.3642,0.3798,0.3636,0.3617,0.3636,0.3617
2140.0000,0.3964,0.3637,0.3808,0.3608,0.3636,0.3624,0.3622
2145.0000,0.3814,0.3684,0.3780,0.3601,0.3640,0.3624,0.3614
2150.0000,0.3729,0.3726,0.3748,0.3599,0.3644,0.3618,0.3619
2155.0000,0.3729,0.3734,0.3726,0.3596,0.3649,0.3613,0.3618
2160.0000,0.3712,0.3758,0.3689,0.3605,0.3642,0.3617,0.3608
2165.0000,0.3699,0.3771,0.3655,0.3616,0.3636,0.3617,0.3607
2170.0000,0.3725,0.3754,0.3638,0.3620,0.3634,0.3612,0.3609
2175.0000,0.3726,0.3743,0.3618,0.3631,0.3624,0.3618,0.3595
2180.0000,0.3725,0.3723,0.3609,0.3635,0.3621,0.3613,0.3605
2185.0000,0.3722,0.3699,0.3607,0.3637,0.3619,0.3609,0.3614
2190.0000,0.3717,0.3672,0.3609,0.3639,0.3611,0.3616,0.3602
2195.0000,0.3702,0.3653,0.3613,0.3638,0.3610,0.3612,0.3618
2200.0000,0.3679,0.3642,0.3616,0.3638,0.3606,0.3615,0.3624
2205.0000,0.3669,0.3629,0.3622,0.3635,0.3603,0.3620,0.3627
2210.0000,0.3651,0.3626,0.3623,0.3634,0.3597,0.3632,0.3620
2215.0000,0.3631,0.3628,0.3625,0.3631,0.3598,0.3635,0.3624
2220.0000,0.3634,0.3621,0.3631,0.3624,0.3602,0.3638,0.3625
2225.0000,0.3626,0.3624,0.3631,0.3621,0.3602,0.3648,0.3608
2230.0000,0.3619,0.3626,0.3633,0.3614,0.3612,0.3642,0.3613
2235.0000,0.3625,0.3622,0.3637,0.3606,0.3622,0.3636,0.3610
2240.0000,0.3623,0.3625,0.3634,0.3605,0.3627,0.3637,0.3591
2245.0000,0.3617,0.3630,0.3631,0.3603,0.3636,0.3626,0.3589
2250.0000,0.3625,0.3627,0.3629,0.3601,0.3645,0.3613,0.3585
2255.0000,0.3623,0.3632,0.3621,0.3606,0.3645,0.3606,0.3567
2260.0000,0.3616,0.3637,0.3613,0.3611,0.3646,0.3592,0.3562
2265.0000,0.3625,0.3632,0.3609,0.3616,0.3644,0.3578,0.3555
2270.0000,0.3620,0.3636,0.3600,0.3627,0.3633,0.3572,0.3537
2275.0000,0.3614,0.3637,0.3594,0.3635,0.3626,0.3556,0.3540
2280.0000,0.3624,0.3627,0.3596,0.3640,0.3615,0.3544,0.3538
2285.0000,0.3621,0.3624,0.3595,0.3648,0.3597,0.3541,0.3526
2290.0000,0.3616,0.3621,0.3599,0.3651,0.3582,0.3534,0.3529
2295.0000,0.3620,0.3611,0.3608,0.3649,0.3568,0.3529,0.3531
2300.0000,0.3617,0.3608,0.3614,0.3648,0.3550,0.3533,0.3521
2305.0000,0.3612,0.3607,0.3623,0.3641,0.3538,0.3531,0.3530
2310.0000,0.3600,0.3612,0.3629,0.3632,0.3527,0.3532,0.3537
2315.0000,0.3610,0.3608,0.3637,0.3621,0.3514,0.3544,0.3524
2320.0000,0.3608,0.3612,0.3643,0.3607,0.3511,0.3544,0.3539
2325.0000,0.3604,0.3618,0.3646,0.3592,0.3509,0.3548,0.3545
2330.0000,0.3614,0.3618,0.3649,0.3575,0.3511,0.3552,0.3548
2335.0000,0.3613,0.3626,0.3644,0.3563,0.3511,0.3563,0.3536
2340.0000,0.3611,0.3632,0.3639,0.3548,0.3519,0.3561,0.3544
2345.0000,0.3622,0.3630,0.3634,0.3533,0.3531,0.3558,0.3547
2350.0000,0.3622,0.3635,0.3620,0.3526,0.3536,0.3564,0.3534
2355.0000,0.3615,0.3641,0.3605,0.3519,0.3547,0.3555,0.3544
2360.0000,0.3627,0.3633,0.3594,0.3514,0.3558,0.3548,0.3549
2365.0000,0.3623,0.3633,0.3575,0.3517,0.3560,0.3549,0.3544
2370.0000,0.3612,0.3632,0.3557,0.3521,0.3563,0.3543,0.3555
2375.0000,0.3621,0.3617,0.3546,0.3525,0.3564,0.3541,0.3562
2380.0000,0.3612,0.3610,0.3531,0.3535,0.3559,0.3546,0.3564
2385.0000,0.3600,0.3602,0.3519,0.3544,0.3554,0.3550,0.3573
2390.0000,0.3601,0.3584,0.3516,0.3551,0.3548,0.3557,0.3579
2395.0000,0.3590,0.3574,0.3511,0.3559,0.3539,0.3573,0.3574
2400.0000,0.3576,0.3564,0.3511,0.3563,0.3536,0.3582,0.3579
2405.0000,0.3573,0.3547,0.3519,0.3562,0.3537,0.3590,0.3581
2410.0000,0.3563,0.3539,0.3525,0.3563,0.3535,0.3607,0.3560
2415.0000,0.3555,0.3530,0.3535,0.3557,0.3545,0.3607,0.3563
2420.0000,0.3549,0.3522,0.3547,0.3549,0.3560,0.3601,0.3565
2425.0000,0.3543,0.3520,0.3554,0.3545,0.3568,0.3605,0.3539
2430.0000,0.3536,0.3522,0.3560,0.3540,0.3584,0.3591,0.3543
2435.0000,0.3521,0.3532,0.3559,0.3539,0.3596,0.3576,0.3540
2440.0000,0.3529,0.3535,0.3558,0.3542,0.3602,0.3570,0.3516
2445.0000,0.3525,0.3545,0.3552,0.3546,0.3609,0.3548,0.3527
2450.0000,0.3518,0.3557,0.3543,0.3557,0.3608,0.3534,0.3525
2455.0000,0.3534,0.3555,0.3539,0.3567,0.3602,0.3523,0.3521
2460.0000,0.3530,0.3565,0.3529,0.3582,0.3588,0.3517,0.3514
2465.0000,0.3527,0.3569,0.3524,0.3594,0.3574,0.3510,0.3517
2470.0000,0.3545,0.3559,0.3529,0.3602,0.3558,0.3507,0.3518
2475.0000,0.3544,0.3558,0.3532,0.3610,0.3538,0.3511,0.3513
2480.0000,0.3540,0.3555,0.3539,0.3613,0.3522,0.3513,0.3517
2485.0000,0.3550,0.3545,0.3553,0.3608,0.3510,0.3517,0.3518
2490.0000,0.3550,0.3542,0.3566,0.3603,0.3496,0.3528,0.3507
2495.0000,0.3546,0.3541,0.3580,0.3591,0.3491,0.3531,0.3508
2500.0000,0.3550,0.3539,0.3595,0.3575,0.3493,0.3530,0.3510
2505.0000,0.3550,0.3544,0.3604,0.3560,0.3492,0.3538,0.3491
2510.0000,0.3548,0.3552,0.3611,0.3543,0.3501,0.3531,0.3496
2515.0000,0.3554,0.3558,0.3614,0.3526,0.3512,0.3521,0.3499
2520.0000,0.3554,0.3571,0.3607,0.3517,0.3515,0.3522,0.3481
2525.0000,0.3554,0.3583,0.3598,0.3508,0.3525,0.3507,0.3493
2530.0000,0.3567,0.3587,0.3588,0.3502,0.3531,0.3498,0.3494
2535.0000,0.3570,0.3596,0.3570,0.3504,0.3528,0.3496,0.3484
2540.0000,0.3564,0.3605,0.3550,0.3509,0.3525,0.3491,0.3485
2545.0000,0.3580,0.3597,0.3538,0.3512,0.3522,0.3486,0.3483
2550.0000,0.3579,0.3595,0.3522,0.3520,0.3511,0.3489,0.3471
2555.0000,0.3575,0.3589,0.3511,0.3525,0.3504,0.3486,0.3473
2560.0000,0.3562,0.3583,0.3503,0.3529,0.3498,0.3481,0.3479
2565.0000,0.3574,0.3563,0.3503,0.3530,0.3488,0.3488,0.3464
2570.0000,0.3567,0.3549,0.3505,0.3528,0.3485,0.3480,0.3485
2575.0000,0.3556,0.3538,0.3509,0.3525,0.3481,0.3478,0.3501
2580.0000,0.3553,0.3525,0.3515,0.3520,0.3477,0.3480,0.3514
2585.0000,0.3545,0.3518,0.3518,0.3517,0.3470,0.3491,0.3523
2590.0000,0.3530,0.3518,0.3520,0.3513,0.3464,0.3503,0.3533
2595.0000,0.3529,0.3512,0.3524,0.3506,0.3462,0.3517,0.3541
2600.0000,0.3519,0.3517,0.3521,0.3503,0.3459,0.3538,0.3538
2605.0000,0.3506,0.3524,0.3519,0.3496,0.3463,0.3552,0.3545
2610.0000,0.3516,0.3518,0.3522,0.3485,0.3475,0.3559,0.3552
2615.0000,0.3513,0.3521,0.3519,0.3480,0.3484,0.3576,0.3537
2620.0000,0.3510,0.3521,0.3517,0.3471,0.3503,0.3575,0.3546
2625.0000,0.3518,0.3515,0.3518,0.3462,0.3526,0.3569,0.3554
2630.0000,0.3518,0.3514,0.3512,0.3461,0.3541,0.3572,0.3541
2635.0000,0.3514,0.3515,0.3504,0.3461,0.3560,0.3563,0.3548
2640.0000,0.3516,0.3512,0.3496,0.3466,0.3574,0.3555,0.3548
2645.0000,0.3510,0.3516,0.3482,0.3479,0.3579,0.3554,0.3537
2650.0000,0.3499,0.3521,0.3468,0.3494,0.3583,0.3546,0.3541
2655.0000,0.3507,0.3512,0.3462,0.3509,0.3584,0.3540,0.3538
2660.0000,0.3500,0.3512,0.3452,0.3529,0.3575,0.3542,0.3526
2665.0000,0.3490,0.3511,0.3446,0.3547,0.3567,0.3540,0.3523
2670.0000,0.3499,0.3496,0.3454,0.3558,0.3562,0.3534,0.3520
2675.0000,0.3495,0.3488,0.3461,0.3571,0.3550,0.3538,0.3502
2680.0000,0.3492,0.3479,0.3475,0.3577,0.3544,0.3532,0.3501
2685.0000,0.3486,0.3473,0.3491,0.3578,0.3541,0.3524,0.3502
2690.0000,0.3487,0.3467,0.3509,0.3579,0.3532,0.3527,0.3478
2695.0000,0.3483,0.3467,0.3528,0.3574,0.3532,0.3511,0.3497
2700.0000,0.3476,0.3475,0.3542,0.3570,0.3528,0.3503,0.3503
2705.0000,0.3481,0.3482,0.3555,0.3564,0.3524,0.3498,0.3508
2710.0000,0.3477,0.3499,0.3559,0.3563,0.3514,0.3501,0.3506
2715.0000,0.3475,0.3516,0.3562,0.3559,0.3507,0.3501,0.3514
2720.0000,0.3494,0.3523,0.3567,0.3553,0.3502,0.3504,0.3520
2725.0000,0.3501,0.3536,0.3566,0.3549,0.3493,0.3514,0.3517
2730.0000,0.3501,0.3551,0.3563,0.3545,0.3488,0.3521,0.3522
2735.0000,0.3523,0.3552,0.3566,0.3535,0.3489,0.3526,0.3528
2740.0000,0.3531,0.3558,0.3563,0.3529,0.3486,0.3539,0.3518
2745.0000,0.3536,0.3561,0.3561,0.3520,0.3492,0.3540,0.3526
2750.0000,0.3548,0.3558,0.3562,0.3509,0.3502,0.3539,0.3531
2755.0000,0.3551,0.3560,0.3556,0.3503,0.3507,0.3547,0.3519
2760.0000,0.3552,0.3560,0.3552,0.3496,0.3519,0.3541,0.3531
2765.0000,0.3557,0.3556,0.3547,0.3490,0.3531,0.3535,0.3541
2770.0000,0.3555,0.3557,0.3536,0.3492,0.3535,0.3539,0.3537
2775.0000,0.3547,0.3559,0.3525,0.3495,0.3541,0.3534,0.3553
2780.0000,0.3553,0.3553,0.3517,0.3499,0.3544,0.3535,0.3564
2785.0000,0.3547,0.3553,0.3503,0.3508,0.3540,0.3544,0.3567
2790.0000,0.3535,0.3554,0.3491,0.3519,0.3536,0.3554,0.3575
2795.0000,0.3543,0.3541,0.3489,0.3525,0.3533,0.3564,0.3578
2800.0000,0.3537,0.3536,0.3485,0.3534,0.3528,0.3582,0.3569
2805.0000,0.3531,0.3527,0.3486,0.3538,0.3530,0.3591,0.3573
2810.0000,0.3522,0.3520,0.3492,0.3539,0.3535,0.3596,0.3575
2815.0000,0.3526,0.3506,0.3501,0.3539,0.3539,0.3611,0.3546
2820.0000,0.3520,0.3499,0.3512,0.3534,0.3556,0.3601,0.3565
2825.0000,0.3512,0.3496,0.3521,0.3530,0.3570,0.3594,0.3572
2830.0000,0.3511,0.3494,0.3529,0.3528,0.3584,0.3586,0.3573
2835.0000,0.3505,0.3498,0.3530,0.3532,0.3591,0.3585,0.3563
2840.0000,0.3495,0.3508,0.3529,0.3537,0.3599,0.3575,0.3566
2845.0000,0.3503,0.3511,0.3530,0.3543,0.3603,0.3569,0.3563
2850.0000,0.3500,0.3522,0.3524,0.3555,0.3600,0.3568,0.3553
2855.0000,0.3489,0.3536,0.3517,0.3568,0.3595,0.3564,0.3551
2860.0000,0.3509,0.3532,0.3520,0.3575,0.3592,0.3557,0.3550
2865.0000,0.3510,0.3537,0.3518,0.3587,0.3582,0.3558,0.3539
2870.0000,0.3511,0.3539,0.3522,0.3594,0.3576,0.3551,0.3546
2875.0000,0.3524,0.3532,0.3533,0.3597,0.3572,0.3544,0.3554
2880.0000,0.3527,0.3531,0.3541,0.3601,0.3560,0.3549,0.3549
2885.0000,0.3529,0.3528,0.3553,0.3600,0.3555,0.3545,0.3568
2890.0000,0.3532,0.3527,0.3564,0.3597,0.3548,0.3549,0.3579
2895.0000,0.3531,0.3532,0.3572,0.3596,0.3538,0.3562,0.3581
2900.0000,0.3528,0.3540,0.3579,0.3592,0.3532,0.3571,0.3594
2905.0000,0.3536,0.3544,0.3588,0.3584,0.3530,0.3582,0.3605
2910.0000,0.3537,0.3554,0.3590,0.3579,0.3526,0.3604,0.3599
2915.0000,0.3534,0.3567,0.3591,0.3572,0.3529,0.3616,0.3609
2920.0000,0.3549,0.3568,0.3597,0.3560,0.3540,0.3624,0.3616
2925.0000,0.3556,0.3574,0.3596,0.3553,0.3548,0.3643,0.3597
2930.0000,0.3562,0.3578,0.3596,0.3542,0.3567,0.3642,0.3608
2935.0000,0.3562,0.3584,0.3593,0.3534,0.3586,0.3639,0.3612
2940.0000,0.3574,0.3583,0.3588,0.3531,0.3601,0.3646,0.3587
2945.0000,0.3576,0.3586,0.3581,0.3530,0.3622,0.3632,0.3600
2950.0000,0.3568,0.3593,0.3568,0.3535,0.3637,0.3622,0.3599
2955.0000,0.3579,0.3589,0.3559,0.3542,0.3648,0.3611,0.3594
2960.0000,0.3572,0.3595,0.3542,0.3559,0.3649,0.3606,0.3580
2965.0000,0.3562,0.3598,0.3529,0.3575,0.3650,0.3594,0.3580
2970.0000,0.3577,0.3585,0.3525,0.3590,0.3648,0.3584,0.3574
2975.0000,0.3571,0.3581,0.3520,0.3609,0.3637,0.3580,0.3562
2980.0000,0.3562,0.3576,0.3519,0.3625,0.3626,0.3572,0.3559
2985.0000,0.3570,0.3560,0.3529,0.3634,0.3617,0.3563,0.3560
2990.0000,0.3565,0.3552,0.3539,0.3644,0.3601,0.3562,0.3552
2995.0000,0.3558,0.3546,0.3553,0.3649,0.3590,0.3556,0.3561
3000.0000,0.3557,0.3540,0.3571,0.3649,0.3578,0.3552,0.3569
3005.0000,0.3552,0.3541,0.3586,0.3648,0.3562,0.3560,0.3565
3010.0000,0.3547,0.3545,0.3601,0.3642,0.3553,0.3562,0.3579
3015.0000,0.3551,0.3549,0.3617,0.3634,0.3544,0.3570,0.3583
3020.0000,0.3552,0.3560,0.3627,0.3625,0.3534,0.3587,0.3574
3025.0000,0.3551,0.3573,0.3635,0.3613,0.3532,0.3595,0.3576
3030.0000,0.3563,0.3581,0.3644,0.3598,0.3537,0.3601,0.3572
3035.0000,0.3569,0.3594,0.3645,0.3586,0.3538,0.3616,0.3543
3040.0000,0.3573,0.3608,0.3645,0.3571,0.3553,0.3608,0.3548
3045.0000,0.3589,0.3611,0.3646,0.3553,0.3575,0.3590,0.3560
3050.0000,0.3598,0.3619,0.3638,0.3546,0.3585,0.3587,0.3541
3055.0000,0.3603,0.3627,0.3627,0.3539,0.3600,0.3568,0.3558
3060.0000,0.3596,0.3638,0.3609,0.3541,0.3607,0.3555,0.3565
3065.0000,0.3614,0.3635,0.3595,0.3546,0.3606,0.3550,0.3564
3070.0000,0.3613,0.3638,0.3575,0.3557,0.3601,0.3545,0.3574
3075.0000,0.3601,0.3642,0.3555,0.3572,0.3589,0.3548,0.3578
3080.0000,0.3616,0.3628,0.3546,0.3583,0.3577,0.3554,0.3583
3085.0000,0.3606,0.3625,0.3533,0.3597,0.3560,0.3568,0.3584
3090.0000,0.3595,0.3617,0.3528,0.3605,0.3548,0.3577,0.3594
3095.0000,0.3606,0.3593,0.3538,0.3604,0.3542,0.3586,0.3606
3100.0000,0.3599,0.3579,0.3546,0.3604,0.3535,0.3605,0.3602
3105.0000,0.3597,0.3562,0.3561,0.3595,0.3539,0.3612,0.3619
3110.0000,0.3589,0.3550,0.3577,0.3584,0.3546,0.3621,0.3628
3115.0000,0.3583,0.3543,0.3590,0.3573,0.3552,0.3638,0.3620
3120.0000,0.3572,0.3544,0.3600,0.3562,0.3566,0.3643,0.3627
3125.0000,0.3566,0.3548,0.3605,0.3552,0.3583,0.3647,0.3629
3130.0000,0.3558,0.3560,0.3601,0.3548,0.3595,0.3658,0.3608
3135.0000,0.3548,0.3575,0.3594,0.3545,0.3614,0.3650,0.3618
3140.0000,0.3560,0.3579,0.3590,0.3544,0.3633,0.3641,0.3620
3145.0000,0.3561,0.3591,0.3576,0.3552,0.3641,0.3642,0.3602
3150.0000,0.3560,0.3599,0.3563,0.3560,0.3654,0.3627,0.3612
3155.0000,0.3575,0.3593,0.3557,0.3569,0.3662,0.3615,0.3614
3160.0000,0.3578,0.3592,0.3548,0.3585,0.3661,0.3611,0.3607
3165.0000,0.3575,0.3590,0.3541,0.3601,0.3658,0.3603,0.3615
3170.0000,0.3582,0.3580,0.3540,0.3616,0.3651,0.3600,0.3619
3175.0000,0.3576,0.3578,0.3538,0.3634,0.3637,0.3605,0.3616
3180.0000,0.3567,0.3576,0.3540,0.3648,0.3623,0.3608,0.3623
3185.0000,0.3554,0.3576,0.3546,0.3658,0.3610,0.3614,0.3629
3190.0000,0.3567,0.3563,0.3562,0.3663,0.3596,0.3630,0.3617
3195.0000,0.3564,0.3559,0.3578,0.3662,0.3591,0.3635,0.3631
3200.0000,0.3562,0.3557,0.3597,0.3657,0.3589,0.3641,0.3638
3205.0000,0.3566,0.3554,0.3618,0.3646,0.3592,0.3646,0.3645
3210.0000,0.3567,0.3558,0.3633,0.3637,0.3594,0.3659,0.3635
3215.0000,0.3566,0.3566,0.3647,0.3624,0.3606,0.3657,0.3649
3220.0000,0.3571,0.3575,0.3658,0.3612,0.3619,0.3656,0.3657
3225.0000,0.3573,0.3592,0.3658,0.3606,0.3626,0.3664,0.3651
3230.0000,0.3567,0.3613,0.3652,0.3602,0.3637,0.3660,0.3667
3235.0000,0.3588,0.3620,0.3650,0.3598,0.3649,0.3657,0.3679
3240.0000,0.3594,0.3635,0.3638,0.3602,0.3652,0.3664,0.3683
3245.0000,0.3598,0.3647,0.3625,0.3608,0.3657,0.3668,0.3697
3250.0000,0.3617,0.3645,0.3618,0.3614,0.3659,0.3676,0.3706
3255.0000,0.3619,0.3651,0.3605,0.3625,0.3656,0.3692,0.3706
3260.0000,0.3619,0.3652,0.3597,0.3634,0.3656,0.3704,0.3710
3265.0000,0.3632,0.3640,0.3598,0.3639,0.3660,0.3715,0.3712
3270.0000,0.3631,0.3635,0.3596,0.3647,0.3660,0.3733,0.3694
3275.0000,0.3628,0.3627,0.3601,0.3650,0.3671,0.3736,0.3698
3280.0000,0.3631,0.3615,0.3611,0.3648,0.3686,0.3731,0.3702
3285.0000,0.3627,0.3610,0.3618,0.3651,0.3695,0.3738,0.3678
3290.0000,0.3622,0.3606,0.3626,0.3651,0.3712,0.3725,0.3689
3295.0000,0.3620,0.3603,0.3635,0.3651,0.3728,0.3708,0.3699
3300.0000,0.3616,0.3607,0.3638,0.3659,0.3734,0.3704,0.3690
3305.0000,0.3610,0.3615,0.3638,0.3668,0.3739,0.3692,0.3703
3310.0000,0.3592,0.3631,0.3632,0.3682,0.3735,0.3688,0.3709
3315.0000,0.3610,0.3631,0.3634,0.3695,0.3728,0.3691,0.3707
3320.0000,0.3606,0.3643,0.3631,0.3711,0.3717,0.3694,0.3715
3325.0000,0.3602,0.3652,0.3630,0.3725,0.3704,0.3702,0.3718
3330.0000,0.3624,0.3646,0.3641,0.3731,0.3695,0.3709,0.3723
3335.0000,0.3624,0.3650,0.3647,0.3739,0.3682,0.3725,0.3716
3340.0000,0.3629,0.3649,0.3662,0.3737,0.3681,0.3729,0.3730
3345.0000,0.3642,0.3642,0.3682,0.3730,0.3684,0.3732,0.3741
3350.0000,0.3647,0.3642,0.3697,0.3724,0.3684,0.3747,0.3735
3355.0000,0.3649,0.3645,0.3713,0.3714,0.3694,0.3747,0.3755
3360.0000,0.3653,0.3650,0.3726,0.3703,0.3704,0.3750,0.3767
3365.0000,0.3655,0.3662,0.3731,0.3698,0.3710,0.3762,0.3767
3370.0000,0.3653,0.3678,0.3731,0.3694,0.3720,0.3768,0.3779
3375.0000,0.3666,0.3687,0.3730,0.3690,0.3731,0.3774,0.3789
3380.0000,0.3667,0.3706,0.3720,0.3694,0.3735,0.3789,0.3782
3385.0000,0.3668,0.3720,0.3711,0.3697,0.3746,0.3792,0.3797
3390.0000,0.3689,0.3719,0.3708,0.3699,0.3757,0.3797,0.3806
3395.0000,0.3695,0.3725,0.3698,0.3707,0.3762,0.3811,0.3796
3400.0000,0.3695,0.3728,0.3692,0.3714,0.3772,0.3813,0.3808
3405.0000,0.3709,0.3720,0.3693,0.3719,0.3783,0.3814,0.3815
3410.0000,0.3712,0.3715,0.3691,0.3728,0.3788,0.3824,0.3804
3415.0000,0.3711,0.3711,0.3692,0.3736,0.3798,0.3824,0.3811
3420.0000,0.3699,0.3712,0.3692,0.3745,0.3806,0.3822,0.3815
3425.0000,0.3708,0.3703,0.3697,0.3754,0.3810,0.3829,0.3801
3430.0000,0.3702,0.3704,0.3701,0.3763,0.3817,0.3824,0.3810
3435.0000,0.3688,0.3709,0.3703,0.3774,0.3822,0.3819,0.3818
3440.0000,0.3701,0.3704,0.3711,0.3784,0.3822,0.3825,0.3804
3445.0000,0.3697,0.3707,0.3718,0.3792,0.3825,0.3818,0.3824
3450.0000,0.3693,0.3712,0.3725,0.3801,0.3825,0.3816,0.3836
3455.0000,0.3704,0.3710,0.3737,0.3808,0.3824,0.3817,0.3848
3460.0000,0.3703,0.3717,0.3744,0.3817,0.3817,0.3827,0.3853
3465.0000,0.3700,0.3726,0.3751,0.3824,0.3812,0.3838,0.3860
3470.0000,0.3713,0.3726,0.3764,0.3827,0.3809,0.3850,0.3865
3475.0000,0.3715,0.3736,0.3772,0.3831,0.3803,0.3868,0.3858
3480.0000,0.3712,0.3748,0.3780,0.3831,0.3806,0.3879,0.3862
3485.0000,0.3730,0.3748,0.3796,0.3825,0.3817,0.3881,0.3868
3490.0000,0.3737,0.3756,0.3805,0.3822,0.3822,0.3895,0.3850
3495.0000,0.3745,0.3762,0.3816,0.3815,0.3839,0.3889,0.3860
3500.0000,0.3755,0.3767,0.3826,0.3808,0.3857,0.3881,0.3868
3505.0000,0.3761,0.3778,0.3827,0.3808,0.3867,0.3884,0.3854
3510.0000,0.3764,0.3790,0.3827,0.3809,0.3881,0.3872,0.3868
3515.0000,0.3777,0.3797,0.3826,0.3812,0.3891,0.3865,0.3875
3520.0000,0.3781,0.3809,0.3817,0.3823,0.3891,0.3866,0.3871
3525.0000,0.3777,0.3824,0.3806,0.3837,0.3890,0.3864,0.3882
3530.0000,0.3796,0.3823,0.3804,0.3848,0.3886,0.3866,0.3887
3535.0000,0.3798,0.3830,0.3796,0.3864,0.3876,0.3876,0.3883
3540.0000,0.3799,0.3833,0.3794,0.3876,0.3869,0.3882,0.3892
3545.0000,0.3793,0.3835,0.3796,0.3885,0.3862,0.3890,0.3898
3550.0000,0.3814,0.3821,0.3808,0.3890,0.3855,0.3908,0.3880
3555.0000,0.3816,0.3816,0.3821,0.3890,0.3856,0.3912,0.3890
3560.0000,0.3813,0.3812,0.3835,0.3887,0.3861,0.3916,0.3890
3565.0000,0.3820,0.3807,0.3850,0.3883,0.3862,0.3931,0.3858
3570.0000,0.3819,0.3807,0.3866,0.3874,0.3878,0.3920,0.3873
3575.0000,0.3814,0.3814,0.3876,0.3867,0.3892,0.3910,0.3874
3580.0000,0.3820,0.3820,0.3885,0.3861,0.3907,0.3895,0.3879
3585.0000,0.3815,0.3836,0.3882,0.3863,0.3912,0.3891,0.3868
3590.0000,0.3812,0.3853,0.3879,0.3865,0.3922,0.3872,0.3890
3595.0000,0.3830,0.3857,0.3877,0.3869,0.3924,0.3862,0.3907
3600.0000,0.3835,0.3869,0.3868,0.3880,0.3917,0.3861,0.3925
3605.0000,0.3828,0.3885,0.3856,0.3894,0.3903,0.3868,0.3948
3610.0000,0.3851,0.3882,0.3853,0.3907,0.3885,0.3889,0.3958
3615.0000,0.3853,0.3887,0.3847,0.3919,0.3868,0.3914,0.3975
3620.0000,0.3852,0.3890,0.3846,0.3927,0.3852,0.3945,0.3982
3625.0000,0.3867,0.3878,0.3857,0.3926,0.3846,0.3975,0.3988
3630.0000,0.3868,0.3875,0.3866,0.3923,0.3842,0.4015,0.3967
3635.0000,0.3871,0.3865,0.3884,0.3909,0.3859,0.4028,0.3976
3640.0000,0.3874,0.3857,0.3904,0.3890,0.3888,0.4033,0.3981
3645.0000,0.3876,0.3853,0.3918,0.3875,0.3912,0.4050,0.3942
