150.0000,1.2334,1.2380,1.2369,1.2364,1.2528,1.2494,1.2489
155.0000,1.2359,1.2373,1.2366,1.2377,1.2547,1.2473,1.2516
160.0000,1.2345,1.2393,1.2341,1.2411,1.2536,1.2487,1.2504
165.0000,1.2328,1.2409,1.2322,1.2442,1.2529,1.2483,1.2539
170.0000,1.2363,1.2390,1.2325,1.2466,1.2519,1.2492,1.2559
175.0000,1.2358,1.2394,1.2317,1.2501,1.2489,1.2531,1.2545
180.0000,1.2337,1.2400,1.2317,1.2527,1.2470,1.2555,1.2566
185.0000,1.2368,1.2371,1.2347,1.2533,1.2466,1.2575,1.2581
190.0000,1.2365,1.2365,1.2367,1.2545,1.2449,1.2627,1.2530
195.0000,1.2360,1.2357,1.2400,1.2537,1.2463,1.2634,1.2560
200.0000,1.2336,1.2362,1.2432,1.2524,1.2487,1.2633,1.2584
205.0000,1.2366,1.2351,1.2467,1.2514,1.2497,1.2672,1.2509
210.0000,1.2365,1.2358,1.2499,1.2491,1.2543,1.2639,1.2580
215.0000,1.2340,1.2388,1.2511,1.2482,1.2576,1.2624,1.2606
220.0000,1.2375,1.2399,1.2522,1.2481,1.2590,1.2644,1.2558
225.0000,1.2371,1.2433,1.2518,1.2483,1.2620,1.2616,1.2620
230.0000,1.2354,1.2476,1.2499,1.2499,1.2630,1.2611,1.2643
235.0000,1.2409,1.2481,1.2494,1.2514,1.2637,1.2615,1.2654
240.0000,1.2398,1.2522,1.2463,1.2549,1.2621,1.2641,1.2640
245.0000,1.2390,1.2548,1.2444,1.2577,1.2614,1.2652,1.2651
250.0000,1.2458,1.2522,1.2456,1.2590,1.2616,1.2660,1.2655
255.0000,1.2466,1.2523,1.2454,1.2613,1.2601,1.2694,1.2615
260.0000,1.2460,1.2521,1.2466,1.2622,1.2609,1.2691,1.2630
265.0000,1.2496,1.2488,1.2501,1.2616,1.2631,1.2675,1.2648
270.0000,1.2498,1.2480,1.2521,1.2622,1.2631,1.2693,1.2608
275.0000,1.2488,1.2478,1.2546,1.2617,1.2653,1.2669,1.2647
280.0000,1.2496,1.2474,1.2573,1.2612,1.2672,1.2650,1.2676
285.0000,1.2486,1.2493,1.2579,1.2623,1.2666,1.2667,1.2657
290.0000,1.2469,1.2519,1.2583,1.2630,1.2671,1.2657,1.2705
295.0000,1.2497,1.2524,1.2595,1.2636,1.2671,1.2660,1.2735
300.0000,1.2496,1.2553,1.2587,1.2656,1.2650,1.2697,1.2729
305.0000,1.2477,1.2589,1.2576,1.2673,1.2638,1.2719,1.2764
310.0000,1.2526,1.2581,1.2591,1.2675,1.2637,1.2743,1.2789
315.0000,1.2535,1.2597,1.2590,1.2687,1.2620,1.2800,1.2757
320.0000,1.2542,1.2603,1.2601,1.2685,1.2631,1.2821,1.2793
325.0000,1.2525,1.2617,1.2611,1.2679,1.2650,1.2838,1.2819
330.0000,1.2578,1.2597,1.2634,1.2671,1.2660,1.2892,1.2751
335.0000,1.2586,1.2594,1.2657,1.2652,1.2708,1.2876,1.2822
340.0000,1.2581,1.2601,1.2671,1.2638,1.2753,1.2866,1.2867
345.0000,1.2601,1.2601,1.2677,1.2639,1.2775,1.2898,1.2823
350.0000,1.2597,1.2614,1.2684,1.2627,1.2843,1.2824,1.3073
355.0000,1.2578,1.2636,1.2680,1.2626,1.2903,1.2750,1.3436
360.0000,1.2612,1.2634,1.2683,1.2630,1.2951,1.2694,1.3982
365.0000,1.2597,1.2673,1.2640,1.2688,1.2907,1.2801,1.4616
370.0000,1.2566,1.2717,1.2588,1.2762,1.2829,1.3016,1.5500
375.0000,1.2626,1.2704,1.2570,1.2824,1.2743,1.3361,1.6710
380.0000,1.2611,1.2730,1.2530,1.2908,1.2613,1.3945,1.8228
385.0000,1.2548,1.2777,1.2482,1.3001,1.2453,1.4848,1.9994
390.0000,1.2627,1.2758,1.2456,1.3109,1.2219,1.6305,2.1584
395.0000,1.2608,1.2756,1.2487,1.3111,1.2223,1.7846,2.3715
400.0000,1.2584,1.2745,1.2541,1.3080,1.2335,1.9828,2.5700
405.0000,1.2649,1.2677,1.2653,1.2982,1.2655,2.2183,2.7478
445.0000,1.2884,1.2487,1.3358,1.2319,3.0162,3.2312,2.8263
450.0000,1.2783,1.2770,1.2834,1.3545,3.2881,3.0744,2.8098
455.0000,1.2684,1.3124,1.2103,1.5436,3.4809,2.9147,2.7682
460.0000,1.2436,1.3575,1.1283,1.7884,3.5953,2.7412,2.7726
465.0000,1.1947,1.4121,1.0427,2.0905,3.5972,2.6239,2.7197
470.0000,1.2585,1.3907,1.0284,2.3850,3.5570,2.4700,2.8188
475.0000,1.2116,1.4296,1.0049,2.7248,3.3773,2.4689,2.6866
480.0000,1.1848,1.4306,1.0613,3.0255,3.1640,2.4881,2.5962
485.0000,1.2712,1.3596,1.2267,3.2512,2.9549,2.5105,2.5396
490.0000,1.2835,1.3254,1.4452,3.4118,2.7564,2.5334,2.5088
495.0000,1.3528,1.2666,1.7455,3.4820,2.5946,2.5550,2.4851
500.0000,1.3520,1.2713,2.0685,3.4813,2.4709,2.5700,2.4762
505.0000,1.4262,1.2817,2.4212,3.4101,2.3819,2.6081,2.4060
510.0000,1.5509,1.3244,2.7762,3.2684,2.3701,2.5783,2.4372
515.0000,1.5127,1.5205,3.0360,3.1220,2.3751,2.5454,2.4726
520.0000,1.6218,1.7070,3.2588,2.9599,2.3917,2.5418,2.4467
525.0000,1.7226,1.9618,3.3909,2.8076,2.4302,2.5071,2.4877
530.0000,1.8397,2.2457,3.4377,2.6816,2.4634,2.4849,2.5146
535.0000,1.9611,2.5512,3.3967,2.5946,2.4804,2.4797,2.5345
540.0000,2.1223,2.8158,3.3074,2.5339,2.4902,2.4832,2.5524
545.0000,2.3788,2.9801,3.2126,2.4837,2.5027,2.4890,2.5731
550.0000,2.5601,3.1250,3.0802,2.4630,2.5034,2.5019,2.6048
555.0000,2.6788,3.2362,2.9306,2.4657,2.4906,2.5338,2.6166
560.0000,2.8723,3.2315,2.8238,2.4600,2.4902,2.5631,2.6292
565.0000,2.9770,3.2063,2.7203,2.4647,2.4883,2.5957,2.6415
570.0000,3.0550,3.1322,2.6478,2.4633,2.4981,2.6208,2.6654
575.0000,3.0979,3.0349,2.5967,2.4602,2.5148,2.6440,2.6887
580.0000,3.0718,2.9460,2.5523,2.4631,2.5287,2.6768,2.6910
585.0000,3.0257,2.8585,2.5215,2.4642,2.5526,2.6964,2.7147
590.0000,2.9606,2.7815,2.4978,2.4677,2.5790,2.7144,2.7340
595.0000,2.8939,2.7115,2.4824,2.4728,2.6078,2.7303,2.7486
600.0000,2.8349,2.6467,2.4744,2.4807,2.6352,2.7495,2.7493
605.0000,2.7600,2.6029,2.4655,2.4926,2.6650,2.7589,2.7604
610.0000,2.7030,2.5644,2.4612,2.5073,2.6934,2.7666,2.7647
615.0000,2.6514,2.5364,2.4572,2.5276,2.7165,2.7767,2.7570
620.0000,2.5899,2.5256,2.4507,2.5525,2.7377,2.7796,2.7532
625.0000,2.5676,2.5047,2.4553,2.5756,2.7587,2.7777,2.7441
630.0000,2.5376,2.4966,2.4576,2.6041,2.7720,2.7779,2.7220
635.0000,2.5179,2.4876,2.4674,2.6301,2.7865,2.7662,2.7091
640.0000,2.5094,2.4772,2.4836,2.6545,2.7988,2.7491,2.6936
645.0000,2.4959,2.4768,2.4986,2.6821,2.8016,2.7356,2.6649
650.0000,2.4842,2.4805,2.5167,2.7075,2.8023,2.7139,2.6427
655.0000,2.4859,2.4821,2.5405,2.7296,2.7995,2.6886,2.6182
660.0000,2.4851,2.4913,2.5630,2.7522,2.7879,2.6669,2.5822
665.0000,2.4866,2.5030,2.5888,2.7693,2.7772,2.6323,2.5696
670.0000,2.4965,2.5150,2.6160,2.7841,2.7586,2.6038,2.5450
675.0000,2.5044,2.5335,2.6407,2.7974,2.7328,2.5792,2.5154
680.0000,2.5102,2.5570,2.6641,2.8064,2.7046,2.5523,2.4936
685.0000,2.5318,2.5737,2.6921,2.8073,2.6771,2.5224,2.4795
690.0000,2.5495,2.5954,2.7159,2.8062,2.6430,2.5019,2.4564
695.0000,2.5678,2.6176,2.7388,2.7986,2.6103,2.4793,2.4456
700.0000,2.5763,2.6459,2.7561,2.7875,2.5761,2.4609,2.4356
705.0000,2.6081,2.6635,2.7752,2.7703,2.5415,2.4508,2.4158
710.0000,2.6309,2.6837,2.7904,2.7470,2.5133,2.4339,2.4217
715.0000,2.6504,2.7043,2.8003,2.7209,2.4855,2.4241,2.4230
720.0000,2.6748,2.7204,2.8073,2.6906,2.4619,2.4168,2.4284
725.0000,2.6897,2.7410,2.8045,2.6614,2.4372,2.4193,2.4285
730.0000,2.7052,2.7567,2.7987,2.6286,2.4203,2.4183,2.4439
735.0000,2.7273,2.7644,2.7903,2.5940,2.4085,2.4203,2.4636
740.0000,2.7389,2.7743,2.7728,2.5632,2.3957,2.4333,2.4776
745.0000,2.7435,2.7815,2.7512,2.5319,2.3914,2.4412,2.5149
750.0000,2.7590,2.7766,2.7301,2.5002,2.3931,2.4512,2.5640
755.0000,2.7619,2.7735,2.7005,2.4759,2.3912,2.4772,2.6110
760.0000,2.7542,2.7694,2.6673,2.4545,2.3944,2.5050,2.6836
765.0000,2.7591,2.7535,2.6345,2.4385,2.3938,2.5574,2.7383
770.0000,2.7486,2.7396,2.5989,2.4258,2.3996,2.6143,2.8073
775.0000,2.7325,2.7226,2.5632,2.4174,2.4074,2.6888,2.8586
780.0000,2.7266,2.6944,2.5337,2.4098,2.4218,2.7772,2.8858
785.0000,2.7066,2.6689,2.5059,2.4024,2.4510,2.8627,2.8997
790.0000,2.6811,2.6422,2.4818,2.3961,2.4926,2.9495,2.8617
795.0000,2.6658,2.6057,2.4682,2.3859,2.5561,3.0159,2.7881
800.0000,2.6418,2.5738,2.4553,2.3799,2.6326,3.0653,2.6415
805.0000,2.6282,2.5322,2.4566,2.3653,2.7460,3.0403,2.5153
810.0000,2.5959,2.4998,2.4605,2.3503,2.8895,2.9254,2.4369
815.0000,2.5722,2.4750,2.4497,2.3674,2.9936,2.8272,2.2301
820.0000,2.5477,2.4569,2.4372,2.3960,3.1003,2.6447,2.1016
825.0000,2.5225,2.4479,2.4159,2.4493,3.1752,2.4232,1.9841
830.0000,2.4924,2.4515,2.3815,2.5358,3.1902,2.2012,1.8536
835.0000,2.4558,2.4665,2.3418,2.6442,3.1555,1.9552,1.8159
840.0000,2.4029,2.4971,2.2908,2.7859,3.0288,1.7748,1.7180
845.0000,2.4284,2.4875,2.2704,2.9278,2.8379,1.6408,1.6226
850.0000,2.3872,2.5079,2.2615,3.0551,2.6199,1.4986,1.6357
855.0000,2.3541,2.5190,2.2777,3.1693,2.3371,1.4653,1.5348
860.0000,2.4136,2.4707,2.3621,3.2215,2.0625,1.4523,1.4687
865.0000,2.4204,2.4426,2.4758,3.2160,1.8117,1.4454,1.4461
870.0000,2.4542,2.4007,2.6290,3.1458,1.5908,1.4690,1.3945
875.0000,2.4547,2.3836,2.7975,3.0108,1.4284,1.4748,1.3838
880.0000,2.4931,2.3692,2.9705,2.8273,1.3035,1.5110,1.3156
885.0000,2.5674,2.3628,3.1386,2.5904,1.2569,1.4944,1.3327
890.0000,2.5206,2.4514,3.2336,2.3479,1.2501,1.4625,1.3626
895.0000,2.5702,2.5241,3.2896,2.1054,1.2608,1.4608,1.3247
900.0000,2.6065,2.6356,3.2718,1.8795,1.3043,1.4212,1.3560
905.0000,2.6296,2.7697,3.1766,1.6927,1.3465,1.3915,1.3699
910.0000,2.6572,2.9049,3.0143,1.5504,1.3804,1.3715,1.3754
915.0000,2.6797,3.0212,2.8017,1.4518,1.4035,1.3576,1.3787
920.0000,2.7921,3.0427,2.5914,1.3769,1.4251,1.3455,1.3783
925.0000,2.8221,3.0576,2.3490,1.3450,1.4303,1.3351,1.3951
930.0000,2.8208,3.0246,2.1117,1.3413,1.4176,1.3451,1.3802
935.0000,2.8715,2.8951,1.9239,1.3387,1.4105,1.3503,1.3701
940.0000,2.8325,2.7604,1.7486,1.3524,1.3969,1.3543,1.3700
945.0000,2.7731,2.5871,1.6149,1.3658,1.3838,1.3608,1.3615
950.0000,2.7333,2.3713,1.5320,1.3691,1.3796,1.3606,1.3582
955.0000,2.5909,2.1891,1.4624,1.3782,1.3702,1.3655,1.3473
960.0000,2.4400,2.0197,1.4171,1.3830,1.3659,1.3629,1.3506
965.0000,2.2827,1.8724,1.3879,1.3863,1.3621,1.3608,1.3517
970.0000,2.1282,1.7482,1.3712,1.3875,1.3592,1.3582,1.3530
975.0000,2.0081,1.6297,1.3733,1.3828,1.3590,1.3572,1.3496
980.0000,1.8606,1.5576,1.3681,1.3824,1.3565,1.3551,1.3529
985.0000,1.7493,1.4980,1.3691,1.3800,1.3547,1.3543,1.3538
990.0000,1.6537,1.4574,1.3693,1.3786,1.3511,1.3570,1.3502
995.0000,1.5855,1.4229,1.3742,1.3742,1.3510,1.3561,1.3517
1000.0000,1.5270,1.4008,1.3779,1.3699,1.3513,1.3553,1.3526
1005.0000,1.4753,1.3927,1.3764,1.3684,1.3487,1.3585,1.3474
1010.0000,1.4393,1.3872,1.3760,1.3654,1.3493,1.3573,1.3495
1015.0000,1.4213,1.3797,1.3779,1.3608,1.3518,1.3545,1.3521
1020.0000,1.4038,1.3788,1.3759,1.3589,1.3513,1.3561,1.3482
1025.0000,1.3902,1.3789,1.3738,1.3565,1.3529,1.3538,1.3519
1030.0000,1.3870,1.3758,1.3731,1.3539,1.3546,1.3522,1.3539
1035.0000,1.3823,1.3754,1.3701,1.3533,1.3540,1.3538,1.3513
1040.0000,1.3768,1.3759,1.3667,1.3529,1.3543,1.3529,1.3543
1045.0000,1.3771,1.3736,1.3644,1.3525,1.3543,1.3533,1.3549
1050.0000,1.3735,1.3743,1.3599,1.3540,1.3520,1.3567,1.3507
1055.0000,1.3686,1.3753,1.3558,1.3552,1.3512,1.3573,1.3519
1060.0000,1.3715,1.3707,1.3552,1.3544,1.3523,1.3562,1.3541
1065.0000,1.3696,1.3690,1.3529,1.3555,1.3507,1.3595,1.3484
1070.0000,1.3678,1.3661,1.3526,1.3549,1.3522,1.3576,1.3531
1075.0000,1.3650,1.3634,1.3527,1.3543,1.3535,1.3562,1.3563
1080.0000,1.3662,1.3590,1.3535,1.3541,1.3531,1.3589,1.3516
1085.0000,1.3633,1.3570,1.3540,1.3533,1.3547,1.3570,1.3576
1090.0000,1.3581,1.3571,1.3533,1.3537,1.3549,1.3576,1.3593
1095.0000,1.3589,1.3548,1.3539,1.3534,1.3554,1.3582,1.3606
1100.0000,1.3551,1.3563,1.3522,1.3549,1.3540,1.3615,1.3580
1105.0000,1.3505,1.3581,1.3508,1.3555,1.3545,1.3617,1.3608
1110.0000,1.3544,1.3553,1.3521,1.3550,1.3558,1.3619,1.3624
1115.0000,1.3531,1.3559,1.3512,1.3561,1.3550,1.3653,1.3591
1120.0000,1.3509,1.3563,1.3511,1.3561,1.3565,1.3648,1.3622
1125.0000,1.3543,1.3534,1.3531,1.3550,1.3589,1.3639,1.3648
1130.0000,1.3538,1.3531,1.3533,1.3555,1.3592,1.3663,1.3623
1135.0000,1.3523,1.3531,1.3537,1.3555,1.3609,1.3657,1.3655
1140.0000,1.3536,1.3519,1.3548,1.3553,1.3628,1.3654,1.3675
1145.0000,1.3522,1.3532,1.3540,1.3567,1.3625,1.3679,1.3654
1150.0000,1.3496,1.3549,1.3533,1.3577,1.3635,1.3678,1.3687
1155.0000,1.3524,1.3538,1.3541,1.3582,1.3649,1.3677,1.3716
1160.0000,1.3510,1.3558,1.3526,1.3605,1.3636,1.3715,1.3688
1165.0000,1.3496,1.3570,1.3523,1.3616,1.3646,1.3713,1.3742
1170.0000,1.3532,1.3550,1.3539,1.3618,1.3659,1.3719,1.3781
1175.0000,1.3531,1.3554,1.3539,1.3636,1.3649,1.3764,1.3764
1180.0000,1.3524,1.3556,1.3548,1.3641,1.3662,1.3772,1.3833
1185.0000,1.3546,1.3540,1.3569,1.3641,1.3677,1.3791,1.3883
1190.0000,1.3542,1.3546,1.3574,1.3654,1.3673,1.3848,1.3877
1195.0000,1.3528,1.3557,1.3582,1.3658,1.3691,1.3872,1.3955
1200.0000,1.3483,1.3587,1.3581,1.3668,1.3705,1.3911,1.4011
1205.0000,1.3540,1.3572,1.3598,1.3674,1.3714,1.3988,1.3991
1210.0000,1.3535,1.3585,1.3606,1.3676,1.3745,1.4024,1.4057
1215.0000,1.3524,1.3599,1.3614,1.3679,1.3783,1.4064,1.4103
1220.0000,1.3566,1.3585,1.3637,1.3674,1.3835,1.4096,1.4144
1225.0000,1.3563,1.3603,1.3637,1.3688,1.3868,1.4159,1.4125
1230.0000,1.3553,1.3617,1.3644,1.3692,1.3932,1.4169,1.4189
1235.0000,1.3591,1.3606,1.3663,1.3696,1.4000,1.4177,1.4240
1240.0000,1.3590,1.3624,1.3657,1.3725,1.4041,1.4220,1.4239
1245.0000,1.3567,1.3651,1.3650,1.3754,1.4096,1.4223,1.4321
1250.0000,1.3610,1.3641,1.3660,1.3785,1.4145,1.4237,1.4390
1255.0000,1.3607,1.3663,1.3649,1.3838,1.4166,1.4284,1.4431
1260.0000,1.3593,1.3685,1.3643,1.3891,1.4191,1.4317,1.4529
1265.0000,1.3634,1.3673,1.3659,1.3940,1.4212,1.4367,1.4625
1270.0000,1.3627,1.3694,1.3659,1.4005,1.4209,1.4460,1.4687
1275.0000,1.3617,1.3708,1.3676,1.4059,1.4219,1.4546,1.4786
1280.0000,1.3660,1.3690,1.3722,1.4095,1.4245,1.4636,1.4892
1285.0000,1.3658,1.3705,1.3754,1.4140,1.4256,1.4773,1.4936
1290.0000,1.3663,1.3710,1.3808,1.4162,1.4307,1.4875,1.5043
1295.0000,1.3694,1.3703,1.3880,1.4168,1.4385,1.4965,1.5157
1300.0000,1.3709,1.3719,1.3935,1.4187,1.4449,1.5106,1.5176
1305.0000,1.3718,1.3744,1.3996,1.4188,1.4563,1.5173,1.5337
1310.0000,1.3744,1.3768,1.4053,1.4195,1.4685,1.5248,1.5469
1315.0000,1.3764,1.3815,1.4085,1.4227,1.4784,1.5370,1.5517
1320.0000,1.3779,1.3870,1.4113,1.4257,1.4919,1.5424,1.5732
1325.0000,1.3749,1.3954,1.4114,1.4312,1.5041,1.5492,1.5963
1330.0000,1.3842,1.3987,1.4126,1.4386,1.5132,1.5627,1.6130
1335.0000,1.3866,1.4051,1.4120,1.4478,1.5223,1.5757,1.6397
1340.0000,1.3878,1.4109,1.4119,1.4577,1.5315,1.5897,1.6751
1345.0000,1.3974,1.4114,1.4149,1.4674,1.5405,1.6077,1.7166
1350.0000,1.3982,1.4168,1.4153,1.4802,1.5460,1.6350,1.7613
1355.0000,1.3990,1.4214,1.4168,1.4940,1.5490,1.6747,1.7964
1360.0000,1.4085,1.4197,1.4243,1.5040,1.5578,1.7153,1.8412
1365.0000,1.4111,1.4216,1.4317,1.5138,1.5689,1.7629,1.8862
1370.0000,1.4117,1.4245,1.4407,1.5223,1.5844,1.8166,1.9249
1375.0000,1.4185,1.4250,1.4520,1.5298,1.6033,1.8809,1.9388
1380.0000,1.4223,1.4272,1.4654,1.5341,1.6340,1.9386,1.9447
1385.0000,1.4266,1.4301,1.4802,1.5364,1.6760,1.9885,1.9344
1390.0000,1.4307,1.4348,1.4948,1.5383,1.7286,2.0274,1.8976
1395.0000,1.4366,1.4410,1.5076,1.5432,1.7873,2.0563,1.8158
1400.0000,1.4457,1.4452,1.5237,1.5447,1.8665,2.0366,1.7597
1405.0000,1.4491,1.4550,1.5346,1.5534,1.9485,1.9888,1.6828
1410.0000,1.4575,1.4665,1.5382,1.5769,2.0149,1.9339,1.5478
1415.0000,1.4666,1.4765,1.5449,1.6008,2.0942,1.8031,1.5172
1420.0000,1.4721,1.4936,1.5400,1.6468,2.1380,1.6753,1.4531
1425.0000,1.4784,1.5129,1.5291,1.7109,2.1466,1.5456,1.3918
1430.0000,1.4723,1.5405,1.5127,1.7903,2.1180,1.4161,1.3559
1435.0000,1.4949,1.5517,1.5059,1.8778,2.0463,1.3103,1.3205
1440.0000,1.4967,1.5722,1.5033,1.9652,1.9467,1.2057,1.3535
1445.0000,1.4946,1.5921,1.5081,2.0547,1.7967,1.1695,1.3177
1450.0000,1.4750,1.6151,1.5275,2.1296,1.6227,1.1738,1.2801
1455.0000,1.5302,1.5939,1.5950,2.1572,1.4704,1.1702,1.3047
1460.0000,1.5468,1.5906,1.6706,2.1605,1.3124,1.2174,1.2570
1465.0000,1.5795,1.5765,1.7743,2.1163,1.1909,1.2563,1.2453
1470.0000,1.5919,1.5779,1.8858,2.0317,1.1096,1.2848,1.2514
1475.0000,1.6338,1.5755,2.0014,1.9161,1.0566,1.3306,1.2136
1480.0000,1.6931,1.5774,2.1148,1.7651,1.0629,1.3261,1.2503
1485.0000,1.6689,1.6451,2.1734,1.6203,1.0855,1.3237,1.2724
1490.0000,1.7103,1.6995,2.2071,1.4784,1.1203,1.3353,1.2516
1495.0000,1.7376,1.7775,2.1954,1.3483,1.1795,1.3109,1.2909
1500.0000,1.7577,1.8693,2.1337,1.2481,1.2326,1.2950,1.3156
1505.0000,1.7875,1.9568,2.0310,1.1799,1.2754,1.2861,1.3353
1510.0000,1.8050,2.0353,1.8947,1.1451,1.3046,1.2839,1.3544
1515.0000,1.8806,2.0530,1.7618,1.1287,1.3256,1.2889,1.3692
1520.0000,1.8846,2.0806,1.6042,1.1434,1.3309,1.2968,1.4021
1525.0000,1.8985,2.0577,1.4650,1.1704,1.3244,1.3233,1.4044
1530.0000,1.9415,1.9730,1.3635,1.1941,1.3230,1.3443,1.4223
1535.0000,1.9242,1.8863,1.2743,1.2253,1.3165,1.3697,1.4452
1540.0000,1.8978,1.7735,1.2181,1.2504,1.3139,1.3975,1.4669
1545.0000,1.8431,1.6581,1.1864,1.2700,1.3165,1.4241,1.4947
1550.0000,1.7767,1.5452,1.1755,1.2844,1.3220,1.4563,1.5157
1555.0000,1.7203,1.4309,1.1883,1.2880,1.3397,1.4797,1.5581
1560.0000,1.6129,1.3602,1.1954,1.2967,1.3539,1.5132,1.5884
1565.0000,1.5270,1.3003,1.2113,1.3020,1.3724,1.5502,1.6117
1570.0000,1.4472,1.2616,1.2275,1.3057,1.3988,1.5790,1.6569
1575.0000,1.3858,1.2356,1.2443,1.3097,1.4280,1.6105,1.6989
1580.0000,1.3331,1.2243,1.2572,1.3175,1.4560,1.6505,1.7279
1585.0000,1.2913,1.2247,1.2667,1.3279,1.4871,1.6896,1.7561
1590.0000,1.2615,1.2309,1.2750,1.3394,1.5236,1.7230,1.7918
1595.0000,1.2523,1.2360,1.2837,1.3537,1.5608,1.7595,1.8164
1600.0000,1.2408,1.2493,1.2877,1.3733,1.5975,1.7969,1.8313
1605.0000,1.2382,1.2607,1.2934,1.3947,1.6374,1.8291,1.8401
1610.0000,1.2484,1.2662,1.3038,1.4158,1.6831,1.8498,1.8507
1615.0000,1.2550,1.2751,1.3121,1.4431,1.7242,1.8723,1.8424
1620.0000,1.2576,1.2865,1.3206,1.4739,1.7650,1.8867,1.8233
1625.0000,1.2702,1.2928,1.3344,1.5052,1.8076,1.8880,1.7973
1630.0000,1.2779,1.3031,1.3475,1.5417,1.8438,1.8844,1.7497
1635.0000,1.2866,1.3128,1.3651,1.5783,1.8810,1.8596,1.7094
1640.0000,1.2983,1.3221,1.3856,1.6175,1.9112,1.8245,1.6538
1645.0000,1.3066,1.3366,1.4056,1.6613,1.9295,1.7833,1.5774
1650.0000,1.3178,1.3504,1.4312,1.7031,1.9443,1.7177,1.5205
1655.0000,1.3325,1.3654,1.4589,1.7473,1.9434,1.6490,1.4446
1660.0000,1.3456,1.3850,1.4876,1.7924,1.9273,1.5735,1.3616
1665.0000,1.3548,1.4104,1.5172,1.8364,1.8964,1.4905,1.2783
1670.0000,1.3786,1.4298,1.5558,1.8722,1.8570,1.3929,1.2156
1675.0000,1.3979,1.4559,1.5936,1.9056,1.7978,1.3010,1.1508
1680.0000,1.4173,1.4856,1.6325,1.9334,1.7206,1.2181,1.0758
1685.0000,1.4359,1.5179,1.6736,1.9511,1.6317,1.1384,1.0116
1690.0000,1.4724,1.5433,1.7220,1.9532,1.5372,1.0604,0.9640
1695.0000,1.5027,1.5745,1.7677,1.9450,1.4305,1.0022,0.8948
1700.0000,1.5223,1.6131,1.8109,1.9209,1.3246,0.9456,0.8433
1705.0000,1.5640,1.6431,1.8568,1.8783,1.2225,0.8959,0.7952
1710.0000,1.6045,1.6728,1.8998,1.8180,1.1298,0.8447,0.7737
1715.0000,1.6445,1.7044,1.9334,1.7460,1.0399,0.8093,0.7405
1720.0000,1.6740,1.7405,1.9553,1.6616,0.9622,0.7742,0.7218
1725.0000,1.7065,1.7759,1.9629,1.5702,0.8911,0.7510,0.6988
1730.0000,1.7476,1.8028,1.9600,1.4698,0.8356,0.7249,0.6949
1735.0000,1.7720,1.8337,1.9359,1.3708,0.7855,0.7104,0.6844
1740.0000,1.7960,1.8586,1.8949,1.2733,0.7442,0.7019,0.6719
1745.0000,1.8079,1.8799,1.8365,1.1792,0.7140,0.6918,0.6715
1750.0000,1.8330,1.8811,1.7697,1.0880,0.6942,0.6821,0.6750
1755.0000,1.8456,1.8731,1.6894,1.0065,0.6779,0.6800,0.6719
1760.0000,1.8356,1.8602,1.5961,0.9354,0.6669,0.6780,0.6745
1765.0000,1.8380,1.8223,1.5037,0.8703,0.6630,0.6759,0.6779
1770.0000,1.8143,1.7821,1.4024,0.8184,0.6590,0.6785,0.6771
1775.0000,1.7853,1.7249,1.3047,0.7738,0.6598,0.6789,0.6807
1780.0000,1.7540,1.6515,1.2137,0.7362,0.6640,0.6789,0.6841
1785.0000,1.7029,1.5763,1.1239,0.7088,0.6672,0.6810,0.6853
1790.0000,1.6480,1.4915,1.0433,0.6870,0.6725,0.6811,0.6901
1795.0000,1.5815,1.4055,0.9695,0.6724,0.6770,0.6824,0.6939
1800.0000,1.5042,1.3239,0.9007,0.6651,0.6794,0.6852,0.6972
1805.0000,1.4202,1.2460,0.8391,0.6630,0.6807,0.6884,0.7026
1810.0000,1.3517,1.1604,0.7925,0.6614,0.6831,0.6919,0.7069
1815.0000,1.2768,1.0801,0.7548,0.6619,0.6850,0.6962,0.7115
1820.0000,1.1960,1.0107,0.7227,0.6652,0.6859,0.7013,0.7175
1825.0000,1.1311,0.9410,0.7020,0.6673,0.6881,0.7063,0.7237
1830.0000,1.0589,0.8833,0.6856,0.6709,0.6892,0.7137,0.7272
1835.0000,0.9877,0.8379,0.6722,0.6755,0.6902,0.7213,0.7315
1840.0000,0.9297,0.7964,0.6654,0.6785,0.6934,0.7276,0.7373
1845.0000,0.8801,0.7610,0.6631,0.6804,0.6983,0.7328,0.7437
1850.0000,0.8397,0.7302,0.6645,0.6817,0.7033,0.7399,0.7461
1855.0000,0.7923,0.7134,0.6636,0.6844,0.7090,0.7447,0.7530
1860.0000,0.7640,0.6964,0.6667,0.6856,0.7166,0.7484,0.7603
1865.0000,0.7414,0.6835,0.6703,0.6876,0.7231,0.7543,0.7640
1870.0000,0.7230,0.6747,0.6741,0.6895,0.7312,0.7571,0.7741
1875.0000,0.7059,0.6710,0.6764,0.6931,0.7377,0.7620,0.7819
1880.0000,0.6897,0.6733,0.6759,0.6990,0.7423,0.7689,0.7886
1885.0000,0.6805,0.6748,0.6766,0.7046,0.7477,0.7745,0.8001
1890.0000,0.6789,0.6743,0.6791,0.7101,0.7530,0.7813,0.8122
1895.0000,0.6757,0.6765,0.6804,0.7170,0.7566,0.7911,0.8230
1900.0000,0.6730,0.6792,0.6823,0.7238,0.7605,0.8017,0.8354
1905.0000,0.6759,0.6791,0.6870,0.7292,0.7662,0.8117,0.8520
1910.0000,0.6768,0.6807,0.6911,0.7353,0.7707,0.8259,0.8660
1915.0000,0.6775,0.6827,0.6964,0.7403,0.7776,0.8385,0.8891
1920.0000,0.6804,0.6840,0.7028,0.7447,0.7856,0.8531,0.9138
1925.0000,0.6825,0.6866,0.7086,0.7498,0.7930,0.8727,0.9371
1930.0000,0.6848,0.6897,0.7153,0.7537,0.8039,0.8904,0.9753
1935.0000,0.6855,0.6949,0.7204,0.7592,0.8138,0.9151,1.0112
1940.0000,0.6903,0.6991,0.7258,0.7650,0.8246,0.9452,1.0481
1945.0000,0.6931,0.7053,0.7298,0.7723,0.8352,0.9837,1.0734
1950.0000,0.6927,0.7132,0.7336,0.7790,0.8509,1.0213,1.1056
1955.0000,0.7016,0.7168,0.7396,0.7853,0.8699,1.0632,1.1299
1960.0000,0.7063,0.7223,0.7448,0.7922,0.8930,1.1071,1.1404
1965.0000,0.7121,0.7262,0.7521,0.7977,0.9246,1.1438,1.1490
1970.0000,0.7187,0.7301,0.7588,0.8055,0.9583,1.1827,1.1302
1975.0000,0.7240,0.7346,0.7658,0.8139,0.9991,1.2109,1.0914
1980.0000,0.7321,0.7365,0.7761,0.8208,1.0515,1.2146,1.0517
1985.0000,0.7360,0.7407,0.7855,0.8303,1.1091,1.1975,0.9982
1990.0000,0.7425,0.7458,0.7918,0.8482,1.1597,1.1730,0.9055
1995.0000,0.7489,0.7510,0.7995,0.8679,1.2161,1.1075,0.8373
2000.0000,0.7517,0.7587,0.8064,0.8929,1.2694,1.0068,0.7934
2005.0000,0.7561,0.7706,0.8057,0.9350,1.2910,0.9156,0.7195
2010.0000,0.7572,0.7857,0.8035,0.9857,1.2932,0.8087,0.6702
2015.0000,0.7671,0.7979,0.8020,1.0463,1.2633,0.7107,0.6176
2020.0000,0.7654,0.8181,0.8002,1.1115,1.2087,0.6097,0.6024
2025.0000,0.7631,0.8384,0.8023,1.1800,1.1192,0.5380,0.5743
2030.0000,0.7889,0.8407,0.8222,1.2394,1.0045,0.4960,0.5405
2035.0000,0.7956,0.8502,0.8537,1.2804,0.8874,0.4514,0.5642
2040.0000,0.7980,0.8636,0.8921,1.3100,0.7469,0.4632,0.5171
2045.0000,0.8244,0.8610,0.9552,1.3058,0.6224,0.4782,0.4918
2050.0000,0.8432,0.8630,1.0297,1.2710,0.5170,0.4978,0.4748
2055.0000,0.8704,0.8640,1.1146,1.2040,0.4390,0.5160,0.4678
2060.0000,0.9180,0.8629,1.2040,1.1071,0.3951,0.5231,0.4754
2065.0000,0.9121,0.9000,1.2645,1.0051,0.3611,0.5507,0.4366
2070.0000,0.9537,0.9209,1.3241,0.8797,0.3710,0.5385,0.4710
2075.0000,0.9898,0.9605,1.3511,0.7588,0.3934,0.5291,0.4874
2080.0000,0.9871,1.0319,1.3315,0.6571,0.4148,0.5320,0.4733
2085.0000,1.0096,1.0951,1.2867,0.5654,0.4508,0.5146,0.4976
2090.0000,1.0246,1.1607,1.2070,0.4984,0.4802,0.5043,0.5073
2095.0000,1.0703,1.1981,1.1127,0.4501,0.5058,0.4967,0.5126
2100.0000,1.0752,1.2398,0.9915,0.4286,0.5208,0.4911,0.5234
2105.0000,1.0888,1.2479,0.8706,0.4233,0.5267,0.4939,0.5217
2110.0000,1.1357,1.2053,0.7689,0.4236,0.5319,0.4953,0.5235
2115.0000,1.1274,1.1618,0.6669,0.4376,0.5301,0.4966,0.5345
2120.0000,1.1150,1.0910,0.5853,0.4550,0.5232,0.5056,0.5339
2125.0000,1.0967,0.9998,0.5266,0.4710,0.5171,0.5145,0.5347
2130.0000,1.0542,0.9057,0.4856,0.4852,0.5125,0.5215,0.5400
2135.0000,0.9953,0.8151,0.4598,0.4974,0.5083,0.5297,0.5445
2140.0000,0.9240,0.7338,0.4460,0.5069,0.5057,0.5374,0.5509
2145.0000,0.8682,0.6479,0.4512,0.5087,0.5078,0.5451,0.5544
2150.0000,0.7906,0.5898,0.4554,0.5114,0.5103,0.5516,0.5632
2155.0000,0.7164,0.5475,0.4619,0.5128,0.5142,0.5581,0.5721
2160.0000,0.6534,0.5180,0.4692,0.5142,0.5177,0.5682,0.5748
2165.0000,0.6166,0.4876,0.4841,0.5103,0.5273,0.5723,0.5869
2170.0000,0.5706,0.4763,0.4925,0.5095,0.5351,0.5793,0.5945
2175.0000,0.5373,0.4721,0.4989,0.5098,0.5427,0.5878,0.5988
2180.0000,0.5103,0.4755,0.5019,0.5114,0.5512,0.5943,0.6078
2185.0000,0.4917,0.4816,0.5033,0.5141,0.5600,0.6005,0.6167
2190.0000,0.4887,0.4850,0.5053,0.5175,0.5682,0.6085,0.6213
2195.0000,0.4839,0.4918,0.5051,0.5224,0.5769,0.6146,0.6308
2200.0000,0.4841,0.4964,0.5057,0.5275,0.5862,0.6192,0.6435
2205.0000,0.4892,0.4986,0.5074,0.5332,0.5951,0.6246,0.6573
2210.0000,0.4914,0.5023,0.5079,0.5410,0.6018,0.6328,0.6710
2215.0000,0.4936,0.5054,0.5088,0.5496,0.6071,0.6437,0.6834
2220.0000,0.4984,0.5064,0.5118,0.5576,0.6137,0.6536,0.7021
2225.0000,0.4998,0.5093,0.5143,0.5667,0.6187,0.6672,0.7215
2230.0000,0.5013,0.5117,0.5182,0.5754,0.6243,0.6820,0.7461
2235.0000,0.5059,0.5124,0.5245,0.5829,0.6313,0.6984,0.7760
2240.0000,0.5081,0.5148,0.5306,0.5909,0.6376,0.7203,0.8079
2245.0000,0.5095,0.5181,0.5374,0.5983,0.6452,0.7457,0.8448
2250.0000,0.5136,0.5211,0.5447,0.6062,0.6518,0.7810,0.8736
2255.0000,0.5171,0.5248,0.5532,0.6123,0.6634,0.8165,0.9077
2260.0000,0.5211,0.5287,0.5628,0.6169,0.6798,0.8532,0.9457
2265.0000,0.5252,0.5333,0.5728,0.6207,0.7013,0.8908,0.9858
2270.0000,0.5297,0.5394,0.5815,0.6256,0.7252,0.9340,1.0186
2275.0000,0.5350,0.5462,0.5896,0.6315,0.7532,0.9798,1.0401
2280.0000,0.5406,0.5533,0.5976,0.6373,0.7885,1.0205,1.0610
2285.0000,0.5469,0.5611,0.6042,0.6459,0.8268,1.0617,1.0659
2290.0000,0.5530,0.5690,0.6110,0.6553,0.8733,1.0903,1.0745
2295.0000,0.5603,0.5770,0.6165,0.6689,0.9214,1.1153,1.0616
2300.0000,0.5680,0.5849,0.6208,0.6874,0.9701,1.1332,1.0272
2305.0000,0.5752,0.5931,0.6248,0.7104,1.0200,1.1373,0.9747
2310.0000,0.5799,0.6016,0.6299,0.7363,1.0734,1.1168,0.9192
2315.0000,0.5887,0.6093,0.6347,0.7699,1.1179,1.0882,0.8268
2320.0000,0.5962,0.6156,0.6443,0.8034,1.1674,1.0152,0.7881
2325.0000,0.6006,0.6258,0.6507,0.8487,1.1947,0.9443,0.7052
2330.0000,0.6104,0.6336,0.6613,0.8980,1.2087,0.8553,0.6236
2335.0000,0.6131,0.6475,0.6711,0.9545,1.1999,0.7601,0.5362
2340.0000,0.6202,0.6587,0.6888,1.0095,1.1764,0.6459,0.4831
2345.0000,0.6347,0.6687,0.7106,1.0678,1.1216,0.5470,0.4152
2350.0000,0.6432,0.6831,0.7386,1.1204,1.0492,0.4432,0.3785
2355.0000,0.6413,0.7076,0.7667,1.1718,0.9456,0.3670,0.3278
2360.0000,0.6671,0.7208,0.8085,1.2097,0.8227,0.3149,0.2732
2365.0000,0.6818,0.7403,0.8599,1.2255,0.7016,0.2588,0.2586
2370.0000,0.6964,0.7640,0.9156,1.2243,0.5692,0.2372,0.2112
2375.0000,0.7281,0.7805,0.9844,1.1929,0.4516,0.2150,0.1893
2380.0000,0.7614,0.7992,1.0562,1.1365,0.3462,0.2035,0.1712
2385.0000,0.8016,0.8198,1.1266,1.0563,0.2590,0.1986,0.1553
2390.0000,0.8182,0.8601,1.1809,0.9595,0.1918,0.1948,0.1453
2395.0000,0.8579,0.8940,1.2255,0.8480,0.1428,0.2002,0.1158
2400.0000,0.9043,0.9287,1.2547,0.7232,0.1253,0.1806,0.1404
2405.0000,0.9215,0.9855,1.2465,0.6066,0.1141,0.1720,0.1489
2410.0000,0.9600,1.0298,1.2171,0.4953,0.1124,0.1700,0.1437
2415.0000,0.9807,1.0806,1.1556,0.3978,0.1188,0.1630,0.1526
2420.0000,1.0166,1.1127,1.0752,0.3140,0.1290,0.1587,0.1562
2425.0000,1.0373,1.1380,0.9719,0.2496,0.1382,0.1567,0.1580
2430.0000,1.0515,1.1425,0.8589,0.2007,0.1475,0.1550,0.1588
2435.0000,1.0408,1.1329,0.7382,0.1683,0.1540,0.1547,0.1590
2440.0000,1.0635,1.0810,0.6307,0.1427,0.1636,0.1503,0.1647
2445.0000,1.0362,1.0300,0.5187,0.1341,0.1648,0.1524,0.1618
2450.0000,1.0076,0.9532,0.4240,0.1300,0.1665,0.1529,0.1614
2455.0000,0.9772,0.8574,0.3473,0.1291,0.1678,0.1535,0.1608
2460.0000,0.9358,0.7502,0.2894,0.1287,0.1710,0.1507,0.1654
2465.0000,0.8563,0.6587,0.2358,0.1357,0.1676,0.1544,0.1614
2470.0000,0.7766,0.5694,0.1956,0.1431,0.1642,0.1570,0.1596
2475.0000,0.6929,0.4885,0.1655,0.1508,0.1606,0.1592,0.1587
2480.0000,0.6223,0.4083,0.1497,0.1551,0.1590,0.1601,0.1578
2485.0000,0.5407,0.3442,0.1391,0.1593,0.1573,0.1607,0.1573
2490.0000,0.4652,0.2919,0.1334,0.1630,0.1552,0.1625,0.1543
2495.0000,0.4146,0.2392,0.1384,0.1616,0.1572,0.1602,0.1559
2500.0000,0.3497,0.2070,0.1407,0.1619,0.1577,0.1589,0.1566
2505.0000,0.2953,0.1852,0.1431,0.1625,0.1572,0.1590,0.1553
2510.0000,0.2540,0.1691,0.1470,0.1620,0.1577,0.1579,0.1561
2515.0000,0.2234,0.1578,0.1512,0.1610,0.1582,0.1569,0.1565
2520.0000,0.2050,0.1466,0.1576,0.1587,0.1596,0.1555,0.1571
2525.0000,0.1804,0.1477,0.1580,0.1592,0.1587,0.1556,0.1571
2530.0000,0.1687,0.1480,0.1592,0.1592,0.1581,0.1557,0.1573
2535.0000,0.1558,0.1543,0.1566,0.1610,0.1559,0.1571,0.1567
2540.0000,0.1552,0.1545,0.1576,0.1607,0.1556,0.1572,0.1575
2545.0000,0.1552,0.1546,0.1588,0.1600,0.1554,0.1573,0.1583
2550.0000,0.1551,0.1550,0.1596,0.1594,0.1552,0.1581,0.1582
2555.0000,0.1556,0.1554,0.1604,0.1585,0.1554,0.1583,0.1594
2560.0000,0.1553,0.1563,0.1608,0.1578,0.1557,0.1587,0.1603
2565.0000,0.1559,0.1571,0.1609,0.1572,0.1558,0.1597,0.1603
2570.0000,0.1561,0.1581,0.1607,0.1567,0.1563,0.1603,0.1613
2575.0000,0.1561,0.1592,0.1601,0.1563,0.1567,0.1610,0.1619
2580.0000,0.1574,0.1595,0.1598,0.1559,0.1574,0.1617,0.1623
2585.0000,0.1576,0.1602,0.1590,0.1559,0.1579,0.1627,0.1620
2590.0000,0.1581,0.1603,0.1584,0.1557,0.1589,0.1629,0.1627
2595.0000,0.1590,0.1599,0.1580,0.1556,0.1600,0.1630,0.1633
2600.0000,0.1593,0.1597,0.1574,0.1558,0.1608,0.1635,0.1632
2605.0000,0.1591,0.1595,0.1569,0.1561,0.1618,0.1634,0.1640
2610.0000,0.1593,0.1589,0.1565,0.1566,0.1626,0.1635,0.1644
2615.0000,0.1590,0.1587,0.1560,0.1573,0.1630,0.1639,0.1645
2620.0000,0.1582,0.1586,0.1554,0.1582,0.1633,0.1642,0.1647
2625.0000,0.1584,0.1579,0.1554,0.1590,0.1637,0.1645,0.1648
2630.0000,0.1579,0.1577,0.1552,0.1600,0.1637,0.1650,0.1644
2635.0000,0.1574,0.1574,0.1553,0.1608,0.1640,0.1649,0.1650
2640.0000,0.1575,0.1568,0.1559,0.1614,0.1644,0.1648,0.1657
2645.0000,0.1572,0.1565,0.1564,0.1621,0.1643,0.1653,0.1657
2650.0000,0.1568,0.1563,0.1571,0.1627,0.1645,0.1652,0.1669
2655.0000,0.1568,0.1562,0.1579,0.1631,0.1646,0.1656,0.1678
2660.0000,0.1566,0.1563,0.1587,0.1636,0.1645,0.1663,0.1683
2665.0000,0.1565,0.1567,0.1594,0.1640,0.1644,0.1672,0.1689
2670.0000,0.1567,0.1569,0.1602,0.1643,0.1645,0.1681,0.1691
2675.0000,0.1569,0.1575,0.1609,0.1645,0.1645,0.1694,0.1686
2680.0000,0.1570,0.1582,0.1616,0.1646,0.1649,0.1700,0.1691
2685.0000,0.1566,0.1592,0.1621,0.1646,0.1656,0.1704,0.1695
2690.0000,0.1579,0.1596,0.1628,0.1645,0.1662,0.1713,0.1683
2695.0000,0.1585,0.1602,0.1634,0.1643,0.1675,0.1708,0.1698
2700.0000,0.1591,0.1607,0.1639,0.1642,0.1687,0.1704,0.1708
2705.0000,0.1599,0.1611,0.1643,0.1643,0.1697,0.1701,0.1718
2710.0000,0.1605,0.1618,0.1643,0.1647,0.1703,0.1702,0.1725
2715.0000,0.1607,0.1626,0.1641,0.1653,0.1707,0.1705,0.1734
2720.0000,0.1615,0.1630,0.1640,0.1661,0.1708,0.1711,0.1741
2725.0000,0.1616,0.1639,0.1636,0.1671,0.1706,0.1720,0.1750
2730.0000,0.1610,0.1650,0.1630,0.1683,0.1702,0.1733,0.1753
2735.0000,0.1625,0.1647,0.1634,0.1690,0.1702,0.1745,0.1756
2740.0000,0.1628,0.1649,0.1635,0.1698,0.1701,0.1759,0.1752
2745.0000,0.1634,0.1646,0.1643,0.1700,0.1706,0.1766,0.1758
2750.0000,0.1640,0.1642,0.1655,0.1699,0.1717,0.1768,0.1766
2755.0000,0.1645,0.1638,0.1666,0.1699,0.1725,0.1776,0.1761
2760.0000,0.1649,0.1636,0.1678,0.1697,0.1740,0.1773,0.1774
2765.0000,0.1646,0.1640,0.1686,0.1697,0.1752,0.1772,0.1782
2770.0000,0.1647,0.1646,0.1690,0.1700,0.1760,0.1776,0.1784
2775.0000,0.1645,0.1656,0.1692,0.1705,0.1767,0.1778,0.1788
2780.0000,0.1650,0.1663,0.1693,0.1712,0.1773,0.1781,0.1790
2785.0000,0.1652,0.1675,0.1690,0.1722,0.1775,0.1787,0.1788
2790.0000,0.1649,0.1688,0.1686,0.1733,0.1776,0.1792,0.1789
2795.0000,0.1664,0.1689,0.1689,0.1741,0.1780,0.1792,0.1792
2800.0000,0.1670,0.1694,0.1691,0.1751,0.1780,0.1798,0.1785
2805.0000,0.1676,0.1695,0.1696,0.1757,0.1785,0.1795,0.1797
2810.0000,0.1680,0.1696,0.1703,0.1762,0.1789,0.1792,0.1810
2815.0000,0.1689,0.1694,0.1712,0.1768,0.1790,0.1797,0.1814
2820.0000,0.1694,0.1693,0.1722,0.1772,0.1792,0.1797,0.1833
2825.0000,0.1695,0.1697,0.1730,0.1776,0.1792,0.1803,0.1850
2830.0000,0.1698,0.1701,0.1738,0.1781,0.1790,0.1815,0.1867
2835.0000,0.1696,0.1711,0.1742,0.1787,0.1787,0.1830,0.1885
2840.0000,0.1694,0.1722,0.1745,0.1793,0.1783,0.1853,0.1894
2845.0000,0.1706,0.1726,0.1753,0.1794,0.1785,0.1874,0.1906
2850.0000,0.1710,0.1734,0.1759,0.1795,0.1788,0.1899,0.1909
2855.0000,0.1713,0.1741,0.1765,0.1794,0.1798,0.1919,0.1916
2860.0000,0.1727,0.1742,0.1776,0.1788,0.1816,0.1931,0.1923
2865.0000,0.1736,0.1744,0.1785,0.1784,0.1834,0.1949,0.1911
2870.0000,0.1745,0.1746,0.1794,0.1778,0.1862,0.1948,0.1920
2875.0000,0.1748,0.1751,0.1799,0.1774,0.1892,0.1942,0.1931
2880.0000,0.1753,0.1758,0.1799,0.1778,0.1914,0.1942,0.1925
2885.0000,0.1754,0.1768,0.1796,0.1785,0.1939,0.1928,0.1949
2890.0000,0.1760,0.1776,0.1790,0.1798,0.1955,0.1921,0.1968
2895.0000,0.1759,0.1789,0.1778,0.1819,0.1961,0.1920,0.1990
2900.0000,0.1757,0.1801,0.1766,0.1846,0.1957,0.1930,0.2004
2905.0000,0.1773,0.1800,0.1762,0.1871,0.1950,0.1945,0.2020
2910.0000,0.1775,0.1803,0.1759,0.1897,0.1940,0.1964,0.2044
2915.0000,0.1772,0.1806,0.1761,0.1921,0.1927,0.1994,0.2056
2920.0000,0.1785,0.1796,0.1775,0.1936,0.1920,0.2025,0.2065
2925.0000,0.1788,0.1790,0.1794,0.1946,0.1917,0.2060,0.2065
2930.0000,0.1792,0.1782,0.1821,0.1946,0.1928,0.2082,0.2085
2935.0000,0.1800,0.1775,0.1852,0.1940,0.1948,0.2097,0.2107
2940.0000,0.1797,0.1778,0.1878,0.1935,0.1967,0.2123,0.2098
2945.0000,0.1804,0.1781,0.1906,0.1924,0.2001,0.2127,0.2131
2950.0000,0.1808,0.1793,0.1927,0.1917,0.2034,0.2131,0.2156
2955.0000,0.1807,0.1814,0.1936,0.1917,0.2064,0.2138,0.2176
2960.0000,0.1809,0.1841,0.1937,0.1925,0.2089,0.2150,0.2192
2965.0000,0.1809,0.1872,0.1929,0.1940,0.2108,0.2163,0.2206
2970.0000,0.1833,0.1890,0.1924,0.1957,0.2126,0.2176,0.2220
2975.0000,0.1844,0.1913,0.1913,0.1982,0.2139,0.2192,0.2232
2980.0000,0.1845,0.1935,0.1902,0.2009,0.2148,0.2209,0.2245
2985.0000,0.1878,0.1934,0.1905,0.2032,0.2160,0.2225,0.2257
2990.0000,0.1893,0.1936,0.1908,0.2056,0.2168,0.2244,0.2262
2995.0000,0.1907,0.1931,0.1921,0.2076,0.2182,0.2255,0.2282
3000.0000,0.1918,0.1926,0.1939,0.2093,0.2197,0.2265,0.2302
3005.0000,0.1926,0.1922,0.1960,0.2110,0.2208,0.2283,0.2311
3010.0000,0.1931,0.1921,0.1983,0.2124,0.2224,0.2293,0.2337
3015.0000,0.1931,0.1927,0.2005,0.2137,0.2239,0.2305,0.2363
3020.0000,0.1933,0.1937,0.2026,0.2153,0.2249,0.2325,0.2383
3025.0000,0.1933,0.1954,0.2043,0.2168,0.2261,0.2345,0.2408
3030.0000,0.1944,0.1969,0.2063,0.2182,0.2273,0.2366,0.2437
3035.0000,0.1953,0.1989,0.2078,0.2197,0.2283,0.2395,0.2457
3040.0000,0.1959,0.2013,0.2092,0.2212,0.2295,0.2423,0.2484
3045.0000,0.1982,0.2028,0.2110,0.2224,0.2310,0.2453,0.2503
3050.0000,0.1999,0.2045,0.2126,0.2236,0.2326,0.2488,0.2510
3055.0000,0.2018,0.2060,0.2145,0.2244,0.2352,0.2511,0.2536
3060.0000,0.2030,0.2078,0.2162,0.2252,0.2381,0.2531,0.2562
3065.0000,0.2052,0.2092,0.2179,0.2263,0.2408,0.2559,0.2563
3070.0000,0.2071,0.2106,0.2195,0.2273,0.2442,0.2571,0.2593
3075.0000,0.2085,0.2124,0.2208,0.2286,0.2476,0.2583,0.2618
3080.0000,0.2103,0.2140,0.2219,0.2302,0.2507,0.2595,0.2639
3085.0000,0.2112,0.2162,0.2224,0.2326,0.2531,0.2613,0.2653
3090.0000,0.2124,0.2182,0.2230,0.2351,0.2555,0.2627,0.2674
3095.0000,0.2147,0.2193,0.2240,0.2377,0.2578,0.2639,0.2699
3100.0000,0.2160,0.2210,0.2247,0.2407,0.2593,0.2658,0.2719
3105.0000,0.2165,0.2228,0.2255,0.2439,0.2608,0.2675,0.2751
3110.0000,0.2191,0.2235,0.2272,0.2468,0.2618,0.2700,0.2774
3115.0000,0.2204,0.2246,0.2289,0.2498,0.2628,0.2728,0.2796
3120.0000,0.2217,0.2256,0.2311,0.2524,0.2639,0.2756,0.2825
3125.0000,0.2234,0.2263,0.2339,0.2546,0.2652,0.2786,0.2849
3130.0000,0.2246,0.2276,0.2366,0.2567,0.2665,0.2823,0.2861
3135.0000,0.2262,0.2288,0.2398,0.2583,0.2686,0.2854,0.2877
3140.0000,0.2276,0.2302,0.2431,0.2594,0.2713,0.2878,0.2893
3145.0000,0.2292,0.2321,0.2462,0.2607,0.2738,0.2910,0.2884
3150.0000,0.2306,0.2344,0.2491,0.2616,0.2775,0.2920,0.2902
3155.0000,0.2325,0.2368,0.2518,0.2626,0.2814,0.2925,0.2914
3160.0000,0.2346,0.2396,0.2538,0.2642,0.2845,0.2937,0.2901
3165.0000,0.2361,0.2427,0.2555,0.2659,0.2881,0.2930,0.2920
3170.0000,0.2390,0.2453,0.2571,0.2680,0.2912,0.2923,0.2933
3175.0000,0.2414,0.2481,0.2580,0.2709,0.2932,0.2923,0.2934
3180.0000,0.2435,0.2510,0.2588,0.2741,0.2946,0.2919,0.2944
3185.0000,0.2437,0.2546,0.2590,0.2779,0.2950,0.2922,0.2949
3190.0000,0.2480,0.2560,0.2604,0.2813,0.2949,0.2928,0.2950
3195.0000,0.2499,0.2581,0.2617,0.2849,0.2944,0.2936,0.2950
3200.0000,0.2517,0.2598,0.2635,0.2881,0.2936,0.2947,0.2945
3205.0000,0.2551,0.2603,0.2665,0.2903,0.2931,0.2956,0.2937
3210.0000,0.2568,0.2616,0.2695,0.2923,0.2924,0.2968,0.2915
3215.0000,0.2593,0.2622,0.2735,0.2931,0.2929,0.2963,0.2910
3220.0000,0.2611,0.2634,0.2775,0.2934,0.2937,0.2956,0.2898
3225.0000,0.2630,0.2649,0.2813,0.2936,0.2941,0.2954,0.2865
3230.0000,0.2644,0.2672,0.2847,0.2933,0.2953,0.2932,0.2855
3235.0000,0.2662,0.2698,0.2876,0.2929,0.2965,0.2904,0.2848
3240.0000,0.2682,0.2729,0.2896,0.2930,0.2967,0.2884,0.2823
3245.0000,0.2700,0.2764,0.2909,0.2933,0.2968,0.2857,0.2811
3250.0000,0.2728,0.2795,0.2918,0.2938,0.2961,0.2832,0.2795
3255.0000,0.2743,0.2835,0.2915,0.2950,0.2944,0.2813,0.2775
3260.0000,0.2764,0.2866,0.2913,0.2960,0.2925,0.2789,0.2769
3265.0000,0.2803,0.2880,0.2916,0.2967,0.2902,0.2772,0.2756
3270.0000,0.2826,0.2899,0.2916,0.2974,0.2872,0.2761,0.2743
3275.0000,0.2839,0.2915,0.2917,0.2978,0.2840,0.2753,0.2729
3280.0000,0.2869,0.2915,0.2928,0.2973,0.2813,0.2743,0.2719
3285.0000,0.2887,0.2917,0.2938,0.2965,0.2785,0.2742,0.2697
3290.0000,0.2898,0.2919,0.2949,0.2950,0.2762,0.2736,0.2681
3295.0000,0.2909,0.2918,0.2964,0.2927,0.2748,0.2724,0.2668
3300.0000,0.2918,0.2919,0.2974,0.2904,0.2732,0.2721,0.2633
3305.0000,0.2924,0.2922,0.2982,0.2876,0.2727,0.2703,0.2619
3310.0000,0.2922,0.2931,0.2983,0.2848,0.2724,0.2680,0.2606
3315.0000,0.2930,0.2937,0.2978,0.2823,0.2717,0.2666,0.2567
3320.0000,0.2931,0.2947,0.2967,0.2798,0.2719,0.2629,0.2577
3325.0000,0.2929,0.2957,0.2948,0.2780,0.2712,0.2602,0.2570
3330.0000,0.2941,0.2959,0.2927,0.2765,0.2700,0.2580,0.2558
3335.0000,0.2937,0.2965,0.2898,0.2757,0.2682,0.2562,0.2547
3340.0000,0.2929,0.2969,0.2867,0.2752,0.2658,0.2550,0.2533
3345.0000,0.2943,0.2953,0.2843,0.2745,0.2633,0.2542,0.2513
3350.0000,0.2935,0.2944,0.2817,0.2741,0.2606,0.2535,0.2492
3355.0000,0.2921,0.2931,0.2795,0.2734,0.2580,0.2530,0.2464
3360.0000,0.2925,0.2901,0.2786,0.2717,0.2565,0.2514,0.2446
3365.0000,0.2913,0.2878,0.2774,0.2702,0.2545,0.2505,0.2409
3370.0000,0.2899,0.2852,0.2769,0.2680,0.2536,0.2481,0.2390
3375.0000,0.2883,0.2827,0.2766,0.2656,0.2530,0.2451,0.2372
3380.0000,0.2870,0.2803,0.2762,0.2633,0.2520,0.2429,0.2336
3385.0000,0.2849,0.2785,0.2755,0.2609,0.2516,0.2388,0.2338
3390.0000,0.2827,0.2774,0.2741,0.2591,0.2503,0.2358,0.2326
3395.0000,0.2806,0.2768,0.2720,0.2579,0.2483,0.2332,0.2314
3400.0000,0.2782,0.2767,0.2695,0.2570,0.2457,0.2312,0.2304
3405.0000,0.2776,0.2755,0.2674,0.2560,0.2428,0.2296,0.2294
3410.0000,0.2757,0.2752,0.2646,0.2554,0.2394,0.2287,0.2286
3415.0000,0.2738,0.2745,0.2621,0.2546,0.2359,0.2284,0.2274
3420.0000,0.2720,0.2731,0.2602,0.2534,0.2327,0.2283,0.2263
3425.0000,0.2727,0.2702,0.2594,0.2514,0.2301,0.2285,0.2243
3430.0000,0.2715,0.2678,0.2587,0.2490,0.2281,0.2282,0.2233
3435.0000,0.2707,0.2650,0.2584,0.2460,0.2270,0.2276,0.2221
3440.0000,0.2689,0.2627,0.2578,0.2430,0.2259,0.2277,0.2185
3445.0000,0.2672,0.2606,0.2574,0.2395,0.2262,0.2255,0.2191
3450.0000,0.2648,0.2593,0.2561,0.2364,0.2265,0.2236,0.2184
3455.0000,0.2630,0.2581,0.2545,0.2336,0.2268,0.2215,0.2177
3460.0000,0.2610,0.2574,0.2520,0.2316,0.2265,0.2200,0.2160
3465.0000,0.2584,0.2572,0.2489,0.2300,0.2263,0.2178,0.2160
3470.0000,0.2579,0.2558,0.2460,0.2289,0.2255,0.2163,0.2152
3475.0000,0.2560,0.2551,0.2424,0.2284,0.2241,0.2150,0.2146
3480.0000,0.2537,0.2542,0.2388,0.2284,0.2221,0.2145,0.2132
3485.0000,0.2537,0.2515,0.2363,0.2280,0.2204,0.2138,0.2119
3490.0000,0.2518,0.2495,0.2337,0.2279,0.2183,0.2135,0.2104
3495.0000,0.2497,0.2470,0.2317,0.2274,0.2165,0.2130,0.2088
3500.0000,0.2486,0.2436,0.2307,0.2264,0.2152,0.2122,0.2071
3505.0000,0.2468,0.2405,0.2300,0.2253,0.2138,0.2119,0.2039
3510.0000,0.2445,0.2376,0.2298,0.2236,0.2135,0.2097,0.2037
3515.0000,0.2421,0.2352,0.2296,0.2219,0.2131,0.2076,0.2027
3520.0000,0.2398,0.2332,0.2291,0.2204,0.2123,0.2062,0.2003
3525.0000,0.2380,0.2314,0.2287,0.2187,0.2120,0.2037,0.2003
3530.0000,0.2357,0.2304,0.2279,0.2173,0.2113,0.2012,0.2007
3535.0000,0.2336,0.2299,0.2264,0.2164,0.2099,0.1997,0.2006
3540.0000,0.2314,0.2298,0.2246,0.2158,0.2081,0.1985,0.2012
3545.0000,0.2287,0.2301,0.2223,0.2157,0.2055,0.1985,0.2010
3550.0000,0.2293,0.2287,0.2210,0.2150,0.2032,0.1987,0.2013
3555.0000,0.2278,0.2282,0.2192,0.2145,0.2006,0.1998,0.2002
3560.0000,0.2263,0.2273,0.2179,0.2137,0.1985,0.2011,0.1989
3565.0000,0.2269,0.2251,0.2174,0.2122,0.1969,0.2026,0.1961
3570.0000,0.2262,0.2231,0.2173,0.2100,0.1967,0.2024,0.1957
3575.0000,0.2253,0.2212,0.2173,0.2075,0.1973,0.2015,0.1950
3580.0000,0.2241,0.2195,0.2173,0.2048,0.1986,0.1998,0.1946
3585.0000,0.2233,0.2179,0.2169,0.2026,0.1994,0.1989,0.1923
3590.0000,0.2218,0.2169,0.2161,0.2004,0.2010,0.1960,0.1934
3595.0000,0.2201,0.2164,0.2145,0.1991,0.2017,0.1940,0.1932
3600.0000,0.2185,0.2163,0.2122,0.1986,0.2017,0.1923,0.1932
3605.0000,0.2164,0.2167,0.2092,0.1989,0.2008,0.1912,0.1930
3610.0000,0.2163,0.2158,0.2066,0.1994,0.1993,0.1909,0.1923
3615.0000,0.2146,0.2157,0.2036,0.2004,0.1975,0.1905,0.1926
3620.0000,0.2128,0.2152,0.2010,0.2014,0.1951,0.1911,0.1919
3625.0000,0.2134,0.2127,0.1999,0.2017,0.1932,0.1915,0.1916
3630.0000,0.2123,0.2108,0.1989,0.2020,0.1912,0.1925,0.1904
3635.0000,0.2114,0.2082,0.1991,0.2013,0.1903,0.1925,0.1909
3640.0000,0.2103,0.2055,0.1998,0.2000,0.1898,0.1924,0.1914
3645.0000,0.2091,0.2032,0.2007,0.1986,0.1894,0.1931,0.1903
