150.0000,0.6984,0.7029,0.6832,0.6810,0.6787,0.6533,0.6507
155.0000,0.6999,0.6995,0.6807,0.6826,0.6745,0.6507,0.6479
160.0000,0.6982,0.6975,0.6780,0.6845,0.6690,0.6490,0.6447
165.0000,0.6955,0.6951,0.6764,0.6856,0.6636,0.6473,0.6425
170.0000,0.6954,0.6907,0.6769,0.6854,0.6585,0.6459,0.6395
175.0000,0.6929,0.6879,0.6774,0.6848,0.6529,0.6461,0.6337
180.0000,0.6909,0.6847,0.6792,0.6823,0.6494,0.6438,0.6320
185.0000,0.6892,0.6815,0.6820,0.6783,0.6474,0.6400,0.6323
190.0000,0.6872,0.6796,0.6838,0.6746,0.6443,0.6391,0.6272
195.0000,0.6854,0.6783,0.6857,0.6697,0.6432,0.6351,0.6289
200.0000,0.6833,0.6782,0.6864,0.6650,0.6419,0.6319,0.6296
205.0000,0.6824,0.6786,0.6859,0.6609,0.6395,0.6309,0.6272
210.0000,0.6806,0.6801,0.6840,0.6571,0.6379,0.6285,0.6296
215.0000,0.6765,0.6832,0.6802,0.6543,0.6355,0.6272,0.6320
220.0000,0.6795,0.6830,0.6771,0.6515,0.6327,0.6280,0.6323
225.0000,0.6781,0.6843,0.6727,0.6489,0.6309,0.6266,0.6422
230.0000,0.6771,0.6840,0.6691,0.6455,0.6311,0.6227,0.6646
235.0000,0.6801,0.6806,0.6670,0.6414,0.6324,0.6184,0.7014
240.0000,0.6794,0.6789,0.6624,0.6404,0.6282,0.6256,0.7426
245.0000,0.6774,0.6772,0.6573,0.6404,0.6221,0.6411,0.7966
250.0000,0.6774,0.6735,0.6535,0.6398,0.6167,0.6637,0.8722
255.0000,0.6743,0.6714,0.6486,0.6404,0.6094,0.7010,0.9668
260.0000,0.6680,0.6714,0.6418,0.6433,0.5981,0.7634,1.0617
265.0000,0.6680,0.6696,0.6335,0.6505,0.5777,0.8697,1.1159
270.0000,0.6627,0.6674,0.6315,0.6471,0.5817,0.9648,1.2040
275.0000,0.6571,0.6647,0.6304,0.6426,0.5922,1.0859,1.2459
280.0000,0.6599,0.6553,0.6364,0.6302,0.6250,1.2080,1.2637
285.0000,0.6592,0.6461,0.6457,0.6117,0.6835,1.3212,1.2436
290.0000,0.6650,0.6302,0.6631,0.5831,0.7798,1.3946,1.2268
295.0000,0.6557,0.6228,0.6777,0.5533,0.9084,1.4205,1.2127
300.0000,0.6584,0.6144,0.6836,0.5400,1.0336,1.4490,1.1039
305.0000,0.6717,0.5994,0.6944,0.5249,1.1971,1.3792,1.1140
310.0000,0.6488,0.6117,0.6805,0.5389,1.3471,1.2790,1.1334
315.0000,0.6453,0.6227,0.6509,0.5894,1.4543,1.1936,1.1101
320.0000,0.6316,0.6463,0.6045,0.6731,1.5255,1.0958,1.1197
325.0000,0.5886,0.6886,0.5384,0.7971,1.5339,1.0323,1.1008
330.0000,0.6144,0.6917,0.4992,0.9245,1.5204,0.9497,1.1665
335.0000,0.5874,0.7212,0.4490,1.0825,1.4334,0.9494,1.1086
340.0000,0.5601,0.7349,0.4285,1.2320,1.3223,0.9649,1.0749
345.0000,0.6176,0.6879,0.4731,1.3411,1.2224,0.9660,1.1030
350.0000,0.6118,0.6675,0.5330,1.4356,1.1007,1.0173,1.0524
355.0000,0.6387,0.6175,0.6499,1.4756,1.0143,1.0440,1.0591
360.0000,0.6420,0.5833,0.7922,1.4746,0.9545,1.0623,1.0858
365.0000,0.6804,0.5437,0.9588,1.4365,0.9132,1.0986,1.0829
370.0000,0.7322,0.5210,1.1337,1.3611,0.9136,1.1040,1.1379
375.0000,0.6757,0.5906,1.2579,1.2859,0.9226,1.1149,1.1989
380.0000,0.7066,0.6525,1.3702,1.2003,0.9429,1.1427,1.2404
385.0000,0.7248,0.7583,1.4369,1.1193,0.9806,1.1516,1.3516
390.0000,0.7483,0.8919,1.4528,1.0612,1.0035,1.1989,1.4338
395.0000,0.7956,1.0277,1.4328,1.0177,1.0295,1.2539,1.5384
400.0000,0.8482,1.1575,1.3815,0.9928,1.0524,1.3283,1.6515
405.0000,0.9619,1.2349,1.3308,0.9716,1.0863,1.4092,1.7964
410.0000,1.0151,1.3267,1.2467,0.9761,1.1110,1.5186,1.9543
415.0000,1.0991,1.3621,1.1757,0.9862,1.1361,1.6699,2.0569
420.0000,1.1897,1.3502,1.1274,0.9883,1.1905,1.8106,2.2060
425.0000,1.2395,1.3270,1.0832,0.9970,1.2558,1.9692,2.3495
430.0000,1.2715,1.2849,1.0543,1.0038,1.3468,2.1235,2.5223
435.0000,1.2725,1.2426,1.0287,1.0205,1.4455,2.3045,2.6486
440.0000,1.2664,1.1914,1.0165,1.0388,1.5681,2.4828,2.7627
445.0000,1.2443,1.1451,1.0121,1.0593,1.7225,2.6313,2.9304
450.0000,1.2277,1.0996,1.0133,1.0903,1.8919,2.7768,3.0834
490.0000,1.0264,1.0694,1.1025,1.9915,3.2770,3.5594,3.3817
495.0000,1.0346,1.0825,1.1660,2.1664,3.4119,3.5498,3.3234
500.0000,1.0557,1.0977,1.2487,2.3489,3.5202,3.5266,3.2080
505.0000,1.0742,1.1243,1.3494,2.5328,3.6074,3.4728,3.0570
510.0000,1.0842,1.1705,1.4637,2.7166,3.6696,3.3880,2.8655
515.0000,1.1272,1.2119,1.6105,2.8789,3.7336,3.2213,2.7288
520.0000,1.1743,1.2733,1.7627,3.0453,3.7446,3.0610,2.5265
525.0000,1.2402,1.3435,1.9318,3.1963,3.7299,2.8603,2.3415
530.0000,1.2936,1.4435,2.1001,3.3401,3.6724,2.6443,2.1501
535.0000,1.3574,1.5667,2.2669,3.4729,3.5706,2.4193,1.9643
540.0000,1.4477,1.6949,2.4426,3.5805,3.4403,2.1665,1.8625
545.0000,1.5560,1.8358,2.6103,3.6784,3.2441,1.9705,1.7028
550.0000,1.6822,1.9756,2.7869,3.7379,3.0309,1.7628,1.6204
555.0000,1.7724,2.1564,2.9351,3.7836,2.7640,1.6216,1.4837
560.0000,1.9314,2.3058,3.0990,3.7786,2.4948,1.4926,1.3983
565.0000,2.0815,2.4603,3.2554,3.7296,2.2260,1.3844,1.3598
570.0000,2.2410,2.6069,3.4030,3.6390,1.9535,1.3355,1.2647
575.0000,2.3642,2.7673,3.5294,3.5042,1.7055,1.3040,1.1910
580.0000,2.5386,2.8970,3.6490,3.3198,1.4950,1.2890,1.1068
585.0000,2.7261,2.9990,3.7586,3.0847,1.3460,1.2460,1.1084
590.0000,2.9082,3.0935,3.8326,2.8244,1.2348,1.2165,1.0923
595.0000,2.9958,3.2242,3.8408,2.5601,1.1584,1.1871,1.0817
600.0000,3.1004,3.3412,3.7960,2.3016,1.1027,1.1803,1.0328
605.0000,3.2143,3.4323,3.7083,2.0444,1.0942,1.1325,1.0641
610.0000,3.2970,3.5125,3.5611,1.8179,1.0911,1.1038,1.0682
615.0000,3.3628,3.5668,3.3668,1.6244,1.0931,1.0844,1.0633
620.0000,3.3743,3.6078,3.1254,1.4706,1.0950,1.0686,1.0632
625.0000,3.4429,3.5687,2.8818,1.3416,1.1018,1.0559,1.0589
630.0000,3.4280,3.5200,2.6102,1.2534,1.1009,1.0460,1.0622
635.0000,3.3996,3.4157,2.3494,1.1900,1.0966,1.0433,1.0552
640.0000,3.3797,3.2484,2.1170,1.1415,1.0943,1.0398,1.0500
645.0000,3.2790,3.0786,1.8917,1.1170,1.0858,1.0370,1.0520
650.0000,3.1422,2.8887,1.6930,1.1059,1.0727,1.0408,1.0450
655.0000,3.0252,2.6606,1.5389,1.0950,1.0647,1.0416,1.0406
660.0000,2.8930,2.4157,1.4249,1.0826,1.0619,1.0392,1.0383
665.0000,2.7015,2.2042,1.3246,1.0793,1.0549,1.0399,1.0331
670.0000,2.5049,2.0081,1.2478,1.0769,1.0490,1.0399,1.0277
675.0000,2.3115,1.8333,1.1888,1.0763,1.0422,1.0420,1.0166
680.0000,2.1653,1.6528,1.1626,1.0655,1.0455,1.0342,1.0160
685.0000,1.9708,1.5275,1.1315,1.0629,1.0436,1.0288,1.0140
690.0000,1.7948,1.4324,1.1029,1.0645,1.0372,1.0286,1.0030
695.0000,1.6493,1.3512,1.0845,1.0633,1.0345,1.0224,1.0031
700.0000,1.5607,1.2652,1.0833,1.0557,1.0364,1.0130,1.0044
705.0000,1.4514,1.2100,1.0772,1.0529,1.0330,1.0092,0.9990
710.0000,1.3550,1.1738,1.0696,1.0514,1.0291,1.0033,1.0026
715.0000,1.2769,1.1479,1.0625,1.0508,1.0232,1.0004,1.0032
720.0000,1.2297,1.1217,1.0603,1.0484,1.0176,0.9990,1.0030
725.0000,1.1937,1.0996,1.0601,1.0451,1.0123,0.9988,1.0032
730.0000,1.1472,1.0934,1.0540,1.0446,1.0048,1.0008,1.0027
735.0000,1.1278,1.0814,1.0531,1.0408,1.0001,1.0022,1.0032
740.0000,1.1024,1.0796,1.0478,1.0392,0.9935,1.0073,0.9991
745.0000,1.0960,1.0688,1.0495,1.0323,0.9930,1.0068,1.0024
750.0000,1.0872,1.0606,1.0510,1.0250,0.9938,1.0065,1.0045
755.0000,1.0788,1.0551,1.0509,1.0187,0.9939,1.0092,1.0013
760.0000,1.0712,1.0512,1.0502,1.0117,0.9969,1.0076,1.0055
765.0000,1.0649,1.0485,1.0482,1.0057,0.9999,1.0069,1.0076
770.0000,1.0578,1.0489,1.0430,1.0022,1.0013,1.0085,1.0060
775.0000,1.0512,1.0498,1.0367,0.9996,1.0034,1.0086,1.0073
780.0000,1.0509,1.0475,1.0312,0.9976,1.0053,1.0090,1.0064
785.0000,1.0467,1.0476,1.0233,0.9980,1.0056,1.0112,1.0016
790.0000,1.0419,1.0469,1.0160,0.9985,1.0071,1.0103,1.0011
795.0000,1.0436,1.0411,1.0117,0.9985,1.0091,1.0086,0.9991
800.0000,1.0406,1.0374,1.0062,1.0004,1.0090,1.0092,0.9915
805.0000,1.0372,1.0323,1.0027,1.0013,1.0109,1.0050,0.9915
810.0000,1.0356,1.0253,1.0014,1.0017,1.0132,0.9990,0.9930
815.0000,1.0314,1.0202,0.9994,1.0038,1.0123,0.9968,0.9888
820.0000,1.0265,1.0155,0.9984,1.0054,1.0120,0.9916,0.9925
825.0000,1.0201,1.0124,0.9973,1.0078,1.0096,0.9885,0.9946
830.0000,1.0183,1.0079,0.9976,1.0102,1.0056,0.9882,0.9947
835.0000,1.0130,1.0057,0.9987,1.0105,1.0053,0.9786,1.0290
840.0000,1.0078,1.0041,1.0005,1.0100,1.0052,0.9689,1.0859
845.0000,1.0074,1.0018,1.0019,1.0111,0.9997,0.9713,1.1559
850.0000,1.0036,1.0033,1.0005,1.0149,0.9874,0.9906,1.2453
855.0000,0.9983,1.0069,0.9971,1.0210,0.9684,1.0346,1.3442
860.0000,1.0022,1.0043,0.9999,1.0203,0.9585,1.0823,1.5019
865.0000,1.0001,1.0063,0.9995,1.0215,0.9445,1.1631,1.6905
870.0000,0.9953,1.0100,0.9986,1.0216,0.9326,1.2779,1.9170
875.0000,1.0002,1.0115,0.9946,1.0272,0.9092,1.4676,2.1071
880.0000,0.9987,1.0123,0.9981,1.0187,0.9198,1.6623,2.3642
885.0000,0.9957,1.0125,1.0039,1.0043,0.9525,1.8938,2.6399
890.0000,1.0025,1.0105,1.0061,0.9949,0.9905,2.2065,2.8268
895.0000,1.0053,1.0046,1.0187,0.9677,1.0905,2.5058,3.0362
935.0000,1.0064,0.9907,0.9803,1.1153,3.5098,3.5544,3.1763
940.0000,0.9962,1.0171,0.9112,1.3337,3.7907,3.4004,3.0726
945.0000,0.9737,1.0499,0.8391,1.6115,4.0015,3.1882,3.0459
950.0000,0.9076,1.1056,0.7568,1.9632,4.0846,3.0133,2.9704
955.0000,0.9612,1.0944,0.7395,2.3263,4.0995,2.8005,3.0289
960.0000,0.9204,1.1325,0.7253,2.7380,3.9664,2.7082,2.9223
965.0000,0.8743,1.1559,0.7781,3.1347,3.7510,2.6675,2.8215
970.0000,0.9700,1.0991,0.9473,3.4667,3.4995,2.6595,2.7425
975.0000,0.9705,1.0918,1.1769,3.7298,3.2457,2.6418,2.7440
980.0000,1.0383,1.0546,1.5028,3.8991,2.9975,2.6653,2.7154
985.0000,1.0744,1.0562,1.8866,3.9701,2.7892,2.6845,2.7396
990.0000,1.1587,1.0788,2.3124,3.9503,2.6144,2.7407,2.7294
995.0000,1.2972,1.1367,2.7559,3.8357,2.5186,2.7551,2.8226
1000.0000,1.2925,1.3444,3.1201,3.6881,2.4514,2.7909,2.9156
1005.0000,1.4539,1.5323,3.4660,3.4899,2.4249,2.8614,2.9620
1010.0000,1.6202,1.7927,3.7273,3.2724,2.4527,2.9006,3.1028
1015.0000,1.7273,2.1481,3.8607,3.0830,2.4823,2.9835,3.1965
1020.0000,1.8933,2.5147,3.8994,2.9161,2.5285,3.0836,3.2749
1025.0000,2.1078,2.8523,3.8649,2.7715,2.5989,3.1806,3.3635
1030.0000,2.3941,3.1141,3.7873,2.6469,2.6933,3.2735,3.4471
1035.0000,2.5729,3.3983,3.6152,2.5823,2.7749,3.3894,3.4897
1040.0000,2.8311,3.5467,3.4569,2.5261,2.8871,3.4833,3.5217
1045.0000,3.0852,3.5991,3.3081,2.4852,3.0253,3.5432,3.5630
1050.0000,3.2453,3.6195,3.1410,2.4855,3.1519,3.6088,3.5509
1055.0000,3.3436,3.5928,2.9860,2.5054,3.2965,3.6172,3.6171
1060.0000,3.4206,3.5121,2.8528,2.5499,3.4321,3.6139,3.6759
1065.0000,3.4467,3.4057,2.7356,2.6243,3.5420,3.6183,3.7137
1070.0000,3.4096,3.3018,2.6296,2.7269,3.6275,3.6183,3.7680
1075.0000,3.3319,3.2014,2.5386,2.8570,3.6738,3.6439,3.7917
1115.0000,2.7585,2.5890,3.0066,3.6040,3.8304,3.5793,2.8202
1120.0000,2.7683,2.5907,3.1586,3.6099,3.8956,3.3633,2.6384
1125.0000,2.7236,2.6593,3.2777,3.6227,3.9457,3.0839,2.4980
1130.0000,2.7415,2.7386,3.3732,3.6563,3.9314,2.8281,2.2925
1135.0000,2.7575,2.8559,3.4332,3.7079,3.8681,2.5531,2.1148
1140.0000,2.8046,2.9814,3.4699,3.7738,3.7448,2.2825,1.9626
1145.0000,2.8340,3.1373,3.4731,3.8542,3.5608,2.0193,1.8751
1150.0000,2.8860,3.2788,3.4657,3.9439,3.2921,1.8477,1.6864
1155.0000,3.0299,3.3498,3.4975,3.9957,3.0014,1.6919,1.5438
1160.0000,3.0841,3.4568,3.5167,4.0232,2.6923,1.5451,1.4776
1165.0000,3.1852,3.5036,3.5775,3.9982,2.3765,1.4456,1.4011
1170.0000,3.3079,3.5092,3.6722,3.9153,2.0705,1.3883,1.3251
1175.0000,3.4076,3.5027,3.7866,3.7705,1.7995,1.3473,1.2766
1180.0000,3.4989,3.4935,3.9054,3.5707,1.5687,1.3276,1.2276
1185.0000,3.5151,3.5272,3.9954,3.3299,1.3886,1.3030,1.2227
1190.0000,3.5748,3.5441,4.0700,3.0551,1.2466,1.3129,1.1692
1195.0000,3.6237,3.5823,4.1013,2.7571,1.1654,1.2946,1.1912
1200.0000,3.6576,3.6417,4.0741,2.4581,1.1258,1.2732,1.2228
1205.0000,3.6606,3.7227,3.9747,2.1839,1.0986,1.2845,1.2006
1210.0000,3.6855,3.7856,3.8260,1.9257,1.1100,1.2680,1.2472
1215.0000,3.7017,3.8344,3.6206,1.7052,1.1299,1.2643,1.2711
1220.0000,3.7390,3.8375,3.3825,1.5185,1.1605,1.2631,1.2902
1225.0000,3.7073,3.8394,3.0946,1.3826,1.1845,1.2713,1.3041
1230.0000,3.6547,3.7977,2.7924,1.2847,1.2083,1.2805,1.3207
1235.0000,3.6817,3.6537,2.5227,1.2045,1.2421,1.2823,1.3463
1240.0000,3.6159,3.4989,2.2495,1.1621,1.2651,1.2899,1.3769
1245.0000,3.5342,3.2950,2.0077,1.1395,1.2842,1.3032,1.4055
1250.0000,3.4190,3.0651,1.7954,1.1366,1.2939,1.3303,1.4208
1255.0000,3.2417,2.8451,1.6033,1.1511,1.3007,1.3534,1.4546
1260.0000,3.0490,2.6172,1.4469,1.1739,1.3038,1.3841,1.4846
1265.0000,2.8693,2.3761,1.3346,1.1955,1.3097,1.4178,1.5163
1270.0000,2.6895,2.1345,1.2635,1.2123,1.3215,1.4519,1.5512
1275.0000,2.4697,1.9369,1.2067,1.2351,1.3298,1.4956,1.5731
1280.0000,2.2643,1.7607,1.1755,1.2522,1.3480,1.5309,1.6111
1285.0000,2.1013,1.5874,1.1759,1.2608,1.3730,1.5707,1.6368
1290.0000,1.8942,1.4823,1.1671,1.2772,1.3983,1.6082,1.6728
1295.0000,1.7413,1.3884,1.1754,1.2875,1.4335,1.6388,1.7160
1300.0000,1.6106,1.3199,1.1862,1.3013,1.4661,1.6795,1.7410
1305.0000,1.5302,1.2509,1.2136,1.3068,1.5128,1.7038,1.7966
1310.0000,1.4298,1.2230,1.2272,1.3242,1.5498,1.7433,1.8266
1315.0000,1.3537,1.2116,1.2382,1.3456,1.5873,1.7824,1.8539
1320.0000,1.2939,1.2141,1.2463,1.3709,1.6261,1.8176,1.8881
1325.0000,1.2502,1.2236,1.2541,1.3993,1.6659,1.8497,1.9247
1330.0000,1.2420,1.2273,1.2664,1.4300,1.7032,1.8873,1.9465
1335.0000,1.2257,1.2430,1.2751,1.4655,1.7393,1.9229,1.9652
1340.0000,1.2271,1.2517,1.2917,1.4992,1.7795,1.9504,1.9882
1345.0000,1.2388,1.2567,1.3144,1.5319,1.8222,1.9710,2.0133
1350.0000,1.2467,1.2669,1.3366,1.5689,1.8588,1.9964,2.0253
1355.0000,1.2580,1.2770,1.3635,1.6048,1.8976,2.0119,2.0483
1360.0000,1.2683,1.2909,1.3913,1.6429,1.9327,2.0269,2.0673
1365.0000,1.2789,1.3094,1.4191,1.6837,1.9616,2.0441,2.0806
1370.0000,1.2854,1.3341,1.4472,1.7250,1.9891,2.0546,2.1083
1375.0000,1.3071,1.3548,1.4797,1.7657,2.0118,2.0678,2.1342
1380.0000,1.3270,1.3795,1.5125,1.8073,2.0287,2.0852,2.1598
1385.0000,1.3458,1.4073,1.5468,1.8473,2.0430,2.1027,2.1962
1390.0000,1.3723,1.4337,1.5847,1.8847,2.0543,2.1248,2.2370
1395.0000,1.3900,1.4703,1.6184,1.9230,2.0594,2.1571,2.2778
1400.0000,1.4227,1.4985,1.6597,1.9546,2.0660,2.1952,2.3180
1405.0000,1.4555,1.5265,1.7042,1.9799,2.0769,2.2344,2.3695
1410.0000,1.4882,1.5567,1.7486,2.0019,2.0882,2.2843,2.4159
1415.0000,1.5146,1.5939,1.7895,2.0213,2.1021,2.3423,2.4515
1455.0000,1.7996,1.8820,2.0399,2.0948,2.5453,2.4989,1.7600
1460.0000,1.8410,1.9045,2.0649,2.1031,2.6618,2.2917,1.6937
1465.0000,1.8821,1.9293,2.0759,2.1358,2.7399,2.0732,1.5646
1470.0000,1.9028,1.9643,2.0717,2.1931,2.7761,1.8297,1.4451
1475.0000,1.9170,2.0068,2.0520,2.2799,2.7482,1.5920,1.3365
1480.0000,1.9210,2.0532,2.0264,2.3857,2.6614,1.3552,1.2917
1485.0000,1.9642,2.0784,2.0070,2.5090,2.4907,1.1880,1.2206
1490.0000,1.9733,2.1100,2.0011,2.6196,2.2900,1.0116,1.2826
1495.0000,1.9435,2.1619,1.9879,2.7431,1.9917,0.9833,1.1946
1500.0000,2.0184,2.1480,2.0337,2.8172,1.6820,1.0056,1.1124
1505.0000,2.0293,2.1529,2.1082,2.8316,1.4064,1.0121,1.1265
1510.0000,2.0599,2.1363,2.2229,2.7860,1.1468,1.0814,1.0631
1515.0000,2.0975,2.1112,2.3742,2.6631,0.9567,1.1340,1.0361
1520.0000,2.1492,2.0839,2.5397,2.4824,0.8176,1.2113,0.9357
1525.0000,2.2303,2.0486,2.7203,2.2297,0.7854,1.1997,0.9778
1530.0000,2.1902,2.1096,2.8303,1.9696,0.7945,1.1830,0.9977
1535.0000,2.2471,2.1436,2.9142,1.7000,0.8341,1.1904,0.9199
1540.0000,2.3080,2.2067,2.9369,1.4338,0.9336,1.1153,0.9833
1545.0000,2.2865,2.3471,2.8465,1.2279,1.0171,1.0568,1.0159
1550.0000,2.3188,2.4687,2.6927,1.0705,1.0877,1.0101,1.0316
1555.0000,2.2949,2.6169,2.4547,0.9814,1.1269,0.9793,1.0383
1560.0000,2.3982,2.6618,2.2136,0.9281,1.1479,0.9647,1.0254
1565.0000,2.4111,2.7112,1.9298,0.9270,1.1463,0.9438,1.0575
1570.0000,2.4168,2.6898,1.6609,0.9567,1.1154,0.9598,1.0275
1575.0000,2.3962,2.6028,1.4278,0.9979,1.0776,0.9781,1.0049
1580.0000,2.4507,2.4110,1.2681,1.0248,1.0531,0.9815,1.0044
1585.0000,2.3989,2.2158,1.1392,1.0561,1.0215,0.9947,0.9870
1590.0000,2.3261,1.9921,1.0645,1.0722,1.0014,0.9992,0.9811
1595.0000,2.1929,1.7850,1.0208,1.0804,0.9871,0.9997,0.9787
1600.0000,2.0931,1.5578,1.0266,1.0689,0.9848,0.9984,0.9684
1605.0000,1.9230,1.3944,1.0319,1.0583,0.9847,0.9903,0.9737
1610.0000,1.7278,1.2834,1.0344,1.0502,0.9820,0.9863,0.9737
1615.0000,1.5689,1.1974,1.0416,1.0404,0.9794,0.9859,0.9666
1620.0000,1.4504,1.1276,1.0546,1.0261,0.9825,0.9789,0.9693
1625.0000,1.3329,1.0907,1.0587,1.0159,0.9829,0.9748,0.9688
1630.0000,1.2377,1.0749,1.0554,1.0098,0.9802,0.9741,0.9643
1635.0000,1.1660,1.0691,1.0491,1.0049,0.9779,0.9723,0.9618
1640.0000,1.1312,1.0587,1.0463,0.9982,0.9776,0.9692,0.9591
1645.0000,1.0975,1.0590,1.0374,0.9954,0.9743,0.9691,0.9511
1650.0000,1.0767,1.0569,1.0302,0.9913,0.9740,0.9641,0.9513
1655.0000,1.0697,1.0501,1.0255,0.9868,0.9739,0.9593,0.9493
1660.0000,1.0603,1.0465,1.0184,0.9845,0.9715,0.9571,0.9428
1665.0000,1.0531,1.0417,1.0125,0.9818,0.9705,0.9515,0.9431
1670.0000,1.0490,1.0351,1.0076,0.9792,0.9690,0.9461,0.9435
1675.0000,1.0424,1.0308,1.0013,0.9785,0.9650,0.9437,0.9408
1680.0000,1.0351,1.0268,0.9953,0.9780,0.9608,0.9410,0.9412
1685.0000,1.0265,1.0233,0.9896,0.9779,0.9556,0.9398,0.9404
1690.0000,1.0260,1.0156,0.9867,0.9766,0.9505,0.9400,0.9380
1695.0000,1.0193,1.0112,0.9830,0.9756,0.9453,0.9406,0.9362
1700.0000,1.0127,1.0066,0.9804,0.9736,0.9409,0.9414,0.9334
1705.0000,1.0115,0.9994,0.9799,0.9706,0.9369,0.9440,0.9244
1710.0000,1.0061,0.9945,0.9796,0.9661,0.9361,0.9413,0.9255
1715.0000,1.0005,0.9904,0.9794,0.9612,0.9362,0.9385,0.9240
1720.0000,0.9979,0.9856,0.9798,0.9556,0.9376,0.9343,0.9224
1725.0000,0.9945,0.9823,0.9788,0.9512,0.9375,0.9325,0.9158
1730.0000,0.9896,0.9804,0.9771,0.9466,0.9394,0.9258,0.9176
1735.0000,0.9870,0.9784,0.9745,0.9432,0.9399,0.9209,0.9166
1740.0000,0.9828,0.9786,0.9697,0.9417,0.9382,0.9178,0.9142
1745.0000,0.9769,0.9799,0.9636,0.9414,0.9355,0.9146,0.9135
1750.0000,0.9783,0.9771,0.9592,0.9409,0.9323,0.9122,0.9123
1755.0000,0.9746,0.9769,0.9531,0.9419,0.9274,0.9115,0.9104
1760.0000,0.9707,0.9758,0.9478,0.9426,0.9224,0.9111,0.9090
1765.0000,0.9725,0.9703,0.9456,0.9418,0.9182,0.9107,0.9074
1770.0000,0.9698,0.9668,0.9428,0.9414,0.9131,0.9126,0.9019
1775.0000,0.9670,0.9621,0.9421,0.9390,0.9107,0.9110,0.9026
1780.0000,0.9657,0.9562,0.9429,0.9354,0.9093,0.9095,0.9017
1785.0000,0.9627,0.9518,0.9432,0.9321,0.9069,0.9105,0.8952
1790.0000,0.9602,0.9473,0.9444,0.9273,0.9077,0.9068,0.8971
1795.0000,0.9563,0.9444,0.9448,0.9226,0.9088,0.9026,0.8995
1800.0000,0.9525,0.9431,0.9434,0.9194,0.9078,0.9019,0.8966
1805.0000,0.9481,0.9433,0.9409,0.9165,0.9077,0.8988,0.9002
1810.0000,0.9416,0.9452,0.9366,0.9150,0.9062,0.8976,0.9022
1815.0000,0.9437,0.9434,0.9336,0.9134,0.9042,0.8981,0.9023
1820.0000,0.9403,0.9442,0.9287,0.9129,0.9017,0.8988,0.9051
1825.0000,0.9357,0.9450,0.9236,0.9129,0.8987,0.9013,0.9061
1830.0000,0.9398,0.9407,0.9212,0.9120,0.8960,0.9053,0.9037
1835.0000,0.9377,0.9385,0.9182,0.9109,0.8947,0.9077,0.9050
1840.0000,0.9352,0.9355,0.9162,0.9091,0.8944,0.9098,0.9053
1845.0000,0.9360,0.9302,0.9161,0.9062,0.8960,0.9108,0.9049
1850.0000,0.9340,0.9265,0.9152,0.9040,0.8969,0.9137,0.8994
1855.0000,0.9309,0.9229,0.9151,0.9007,0.9011,0.9111,0.9014
1860.0000,0.9289,0.9193,0.9149,0.8978,0.9051,0.9088,0.9009
1865.0000,0.9256,0.9176,0.9132,0.8967,0.9075,0.9082,0.8960
1870.0000,0.9216,0.9167,0.9110,0.8959,0.9107,0.9042,0.8962
1875.0000,0.9205,0.9147,0.9090,0.8957,0.9133,0.8999,0.8960
1880.0000,0.9169,0.9152,0.9050,0.8978,0.9132,0.8977,0.8933
1885.0000,0.9125,0.9160,0.9008,0.9006,0.9124,0.8947,0.8931
1890.0000,0.9139,0.9134,0.8986,0.9032,0.9107,0.8922,0.8923
1895.0000,0.9109,0.9134,0.8950,0.9071,0.9067,0.8919,0.8897
1900.0000,0.9081,0.9124,0.8931,0.9102,0.9031,0.8905,0.8901
1905.0000,0.9099,0.9080,0.8939,0.9118,0.8994,0.8900,0.8892
1910.0000,0.9082,0.9056,0.8946,0.9135,0.8947,0.8916,0.8853
1915.0000,0.9067,0.9028,0.8970,0.9135,0.8917,0.8914,0.8848
1920.0000,0.9060,0.8995,0.9007,0.9118,0.8900,0.8902,0.8848
1925.0000,0.9043,0.8978,0.9039,0.9101,0.8873,0.8919,0.8791
1930.0000,0.9026,0.8970,0.9074,0.9069,0.8871,0.8897,0.8803
1935.0000,0.9002,0.8976,0.9100,0.9035,0.8875,0.8873,0.8811
1940.0000,0.9007,0.8982,0.9119,0.9006,0.8866,0.8878,0.8753
1945.0000,0.8995,0.9004,0.9126,0.8972,0.8877,0.8839,0.8799
1950.0000,0.8964,0.9045,0.9112,0.8951,0.8876,0.8818,0.8813
1955.0000,0.9004,0.9054,0.9101,0.8933,0.8865,0.8821,0.8785
1960.0000,0.9006,0.9081,0.9075,0.8919,0.8859,0.8802,0.8822
1965.0000,0.8996,0.9108,0.9041,0.8915,0.8843,0.8802,0.8836
1970.0000,0.9042,0.9098,0.9020,0.8906,0.8828,0.8809,0.8841
1975.0000,0.9035,0.9111,0.8982,0.8909,0.8802,0.8834,0.8830
1980.0000,0.9027,0.9110,0.8954,0.8905,0.8788,0.8847,0.8833
1985.0000,0.9063,0.9073,0.8947,0.8889,0.8785,0.8858,0.8829
1990.0000,0.9056,0.9056,0.8930,0.8882,0.8774,0.8886,0.8786
1995.0000,0.9045,0.9030,0.8926,0.8861,0.8788,0.8879,0.8790
2000.0000,0.9049,0.8991,0.8932,0.8834,0.8815,0.8856,0.8799
2005.0000,0.9031,0.8969,0.8925,0.8820,0.8825,0.8860,0.8757
2010.0000,0.9004,0.8954,0.8918,0.8804,0.8849,0.8830,0.8771
2015.0000,0.8992,0.8936,0.8910,0.8792,0.8869,0.8800,0.8777
2020.0000,0.8968,0.8934,0.8888,0.8797,0.8869,0.8794,0.8751
2025.0000,0.8931,0.8941,0.8861,0.8804,0.8871,0.8765,0.8778
2030.0000,0.8938,0.8924,0.8844,0.8814,0.8864,0.8751,0.8789
2035.0000,0.8916,0.8927,0.8814,0.8836,0.8838,0.8758,0.8784
2040.0000,0.8887,0.8930,0.8788,0.8857,0.8812,0.8761,0.8802
2045.0000,0.8905,0.8900,0.8786,0.8866,0.8790,0.8769,0.8819
2050.0000,0.8890,0.8889,0.8777,0.8881,0.8756,0.8800,0.8808
2055.0000,0.8875,0.8872,0.8782,0.8882,0.8739,0.8816,0.8838
2060.0000,0.8850,0.8857,0.8793,0.8876,0.8728,0.8836,0.8863
2065.0000,0.8866,0.8825,0.8816,0.8864,0.8715,0.8882,0.8830
2070.0000,0.8855,0.8807,0.8840,0.8840,0.8728,0.8892,0.8871
2075.0000,0.8837,0.8801,0.8859,0.8815,0.8746,0.8907,0.8889
2080.0000,0.8834,0.8796,0.8871,0.8796,0.8756,0.8948,0.8837
2085.0000,0.8821,0.8802,0.8880,0.8769,0.8795,0.8938,0.8881
2090.0000,0.8797,0.8822,0.8875,0.8751,0.8832,0.8931,0.8904
2095.0000,0.8815,0.8824,0.8872,0.8736,0.8872,0.8920,0.8922
2100.0000,0.8802,0.8850,0.8845,0.8742,0.8890,0.8931,0.8908
2105.0000,0.8790,0.8870,0.8819,0.8750,0.8917,0.8917,0.8942
2110.0000,0.8825,0.8860,0.8803,0.8760,0.8939,0.8909,0.8967
2115.0000,0.8822,0.8868,0.8772,0.8787,0.8940,0.8920,0.8979
2120.0000,0.8801,0.8878,0.8742,0.8819,0.8937,0.8931,0.9009
2125.0000,0.8834,0.8852,0.8735,0.8845,0.8931,0.8953,0.9023
2130.0000,0.8822,0.8846,0.8720,0.8878,0.8916,0.8988,0.9028
2135.0000,0.8806,0.8836,0.8718,0.8904,0.8907,0.9020,0.9039
2140.0000,0.8821,0.8804,0.8738,0.8916,0.8909,0.9048,0.9044
2145.0000,0.8810,0.8789,0.8753,0.8932,0.8905,0.9096,0.8999
2150.0000,0.8797,0.8772,0.8784,0.8928,0.8931,0.9098,0.9022
2155.0000,0.8797,0.8754,0.8822,0.8918,0.8965,0.9094,0.9029
2160.0000,0.8789,0.8751,0.8849,0.8918,0.8985,0.9116,0.8969
2165.0000,0.8784,0.8753,0.8880,0.8907,0.9030,0.9085,0.8996
2170.0000,0.8783,0.8761,0.8904,0.8901,0.9071,0.9051,0.9013
2175.0000,0.8780,0.8785,0.8909,0.8913,0.9089,0.9044,0.8980
2180.0000,0.8771,0.8819,0.8905,0.8930,0.9106,0.9017,0.8994
2185.0000,0.8734,0.8871,0.8885,0.8961,0.9105,0.9000,0.8991
2190.0000,0.8793,0.8877,0.8884,0.8989,0.9093,0.9000,0.8958
2195.0000,0.8795,0.8908,0.8871,0.9022,0.9080,0.8981,0.8978
2200.0000,0.8796,0.8930,0.8864,0.9055,0.9057,0.8976,0.8979
2205.0000,0.8852,0.8914,0.8881,0.9075,0.9035,0.8973,0.8977
2210.0000,0.8857,0.8923,0.8889,0.9099,0.9002,0.8989,0.8954
2215.0000,0.8866,0.8918,0.8914,0.9106,0.8984,0.8985,0.8963
2220.0000,0.8896,0.8901,0.8953,0.9101,0.8972,0.8983,0.8964
2225.0000,0.8902,0.8900,0.8983,0.9097,0.8952,0.9001,0.8931
2230.0000,0.8906,0.8901,0.9021,0.9078,0.8956,0.8986,0.8951
2235.0000,0.8917,0.8904,0.9057,0.9054,0.8963,0.8972,0.8965
2240.0000,0.8918,0.8925,0.9075,0.9039,0.8957,0.8983,0.8945
2245.0000,0.8902,0.8961,0.9083,0.9021,0.8964,0.8967,0.8982
2250.0000,0.8935,0.8973,0.9099,0.8995,0.8984,0.8933,0.9066
2255.0000,0.8943,0.9007,0.9088,0.8990,0.8975,0.8946,0.9119
2260.0000,0.8954,0.9028,0.9089,0.8964,0.9013,0.8867,0.9478
2265.0000,0.8988,0.9038,0.9080,0.8956,0.9013,0.8864,0.9888
2270.0000,0.8995,0.9068,0.9043,0.8978,0.8963,0.8967,1.0385
2275.0000,0.8983,0.9109,0.8983,0.9032,0.8847,0.9256,1.0779
2280.0000,0.9029,0.9099,0.8957,0.9059,0.8766,0.9590,1.1377
2285.0000,0.9025,0.9110,0.8927,0.9082,0.8697,1.0032,1.2107
2290.0000,0.9008,0.9104,0.8930,0.9058,0.8726,1.0469,1.3323
2295.0000,0.9043,0.9075,0.8927,0.9064,0.8692,1.1273,1.4289
2300.0000,0.9037,0.9056,0.8942,0.9029,0.8772,1.2163,1.5504
2305.0000,0.9034,0.9024,0.8979,0.8966,0.8959,1.3202,1.6893
2310.0000,0.9037,0.8987,0.9024,0.8884,0.9266,1.4416,1.8377
2315.0000,0.9041,0.8951,0.9068,0.8800,0.9701,1.5828,1.9877
2320.0000,0.9032,0.8945,0.9070,0.8766,1.0203,1.7612,2.0619
2325.0000,0.9039,0.8911,0.9122,0.8665,1.1066,1.9187,2.1707
2365.0000,0.8960,0.9008,0.8630,1.1569,2.4254,2.4428,2.2614
2370.0000,0.8854,0.9130,0.8443,1.2960,2.5570,2.3702,2.2285
2375.0000,0.8908,0.9188,0.8345,1.4602,2.6467,2.2873,2.1922
2380.0000,0.8789,0.9364,0.8304,1.6464,2.6907,2.1968,2.1732
2385.0000,0.8565,0.9606,0.8391,1.8503,2.6762,2.1327,2.1149
2390.0000,0.8900,0.9536,0.8900,2.0462,2.6230,2.0810,2.0545
2395.0000,0.8791,0.9757,0.9594,2.2313,2.5441,2.0208,2.0404
2400.0000,0.8974,0.9818,1.0711,2.3917,2.4354,1.9951,1.9765
2405.0000,0.9337,0.9826,1.2239,2.5141,2.3191,1.9778,1.9172
2410.0000,0.9689,0.9955,1.4075,2.5934,2.2083,1.9594,1.8691
2415.0000,1.0161,1.0234,1.6133,2.6278,2.1111,1.9374,1.8346
2420.0000,1.0394,1.0922,1.8183,2.6243,2.0309,1.9062,1.8240
2425.0000,1.1061,1.1681,2.0253,2.5868,1.9587,1.8958,1.7775
2430.0000,1.1998,1.2624,2.2207,2.5162,1.9143,1.8650,1.7752
2435.0000,1.2757,1.4017,2.3748,2.4343,1.8797,1.8370,1.7713
2440.0000,1.3441,1.5738,2.4821,2.3515,1.8447,1.8275,1.7373
2445.0000,1.4582,1.7382,2.5608,2.2581,1.8313,1.7970,1.7540
2450.0000,1.5789,1.9069,2.5950,2.1728,1.8171,1.7786,1.7526
2455.0000,1.7099,2.0625,2.5946,2.0950,1.8059,1.7640,1.7494
2460.0000,1.8013,2.2298,2.5454,2.0377,1.7871,1.7602,1.7395
2465.0000,1.9335,2.3425,2.4901,1.9812,1.7783,1.7494,1.7435
2470.0000,2.0834,2.4065,2.4302,1.9299,1.7726,1.7416,1.7447
2475.0000,2.1927,2.4492,2.3575,1.8896,1.7652,1.7380,1.7451
2480.0000,2.2401,2.4868,2.2690,1.8635,1.7536,1.7390,1.7457
2485.0000,2.3260,2.4677,2.1993,1.8348,1.7494,1.7378,1.7490
2490.0000,2.3676,2.4371,2.1293,1.8139,1.7435,1.7406,1.7505
2495.0000,2.3950,2.3843,2.0702,1.7942,1.7415,1.7413,1.7575
2500.0000,2.3859,2.3289,2.0144,1.7798,1.7388,1.7452,1.7626
2505.0000,2.3549,2.2746,1.9614,1.7706,1.7347,1.7526,1.7654
2510.0000,2.3116,2.2190,1.9152,1.7632,1.7332,1.7579,1.7756
2515.0000,2.2729,2.1568,1.8796,1.7553,1.7348,1.7625,1.7888
2520.0000,2.2296,2.0952,1.8507,1.7494,1.7353,1.7732,1.7950
2525.0000,2.1716,2.0441,1.8244,1.7452,1.7382,1.7811,1.8114
2530.0000,2.1225,1.9929,1.8057,1.7405,1.7435,1.7895,1.8298
2535.0000,2.0738,1.9480,1.7896,1.7383,1.7470,1.8047,1.8418
2540.0000,2.0332,1.9041,1.7804,1.7337,1.7571,1.8122,1.8778
2545.0000,1.9850,1.8720,1.7697,1.7328,1.7648,1.8267,1.9124
2550.0000,1.9362,1.8524,1.7554,1.7371,1.7685,1.8511,1.9445
2555.0000,1.9000,1.8316,1.7464,1.7398,1.7766,1.8746,1.9955
2560.0000,1.8697,1.8133,1.7390,1.7446,1.7830,1.9101,2.0402
2565.0000,1.8500,1.7939,1.7357,1.7489,1.7917,1.9530,2.0858
2570.0000,1.8229,1.7839,1.7301,1.7558,1.8011,2.0064,2.1175
2575.0000,1.8011,1.7737,1.7291,1.7596,1.8203,2.0562,2.1611
2580.0000,1.7925,1.7596,1.7337,1.7607,1.8481,2.1063,2.2030
2585.0000,1.7811,1.7504,1.7374,1.7639,1.8797,2.1624,2.2310
2590.0000,1.7674,1.7456,1.7405,1.7691,1.9167,2.2216,2.2329
2595.0000,1.7617,1.7390,1.7469,1.7731,1.9653,2.2699,2.2222
2600.0000,1.7545,1.7368,1.7515,1.7810,2.0193,2.3118,2.1797
2605.0000,1.7521,1.7335,1.7593,1.7882,2.0879,2.3249,2.1334
2610.0000,1.7482,1.7327,1.7666,1.7991,2.1642,2.3110,2.0699
2615.0000,1.7461,1.7361,1.7686,1.8222,2.2315,2.2890,1.9535
2620.0000,1.7429,1.7419,1.7703,1.8510,2.3016,2.2255,1.8378
2625.0000,1.7452,1.7443,1.7772,1.8815,2.3779,2.1033,1.7558
2630.0000,1.7444,1.7554,1.7732,1.9353,2.4149,1.9892,1.6195
2635.0000,1.7411,1.7688,1.7700,1.9981,2.4326,1.8418,1.5092
2640.0000,1.7514,1.7758,1.7723,2.0693,2.4201,1.6796,1.4094
2645.0000,1.7476,1.7942,1.7717,2.1519,2.3673,1.5165,1.3263
2650.0000,1.7443,1.8118,1.7788,2.2366,2.2770,1.3567,1.2803
2655.0000,1.7677,1.8160,1.7994,2.3213,2.1354,1.2436,1.2052
2660.0000,1.7726,1.8283,1.8337,2.3878,1.9782,1.1248,1.2115
2665.0000,1.7660,1.8516,1.8725,2.4459,1.7758,1.0798,1.1442
2670.0000,1.7992,1.8521,1.9423,2.4666,1.5717,1.0598,1.0910
2675.0000,1.8142,1.8643,2.0260,2.4477,1.3842,1.0427,1.0861
2680.0000,1.8410,1.8742,2.1234,2.3910,1.2067,1.0651,1.0340
2685.0000,1.8888,1.8786,2.2358,2.2856,1.0715,1.0807,1.0069
2690.0000,1.9046,1.9084,2.3339,2.1515,0.9628,1.1163,0.9345
2695.0000,1.9631,1.9225,2.4380,1.9714,0.9220,1.0969,0.9725
2700.0000,2.0178,1.9591,2.5069,1.7817,0.9093,1.0809,0.9897
2705.0000,2.0123,2.0414,2.5191,1.6002,0.9166,1.0634,1.0010
2710.0000,2.0539,2.1117,2.4948,1.4300,0.9342,1.0598,0.9798
2715.0000,2.0884,2.1887,2.4243,1.2773,0.9712,1.0319,1.0016
2720.0000,2.1251,2.2594,2.3085,1.1562,1.0037,1.0133,1.0069
2725.0000,2.1553,2.3158,2.1563,1.0674,1.0306,0.9965,1.0141
2730.0000,2.1379,2.3693,1.9684,1.0166,1.0419,0.9902,1.0133
2735.0000,2.2074,2.3407,1.7973,0.9798,1.0520,0.9856,1.0098
2740.0000,2.2001,2.3118,1.6112,0.9718,1.0508,0.9804,1.0200
2745.0000,2.1840,2.2381,1.4443,0.9776,1.0406,0.9862,1.0135
2750.0000,2.1849,2.1101,1.3141,0.9844,1.0314,0.9920,1.0081
2755.0000,2.1308,1.9767,1.2029,0.9972,1.0206,0.9957,1.0101
2760.0000,2.0527,1.8315,1.1197,1.0094,1.0094,1.0024,1.0067
2765.0000,1.9592,1.6835,1.0625,1.0182,1.0014,1.0067,1.0062
2770.0000,1.8757,1.5228,1.0386,1.0174,0.9996,1.0095,1.0026
2775.0000,1.7464,1.4018,1.0172,1.0195,0.9971,1.0104,1.0065
2780.0000,1.6156,1.3029,1.0045,1.0204,0.9953,1.0117,1.0091
2785.0000,1.5008,1.2201,0.9998,1.0200,0.9932,1.0168,1.0035
2790.0000,1.4135,1.1440,1.0068,1.0135,0.9981,1.0141,1.0102
2795.0000,1.3144,1.0978,1.0088,1.0101,1.0007,1.0138,1.0136
2800.0000,1.2293,1.0706,1.0070,1.0097,1.0002,1.0181,1.0096
2805.0000,1.1706,1.0466,1.0098,1.0064,1.0037,1.0172,1.0144
2810.0000,1.1323,1.0260,1.0144,1.0023,1.0082,1.0162,1.0176
2815.0000,1.0940,1.0166,1.0150,1.0010,1.0100,1.0186,1.0149
2820.0000,1.0589,1.0172,1.0113,1.0017,1.0117,1.0189,1.0182
2825.0000,1.0299,1.0217,1.0057,1.0040,1.0122,1.0203,1.0190
2830.0000,1.0276,1.0170,1.0053,1.0041,1.0146,1.0206,1.0195
2835.0000,1.0218,1.0155,1.0033,1.0058,1.0152,1.0228,1.0164
2840.0000,1.0173,1.0134,1.0026,1.0066,1.0176,1.0218,1.0179
2845.0000,1.0167,1.0097,1.0032,1.0072,1.0199,1.0206,1.0183
2850.0000,1.0132,1.0088,1.0023,1.0093,1.0203,1.0216,1.0152
2855.0000,1.0094,1.0081,1.0020,1.0109,1.0217,1.0197,1.0169
2860.0000,1.0098,1.0056,1.0032,1.0121,1.0231,1.0177,1.0184
2865.0000,1.0071,1.0059,1.0028,1.0147,1.0223,1.0182,1.0168
2870.0000,1.0042,1.0064,1.0029,1.0169,1.0219,1.0172,1.0192
2875.0000,1.0056,1.0048,1.0046,1.0185,1.0213,1.0168,1.0209
2880.0000,1.0045,1.0054,1.0051,1.0208,1.0189,1.0191,1.0195
2885.0000,1.0032,1.0059,1.0065,1.0222,1.0178,1.0196,1.0221
2890.0000,1.0049,1.0049,1.0092,1.0227,1.0169,1.0206,1.0239
2895.0000,1.0043,1.0060,1.0106,1.0238,1.0147,1.0245,1.0214
2900.0000,1.0034,1.0072,1.0127,1.0234,1.0148,1.0253,1.0246
2905.0000,1.0057,1.0068,1.0159,1.0221,1.0157,1.0261,1.0266
2910.0000,1.0060,1.0084,1.0175,1.0217,1.0153,1.0300,1.0231
2915.0000,1.0062,1.0101,1.0194,1.0202,1.0174,1.0299,1.0269
2920.0000,1.0086,1.0105,1.0217,1.0183,1.0201,1.0297,1.0293
2925.0000,1.0098,1.0123,1.0223,1.0176,1.0212,1.0324,1.0260
2930.0000,1.0102,1.0145,1.0225,1.0168,1.0239,1.0319,1.0286
2935.0000,1.0076,1.0184,1.0212,1.0169,1.0260,1.0318,1.0298
2940.0000,1.0127,1.0186,1.0208,1.0174,1.0271,1.0340,1.0249
2945.0000,1.0129,1.0208,1.0192,1.0181,1.0294,1.0324,1.0283
2950.0000,1.0122,1.0230,1.0173,1.0197,1.0306,1.0320,1.0283
2955.0000,1.0169,1.0216,1.0172,1.0207,1.0322,1.0310,1.0278
2960.0000,1.0165,1.0228,1.0154,1.0232,1.0318,1.0320,1.0238
2965.0000,1.0162,1.0228,1.0149,1.0248,1.0329,1.0297,1.0249
2970.0000,1.0195,1.0203,1.0161,1.0259,1.0338,1.0276,1.0249
2975.0000,1.0191,1.0199,1.0161,1.0281,1.0327,1.0277,1.0217
2980.0000,1.0172,1.0200,1.0166,1.0297,1.0325,1.0254,1.0232
2985.0000,1.0192,1.0180,1.0187,1.0306,1.0322,1.0234,1.0244
2990.0000,1.0183,1.0183,1.0195,1.0324,1.0300,1.0237,1.0229
2995.0000,1.0165,1.0191,1.0206,1.0336,1.0283,1.0229,1.0250
3000.0000,1.0182,1.0184,1.0229,1.0341,1.0266,1.0229,1.0264
3005.0000,1.0174,1.0199,1.0237,1.0352,1.0234,1.0255,1.0245
3010.0000,1.0167,1.0213,1.0254,1.0350,1.0220,1.0260,1.0273
3015.0000,1.0192,1.0208,1.0280,1.0339,1.0211,1.0271,1.0289
3020.0000,1.0196,1.0222,1.0294,1.0333,1.0191,1.0309,1.0257
3025.0000,1.0193,1.0239,1.0310,1.0315,1.0197,1.0313,1.0289
3030.0000,1.0219,1.0239,1.0333,1.0289,1.0211,1.0317,1.0307
3035.0000,1.0229,1.0255,1.0338,1.0275,1.0212,1.0351,1.0266
3040.0000,1.0227,1.0275,1.0342,1.0253,1.0237,1.0344,1.0299
3045.0000,1.0254,1.0278,1.0349,1.0230,1.0267,1.0334,1.0322
3050.0000,1.0262,1.0296,1.0336,1.0224,1.0278,1.0353,1.0289
3055.0000,1.0264,1.0312,1.0321,1.0217,1.0303,1.0342,1.0318
3060.0000,1.0234,1.0343,1.0292,1.0222,1.0319,1.0336,1.0335
3065.0000,1.0284,1.0332,1.0277,1.0230,1.0324,1.0354,1.0298
3070.0000,1.0278,1.0343,1.0251,1.0242,1.0337,1.0340,1.0339
3075.0000,1.0263,1.0350,1.0226,1.0260,1.0341,1.0338,1.0360
3080.0000,1.0302,1.0322,1.0222,1.0272,1.0347,1.0337,1.0380
3085.0000,1.0291,1.0319,1.0205,1.0297,1.0335,1.0360,1.0376
3090.0000,1.0272,1.0310,1.0198,1.0314,1.0333,1.0365,1.0407
3095.0000,1.0295,1.0276,1.0212,1.0322,1.0333,1.0377,1.0430
3100.0000,1.0281,1.0265,1.0216,1.0338,1.0322,1.0411,1.0426
3105.0000,1.0255,1.0260,1.0226,1.0346,1.0322,1.0431,1.0451
3110.0000,1.0267,1.0235,1.0251,1.0344,1.0331,1.0450,1.0466
3115.0000,1.0253,1.0235,1.0265,1.0348,1.0332,1.0489,1.0442
3120.0000,1.0236,1.0238,1.0282,1.0344,1.0351,1.0502,1.0457
3125.0000,1.0246,1.0231,1.0307,1.0333,1.0380,1.0506,1.0464
3130.0000,1.0238,1.0246,1.0314,1.0336,1.0394,1.0536,1.0408
3135.0000,1.0231,1.0259,1.0326,1.0328,1.0436,1.0510,1.0448
3140.0000,1.0250,1.0260,1.0340,1.0322,1.0474,1.0488,1.0467
3145.0000,1.0252,1.0280,1.0336,1.0335,1.0488,1.0495,1.0434
3150.0000,1.0244,1.0304,1.0329,1.0348,1.0513,1.0465,1.0479
3155.0000,1.0273,1.0306,1.0328,1.0364,1.0526,1.0452,1.0499
3160.0000,1.0275,1.0326,1.0313,1.0396,1.0516,1.0463,1.0496
3165.0000,1.0259,1.0352,1.0295,1.0430,1.0503,1.0469,1.0519
3170.0000,1.0298,1.0341,1.0301,1.0455,1.0490,1.0482,1.0530
3175.0000,1.0299,1.0351,1.0296,1.0487,1.0463,1.0519,1.0511
3180.0000,1.0298,1.0353,1.0306,1.0506,1.0450,1.0536,1.0536
3185.0000,1.0279,1.0359,1.0322,1.0517,1.0446,1.0549,1.0566
3190.0000,1.0324,1.0334,1.0356,1.0521,1.0435,1.0596,1.0522
3195.0000,1.0329,1.0325,1.0393,1.0509,1.0455,1.0590,1.0596
3200.0000,1.0328,1.0325,1.0427,1.0496,1.0474,1.0597,1.0645
3205.0000,1.0341,1.0324,1.0461,1.0481,1.0497,1.0609,1.0688
3210.0000,1.0339,1.0344,1.0478,1.0477,1.0507,1.0647,1.0701
3215.0000,1.0326,1.0373,1.0487,1.0472,1.0528,1.0669,1.0747
3220.0000,1.0355,1.0386,1.0498,1.0466,1.0552,1.0697,1.0785
3225.0000,1.0355,1.0422,1.0489,1.0475,1.0563,1.0748,1.0794
3230.0000,1.0333,1.0468,1.0471,1.0487,1.0584,1.0784,1.0832
3235.0000,1.0392,1.0465,1.0475,1.0489,1.0616,1.0817,1.0857
3240.0000,1.0401,1.0487,1.0461,1.0507,1.0636,1.0872,1.0839
3245.0000,1.0411,1.0496,1.0458,1.0516,1.0677,1.0891,1.0873
3250.0000,1.0449,1.0481,1.0469,1.0521,1.0728,1.0901,1.0898
3255.0000,1.0458,1.0482,1.0467,1.0542,1.0759,1.0940,1.0860
3260.0000,1.0463,1.0477,1.0476,1.0554,1.0815,1.0927,1.0910
3265.0000,1.0475,1.0466,1.0487,1.0572,1.0864,1.0918,1.0941
3270.0000,1.0471,1.0473,1.0485,1.0608,1.0887,1.0938,1.0925
3275.0000,1.0450,1.0490,1.0483,1.0645,1.0917,1.0929,1.0977
3280.0000,1.0471,1.0484,1.0493,1.0683,1.0937,1.0932,1.1008
3285.0000,1.0463,1.0502,1.0491,1.0735,1.0934,1.0961,1.1011
3290.0000,1.0443,1.0525,1.0493,1.0784,1.0933,1.0979,1.1054
3295.0000,1.0479,1.0513,1.0522,1.0821,1.0934,1.1003,1.1085
3300.0000,1.0483,1.0523,1.0542,1.0865,1.0920,1.1055,1.1078
3305.0000,1.0487,1.0529,1.0578,1.0892,1.0925,1.1082,1.1126
3310.0000,1.0472,1.0546,1.0616,1.0913,1.0933,1.1113,1.1167
3315.0000,1.0518,1.0539,1.0668,1.0928,1.0936,1.1177,1.1135
3320.0000,1.0528,1.0551,1.0721,1.0928,1.0969,1.1191,1.1211
3325.0000,1.0534,1.0574,1.0769,1.0927,1.1005,1.1211,1.1267
3330.0000,1.0565,1.0592,1.0817,1.0922,1.1046,1.1232,1.1316
3335.0000,1.0575,1.0634,1.0844,1.0931,1.1072,1.1282,1.1327
3340.0000,1.0582,1.0681,1.0866,1.0937,1.1113,1.1306,1.1382
3345.0000,1.0631,1.0708,1.0891,1.0943,1.1158,1.1331,1.1434
3350.0000,1.0651,1.0758,1.0893,1.0966,1.1184,1.1383,1.1451
3355.0000,1.0645,1.0818,1.0886,1.0992,1.1221,1.1413,1.1519
3360.0000,1.0719,1.0830,1.0900,1.1013,1.1260,1.1450,1.1572
3365.0000,1.0745,1.0865,1.0896,1.1050,1.1284,1.1511,1.1594
3370.0000,1.0767,1.0889,1.0901,1.1081,1.1323,1.1547,1.1672
3375.0000,1.0819,1.0888,1.0921,1.1108,1.1365,1.1590,1.1743
3380.0000,1.0833,1.0908,1.0927,1.1150,1.1388,1.1666,1.1769
3385.0000,1.0849,1.0919,1.0946,1.1183,1.1429,1.1719,1.1839
3390.0000,1.0883,1.0913,1.0979,1.1210,1.1480,1.1767,1.1916
3395.0000,1.0893,1.0927,1.1000,1.1249,1.1513,1.1852,1.1937
3400.0000,1.0890,1.0948,1.1026,1.1281,1.1570,1.1897,1.2047
3405.0000,1.0921,1.0951,1.1065,1.1309,1.1630,1.1954,1.2136
3410.0000,1.0932,1.0975,1.1090,1.1352,1.1673,1.2045,1.2173
3415.0000,1.0941,1.0999,1.1123,1.1386,1.1739,1.2098,1.2306
3420.0000,1.0923,1.1042,1.1144,1.1431,1.1796,1.2176,1.2406
3425.0000,1.0983,1.1051,1.1182,1.1475,1.1850,1.2280,1.2464
3430.0000,1.0998,1.1083,1.1213,1.1519,1.1919,1.2359,1.2597
3435.0000,1.0985,1.1131,1.1237,1.1571,1.1986,1.2452,1.2716
3440.0000,1.1056,1.1143,1.1277,1.1623,1.2046,1.2583,1.2769
3445.0000,1.1076,1.1178,1.1313,1.1673,1.2129,1.2677,1.2913
3450.0000,1.1090,1.1215,1.1353,1.1723,1.2223,1.2769,1.3069
3455.0000,1.1150,1.1229,1.1407,1.1770,1.2324,1.2869,1.3225
3460.0000,1.1168,1.1275,1.1440,1.1838,1.2405,1.3009,1.3345
3465.0000,1.1193,1.1314,1.1483,1.1901,1.2505,1.3135,1.3505
3470.0000,1.1255,1.1324,1.1560,1.1936,1.2668,1.3169,1.3871
3475.0000,1.1287,1.1367,1.1602,1.2015,1.2764,1.3322,1.4179
3480.0000,1.1302,1.1417,1.1656,1.2079,1.2911,1.3391,1.4882
3485.0000,1.1358,1.1461,1.1694,1.2184,1.2983,1.3636,1.5579
3490.0000,1.1387,1.1529,1.1716,1.2311,1.3027,1.3993,1.6455
3495.0000,1.1413,1.1586,1.1769,1.2407,1.3143,1.4316,1.8024
3500.0000,1.1486,1.1627,1.1822,1.2528,1.3204,1.4907,1.9900
3505.0000,1.1501,1.1720,1.1837,1.2693,1.3201,1.5851,2.2169
3510.0000,1.1490,1.1855,1.1794,1.2946,1.3028,1.7527,2.3894
3515.0000,1.1629,1.1842,1.1926,1.3012,1.3216,1.9084,2.6871
3520.0000,1.1672,1.1894,1.2027,1.3099,1.3440,2.1195,3.0116
3525.0000,1.1702,1.1938,1.2178,1.3115,1.3910,2.3638,3.4125
3530.0000,1.1797,1.2005,1.2244,1.3268,1.4248,2.7321,3.6918
3535.0000,1.1868,1.2028,1.2444,1.3221,1.5232,3.0941,4.0485
3540.0000,1.1981,1.2002,1.2723,1.3071,1.6772,3.4701,4.4602
3545.0000,1.2149,1.1972,1.2997,1.2941,1.8749,3.8886,4.8326
3550.0000,1.2147,1.2054,1.3185,1.2906,2.1197,4.3383,5.1513
3555.0000,1.2279,1.2118,1.3322,1.3017,2.4104,4.8201,5.3055
3595.0000,1.2919,1.3583,1.2878,2.6213,6.1843,5.6865,4.6787
3600.0000,1.2875,1.4019,1.2835,3.0699,6.4740,5.3716,4.2805
3605.0000,1.2439,1.4687,1.3018,3.5731,6.6496,4.9640,3.9014
3610.0000,1.3178,1.4765,1.4032,4.0873,6.7209,4.4624,3.5957
3615.0000,1.3248,1.5322,1.5357,4.6324,6.6309,3.9575,3.3114
3620.0000,1.3332,1.5974,1.7322,5.1757,6.3760,3.5031,2.9723
3625.0000,1.4325,1.6333,2.0247,5.6744,5.9818,3.1043,2.6358
3630.0000,1.4691,1.7351,2.3800,6.0969,5.5105,2.6844,2.4822
3635.0000,1.5790,1.8302,2.8218,6.4277,4.9297,2.4028,2.1998
3640.0000,1.7027,1.9601,3.3313,6.6351,4.3049,2.1938,1.9458
3645.0000,1.8647,2.1184,3.9062,6.6843,3.7114,1.9886,1.8168
